user,item
27968,1208
27968,3949
27968,1222
27968,750
27968,1193
27968,527
27968,6016
27968,6874
27968,260
27968,1086
67764,5219
67764,6754
67764,3300
67764,33493
67764,5679
67764,2167
67764,1214
67764,2916
67764,2288
67764,2571
2581,2329
2581,2571
2581,4226
2581,296
2581,7254
2581,778
2581,7361
2581,593
2581,5989
2581,5608
82969,58559
82969,296
82969,44199
82969,2959
82969,2028
82969,55765
82969,47
82969,593
82969,16
82969,527
137831,68157
137831,356
137831,68358
137831,81845
137831,296
137831,88125
137831,60069
137831,1210
137831,80463
137831,7361
48639,2716
48639,2571
48639,6539
48639,3147
48639,457
48639,589
48639,1220
48639,150
48639,318
48639,3421
97870,293
97870,780
97870,1270
97870,1580
97870,1222
97870,7361
97870,1136
97870,7438
97870,6874
97870,52281
40424,2571
40424,150
40424,5952
40424,260
40424,2324
40424,110
40424,1961
40424,8961
40424,6539
40424,593
46835,110
46835,1222
46835,1198
46835,593
46835,293
46835,33794
46835,253
46835,288
46835,58559
46835,318
79570,2762
79570,87222
79570,68157
79570,92259
79570,4016
79570,7361
79570,108932
79570,95510
79570,8807
79570,5449
94515,6874
94515,2028
94515,293
94515,32
94515,2762
94515,593
94515,364
94515,1193
94515,1136
94515,480
137854,33493
137854,44191
137854,41569
137854,2176
137854,68954
137854,39292
137854,2183
137854,1209
137854,8970
137854,26242
11263,318
11263,50
11263,2329
11263,293
11263,5673
11263,35836
11263,4011
11263,32
11263,47
11263,79132
47054,6333
47054,4963
47054,5418
47054,7153
47054,5903
47054,33794
47054,32
47054,5146
47054,34405
47054,44191
37161,3362
37161,2403
37161,1343
37161,1358
37161,3735
37161,33794
37161,5956
37161,356
37161,1304
37161,1226
90747,2762
90747,110
90747,5952
90747,527
90747,318
90747,1246
90747,1210
90747,260
90747,5445
90747,48516
127601,55820
127601,64957
127601,80463
127601,81845
127601,84152
127601,2858
127601,7438
127601,5989
127601,2762
127601,68237
39688,527
39688,4306
39688,4308
39688,2762
39688,1225
39688,595
39688,69844
39688,17
39688,4993
39688,920
3293,3949
3293,1732
3293,34542
3293,223
3293,6380
3293,4027
3293,2692
3293,1682
3293,1060
3293,1923
18760,1961
18760,47
18760,1193
18760,1258
18760,1704
18760,111
18760,858
18760,1673
18760,2329
18760,4973
35856,87232
35856,57669
35856,3793
35856,74458
35856,88129
35856,68237
35856,48774
35856,3996
35856,45499
35856,4011
102653,1197
102653,589
102653,2028
102653,1214
102653,2997
102653,4034
102653,356
102653,1288
102653,1259
102653,2716
44617,2291
44617,8973
44617,4886
44617,593
44617,63082
44617,56757
44617,4226
44617,40815
44617,72998
44617,40870
82532,2858
82532,4022
82532,150
82532,2762
82532,1961
82532,4034
82532,5464
82532,5989
82532,527
82532,2918
81551,57243
81551,5890
81551,46976
81551,48738
81551,8784
81551,43396
81551,38886
81551,8530
81551,53123
81551,58303
63175,1945
63175,5147
63175,5291
63175,908
63175,3741
63175,905
63175,912
63175,926
63175,3030
63175,923
102732,4226
102732,356
102732,6377
102732,2028
102732,6874
102732,480
102732,1
102732,780
102732,79132
102732,3114
123672,480
123672,6377
123672,1
123672,260
123672,6333
123672,8360
123672,4963
123672,3793
123672,2762
123672,1610
97474,8644
97474,780
97474,8360
97474,44191
97474,6377
97474,34405
97474,296
97474,344
97474,6378
97474,2273
98293,5418
98293,8644
98293,6333
98293,3578
98293,8984
98293,1580
98293,6754
98293,1722
98293,2694
98293,6373
85632,364
85632,2762
85632,4306
85632,2858
85632,40815
85632,4308
85632,551
85632,41566
85632,4995
85632,4226
129576,40815
129576,6539
129576,60069
129576,50872
129576,1721
129576,8360
129576,8368
129576,5995
129576,72998
129576,8958
457,4878
457,1210
457,260
457,2115
457,2028
457,48394
457,912
457,35836
457,1682
457,1036
133514,2716
133514,457
133514,1923
133514,1580
133514,32587
133514,4027
133514,1214
133514,60069
133514,70286
133514,1617
30737,96821
30737,98809
30737,6539
30737,1197
30737,7147
30737,3000
30737,54259
30737,60069
30737,69757
30737,2291
100288,68157
100288,69951
100288,71899
100288,32587
100288,65682
100288,37729
100288,59387
100288,53125
100288,58559
100288,2959
63791,1210
63791,1961
63791,8961
63791,5952
63791,7153
63791,4993
63791,2571
63791,1270
63791,500
63791,912
78521,4878
78521,1258
78521,3949
78521,778
78521,32
78521,27803
78521,8950
78521,6874
78521,55820
78521,527
84886,5604
84886,1301
84886,680
84886,1254
84886,6774
84886,1267
84886,1217
84886,8207
84886,1913
84886,2285
110828,7361
110828,3949
110828,2959
110828,2858
110828,2329
110828,778
110828,48394
110828,147
110828,4878
110828,55247
131016,50
131016,2762
131016,5952
131016,4226
131016,8961
131016,260
131016,47
131016,4973
131016,4306
131016,1
5393,38038
5393,58559
5393,40819
5393,39292
5393,80463
5393,912
5393,54503
5393,1254
5393,78499
5393,908
74051,2716
74051,1198
74051,858
74051,2231
74051,6377
74051,4886
74051,2302
74051,293
74051,3916
74051,1485
15628,608
15628,110
15628,2571
15628,50
15628,318
15628,5418
15628,2858
15628,47
15628,1270
15628,150
22246,4553
22246,296
22246,1089
22246,1199
22246,1748
22246,4848
22246,1136
22246,4552
22246,1809
22246,25771
4055,110
4055,5952
4055,7153
4055,480
4055,3793
4055,2011
4055,357
4055,32
4055,1704
4055,5989
37939,4226
37939,50
37939,1288
37939,1213
37939,1252
37939,858
37939,930
37939,6331
37939,1221
37939,7361
24856,589
24856,480
24856,2762
24856,1196
24856,64614
24856,32
24856,1198
24856,648
24856,1210
24856,6377
123019,318
123019,30749
123019,1304
123019,3198
123019,1262
123019,5418
123019,3362
123019,6870
123019,1293
123019,5989
68906,260
68906,4306
68906,2716
68906,2571
68906,593
68906,47
68906,2762
68906,3578
68906,1265
68906,1580
52155,2918
52155,6539
52155,356
52155,8961
52155,2959
52155,318
52155,1136
52155,1196
52155,6377
52155,296
115183,4306
115183,778
115183,6016
115183,8961
115183,3083
115183,2997
115183,1258
115183,4995
115183,99114
115183,63082
28748,356
28748,527
28748,2692
28748,5878
28748,48394
28748,5995
28748,608
28748,2762
28748,3503
28748,4878
81158,47
81158,3949
81158,293
81158,318
81158,111
81158,593
81158,7361
81158,1704
81158,7254
81158,27700
114566,49272
114566,8972
114566,56174
114566,56156
114566,6333
114566,47200
114566,6934
114566,33679
114566,6365
114566,5349
43796,5418
43796,296
43796,4995
43796,57669
43796,69122
43796,2329
43796,74458
43796,110
43796,50
43796,1527
87294,4226
87294,1298
87294,2291
87294,2762
87294,1246
87294,2028
87294,1682
87294,7438
87294,6016
87294,7254
70546,2858
70546,7022
70546,750
70546,2232
70546,2916
70546,293
70546,1274
70546,1208
70546,1210
70546,551
105479,7147
105479,8910
105479,2502
105479,4886
105479,8366
105479,2959
105479,3481
105479,2395
105479,8970
105479,3897
128762,4878
128762,4896
128762,73017
128762,2918
128762,4963
128762,914
128762,1028
128762,50
128762,318
128762,908
2161,76093
2161,58559
2161,2424
2161,4351
2161,2671
2161,97304
2161,91529
2161,81847
2161,106072
2161,103249
38516,260
38516,1196
38516,4226
38516,2762
38516,593
38516,1089
38516,110
38516,2028
38516,608
38516,1213
108458,6942
108458,46578
108458,4306
108458,4973
108458,8376
108458,2502
108458,2918
108458,30810
108458,6936
108458,1079
27281,7361
27281,1961
27281,2028
27281,858
27281,6870
27281,1222
27281,1221
27281,293
27281,5989
27281,1193
46054,1036
46054,1210
46054,1240
46054,296
46054,2959
46054,593
46054,6539
46054,589
46054,527
46054,10
132914,6502
132914,1136
132914,2
132914,3578
132914,5502
132914,2762
132914,7324
132914,60074
132914,69844
132914,1441
115134,48394
115134,4878
115134,2959
115134,541
115134,109374
115134,593
115134,858
115134,8874
115134,99114
115134,2571
24853,68157
24853,5952
24853,70286
24853,7153
24853,4993
24853,4878
24853,110
24853,541
24853,4011
24853,1210
52391,1291
52391,54286
52391,318
52391,8665
52391,1270
52391,1196
52391,260
52391,1610
52391,593
52391,6539
81884,58559
81884,110
81884,733
81884,3527
81884,380
81884,2959
81884,1625
81884,3252
81884,2021
81884,7438
97183,296
97183,8910
97183,2858
97183,2959
97183,4973
97183,48774
97183,32587
97183,1274
97183,27904
97183,2502
77237,1270
77237,7153
77237,8368
77237,589
77237,5995
77237,1221
77237,1240
77237,2396
77237,44555
77237,5989
108574,68954
108574,79132
108574,8368
108574,87232
108574,1291
108574,2125
108574,8360
108574,66934
108574,40629
108574,49272
85020,47
85020,150
85020,1
85020,1198
85020,6539
85020,318
85020,296
85020,8961
85020,1240
85020,49272
132299,1222
132299,48780
132299,110
132299,4011
132299,64614
132299,293
132299,2858
132299,6539
132299,33794
132299,68157
22220,2858
22220,7438
22220,593
22220,2329
22220,110
22220,8360
22220,44191
22220,527
22220,45722
22220,4886
25055,4226
25055,593
25055,296
25055,356
25055,318
25055,7153
25055,56367
25055,3578
25055,110
25055,2762
7648,608
7648,1299
7648,1193
7648,1292
7648,33166
7648,48394
7648,44555
7648,63876
7648,1207
7648,6331
4149,6377
4149,1136
4149,7438
4149,318
4149,1682
4149,5989
4149,50
4149,110
4149,1080
4149,2692
6401,2762
6401,2959
6401,2858
6401,2329
6401,1617
6401,296
6401,16
6401,1259
6401,7153
6401,5952
52726,2174
52726,2291
52726,2997
52726,4226
52726,48394
52726,7361
52726,2987
52726,1197
52726,47
52726,4973
81131,8961
81131,1198
81131,104
81131,54001
81131,1291
81131,3793
81131,1485
81131,3948
81131,6333
81131,2115
137166,48780
137166,1527
137166,3527
137166,5445
137166,44191
137166,1198
137166,2105
137166,33794
137166,1127
137166,6502
132073,380
132073,45499
132073,77561
132073,8665
132073,1
132073,44665
132073,91500
132073,1127
132073,69122
132073,106487
45939,1732
45939,1193
45939,4011
45939,4226
45939,593
45939,2858
45939,858
45939,2692
45939,50
45939,4878
1478,2762
1478,4973
1478,8961
1478,58559
1478,296
1478,4306
1478,3578
1478,364
1478,527
1478,593
89025,7153
89025,1080
89025,1193
89025,593
89025,778
89025,1198
89025,1196
89025,1136
89025,111
89025,1200
38760,1089
38760,1213
38760,593
38760,2329
38760,56367
38760,3911
38760,608
38760,4878
38760,7438
38760,55820
20180,88129
20180,1407
20180,3683
20180,588
20180,2997
20180,81591
20180,48516
20180,86898
20180,78499
20180,4878
36486,1197
36486,1080
36486,6539
36486,1198
36486,8961
36486,2947
36486,541
36486,3671
36486,1278
36486,1291
41870,1198
41870,1302
41870,4085
41870,5060
41870,1097
41870,1304
41870,1278
41870,1674
41870,1923
41870,3448
84481,1213
84481,293
84481,33794
84481,49272
84481,59369
84481,68157
84481,3578
84481,48774
84481,54997
84481,6874
115824,165
115824,733
115824,163
115824,48780
115824,97304
115824,47610
115824,81591
115824,7361
115824,16
115824,97752
127535,7361
127535,2858
127535,50
127535,1089
127535,58559
127535,6874
127535,48780
127535,44191
127535,33794
127535,56367
85609,44191
85609,1527
85609,3949
85609,541
85609,30749
85609,6953
85609,150
85609,67255
85609,79357
85609,1704
3845,7361
3845,527
3845,318
3845,4993
3845,7153
3845,296
3845,58559
3845,48394
3845,5991
3845,8368
89834,1
89834,597
89834,5816
89834,4995
89834,8961
89834,364
89834,4896
89834,3578
89834,2959
89834,44191
46930,50
46930,33794
46930,7361
46930,59315
46930,44191
46930,79132
46930,4963
46930,4011
46930,4306
46930,5445
123242,903
123242,1252
123242,908
123242,1207
123242,928
123242,1247
123242,1219
123242,910
123242,1225
123242,954
110754,110
110754,2716
110754,6378
110754,780
110754,364
110754,2762
110754,48780
110754,1214
110754,45722
110754,2617
39190,6874
39190,2959
39190,50
39190,260
39190,1200
39190,3578
39190,1208
39190,2858
39190,3114
39190,110
121465,1580
121465,457
121465,480
121465,3948
121465,3578
121465,593
121465,260
121465,8636
121465,33166
121465,4963
111522,4973
111522,4878
111522,6711
111522,7361
111522,6016
111522,48082
111522,55442
111522,56367
111522,38886
111522,48774
131293,260
131293,5952
131293,6333
131293,50
131293,2571
131293,8368
131293,1136
131293,1291
131293,4226
131293,1080
133418,47
133418,3869
133418,2959
133418,466
133418,70
133418,2700
133418,6242
133418,1527
133418,1240
133418,2001
104084,6539
104084,7153
104084,4553
104084,2455
104084,4754
104084,31804
104084,27904
104084,858
104084,480
104084,3052
4871,1089
4871,2997
4871,1961
4871,32
4871,1704
4871,3147
4871,1625
4871,5989
4871,7361
4871,608
131837,2762
131837,608
131837,4226
131837,1193
131837,2396
131837,4973
131837,47
131837,318
131837,3418
131837,3481
26460,2762
26460,1198
26460,1240
26460,1036
26460,750
26460,4973
26460,356
26460,30749
26460,1299
26460,3671
74427,480
74427,593
74427,1968
74427,2959
74427,318
74427,380
74427,32
74427,50
74427,457
74427,356
12151,5618
12151,1208
12151,4878
12151,3160
12151,2997
12151,541
12151,2329
12151,1193
12151,3000
12151,2360
32162,6539
32162,592
32162,2791
32162,1
32162,31878
32162,858
32162,2858
32162,47
32162,4306
32162,5349
120215,6942
120215,4973
120215,597
120215,6711
120215,1244
120215,902
120215,72011
120215,7669
120215,1265
120215,79132
134671,593
134671,318
134671,4963
134671,63082
134671,1721
134671,7361
134671,597
134671,32587
134671,47
134671,527
95282,4306
95282,48780
95282,68157
95282,6874
95282,54001
95282,3949
95282,6377
95282,2858
95282,2329
95282,7438
92178,364
92178,8961
92178,2571
92178,54272
92178,8360
92178,1210
92178,260
92178,44191
92178,73017
92178,5349
88042,7153
88042,4993
88042,2762
88042,2918
88042,318
88042,1036
88042,3210
88042,4963
88042,2959
88042,161
84016,1580
84016,2762
84016,3578
84016,3793
84016,364
84016,44191
84016,4022
84016,110
84016,5378
84016,26614
134067,4973
134067,86882
134067,7147
134067,7361
134067,46578
134067,3556
134067,337
134067,81845
134067,2324
134067,1961
84297,1222
84297,32
84297,47
84297,2231
84297,3949
84297,1625
84297,1617
84297,8622
84297,7438
84297,6874
86941,260
86941,1080
86941,2571
86941,1358
86941,1194
86941,2329
86941,16
86941,1079
86941,1210
86941,457
71824,7153
71824,1580
71824,1136
71824,527
71824,457
71824,541
71824,608
71824,316
71824,1617
71824,780
85635,53125
85635,1136
85635,356
85635,46578
85635,6711
85635,2959
85635,3949
85635,4226
85635,6874
85635,4306
29235,4226
29235,6539
29235,541
29235,480
29235,32587
29235,44191
29235,2949
29235,91529
29235,1206
29235,70286
38873,1732
38873,6796
38873,1259
38873,6502
38873,180
38873,68157
38873,1208
38873,8874
38873,55820
38873,2005
92934,48516
92934,4973
92934,750
92934,1240
92934,1136
92934,480
92934,5989
92934,2012
92934,4963
92934,74458
92273,593
92273,1197
92273,1036
92273,3578
92273,541
92273,589
92273,2571
92273,110
92273,296
92273,3793
52164,296
52164,7153
52164,33166
52164,2762
52164,4027
52164,4226
52164,6565
52164,2028
52164,6874
52164,7438
138134,41569
138134,34048
138134,46578
138134,45517
138134,30793
138134,44191
138134,46976
138134,55820
138134,8961
138134,38886
47120,16
47120,2762
47120,1198
47120,858
47120,2313
47120,110
47120,590
47120,1266
47120,4027
47120,1196
39451,110
39451,2353
39451,3147
39451,7445
39451,628
39451,2763
39451,6
39451,52973
39451,223
39451,380
77626,778
77626,318
77626,1193
77626,1682
77626,3683
77626,8961
77626,471
77626,5902
77626,5952
77626,7153
2668,296
2668,2571
2668,2858
2668,5952
2668,1136
2668,1196
2668,593
2668,2918
2668,318
2668,541
24846,3578
24846,912
24846,1387
24846,150
24846,364
24846,1035
24846,2571
24846,2947
24846,1196
24846,1210
110778,356
110778,780
110778,51662
110778,2028
110778,260
110778,3275
110778,48780
110778,47
110778,58559
110778,1198
12384,48780
12384,3578
12384,7254
12384,2762
12384,4886
12384,2291
12384,6874
12384,2329
12384,1580
12384,2232
65670,48774
65670,3147
65670,6711
65670,2700
65670,79702
65670,54272
65670,3160
65670,48043
65670,1198
65670,81845
126236,5445
126236,1291
126236,1265
126236,1527
126236,1
126236,1136
126236,541
126236,3996
126236,1036
126236,4011
74126,6365
74126,1291
74126,589
74126,5952
74126,733
74126,33493
74126,2628
74126,5378
74126,4963
74126,1101
117083,780
117083,32
117083,593
117083,296
117083,1198
117083,4993
117083,648
117083,2762
117083,47
117083,165
47853,1917
47853,339
47853,5418
47853,6218
47853,4963
47853,8533
47853,356
47853,3753
47853,805
47853,1393
74676,96821
74676,63082
74676,318
74676,54001
74676,55247
74676,88810
74676,56367
74676,7361
74676,81845
74676,97921
11621,5952
11621,1270
11621,356
11621,5349
11621,2571
11621,2028
11621,1198
11621,2000
11621,593
11621,2762
41642,2571
41642,527
41642,6539
41642,1704
41642,2028
41642,7143
41642,2194
41642,1961
41642,4963
41642,1287
95600,1291
95600,7153
95600,4993
95600,4995
95600,260
95600,50
95600,46578
95600,1136
95600,5989
95600,8961
51867,593
51867,2959
51867,5989
51867,318
51867,3147
51867,30707
51867,6953
51867,4973
51867,4720
51867,1258
89166,2291
89166,3418
89166,296
89166,1193
89166,337
89166,778
89166,1961
89166,50
89166,1704
89166,509
85469,3334
85469,928
85469,1254
85469,951
85469,1172
85469,947
85469,1939
85469,1225
85469,1086
85469,923
38159,111
38159,1222
38159,780
38159,3897
38159,1089
38159,104
38159,1215
38159,8784
38159,586
38159,2795
21794,50
21794,2571
21794,3578
21794,2959
21794,4995
21794,431
21794,3147
21794,2762
21794,58559
21794,48516
1732,49272
1732,33794
1732,59315
1732,32587
1732,7502
1732,2329
1732,54286
1732,1276
1732,4886
1732,924
128983,3706
128983,589
128983,1129
128983,3256
128983,4506
128983,3726
128983,80398
128983,1214
128983,1343
128983,50
102954,60069
102954,3996
102954,5349
102954,34405
102954,3034
102954,8371
102954,53322
102954,60074
102954,45499
102954,72737
99270,1721
99270,4886
99270,81834
99270,2762
99270,5066
99270,4306
99270,63082
99270,80463
99270,77561
99270,8641
67852,54286
67852,2329
67852,49272
67852,4011
67852,36529
67852,858
67852,51255
67852,8665
67852,1089
67852,6874
123418,2762
123418,2028
123418,364
123418,2115
123418,1220
123418,592
123418,541
123418,1080
123418,1073
123418,2406
39222,60069
39222,2329
39222,47
39222,58559
39222,253
39222,344
39222,59315
39222,7438
39222,1036
39222,4306
18075,2762
18075,3578
18075,1089
18075,2858
18075,1198
18075,527
18075,4226
18075,2329
18075,110
18075,4963
27470,2706
27470,6377
27470,3147
27470,47
27470,480
27470,30707
27470,4718
27470,5349
27470,6874
27470,8873
44576,69122
44576,51662
44576,49272
44576,47610
44576,45728
44576,64614
44576,44199
44576,48322
44576,58998
44576,60069
92309,60069
92309,32587
92309,480
92309,1089
92309,110
92309,51662
92309,69122
92309,1198
92309,6874
92309,56174
115982,53894
115982,1732
115982,8807
115982,1517
115982,180
115982,51255
115982,223
115982,2683
115982,919
115982,175
32341,541
32341,2858
32341,1214
32341,60684
32341,1748
32341,1200
32341,96610
32341,3949
32341,72998
32341,2997
42362,356
42362,541
42362,1258
42362,2395
42362,1270
42362,223
42362,1206
42362,2028
42362,288
42362,25
85598,3578
85598,7153
85598,1036
85598,55820
85598,541
85598,4306
85598,2997
85598,1208
85598,150
85598,4973
82763,608
82763,4226
82763,2959
82763,1221
82763,858
82763,4973
82763,1262
82763,3435
82763,1250
82763,922
86110,1527
86110,527
86110,4963
86110,2006
86110,72998
86110,1625
86110,4973
86110,8665
86110,3717
86110,4306
12479,68237
12479,2858
12479,1921
12479,1527
12479,1653
12479,296
12479,72998
12479,4993
12479,318
12479,27611
18316,318
18316,1089
18316,296
18316,1213
18316,3253
18316,356
18316,2571
18316,3948
18316,3897
18316,50
42515,356
42515,3916
42515,736
42515,590
42515,1610
42515,1961
42515,587
42515,3753
42515,1393
42515,11
43362,1
43362,356
43362,8961
43362,4306
43362,6377
43362,2571
43362,1136
43362,17
43362,1282
43362,914
54860,2762
54860,318
54860,356
54860,2959
54860,47
54860,2571
54860,6539
54860,2329
54860,5952
54860,4993
8214,46578
8214,50
8214,318
8214,88
8214,32587
8214,4011
8214,1704
8214,5952
8214,4993
8214,7153
3697,1258
3697,5349
3697,1270
3697,2502
3697,1748
3697,8949
3697,2028
3697,858
3697,111
3697,4306
17726,1210
17726,589
17726,1291
17726,60069
17726,2329
17726,5445
17726,2762
17726,6539
17726,6377
17726,4995
77328,2762
77328,3578
77328,1704
77328,318
77328,2959
77328,58559
77328,150
77328,2028
77328,296
77328,5445
427,1197
427,3897
427,1198
427,4027
427,527
427,4226
427,1270
427,2571
427,337
427,2194
86847,1682
86847,58559
86847,2329
86847,44191
86847,2762
86847,356
86847,480
86847,1136
86847,1196
86847,924
32659,31658
32659,1212
32659,39292
32659,908
32659,913
32659,933
32659,6350
32659,5618
32659,38038
32659,2208
131551,4226
131551,79132
131551,356
131551,260
131551,296
131551,32587
131551,1221
131551,2762
131551,589
131551,4995
10680,89745
10680,49272
10680,2716
10680,68358
10680,2717
10680,589
10680,34405
10680,260
10680,33493
10680,2948
5406,2858
5406,2076
5406,858
5406,1198
5406,592
5406,7153
5406,1222
5406,55820
5406,1258
5406,1288
108685,50872
108685,56367
108685,81845
108685,86882
108685,60069
108685,4963
108685,4973
108685,85414
108685,73017
108685,69122
99877,551
99877,7361
99877,58559
99877,48780
99877,37729
99877,2571
99877,46578
99877,56367
99877,4014
99877,8970
132026,2028
132026,7153
132026,3578
132026,2011
132026,5816
132026,33794
132026,2628
132026,318
132026,2706
132026,5418
138426,1206
138426,50
138426,4226
138426,2762
138426,1527
138426,1
138426,593
138426,589
138426,110
138426,6539
136576,318
136576,47
136576,55820
136576,2329
136576,593
136576,356
136576,4011
136576,44191
136576,1682
136576,51662
53422,58559
53422,2571
53422,593
53422,5952
53422,7153
53422,260
53422,47
53422,7090
53422,32587
53422,3793
55118,60069
55118,45928
55118,8464
55118,34162
55118,8961
55118,59315
55118,40815
55118,68358
55118,30793
55118,58998
57906,44665
57906,34405
57906,7438
57906,2959
57906,6711
57906,53972
57906,3578
57906,1198
57906,48780
57906,49278
50751,288
50751,50
50751,60684
50751,32
50751,1884
50751,1093
50751,1729
50751,89745
50751,3535
50751,592
21064,1
21064,1291
21064,318
21064,5989
21064,441
21064,6539
21064,35836
21064,33794
21064,296
21064,1036
73944,32
73944,356
73944,1270
73944,47
73944,165
73944,2028
73944,608
73944,380
73944,5952
73944,2858
87440,589
87440,1370
87440,2167
87440,6365
87440,3698
87440,1954
87440,7153
87440,2916
87440,2000
87440,2115
59293,1197
59293,2918
59293,2716
59293,480
59293,1968
59293,1704
59293,296
59293,2791
59293,1246
59293,2959
26034,91529
26034,260
26034,34405
26034,44191
26034,648
26034,1198
26034,2115
26034,40815
26034,1
26034,4886
131862,2003
131862,1270
131862,3033
131862,1214
131862,1278
131862,1215
131862,541
131862,924
131862,2571
131862,2791
38135,296
38135,318
38135,4226
38135,968
38135,1193
38135,2160
38135,1214
38135,4878
38135,7361
38135,608
67785,7013
67785,2186
67785,3468
67785,3334
67785,8491
67785,7216
67785,1204
67785,3196
67785,858
67785,1203
122301,69122
122301,48780
122301,79132
122301,47610
122301,60069
122301,51662
122301,54286
122301,104841
122301,96610
122301,7254
121535,55118
121535,48738
121535,7070
121535,106438
121535,7056
121535,91134
121535,54997
121535,1935
121535,55765
121535,94070
8612,2918
8612,2028
8612,593
8612,1213
8612,47
8612,6377
8612,5989
8612,3578
8612,2858
8612,110
74286,1961
74286,1682
74286,8961
74286,318
74286,527
74286,595
74286,5989
74286,2028
74286,48
74286,4308
67053,47997
67053,3033
67053,2700
67053,33004
67053,2072
67053,51255
67053,4980
67053,3087
67053,4002
67053,1194
31673,1265
31673,750
31673,1036
31673,33794
31673,7438
31673,2791
31673,47
31673,1
31673,32
31673,6502
123863,1610
123863,10
123863,231
123863,1291
123863,50
123863,1214
123863,480
123863,344
123863,1197
123863,1266
100242,2791
100242,318
100242,593
100242,1961
100242,1704
100242,608
100242,1302
100242,1358
100242,3039
100242,1784
2352,35836
2352,46578
2352,50658
2352,58559
2352,54503
2352,8784
2352,33166
2352,318
2352,30749
2352,7566
102878,593
102878,356
102878,2997
102878,2571
102878,2291
102878,2329
102878,1206
102878,56367
102878,58998
102878,1923
117022,4226
117022,3897
117022,2858
117022,7361
117022,6874
117022,3949
117022,4973
117022,2329
117022,8376
117022,1732
22538,6539
22538,318
22538,4226
22538,608
22538,6711
22538,50
22538,2716
22538,5349
22538,4973
22538,1073
4822,68358
4822,52241
4822,40732
4822,300
4822,40819
4822,80463
4822,55765
4822,4738
4822,8950
4822,45950
113285,50
113285,1089
113285,2858
113285,4011
113285,4226
113285,2997
113285,318
113285,68157
113285,32587
113285,2502
70509,40819
70509,25850
70509,39292
70509,40815
70509,25795
70509,47629
70509,25841
70509,45666
70509,8228
70509,30793
649,1270
649,47
649,2959
649,1210
649,50
649,1089
649,2329
649,7153
649,4878
649,608
79264,593
79264,2858
79264,1196
79264,1265
79264,4027
79264,589
79264,1291
79264,150
79264,2762
79264,32
81630,858
81630,30749
81630,2959
81630,5225
81630,1246
81630,1
81630,1732
81630,608
81630,2028
81630,7323
33065,150
33065,1097
33065,2739
33065,33166
33065,1721
33065,3499
33065,1962
33065,1958
33065,1225
33065,1213
55521,318
55521,3578
55521,7361
55521,44191
55521,2997
55521,648
55521,1136
55521,593
55521,1206
55521,79132
57390,2571
57390,1200
57390,1210
57390,1127
57390,33493
57390,6333
57390,2916
57390,6365
57390,1376
57390,5349
76958,5618
76958,31658
76958,68954
76958,1198
76958,26528
76958,28
76958,916
76958,84847
76958,914
76958,838
10387,2987
10387,1961
10387,539
10387,1220
10387,5445
10387,3114
10387,31658
10387,2194
10387,3751
10387,648
133012,2571
133012,1704
133012,1270
133012,6539
133012,1231
133012,1197
133012,58559
133012,3147
133012,1090
133012,858
122117,47
122117,99114
122117,296
122117,2959
122117,4993
122117,7153
122117,2329
122117,356
122117,74458
122117,858
49479,1884
49479,7361
49479,1089
49479,4226
49479,1748
49479,4011
49479,7438
49479,2232
49479,8874
49479,45728
13805,1945
13805,48516
13805,8949
13805,3468
13805,8207
13805,1953
13805,33794
13805,33166
13805,38304
13805,1250
12566,5418
12566,7373
12566,1527
12566,8665
12566,5574
12566,6947
12566,4223
12566,5989
12566,7347
12566,1258
89618,34072
89618,6791
89618,357
89618,56367
89618,5525
89618,53123
89618,4027
89618,356
89618,527
89618,30749
97390,50
97390,4306
97390,2762
97390,110
97390,150
97390,1270
97390,780
97390,480
97390,4995
97390,58559
57866,110
57866,4995
57866,68954
57866,1704
57866,58559
57866,6942
57866,4973
57866,60069
57866,48780
57866,96821
83676,110
83676,1580
83676,1
83676,1527
83676,588
83676,2502
83676,1704
83676,1610
83676,1240
83676,2115
22202,4973
22202,858
22202,608
22202,5291
22202,111
22202,4226
22202,7361
22202,8327
22202,2959
22202,1208
95683,527
95683,1704
95683,47
95683,4226
95683,3996
95683,50
95683,150
95683,593
95683,733
95683,51662
93239,6502
93239,593
93239,2858
93239,1222
93239,1213
93239,3535
93239,608
93239,55282
93239,2571
93239,32
101371,47
101371,750
101371,858
101371,58559
101371,2858
101371,82459
101371,527
101371,7361
101371,293
101371,68954
130745,3949
130745,593
130745,59387
130745,1682
130745,296
130745,1921
130745,53318
130745,3863
130745,1270
130745,1206
112852,1206
112852,750
112852,296
112852,1193
112852,79132
112852,50
112852,6502
112852,1748
112852,59387
112852,1200
130923,541
130923,1198
130923,2762
130923,318
130923,593
130923,356
130923,110
130923,1240
130923,1193
130923,7361
8996,1682
8996,2571
8996,48394
8996,4848
8996,1258
8996,527
8996,8950
8996,2712
8996,4995
8996,2997
23599,79132
23599,89745
23599,34162
23599,30707
23599,33493
23599,93840
23599,40819
23599,8798
23599,97938
23599,50872
29455,46976
29455,4973
29455,56367
29455,3911
29455,2395
29455,2997
29455,5508
29455,48394
29455,1732
29455,2858
21177,58559
21177,5349
21177,1
21177,260
21177,79702
21177,4878
21177,8961
21177,3535
21177,6539
21177,6377
3075,1193
3075,2692
3075,81845
3075,8784
3075,356
3075,7147
3075,3481
3075,53123
3075,593
3075,50
128747,356
128747,50
128747,1221
128747,1193
128747,4226
128747,7361
128747,2959
128747,750
128747,63082
128747,1213
50501,541
50501,1196
50501,296
50501,3793
50501,1748
50501,3052
50501,353
50501,1210
50501,1198
50501,1215
12242,44665
12242,5952
12242,81591
12242,48043
12242,4973
12242,55363
12242,1617
12242,63072
12242,68157
12242,47
108041,68954
108041,356
108041,2324
108041,90866
108041,63082
108041,89492
108041,1704
108041,82459
108041,88810
108041,4973
114895,4886
114895,1193
114895,1097
114895,4027
114895,2571
114895,1221
114895,1265
114895,1206
114895,1961
114895,7361
33646,2968
33646,3429
33646,2716
33646,923
33646,2529
33646,3911
33646,904
33646,1333
33646,541
33646,6963
4165,7361
4165,110
4165,1213
4165,527
4165,47
4165,99114
4165,3949
4165,74458
4165,293
4165,1089
121125,1214
121125,858
121125,32
121125,1704
121125,1197
121125,356
121125,4226
121125,3421
121125,7153
121125,1221
36835,7361
36835,318
36835,2858
36835,293
36835,541
36835,68237
36835,2329
36835,44555
36835,79132
36835,70286
95389,2502
95389,60069
95389,69757
95389,595
95389,68157
95389,1136
95389,1197
95389,59315
95389,73017
95389,7153
60124,5952
60124,1210
60124,4993
60124,7153
60124,260
60124,44191
60124,33794
60124,3578
60124,3793
60124,480
114889,2858
114889,260
114889,3793
114889,54001
114889,1682
114889,8368
114889,54259
114889,60069
114889,296
114889,1198
58426,1206
58426,69757
58426,593
58426,78039
58426,364
58426,78499
58426,72605
58426,80489
58426,117176
58426,1968
6375,4993
6375,595
6375,110
6375,7153
6375,920
6375,72998
6375,1197
6375,1196
6375,364
6375,2571
134037,5418
134037,2115
134037,49272
134037,541
134037,3897
134037,4963
134037,1136
134037,48774
134037,592
134037,8961
94818,110
94818,5989
94818,44199
94818,4776
94818,55765
94818,3252
94818,293
94818,47099
94818,30749
94818,8665
68526,1198
68526,5418
68526,2571
68526,4262
68526,3535
68526,260
68526,35836
68526,2791
68526,1291
68526,46578
87755,5618
87755,56367
87755,356
87755,551
87755,7361
87755,48394
87755,3556
87755,30793
87755,7147
87755,593
112348,48394
112348,4226
112348,7361
112348,8360
112348,1580
112348,33794
112348,1270
112348,68157
112348,4011
112348,2788
24973,48516
24973,51662
24973,70286
24973,589
24973,4963
24973,4011
24973,32
24973,49272
24973,44191
24973,48780
7328,4226
7328,48394
7328,2959
7328,58559
7328,2997
7328,2858
7328,50
7328,33794
7328,47
7328,1198
44550,1089
44550,541
44550,4226
44550,1196
44550,1198
44550,32
44550,589
44550,5291
44550,4973
44550,1210
109429,47
109429,1270
109429,1214
109429,480
109429,111
109429,1213
109429,1210
109429,1208
109429,1193
109429,1580
20615,79702
20615,91529
20615,93840
20615,79132
20615,94959
20615,88129
20615,68237
20615,77455
20615,81845
20615,82459
17929,318
17929,48516
17929,58559
17929,296
17929,4011
17929,1222
17929,55820
17929,64614
17929,6502
17929,50
75458,1291
75458,648
75458,2571
75458,260
75458,2268
75458,3753
75458,1393
75458,150
75458,1036
75458,3578
112365,3966
112365,7209
112365,541
112365,1258
112365,1284
112365,909
112365,1222
112365,6818
112365,1208
112365,1232
125696,37733
125696,8949
125696,41997
125696,32587
125696,33794
125696,30812
125696,35836
125696,750
125696,38886
125696,5060
125978,55820
125978,56782
125978,56333
125978,26178
125978,49822
125978,25856
125978,48738
125978,56367
125978,64622
125978,65130
56076,150
56076,1580
56076,364
56076,4022
56076,1265
56076,2918
56076,2
56076,377
56076,780
56076,1393
126746,480
126746,5349
126746,608
126746,3793
126746,3996
126746,588
126746,380
126746,2302
126746,3033
126746,1748
120758,2959
120758,30793
120758,5992
120758,4720
120758,4308
120758,4995
120758,1682
120758,17
120758,27706
120758,39183
33540,4963
33540,150
33540,4306
33540,318
33540,5418
33540,8665
33540,44191
33540,1
33540,2762
33540,63082
14809,2959
14809,2858
14809,356
14809,4973
14809,63876
14809,778
14809,46578
14809,56367
14809,2324
14809,8973
52134,2502
52134,541
52134,1258
52134,608
52134,778
52134,260
52134,111
52134,1732
52134,1206
52134,1193
98560,2378
98560,1722
98560,799
98560,33004
98560,8644
98560,1416
98560,410
98560,3354
98560,5481
98560,3264
105658,3114
105658,8961
105658,5816
105658,30793
105658,2687
105658,2355
105658,74789
105658,52245
105658,45517
105658,46972
128784,7153
128784,4993
128784,2959
128784,3000
128784,296
128784,4886
128784,741
128784,2019
128784,5952
128784,527
15469,1240
15469,589
15469,480
15469,356
15469,2028
15469,45499
15469,5378
15469,6537
15469,58559
15469,4306
94605,39183
94605,6711
94605,1035
94605,1449
94605,5991
94605,4308
94605,4027
94605,2791
94605,4306
94605,8961
128720,79132
128720,2028
128720,1580
128720,60069
128720,4306
128720,33794
128720,8665
128720,150
128720,588
128720,1136
135795,2174
135795,6377
135795,70
135795,380
135795,3253
135795,8961
135795,2700
135795,2617
135795,733
135795,3052
53853,5673
53853,40583
53853,4979
53853,55069
53853,6197
53853,5956
53853,6874
53853,5418
53853,8665
53853,3911
45224,32587
45224,33794
45224,1089
45224,4262
45224,50
45224,2329
45224,2571
45224,4878
45224,48780
45224,608
76659,5445
76659,4993
76659,1265
76659,32
76659,527
76659,1393
76659,3578
76659,3793
76659,5669
76659,4963
101611,33166
101611,593
101611,6942
101611,17
101611,590
101611,8784
101611,5225
101611,1193
101611,40629
101611,7153
31371,4993
31371,923
31371,1262
31371,1207
31371,969
31371,3435
31371,1287
31371,3196
31371,930
31371,1252
58086,356
58086,296
58086,58559
58086,1258
58086,2571
58086,588
58086,364
58086,2291
58086,1270
58086,595
19808,27773
19808,2571
19808,2329
19808,2762
19808,318
19808,4993
19808,741
19808,6711
19808,5669
19808,32587
59463,593
59463,1193
59463,296
59463,4973
59463,6867
59463,1358
59463,2692
59463,527
59463,1197
59463,5995
60535,50
60535,4027
60535,3996
60535,1210
60535,7438
60535,47
60535,6807
60535,68157
60535,70286
60535,1175
18250,2997
18250,1617
18250,5902
18250,8360
18250,4034
18250,49272
18250,3793
18250,3006
18250,150
18250,2692
118947,931
118947,25865
118947,951
118947,6639
118947,1267
118947,3341
118947,8228
118947,6852
118947,3471
118947,7056
134290,54286
134290,40819
134290,89864
134290,67255
134290,78039
134290,81562
134290,99114
134290,91658
134290,8949
134290,8981
130895,47
130895,1221
130895,541
130895,7587
130895,8491
130895,37733
130895,41997
130895,1178
130895,32587
130895,55820
74759,50
74759,318
74759,2571
74759,2324
74759,1198
74759,1252
74759,1197
74759,1203
74759,593
74759,1242
44870,2028
44870,50
44870,1653
44870,165
44870,1527
44870,3996
44870,2355
44870,6539
44870,1101
44870,500
56154,7153
56154,4886
56154,2115
56154,4306
56154,2571
56154,2959
56154,356
56154,4993
56154,316
56154,3793
61213,96610
61213,1732
61213,1270
61213,2502
61213,112852
61213,3275
61213,1197
61213,102445
61213,3578
61213,7153
103306,7153
103306,4993
103306,33493
103306,2706
103306,293
103306,34319
103306,5952
103306,1
103306,1097
103306,45722
126519,55282
126519,2706
126519,2797
126519,5418
126519,1917
126519,3897
126519,4995
126519,2791
126519,47
126519,2716
132852,1136
132852,1527
132852,1258
132852,165
132852,1222
132852,1210
132852,47
132852,1270
132852,2232
132852,924
134197,32
134197,2294
134197,1732
134197,27660
134197,2141
134197,1220
134197,1215
134197,2329
134197,51662
134197,1517
25444,3578
25444,33794
25444,356
25444,8636
25444,68319
25444,60040
25444,95510
25444,52722
25444,527
25444,1291
13703,7361
13703,2959
13703,2502
13703,4226
13703,1210
13703,296
13703,2858
13703,1961
13703,293
13703,2324
126294,1240
126294,6539
126294,1210
126294,260
126294,780
126294,33794
126294,1580
126294,356
126294,1101
126294,5418
18185,4306
18185,260
18185,4886
18185,2571
18185,1136
18185,6377
18185,1
18185,1274
18185,296
18185,741
132478,2571
132478,79132
132478,1193
132478,1704
132478,4973
132478,50
132478,593
132478,1198
132478,2692
132478,7361
106394,59315
106394,70286
106394,318
106394,2571
106394,76251
106394,58559
106394,33794
106394,2329
106394,356
106394,593
83337,4993
83337,6016
83337,858
83337,318
83337,47
83337,4973
83337,1193
83337,1208
83337,2762
83337,32587
2759,7669
2759,919
2759,1198
2759,78499
2759,1197
2759,318
2759,4886
2759,6377
2759,1207
2759,4306
45937,1136
45937,66097
45937,58559
45937,71535
45937,2048
45937,4878
45937,68157
45937,51255
45937,56757
45937,60069
115617,60950
115617,52973
115617,40819
115617,45028
115617,60069
115617,64575
115617,39414
115617,44195
115617,35836
115617,47629
130949,1
130949,4886
130949,2355
130949,1393
130949,3948
130949,3408
130949,6377
130949,110
130949,3114
130949,6879
136283,1197
136283,1580
136283,5952
136283,2716
136283,593
136283,780
136283,4306
136283,380
136283,3793
136283,50
81513,2028
81513,1270
81513,6539
81513,59315
81513,1291
81513,3578
81513,6377
81513,4963
81513,4886
81513,2762
25152,5952
25152,3793
25152,4993
25152,44191
25152,1584
25152,7361
25152,5445
25152,2858
25152,1136
25152,40815
36561,1197
36561,364
36561,356
36561,8636
36561,4306
36561,1097
36561,3578
36561,2797
36561,1580
36561,110
24717,60069
24717,2762
24717,7153
24717,2571
24717,1198
24717,457
24717,912
24717,1291
24717,2502
24717,1704
19650,3916
19650,5267
19650,3147
19650,56587
19650,31225
19650,49793
19650,30707
19650,3980
19650,6753
19650,318
80207,1266
80207,4034
80207,6953
80207,7234
80207,2467
80207,6
80207,1784
80207,5304
80207,608
80207,7136
71799,457
71799,1961
71799,648
71799,1784
71799,33794
71799,1625
71799,380
71799,454
71799,47610
71799,6934
22547,2571
22547,608
22547,296
22547,260
22547,924
22547,1136
22547,48394
22547,1196
22547,2858
22547,1198
78890,5952
78890,4993
78890,7153
78890,6365
78890,45447
78890,2324
78890,1201
78890,4973
78890,4226
78890,45186
7938,457
7938,260
7938,1291
7938,7569
7938,2115
7938,2989
7938,2944
7938,1608
7938,380
7938,1663
28690,55820
28690,79132
28690,2571
28690,318
28690,4993
28690,3578
28690,91529
28690,5952
28690,593
28690,858
33808,3949
33808,318
33808,296
33808,4226
33808,593
33808,48394
33808,2571
33808,57274
33808,58559
33808,55820
90316,56367
90316,2571
90316,527
90316,593
90316,2502
90316,1704
90316,2858
90316,44195
90316,35836
90316,1197
60073,2571
60073,2959
60073,858
60073,457
60073,2858
60073,480
60073,2762
60073,4963
60073,48516
60073,733
33433,1
33433,588
33433,1198
33433,260
33433,1580
33433,780
33433,587
33433,1270
33433,4306
33433,1197
63988,4973
63988,5377
63988,34
63988,6218
63988,7147
63988,1968
63988,1200
63988,1680
63988,2124
63988,1269
109427,924
109427,1258
109427,6016
109427,1222
109427,750
109427,858
109427,608
109427,2858
109427,47
109427,1213
64367,8961
64367,8970
64367,7361
64367,2359
64367,318
64367,3114
64367,3967
64367,3481
64367,608
64367,527
103881,260
103881,3000
103881,2571
103881,4226
103881,904
103881,527
103881,1265
103881,1230
103881,1270
103881,1252
102388,88163
102388,72720
102388,6942
102388,61323
102388,55444
102388,65130
102388,97921
102388,106782
102388,64622
102388,58559
80771,903
80771,1348
80771,1211
80771,908
80771,27904
80771,68157
80771,31658
80771,6711
80771,79132
80771,6023
38204,56367
38204,915
38204,1198
38204,908
38204,60069
38204,4993
38204,50872
38204,40629
38204,7153
38204,1028
56422,4226
56422,356
56422,750
56422,1207
56422,2571
56422,260
56422,3435
56422,150
56422,1284
56422,8228
129762,31658
129762,7361
129762,2959
129762,541
129762,318
129762,58559
129762,745
129762,32
129762,29
129762,1208
32386,44191
32386,58559
32386,6874
32386,50
32386,27803
32386,30707
32386,32
32386,6870
32386,71033
32386,1704
12380,31696
12380,34405
12380,45722
12380,6333
12380,59315
12380,53972
12380,57368
12380,52328
12380,41569
12380,8861
17022,5989
17022,37741
17022,1079
17022,1278
17022,30812
17022,4226
17022,3361
17022,48780
17022,1641
17022,7147
68244,780
68244,7153
68244,2959
68244,1270
68244,593
68244,4993
68244,5952
68244,380
68244,4306
68244,1196
20903,80463
20903,97921
20903,6942
20903,46578
20903,99114
20903,105844
20903,69844
20903,39183
20903,54001
20903,94070
78597,4306
78597,527
78597,2762
78597,68954
78597,48394
78597,33794
78597,4878
78597,1193
78597,293
78597,4886
120203,1
120203,597
120203,5349
120203,2706
120203,6539
120203,648
120203,377
120203,5418
120203,780
120203,318
111505,1214
111505,1
111505,40732
111505,6731
111505,2288
111505,1198
111505,2762
111505,6502
111505,1321
111505,2710
86129,40815
86129,63859
86129,72998
86129,68954
86129,45722
86129,46948
86129,51662
86129,79224
86129,69844
86129,8360
63347,4993
63347,2959
63347,589
63347,593
63347,5952
63347,3000
63347,904
63347,1748
63347,34405
63347,1
91238,60040
91238,2640
91238,1197
91238,480
91238,95510
91238,588
91238,2959
91238,59784
91238,44191
91238,1584
82603,4878
82603,2571
82603,3275
82603,51662
82603,593
82603,2028
82603,61132
82603,48516
82603,63082
82603,1136
58368,4993
58368,2571
58368,1136
58368,1270
58368,3578
58368,3552
58368,1089
58368,2028
58368,1196
58368,344
53478,2959
53478,91529
53478,58559
53478,5952
53478,4993
53478,7153
53478,4306
53478,73017
53478,318
53478,91542
37339,7361
37339,296
37339,68157
37339,2858
37339,55820
37339,4226
37339,61323
37339,44195
37339,2997
37339,3949
132647,1089
132647,7153
132647,2858
132647,4226
132647,50
132647,6016
132647,33794
132647,4878
132647,3578
132647,4973
25565,44555
25565,593
25565,527
25565,1280
25565,926
25565,1408
25565,902
25565,446
25565,904
25565,4427
89310,2628
89310,47
89310,3793
89310,2716
89310,2353
89310,3948
89310,2502
89310,2797
89310,6365
89310,48780
9519,4306
9519,4308
9519,2571
9519,4011
9519,2291
9519,3052
9519,32587
9519,337
9519,1682
9519,2762
127172,8360
127172,4306
127172,8376
127172,6539
127172,3916
127172,2502
127172,6377
127172,2571
127172,34162
127172,33794
80838,750
80838,913
80838,1193
80838,1234
80838,2763
80838,1203
80838,318
80838,6218
80838,1247
80838,903
17078,7438
17078,8950
17078,2712
17078,4022
17078,6953
17078,4848
17078,6711
17078,4235
17078,4306
17078,1265
136428,4973
136428,5995
136428,17
136428,307
136428,3910
136428,1183
136428,306
136428,81591
136428,86781
136428,30749
103719,46578
103719,3578
103719,1210
103719,589
103719,53972
103719,7361
103719,165
103719,44195
103719,5445
103719,780
109795,4226
109795,593
109795,296
109795,2571
109795,1196
109795,7361
109795,589
109795,541
109795,1221
109795,608
59756,4973
59756,48394
59756,8961
59756,3000
59756,46976
59756,6377
59756,56367
59756,4886
59756,7153
59756,7147
55328,7451
55328,6942
55328,30822
55328,4246
55328,4979
55328,8949
55328,2321
55328,30810
55328,1777
55328,11
7631,296
7631,33794
7631,2571
7631,2959
7631,59315
7631,5349
7631,260
7631,1197
7631,1198
7631,1270
30162,5989
30162,1222
30162,2987
30162,44195
30162,1198
30162,1136
30162,1073
30162,32
30162,1219
30162,3275
36154,858
36154,293
36154,593
36154,3160
36154,2692
36154,2997
36154,1193
36154,356
36154,27773
36154,1732
105410,1954
105410,161
105410,7027
105410,8636
105410,349
105410,590
105410,1242
105410,3256
105410,1210
105410,5049
8136,6539
8136,1291
8136,1036
8136,3527
8136,2571
8136,2944
8136,6808
8136,150
8136,3508
8136,33794
23079,1089
23079,32587
23079,48385
23079,6502
23079,4011
23079,4963
23079,6539
23079,46578
23079,47
23079,106920
90528,457
90528,4306
90528,110
90528,4995
90528,733
90528,4226
90528,1393
90528,1270
90528,6
90528,1641
93037,1136
93037,356
93037,1221
93037,32
93037,4226
93037,6016
93037,6874
93037,1884
93037,5952
93037,527
4329,52973
4329,104
4329,45728
4329,46578
4329,48385
4329,356
4329,3052
4329,7361
4329,2502
4329,6957
110906,589
110906,1233
110906,2467
110906,1240
110906,2959
110906,32587
110906,1209
110906,3328
110906,1291
110906,3168
21770,6539
21770,110
21770,3578
21770,1291
21770,593
21770,2716
21770,293
21770,2012
21770,1198
21770,2762
133426,32
133426,4306
133426,480
133426,1704
133426,318
133426,54286
133426,33794
133426,733
133426,6539
133426,7361
31551,33794
31551,5952
31551,4993
31551,7153
31551,54286
31551,2571
31551,57640
31551,1210
31551,1196
31551,260
131478,1206
131478,750
131478,6987
131478,4754
131478,1394
131478,1080
131478,919
131478,1247
131478,1230
131478,3911
56976,32
56976,858
56976,2959
56976,1206
56976,1258
56976,4226
56976,1193
56976,7147
56976,2571
56976,2997
89270,527
89270,318
89270,296
89270,3147
89270,590
89270,858
89270,1036
89270,480
89270,457
89270,1387
30948,912
30948,1252
30948,296
30948,1212
30948,908
30948,1199
30948,1208
30948,1617
30948,1254
30948,2571
50297,36517
50297,30707
50297,39292
50297,30812
50297,26131
50297,8961
50297,7700
50297,7981
50297,41997
50297,5498
86840,1210
86840,32
86840,1136
86840,2858
86840,858
86840,1089
86840,589
86840,3000
86840,3030
86840,1197
22610,1210
22610,1196
22610,79132
22610,1198
22610,49272
22610,33794
22610,77561
22610,8961
22610,60069
22610,2571
72802,5943
72802,7293
72802,6155
72802,6503
72802,4447
72802,4069
72802,4025
72802,455
72802,3968
72802,7444
73098,2959
73098,1
73098,356
73098,44191
73098,4886
73098,4306
73098,3578
73098,44022
73098,6377
73098,1210
96294,527
96294,39183
96294,30707
96294,6711
96294,46578
96294,858
96294,36
96294,37741
96294,6787
96294,1674
122170,480
122170,1704
122170,733
122170,589
122170,32
122170,4226
122170,150
122170,590
122170,50
122170,3996
27688,914
27688,2565
27688,68954
27688,78499
27688,50872
27688,1197
27688,1
27688,261
27688,1223
27688,1907
25956,47
25956,1196
25956,858
25956,1198
25956,1704
25956,1214
25956,2028
25956,2329
25956,79132
25956,1225
132120,1210
132120,260
132120,912
132120,920
132120,308
132120,1354
132120,924
132120,356
132120,4973
132120,1201
84962,1214
84962,4914
84962,1291
84962,4641
84962,2716
84962,904
84962,4144
84962,8477
84962,5690
84962,1387
111714,2571
111714,1210
111714,6539
111714,1196
111714,260
111714,60069
111714,480
111714,1291
111714,54259
111714,588
63434,480
63434,32
63434,47
63434,2762
63434,2858
63434,648
63434,1704
63434,150
63434,3578
63434,260
85591,3000
85591,1196
85591,60069
85591,364
85591,1
85591,2762
85591,1198
85591,551
85591,8961
85591,318
23158,48394
23158,296
23158,1206
23158,3949
23158,1884
23158,1968
23158,4641
23158,94959
23158,55269
23158,1732
136119,33794
136119,51662
136119,2329
136119,54286
136119,6377
136119,32
136119,50
136119,44191
136119,4973
136119,1704
80494,60069
80494,2762
80494,5952
80494,32
80494,8961
80494,4896
80494,7438
80494,30793
80494,3081
80494,50
82253,2329
82253,47
82253,2003
82253,4370
82253,48394
82253,1258
82253,59315
82253,3499
82253,44191
82253,541
95081,1291
95081,110
95081,780
95081,1
95081,2716
95081,4306
95081,457
95081,7153
95081,377
95081,588
97559,5952
97559,4226
97559,2959
97559,58559
97559,44191
97559,47
97559,253
97559,6711
97559,1466
97559,1059
132039,31685
132039,8957
132039,33493
132039,30825
132039,27808
132039,7346
132039,33162
132039,8908
132039,30707
132039,8132
6039,2115
6039,858
6039,2987
6039,293
6039,1234
6039,2944
6039,924
6039,2194
6039,912
6039,3682
106545,27808
106545,6942
106545,7361
106545,30793
106545,8360
106545,7147
106545,6155
106545,2671
106545,5377
106545,33166
65330,5952
65330,4993
65330,7153
65330,51662
65330,47
65330,356
65330,593
65330,59315
65330,4226
65330,589
129254,4995
129254,5218
129254,1097
129254,1997
129254,1291
129254,4963
129254,8360
129254,8961
129254,4022
129254,1580
23841,8464
23841,594
23841,26133
23841,2858
23841,53894
23841,68157
23841,2087
23841,1247
23841,111362
23841,1210
84272,30749
84272,8961
84272,37741
84272,8949
84272,8464
84272,33794
84272,39183
84272,30793
84272,30822
84272,41566
10164,60069
10164,61986
10164,96079
10164,56782
10164,98154
10164,55290
10164,43396
10164,3098
10164,68157
10164,38061
131708,480
131708,4226
131708,5952
131708,2571
131708,2858
131708,2028
131708,50
131708,5349
131708,527
131708,5445
89684,8874
89684,3000
89684,3949
89684,8784
89684,778
89684,48082
89684,7147
89684,2997
89684,6711
89684,44191
17428,1
17428,2706
17428,2571
17428,3578
17428,4993
17428,2858
17428,4011
17428,1196
17428,7153
17428,5952
22085,593
22085,7361
22085,70286
22085,7147
22085,64614
22085,1258
22085,3578
22085,60684
22085,778
22085,27773
40721,48780
40721,79132
40721,41566
40721,93840
40721,98809
40721,4896
40721,70286
40721,33794
40721,34405
40721,91500
111524,7361
111524,4886
111524,46578
111524,50872
111524,2959
111524,2571
111524,58559
111524,318
111524,364
111524,8961
86784,3578
86784,1270
86784,1240
86784,7153
86784,4993
86784,4886
86784,6377
86784,260
86784,1036
86784,8961
79531,81591
79531,48774
79531,86882
79531,67255
79531,51080
79531,44199
79531,98961
79531,89492
79531,47610
79531,86190
115305,58559
115305,7387
115305,4855
115305,3508
115305,33794
115305,1321
115305,79702
115305,69122
115305,60684
115305,78499
7453,356
7453,4226
7453,7153
7453,5952
7453,3052
7453,5349
7453,1196
7453,260
7453,5445
7453,1517
61451,593
61451,4226
61451,56367
61451,55280
61451,2997
61451,2908
61451,1265
61451,36537
61451,35836
61451,223
104129,296
104129,110
104129,356
104129,3793
104129,4993
104129,4963
104129,49272
104129,6377
104129,5952
104129,7153
93547,1240
93547,2329
93547,5418
93547,4995
93547,1
93547,1221
93547,2115
93547,1246
93547,1265
93547,2174
4173,2858
4173,2571
4173,1080
4173,47
4173,4011
4173,58559
4173,356
4173,778
4173,1223
4173,7153
56782,7153
56782,3429
56782,5952
56782,5618
56782,3996
56782,969
56782,3114
56782,6377
56782,6331
56782,34
21167,50
21167,608
21167,955
21167,911
21167,2858
21167,750
21167,4226
21167,908
21167,1500
21167,904
88226,40815
88226,4896
88226,6539
88226,7293
88226,2687
88226,364
88226,1015
88226,6377
88226,6373
88226,54001
13345,2997
13345,4226
13345,3481
13345,3897
13345,2959
13345,318
13345,4034
13345,4973
13345,1617
13345,8464
100087,59315
100087,60069
100087,44191
100087,527
100087,593
100087,48516
100087,3949
100087,68237
100087,589
100087,293
9736,223
9736,8641
9736,1753
9736,3752
9736,785
9736,56251
9736,4105
9736,6807
9736,66297
9736,60756
15816,1222
15816,4306
15816,480
15816,1270
15816,1258
15816,5349
15816,72998
15816,8636
15816,54286
15816,780
134983,2762
134983,8961
134983,858
134983,2028
134983,6711
134983,527
134983,1270
134983,1097
134983,3578
134983,4896
6258,60069
6258,59501
6258,4896
6258,59315
6258,45517
6258,50872
6258,5349
6258,63992
6258,8533
6258,69844
138135,8961
138135,2395
138135,1527
138135,33794
138135,5349
138135,2997
138135,2353
138135,1101
138135,4896
138135,380
78472,223
78472,588
78472,589
78472,2617
78472,4571
78472,2167
78472,2174
78472,648
78472,7438
78472,6365
3588,593
3588,318
3588,1580
3588,110
3588,480
3588,33794
3588,7438
3588,1240
3588,4963
3588,5445
131615,48394
131615,4014
131615,6711
131615,5669
131615,79242
131615,3751
131615,4641
131615,2396
131615,6291
131615,6218
106865,296
106865,1517
106865,53972
106865,1270
106865,733
106865,2706
106865,5459
106865,216
106865,2694
106865,2329
34011,1196
34011,260
34011,5952
34011,7153
34011,4993
34011,6539
34011,1197
34011,4306
34011,4016
34011,1210
21132,37733
21132,56367
21132,37741
21132,34072
21132,68157
21132,68954
21132,54503
21132,61323
21132,32587
21132,50872
124329,260
124329,2571
124329,1136
124329,296
124329,2858
124329,1197
124329,2918
124329,1199
124329,1204
124329,1220
83200,260
83200,3578
83200,1196
83200,1291
83200,4886
83200,589
83200,2762
83200,47
83200,1080
83200,7153
56969,5971
56969,1258
56969,1219
56969,3639
56969,5690
56969,1347
56969,7099
56969,608
56969,1345
56969,293
42491,260
42491,293
42491,1210
42491,27904
42491,34405
42491,1748
42491,53519
42491,30810
42491,2329
42491,2232
54429,48780
54429,4306
54429,5378
54429,51255
54429,4226
54429,6350
54429,48394
54429,54286
54429,8368
54429,356
26214,47
26214,1580
26214,48780
26214,1198
26214,7347
26214,34162
26214,3114
26214,2683
26214,457
26214,3354
127313,1
127313,4993
127313,3114
127313,595
127313,588
127313,69122
127313,69757
127313,586
127313,1527
127313,79132
78567,593
78567,2762
78567,318
78567,6539
78567,1136
78567,5952
78567,7153
78567,4993
78567,4306
78567,1
55954,32
55954,63082
55954,3578
55954,4973
55954,48774
55954,81845
55954,2918
55954,1265
55954,924
55954,68358
33155,597
33155,2716
33155,858
33155,1961
33155,1270
33155,318
33155,47
33155,1307
33155,1784
33155,480
109648,54286
109648,49530
109648,56775
109648,33794
109648,59315
109648,44199
109648,56174
109648,34319
109648,53322
109648,112556
89372,1208
89372,318
89372,4011
89372,2329
89372,858
89372,1196
89372,111
89372,4878
89372,3681
89372,70286
25409,858
25409,1198
25409,1580
25409,4022
25409,1266
25409,60069
25409,48516
25409,780
25409,8961
25409,1265
4696,4226
4696,7153
4696,1266
4696,899
4696,1960
4696,1198
4696,1097
4696,1912
4696,4246
4696,357
7798,50
7798,4995
7798,2959
7798,48516
7798,1704
7798,1270
7798,80463
7798,5418
7798,4226
7798,58559
21408,785
21408,46578
21408,2420
21408,3448
21408,55820
21408,2133
21408,4002
21408,69
21408,3033
21408,4351
66159,48780
66159,1270
66159,223
66159,3275
66159,3793
66159,1196
66159,5952
66159,6539
66159,4963
66159,48774
125507,1682
125507,48043
125507,6618
125507,48394
125507,1580
125507,356
125507,27904
125507,541
125507,2916
125507,1136
110069,2571
110069,6874
110069,593
110069,1258
110069,32587
110069,1213
110069,111
110069,1196
110069,4262
110069,2858
108717,539
108717,377
108717,500
108717,356
108717,4995
108717,2858
108717,1270
108717,1682
108717,185
108717,3408
127731,260
127731,589
127731,5952
127731,1097
127731,4963
127731,8360
127731,1210
127731,597
127731,1265
127731,33794
40755,2571
40755,6539
40755,780
40755,54286
40755,33794
40755,59315
40755,1291
40755,49272
40755,1270
40755,8972
130126,593
130126,5349
130126,4963
130126,5418
130126,318
130126,33794
130126,34405
130126,4995
130126,5903
130126,44199
26794,110
26794,4878
26794,33794
26794,296
26794,318
26794,1214
26794,4226
26794,858
26794,4011
26794,47
85420,1197
85420,1079
85420,608
85420,750
85420,2918
85420,1307
85420,356
85420,46578
85420,1080
85420,905
56758,2571
56758,6378
56758,54503
56758,356
56758,4369
56758,2706
56758,104
56758,296
56758,593
56758,68157
84101,6539
84101,318
84101,3275
84101,33660
84101,1210
84101,2502
84101,49530
84101,59315
84101,6377
84101,5445
87748,76093
87748,33794
87748,59315
87748,68954
87748,5971
87748,318
87748,74458
87748,106487
87748,48780
87748,68157
94464,32
94464,344
94464,4963
94464,223
94464,104
94464,1090
94464,8784
94464,165
94464,541
94464,1101
57814,47
57814,48516
57814,68237
57814,741
57814,1200
57814,318
57814,70286
57814,68157
57814,59315
57814,74458
135579,2858
135579,4973
135579,318
135579,6711
135579,2571
135579,2329
135579,8784
135579,47
135579,5991
135579,593
99747,1196
99747,593
99747,79132
99747,541
99747,60069
99747,260
99747,70286
99747,858
99747,4878
99747,5995
14166,1580
14166,32031
14166,1517
14166,2701
14166,520
14166,4016
14166,4701
14166,5444
14166,30793
14166,6541
56817,8961
56817,356
56817,63082
56817,2858
56817,377
56817,380
56817,1265
56817,296
56817,48780
56817,8784
34562,2355
34562,3157
34562,49274
34562,595
34562,6539
34562,53460
34562,62999
34562,1064
34562,8907
34562,3034
105889,69757
105889,5066
105889,49286
105889,4886
105889,56367
105889,60397
105889,5952
105889,4993
105889,597
105889,90576
6594,4993
6594,3578
6594,50
6594,1
6594,4262
6594,293
6594,6016
6594,5952
6594,1193
6594,1961
29081,4226
29081,527
29081,593
29081,356
29081,588
29081,2858
29081,592
29081,1240
29081,59315
29081,1221
118926,2959
118926,6377
118926,56367
118926,46578
118926,7153
118926,58559
118926,4963
118926,48394
118926,2571
118926,1136
119839,2959
119839,70286
119839,32
119839,608
119839,1199
119839,55820
119839,4226
119839,111
119839,2571
119839,1089
69234,2324
69234,1682
69234,4014
69234,7147
69234,593
69234,5989
69234,1206
69234,1246
69234,2762
69234,7438
105173,593
105173,7153
105173,2571
105173,47
105173,2028
105173,592
105173,49272
105173,1
105173,4993
105173,5952
72357,296
72357,1240
72357,1196
72357,10
72357,7153
72357,2028
72357,780
72357,316
72357,367
72357,32
65061,2959
65061,5669
65061,2858
65061,8784
65061,58559
65061,50
65061,6953
65061,54286
65061,44555
65061,30749
90810,6539
90810,47
90810,59315
90810,2028
90810,50
90810,44195
90810,68157
90810,1270
90810,858
90810,593
95645,1527
95645,5608
95645,3578
95645,6711
95645,527
95645,2712
95645,51662
95645,288
95645,46723
95645,1298
66030,4993
66030,1089
66030,2571
66030,608
66030,7438
66030,4973
66030,8961
66030,858
66030,7153
66030,5952
22336,1580
22336,3578
22336,457
22336,1198
22336,2762
22336,2571
22336,733
22336,4306
22336,2353
22336,5445
123040,51662
123040,5064
123040,58803
123040,56587
123040,4963
123040,4896
123040,7458
123040,2959
123040,6378
123040,72998
44496,608
44496,2762
44496,4995
44496,1
44496,150
44496,1252
44496,457
44496,1240
44496,1204
44496,33166
110025,96610
110025,111759
110025,4022
110025,58998
110025,70286
110025,106696
110025,8528
110025,112138
110025,52973
110025,6188
53233,364
53233,2762
53233,318
53233,480
53233,1
53233,1387
53233,457
53233,1097
53233,1380
53233,527
136816,46578
136816,7361
136816,2395
136816,55820
136816,33880
136816,3949
136816,5617
136816,27773
136816,318
136816,6620
51245,7371
51245,61240
51245,1199
51245,33794
51245,70286
51245,4855
51245,2529
51245,480
51245,33166
51245,55069
52074,3578
52074,1376
52074,1240
52074,110
52074,2028
52074,1721
52074,1250
52074,2628
52074,318
52074,1610
7007,33794
7007,88163
7007,91529
7007,59369
7007,6539
7007,47
7007,88744
7007,2762
7007,3578
7007,3793
92572,58559
92572,296
92572,110
92572,356
92572,7361
92572,50
92572,60069
92572,527
92572,30749
92572,1148
118542,7153
118542,6377
118542,527
118542,4995
118542,4226
118542,50
118542,30749
118542,2858
118542,4963
118542,1961
3957,1704
3957,1291
3957,318
3957,4993
3957,3793
3957,3996
3957,6333
3957,4995
3957,6377
3957,32587
48759,1265
48759,1923
48759,50
48759,47
48759,1617
48759,3160
48759,6870
48759,4011
48759,778
48759,4034
14972,318
14972,4973
14972,2571
14972,7361
14972,1221
14972,1213
14972,1206
14972,1732
14972,1258
14972,1244
92777,5952
92777,68157
92777,593
92777,77455
92777,750
92777,2959
92777,2502
92777,79132
92777,48516
92777,1265
43972,2762
43972,40815
43972,8961
43972,4896
43972,4886
43972,6539
43972,7153
43972,4995
43972,2396
43972,1270
87822,2571
87822,608
87822,4226
87822,3949
87822,2997
87822,858
87822,5995
87822,508
87822,1089
87822,1246
10721,4011
10721,2571
10721,4720
10721,1641
10721,1732
10721,6
10721,7034
10721,2692
10721,6539
10721,68157
68254,2997
68254,296
68254,924
68254,1206
68254,1089
68254,904
68254,1394
68254,6807
68254,1732
68254,593
70924,5944
70924,2336
70924,2193
70924,329
70924,40629
70924,1224
70924,1371
70924,1960
70924,497
70924,7669
22825,593
22825,79132
22825,91529
22825,2959
22825,356
22825,1193
22825,1222
22825,1291
22825,527
22825,50
35630,5349
35630,5952
35630,924
35630,296
35630,3578
35630,1240
35630,1291
35630,1527
35630,1653
35630,7438
266,8961
266,40629
266,4306
266,68954
266,4886
266,1198
266,81845
266,17
266,1291
266,7669
131213,1198
131213,541
131213,1136
131213,858
131213,527
131213,1
131213,4993
131213,1252
131213,750
131213,1265
22168,58559
22168,1380
22168,5620
22168,2081
22168,33794
22168,45720
22168,1022
22168,34162
22168,7451
22168,588
66713,2268
66713,2000
66713,1784
66713,2353
66713,2355
66713,2640
66713,39
66713,1639
66713,508
66713,3897
137818,5218
137818,58559
137818,73017
137818,5952
137818,7153
137818,3578
137818,62999
137818,69644
137818,51662
137818,49272
19842,2916
19842,541
19842,48780
19842,4874
19842,1210
19842,44191
19842,3578
19842,260
19842,8644
19842,1196
73835,4262
73835,4226
73835,5418
73835,1221
73835,50
73835,1270
73835,165
73835,4011
73835,6539
73835,1240
46998,1270
46998,2959
46998,7153
46998,7361
46998,3052
46998,595
46998,34405
46998,3793
46998,4306
46998,60069
120735,593
120735,1079
120735,3578
120735,1265
120735,589
120735,356
120735,590
120735,357
120735,4306
120735,1213
82472,111
82472,5291
82472,912
82472,7361
82472,4914
82472,608
82472,4422
82472,2997
82472,908
82472,6711
22965,3671
22965,904
22965,1278
22965,1196
22965,1219
22965,4855
22965,593
22965,1617
22965,1200
22965,1291
16743,109487
16743,58559
16743,5952
16743,608
16743,858
16743,296
16743,1207
16743,750
16743,1225
16743,953
114922,1
114922,318
114922,593
114922,2959
114922,49272
114922,527
114922,1580
114922,4886
114922,5418
114922,6539
61561,4963
61561,3578
61561,6365
61561,1721
61561,1210
61561,2918
61561,318
61561,2355
61561,380
61561,592
13575,318
13575,4995
13575,1682
13575,2571
13575,2324
13575,2858
13575,1704
13575,5989
13575,364
13575,2959
2308,2959
2308,63082
2308,1197
2308,46976
2308,2572
2308,4027
2308,30793
2308,8910
2308,54190
2308,6942
106507,5952
106507,6539
106507,4226
106507,4993
106507,1198
106507,8961
106507,4886
106507,2762
106507,1580
106507,7153
29729,1200
29729,457
29729,6
29729,7153
29729,47
29729,2959
29729,48516
29729,2194
29729,1208
29729,293
70342,50872
70342,5989
70342,6377
70342,527
70342,1097
70342,508
70342,1291
70342,2078
70342,2268
70342,2396
131580,7153
131580,356
131580,1291
131580,1240
131580,1198
131580,1214
131580,1270
131580,5952
131580,2028
131580,3471
117722,58559
117722,4993
117722,260
117722,356
117722,296
117722,1704
117722,4963
117722,2628
117722,32587
117722,6874
26004,593
26004,68237
26004,2997
26004,2360
26004,31364
26004,4848
26004,3535
26004,7371
26004,608
26004,1464
125256,356
125256,63082
125256,7293
125256,34162
125256,318
125256,2959
125256,1917
125256,2572
125256,72407
125256,72998
54218,40815
54218,5952
54218,7153
54218,76093
54218,3000
54218,5971
54218,6350
54218,5816
54218,1210
54218,54001
39778,2003
39778,1240
39778,4306
39778,1214
39778,1580
39778,589
39778,2161
39778,3418
39778,1225
39778,8636
45100,8783
45100,33166
45100,33794
45100,6870
45100,7361
45100,318
45100,5989
45100,5502
45100,27808
45100,8949
29287,2918
29287,3897
29287,8984
29287,45499
29287,47099
29287,7293
29287,2028
29287,7445
29287,88405
29287,33493
99643,50
99643,4973
99643,2959
99643,318
99643,1193
99643,1197
99643,7153
99643,608
99643,1208
99643,1230
8944,1682
8944,4973
8944,1921
8944,1748
8944,1270
8944,2997
8944,2174
8944,29
8944,47
8944,7099
91769,293
91769,4973
91769,2571
91769,2959
91769,4226
91769,4011
91769,70
91769,3949
91769,2843
91769,4878
6268,1
6268,318
6268,296
6268,356
6268,68157
6268,48516
6268,4239
6268,47
6268,2571
6268,2762
86299,1136
86299,588
86299,1961
86299,4306
86299,597
86299,3114
86299,4963
86299,1240
86299,5349
86299,2291
98590,110
98590,3793
98590,1136
98590,296
98590,316
98590,593
98590,8961
98590,4226
98590,1036
98590,2028
130767,3730
130767,55820
130767,37733
130767,3966
130767,1572
130767,8751
130767,25805
130767,41285
130767,4903
130767,43460
67373,46723
67373,58559
67373,60072
67373,48516
67373,49272
67373,45720
67373,52604
67373,56757
67373,3409
67373,53129
3905,44191
3905,1682
3905,31658
3905,60069
3905,4370
3905,1206
3905,5445
3905,4226
3905,296
3905,2858
65680,2858
65680,4963
65680,150
65680,780
65680,318
65680,589
65680,1214
65680,2628
65680,1580
65680,380
40234,858
40234,951
40234,912
40234,1258
40234,3176
40234,1617
40234,909
40234,942
40234,3097
40234,8338
15139,1196
15139,2858
15139,608
15139,318
15139,356
15139,592
15139,4226
15139,1210
15139,589
15139,527
6795,2762
6795,1240
6795,589
6795,7153
6795,2028
6795,356
6795,231
6795,1036
6795,466
6795,8957
55390,527
55390,1225
55390,608
55390,1230
55390,81845
55390,1292
55390,63082
55390,1079
55390,318
55390,1235
25284,1197
25284,1136
25284,922
25284,904
25284,2918
25284,1196
25284,2571
25284,4226
25284,50
25284,1219
66594,47
66594,32587
66594,1961
66594,50
66594,586
66594,4878
66594,4226
66594,1246
66594,1917
66594,165
115686,7438
115686,6874
115686,318
115686,2692
115686,36529
115686,8873
115686,48394
115686,44555
115686,55247
115686,541
31436,1580
31436,8961
31436,5349
31436,356
31436,2502
31436,1198
31436,2959
31436,3793
31436,33493
31436,1
134100,2424
134100,539
134100,339
134100,3408
134100,7
134100,4880
134100,7149
134100,2803
134100,7155
134100,590
5770,1196
5770,58559
5770,2959
5770,541
5770,31658
5770,296
5770,260
5770,48774
5770,79132
5770,741
124758,1035
124758,1088
124758,4041
124758,339
124758,356
124758,587
124758,11
124758,914
124758,1569
124758,3255
107150,5995
107150,318
107150,2324
107150,2858
107150,30707
107150,78499
107150,7361
107150,3147
107150,2762
107150,4973
5544,3114
5544,457
5544,1200
5544,21
5544,1617
5544,16
5544,2268
5544,1079
5544,1221
5544,3996
17877,64614
17877,48780
17877,79132
17877,58295
17877,74795
17877,95441
17877,54503
17877,69481
17877,109374
17877,55820
34727,4034
34727,1198
34727,1721
34727,1961
34727,1923
34727,8644
34727,5989
34727,1246
34727,6378
34727,293
105214,72998
105214,750
105214,64620
105214,1197
105214,1213
105214,64839
105214,2918
105214,1304
105214,64957
105214,1945
60226,1961
60226,4995
60226,6377
60226,2858
60226,6539
60226,3408
60226,5810
60226,1485
60226,2762
60226,1721
32284,3147
32284,56367
32284,4011
32284,5995
32284,2542
32284,3967
32284,3751
32284,38038
32284,6942
32284,37729
135126,593
135126,4995
135126,356
135126,4326
135126,110
135126,1193
135126,3105
135126,1259
135126,30749
135126,2858
540,31658
540,1136
540,1080
540,46578
540,541
540,7361
540,33794
540,4011
540,51255
540,55442
33387,1035
33387,39
33387,1197
33387,339
33387,1028
33387,1088
33387,6942
33387,1073
33387,1393
33387,1968
119046,593
119046,2232
119046,7438
119046,6874
119046,48774
119046,1748
119046,6365
119046,6870
119046,52328
119046,8644
4802,5418
4802,1704
4802,1923
4802,3147
4802,457
4802,480
4802,3916
4802,1270
4802,1682
4802,3948
93670,48385
93670,4226
93670,8528
93670,3897
93670,32
93670,3033
93670,3275
93670,180
93670,1704
93670,2762
100273,6711
100273,1680
100273,1219
100273,8879
100273,928
100273,910
100273,2208
100273,6807
100273,2181
100273,4005
133269,2571
133269,4226
133269,608
133269,4993
133269,1210
133269,1212
133269,2959
133269,923
133269,1214
133269,1193
85832,4903
85832,7361
85832,1089
85832,4641
85832,6552
85832,1206
85832,6890
85832,7160
85832,7158
85832,47
2742,89745
2742,27660
2742,4370
2742,293
2742,72998
2742,5445
2742,1240
2742,106489
2742,33493
2742,66097
361,47
361,4306
361,356
361,4886
361,2858
361,589
361,59315
361,58559
361,1198
361,1196
83640,58559
83640,2028
83640,3147
83640,318
83640,3578
83640,2959
83640,2571
83640,5103
83640,1302
83640,524
131351,1221
131351,5952
131351,44555
131351,924
131351,1219
131351,7323
131351,4878
131351,5971
131351,2010
131351,4011
12530,32587
12530,91529
12530,5971
12530,33794
12530,5618
12530,4878
12530,356
12530,318
12530,60069
12530,1136
79434,4995
79434,318
79434,2571
79434,527
79434,1704
79434,5349
79434,296
79434,1207
79434,1136
79434,5989
20375,1278
20375,3552
20375,76251
20375,593
20375,318
20375,70286
20375,32587
20375,7360
20375,555
20375,69122
119896,593
119896,1197
119896,1266
119896,110
119896,296
119896,953
119896,1304
119896,1136
119896,58559
119896,4226
121107,4306
121107,1136
121107,1258
121107,2028
121107,32
121107,589
121107,33794
121107,480
121107,6016
121107,48394
41590,1721
41590,2291
41590,81834
41590,2959
41590,8376
41590,7361
41590,88810
41590,318
41590,4447
41590,87869
84487,318
84487,8961
84487,4878
84487,58559
84487,1136
84487,46976
84487,76093
84487,1080
84487,2858
84487,70286
98073,586
98073,1
98073,58559
98073,500
98073,2762
98073,318
98073,4886
98073,2291
98073,79132
98073,1682
46254,1136
46254,780
46254,3793
46254,589
46254,733
46254,4973
46254,1584
46254,5349
46254,150
46254,292
82990,2424
82990,3948
82990,3408
82990,8961
82990,2762
82990,4447
82990,7293
82990,2724
82990,2355
82990,5620
73387,7361
73387,356
73387,6874
73387,2716
73387,2959
73387,1193
73387,1
73387,55820
73387,1617
73387,4886
10829,35836
10829,3489
10829,2003
10829,3253
10829,4571
10829,2959
10829,356
10829,318
10829,595
10829,2161
64882,98154
64882,64575
64882,102445
64882,91094
64882,2640
64882,1374
64882,71535
64882,95510
64882,55276
64882,1387
133729,48394
133729,6377
133729,7147
133729,3578
133729,47099
133729,356
133729,4308
133729,5445
133729,6874
133729,4014
5148,4226
5148,296
5148,1208
5148,2329
5148,356
5148,593
5148,541
5148,47
5148,2918
5148,4262
138048,595
138048,6539
138048,45722
138048,4896
138048,40815
138048,58559
138048,1
138048,593
138048,78499
138048,79132
86977,593
86977,318
86977,1207
86977,56367
86977,904
86977,40819
86977,1225
86977,63082
86977,953
86977,30749
115369,3578
115369,4226
115369,1198
115369,59315
115369,3000
115369,2467
115369,60069
115369,79132
115369,7090
115369,1270
5692,356
5692,2762
5692,593
5692,780
5692,1210
5692,296
5692,316
5692,380
5692,1200
5692,110
42670,68135
42670,70599
42670,80860
42670,55451
42670,72407
42670,62293
42670,49130
42670,55247
42670,80241
42670,82167
27130,593
27130,50
27130,4226
27130,27773
27130,608
27130,111
27130,1206
27130,541
27130,318
27130,7361
44963,38061
44963,8784
44963,91500
44963,49272
44963,48774
44963,89864
44963,3897
44963,68157
44963,76251
44963,296
73948,2288
73948,31658
73948,32587
73948,48394
73948,48774
73948,31878
73948,1214
73948,44191
73948,41569
73948,6774
70380,1198
70380,288
70380,1923
70380,110
70380,4306
70380,48516
70380,2115
70380,1704
70380,1291
70380,5418
38547,923
38547,4426
38547,1212
38547,1376
38547,7943
38547,1198
38547,6273
38547,1069
38547,8765
38547,5017
115586,260
115586,1196
115586,2571
115586,7361
115586,296
115586,3996
115586,858
115586,2762
115586,1208
115586,1214
18743,922
18743,1212
18743,1198
18743,5618
18743,1254
18743,3435
18743,913
18743,930
18743,912
18743,7766
40555,3052
40555,4963
40555,296
40555,7153
40555,4878
40555,7361
40555,593
40555,356
40555,3147
40555,6539
11074,33166
11074,55820
11074,46976
11074,56367
11074,48738
11074,34072
11074,52967
11074,59018
11074,39183
11074,47629
49820,44555
49820,4973
49820,2997
49820,41285
49820,4226
49820,6016
49820,2395
49820,55820
49820,4878
49820,527
84849,63876
84849,37741
84849,77561
84849,64575
84849,60487
84849,97921
84849,72720
84849,62344
84849,91500
84849,87304
96891,2959
96891,1240
96891,51662
96891,6539
96891,589
96891,3578
96891,593
96891,527
96891,49530
96891,480
60069,68237
60069,2858
60069,4226
60069,6502
60069,1527
60069,2716
60069,1208
60069,1127
60069,1198
60069,50
51596,4226
51596,3481
51596,30810
51596,4973
51596,1213
51596,2542
51596,8910
51596,5673
51596,2700
51596,1884
111772,2329
111772,318
111772,7361
111772,5218
111772,47610
111772,50872
111772,6016
111772,49530
111772,72998
111772,527
60418,1198
60418,608
60418,32
60418,318
60418,2997
60418,4993
60418,357
60418,50
60418,4226
60418,6874
113030,318
113030,46578
113030,50872
113030,4886
113030,2959
113030,40819
113030,58559
113030,5989
113030,68954
113030,34162
110085,1198
110085,1682
110085,2858
110085,1213
110085,231
110085,6711
110085,4963
110085,1097
110085,2011
110085,586
98877,858
98877,2959
98877,3578
98877,2028
98877,1196
98877,1704
98877,2858
98877,1923
98877,6539
98877,4226
84125,1198
84125,58559
84125,4226
84125,1222
84125,3703
84125,2329
84125,1206
84125,1089
84125,33794
84125,2916
66576,3527
66576,2028
66576,593
66576,44191
66576,2329
66576,858
66576,2924
66576,7022
66576,1274
66576,59315
50740,2571
50740,1206
50740,2959
50740,318
50740,4995
50740,6377
50740,1136
50740,293
50740,4886
50740,4993
118473,2324
118473,4973
118473,296
118473,597
118473,6711
118473,318
118473,1721
118473,593
118473,858
118473,2959
8963,56333
8963,39183
8963,55805
8963,54372
8963,55118
8963,56782
8963,48516
8963,60766
8963,81257
8963,47894
114232,32
114232,1127
114232,1208
114232,2858
114232,8810
114232,1270
114232,5945
114232,5377
114232,5049
114232,1784
67525,97304
67525,63082
67525,37741
67525,8949
67525,56367
67525,39183
67525,26133
67525,68954
67525,81845
67525,34072
14091,1265
14091,1198
14091,541
14091,2571
14091,1252
14091,778
14091,68237
14091,1258
14091,92259
14091,1682
775,3253
775,1258
775,1994
775,1947
775,1375
775,8622
775,1962
775,6979
775,1371
775,3398
73498,6957
73498,1215
73498,1732
73498,1321
73498,3535
73498,2683
73498,1608
73498,6287
73498,1405
73498,7147
136782,903
136782,969
136782,541
136782,1225
136782,1204
136782,1945
136782,2300
136782,1267
136782,3504
136782,2010
74468,356
74468,4306
74468,39
74468,2671
74468,79132
74468,1197
74468,1307
74468,8961
74468,56367
74468,68954
111726,48516
111726,858
111726,63082
111726,74458
111726,47
111726,4011
111726,2594
111726,67255
111726,750
111726,70286
83849,4306
83849,356
83849,72998
83849,63082
83849,6377
83849,2959
83849,5989
83849,4995
83849,73017
83849,45722
47870,593
47870,2329
47870,1214
47870,296
47870,1676
47870,49272
47870,356
47870,1136
47870,260
47870,4878
14133,480
14133,4246
14133,51255
14133,902
14133,2671
14133,6942
14133,1527
14133,5952
14133,1196
14133,1210
78289,5816
78289,4896
78289,3793
78289,260
78289,7438
78289,541
78289,2858
78289,353
78289,3081
78289,2762
94364,4878
94364,46578
94364,69757
94364,55052
94364,5668
94364,2908
94364,48082
94364,78039
94364,81591
94364,5617
45555,60069
45555,1219
45555,2571
45555,318
45555,1136
45555,750
45555,1230
45555,2329
45555,1207
45555,3000
131579,1210
131579,44191
131579,96610
131579,5952
131579,4993
131579,60684
131579,318
131579,76251
131579,96079
131579,68358
67869,7361
67869,593
67869,4226
67869,47
67869,858
67869,1213
67869,68157
67869,2329
67869,1704
67869,1961
32473,98809
32473,74458
32473,2959
32473,4306
32473,5971
32473,1580
32473,44191
32473,480
32473,86880
32473,551
3397,2321
3397,562
3397,3481
3397,2761
3397,1059
3397,7147
3397,2762
3397,2571
3397,1259
3397,2692
16154,1258
16154,1198
16154,223
16154,1732
16154,260
16154,2716
16154,1196
16154,33794
16154,3911
16154,608
2089,223
2089,7361
2089,1732
2089,33794
2089,2329
2089,2716
2089,68157
2089,4011
2089,48516
2089,4993
20084,1580
20084,2858
20084,356
20084,296
20084,2028
20084,589
20084,150
20084,1270
20084,2762
20084,3578
90163,2959
90163,111
90163,47
90163,1097
90163,593
90163,1258
90163,1201
90163,2683
90163,3114
90163,2700
63977,1089
63977,4226
63977,296
63977,1136
63977,778
63977,1206
63977,593
63977,68237
63977,51255
63977,70286
71193,4306
71193,858
71193,593
71193,4226
71193,1704
71193,46578
71193,1682
71193,7438
71193,48516
71193,527
56115,1199
56115,608
56115,1258
56115,2997
56115,111
56115,4658
56115,778
56115,1089
56115,26258
56115,6774
27885,2959
27885,1206
27885,4027
27885,6807
27885,48394
27885,6016
27885,101
27885,6620
27885,4914
27885,2571
91589,4226
91589,1704
91589,97304
91589,356
91589,58559
91589,89492
91589,7502
91589,80463
91589,48516
91589,858
94234,4886
94234,110
94234,356
94234,165
94234,2858
94234,7438
94234,2762
94234,5349
94234,5445
94234,648
22013,1136
22013,1240
22013,3000
22013,6539
22013,32
22013,1274
22013,66934
22013,1375
22013,4011
22013,1372
73849,6539
73849,4963
73849,1210
73849,1610
73849,3114
73849,5349
73849,5445
73849,590
73849,3751
73849,2355
129362,51662
129362,44191
129362,34405
129362,52722
129362,53972
129362,1198
129362,5903
129362,60040
129362,8983
129362,1580
23636,4306
23636,318
23636,4995
23636,6539
23636,8961
23636,4963
23636,8798
23636,110
23636,6377
23636,4776
23694,58559
23694,2959
23694,46976
23694,7361
23694,44195
23694,4973
23694,68157
23694,33166
23694,48516
23694,71745
105083,5418
105083,1393
105083,2762
105083,4963
105083,2918
105083,2858
105083,47
105083,4993
105083,2502
105083,6539
111420,7438
111420,50
111420,2858
111420,4011
111420,59315
111420,8961
111420,4878
111420,1080
111420,858
111420,1213
33700,1214
33700,2011
33700,1252
33700,904
33700,1387
33700,1304
33700,750
33700,1230
33700,1196
33700,1240
44137,2959
44137,3578
44137,1210
44137,260
44137,5952
44137,59315
44137,33794
44137,318
44137,79132
44137,480
22249,364
22249,5418
22249,4306
22249,1196
22249,4993
22249,58559
22249,59315
22249,597
22249,7153
22249,480
6713,4995
6713,5418
6713,2858
6713,3101
6713,593
6713,356
6713,1784
6713,2762
6713,1302
6713,515
133387,593
133387,260
133387,1196
133387,2571
133387,6874
133387,1136
133387,2858
133387,1732
133387,778
133387,1080
7322,4886
7322,3578
7322,5952
7322,33794
7322,54286
7322,5349
7322,6711
7322,165
7322,1580
7322,913
59777,7153
59777,4993
59777,608
59777,110
59777,7361
59777,1196
59777,2502
59777,858
59777,904
59777,5952
119925,16
119925,4995
119925,1682
119925,74458
119925,2997
119925,1673
119925,555
119925,1220
119925,3421
119925,94959
116590,1097
116590,4246
116590,4361
116590,6377
116590,3408
116590,2797
116590,8636
116590,3418
116590,5349
116590,6539
101853,2959
101853,4993
101853,1198
101853,4979
101853,1704
101853,2858
101853,4027
101853,2918
101853,5902
101853,8949
39114,40629
39114,8961
39114,33794
39114,45517
39114,8970
39114,40815
39114,49272
39114,30793
39114,44195
39114,6218
129803,8983
129803,7438
129803,296
129803,27801
129803,6721
129803,861
129803,51662
129803,2329
129803,27773
129803,7153
25322,1219
25322,1732
25322,1193
25322,1252
25322,4878
25322,750
25322,1221
25322,3160
25322,1263
25322,1305
21350,296
21350,2959
21350,4973
21350,4878
21350,32587
21350,2858
21350,4226
21350,52973
21350,69122
21350,2542
110948,364
110948,6377
110948,1721
110948,56367
110948,50872
110948,4973
110948,2572
110948,339
110948,46578
110948,588
108240,2762
108240,68358
108240,3147
108240,49272
108240,1036
108240,48780
108240,1213
108240,296
108240,44199
108240,2329
105756,57640
105756,1676
105756,589
105756,5445
105756,110
105756,5219
105756,60069
105756,2001
105756,6934
105756,356
79414,34150
79414,8360
79414,6537
79414,1562
79414,367
79414,586
79414,1270
79414,2011
79414,2012
79414,2006
15532,480
15532,4226
15532,33794
15532,223
15532,4963
15532,4027
15532,47
15532,68157
15532,1291
15532,3147
2008,296
2008,2858
2008,1923
2008,2731
2008,7361
2008,593
2008,1172
2008,912
2008,3462
2008,4973
121823,47
121823,480
121823,5971
121823,1258
121823,3578
121823,367
121823,1682
121823,1270
121823,1196
121823,260
89849,778
89849,8874
89849,1527
89849,1036
89849,5989
89849,70286
89849,57669
89849,4995
89849,7502
89849,1080
63630,5952
63630,1208
63630,2028
63630,3527
63630,1466
63630,7153
63630,4993
63630,1610
63630,1961
63630,4776
45298,112852
45298,260
45298,66934
45298,81847
45298,91529
45298,44191
45298,3793
45298,6333
45298,68358
45298,76093
38845,6539
38845,4973
38845,356
38845,74458
38845,44191
38845,1682
38845,81591
38845,4226
38845,47
38845,2858
116483,8961
116483,4306
116483,4995
116483,50
116483,5995
116483,296
116483,2858
116483,3578
116483,8464
116483,5445
105676,1208
105676,589
105676,1210
105676,2571
105676,2858
105676,1240
105676,3996
105676,1732
105676,1617
105676,541
16280,47
16280,593
16280,2571
16280,111
16280,750
16280,2762
16280,4993
16280,318
16280,541
16280,2712
41120,4878
41120,2762
41120,5502
41120,57368
41120,2959
41120,34048
41120,2716
41120,4022
41120,1097
41120,318
6743,7143
6743,592
6743,4901
6743,551
6743,180
6743,33794
6743,1573
6743,4734
6743,8957
6743,316
23978,1136
23978,4226
23978,364
23978,318
23978,1
23978,595
23978,50872
23978,110
23978,47
23978,59315
39212,593
39212,4979
39212,4641
39212,1198
39212,1197
39212,6874
39212,1258
39212,7022
39212,778
39212,608
31900,318
31900,32587
31900,2329
31900,58559
31900,4993
31900,1347
31900,2762
31900,2410
31900,53953
31900,54286
73361,4878
73361,1036
73361,318
73361,5903
73361,7022
73361,356
73361,1240
73361,589
73361,44191
73361,2291
107060,2571
107060,318
107060,2959
107060,608
107060,1193
107060,1221
107060,32
107060,4878
107060,39292
107060,4034
115481,2028
115481,4973
115481,3052
115481,40278
115481,5903
115481,2858
115481,54259
115481,4886
115481,63113
115481,4027
5364,527
5364,2858
5364,79132
5364,296
5364,47
5364,1961
5364,5995
5364,4022
5364,1265
5364,4995
57515,2028
57515,2571
57515,4226
57515,2329
57515,2959
57515,47
57515,8360
57515,318
57515,6539
57515,7143
62264,1240
62264,47
62264,2959
62264,1089
62264,2028
62264,1213
62264,5418
62264,356
62264,68157
62264,2947
63132,44195
63132,36517
63132,8949
63132,39292
63132,38886
63132,27831
63132,3359
63132,40819
63132,35836
63132,6993
61445,104841
61445,48774
61445,1748
61445,1199
61445,97752
61445,7361
61445,4973
61445,541
61445,1653
61445,5618
135105,8970
135105,40819
135105,50872
135105,27808
135105,33794
135105,8873
135105,34162
135105,33679
135105,30707
135105,35836
72393,858
72393,1193
72393,1231
72393,1704
72393,318
72393,3363
72393,912
72393,1198
72393,3421
72393,1208
24118,4995
24118,1704
24118,356
24118,3578
24118,79132
24118,2424
24118,110
24118,6377
24118,2671
24118,527
79899,1580
79899,59315
79899,56174
79899,54286
79899,480
79899,32587
79899,5418
79899,7254
79899,53972
79899,33679
97904,903
97904,55814
97904,3089
97904,1247
97904,3788
97904,908
97904,1219
97904,44555
97904,2858
97904,79132
53113,356
53113,7147
53113,919
53113,8874
53113,1
53113,364
53113,45722
53113,3081
53113,81845
53113,56339
115198,79132
115198,356
115198,480
115198,1198
115198,2762
115198,1210
115198,110
115198,541
115198,58559
115198,1291
19903,8961
19903,50
19903,6787
19903,47
19903,1090
19903,1358
19903,6870
19903,1222
19903,356
19903,912
122444,318
122444,79132
122444,4226
122444,46578
122444,2959
122444,4878
122444,68157
122444,7438
122444,47
122444,3949
119969,110
119969,48516
119969,81788
119969,480
119969,377
119969,150
119969,66198
119969,92507
119969,165
119969,5418
125322,4306
125322,356
125322,4963
125322,5872
125322,3948
125322,1485
125322,6539
125322,3082
125322,1722
125322,8360
26469,7361
26469,46578
26469,339
26469,5377
26469,2918
26469,4306
26469,6377
26469,1968
26469,1073
26469,50872
120829,44191
120829,34405
120829,45499
120829,7366
120829,37729
120829,35836
120829,8368
120829,54272
120829,6942
120829,56152
12718,858
12718,60069
12718,3147
12718,2858
12718,4995
12718,4262
12718,56367
12718,1221
12718,49530
12718,1210
83136,4995
83136,35836
83136,2028
83136,318
83136,47
83136,1265
83136,260
83136,5989
83136,223
83136,3578
75573,2797
75573,223
75573,61132
75573,4816
75573,3052
75573,70286
75573,2174
75573,61024
75573,8528
75573,1278
45550,2959
45550,5952
45550,7153
45550,2028
45550,2858
45550,590
45550,4306
45550,2762
45550,2706
45550,7143
1551,68157
1551,296
1551,2858
1551,318
1551,4011
1551,7361
1551,527
1551,58559
1551,44191
1551,99114
124180,260
124180,6539
124180,4226
124180,1
124180,589
124180,5349
124180,32587
124180,593
124180,780
124180,7361
14072,1986
14072,1972
14072,54001
14072,1978
14072,56145
14072,968
14072,2513
14072,1991
14072,1969
14072,1717
50910,2571
50910,1193
50910,541
50910,7361
50910,50
50910,608
50910,593
50910,1089
50910,1198
50910,1214
36510,4343
36510,3986
36510,6383
36510,5459
36510,6595
36510,60937
36510,6157
36510,4369
36510,2713
36510,1591
132618,4246
132618,1380
132618,1721
132618,4306
132618,5952
132618,7153
132618,4993
132618,500
132618,595
132618,4308
67387,45062
67387,49530
67387,45722
67387,55765
67387,40583
67387,40278
67387,60069
67387,36519
67387,59369
67387,53972
57792,2028
57792,356
57792,589
57792,593
57792,33794
57792,318
57792,5952
57792,6377
57792,260
57792,4226
88403,5618
88403,4226
88403,296
88403,2959
88403,2571
88403,2810
88403,2791
88403,47
88403,1136
88403,1265
116489,2959
116489,2028
116489,1193
116489,593
116489,1259
116489,1961
116489,110
116489,46578
116489,1221
116489,2716
36564,4993
36564,50
36564,356
36564,2028
36564,858
36564,1704
36564,3578
36564,3147
36564,805
36564,58559
64067,8961
64067,6377
64067,56367
64067,7361
64067,4306
64067,58559
64067,69757
64067,4886
64067,356
64067,72998
8140,1089
8140,48516
8140,47
8140,5618
8140,6016
8140,260
8140,1222
8140,46723
8140,31410
8140,2028
112161,593
112161,356
112161,318
112161,50
112161,110
112161,1270
112161,480
112161,858
112161,2329
112161,608
63755,50
63755,8961
63755,4979
63755,8784
63755,2918
63755,6874
63755,3897
63755,1307
63755,4973
63755,3911
74446,56367
74446,7361
74446,551
74446,93840
74446,79702
74446,71535
74446,66097
74446,97913
74446,1197
74446,80549
31047,588
31047,593
31047,912
31047,6539
31047,1270
31047,1198
31047,1278
31047,2762
31047,2028
31047,2355
98610,1270
98610,1961
98610,2762
98610,1193
98610,2858
98610,589
98610,1240
98610,1214
98610,1097
98610,1291
131846,110
131846,2571
131846,1207
131846,908
131846,1210
131846,4973
131846,50
131846,2019
131846,1291
131846,904
115572,2797
115572,5218
115572,6539
115572,6377
115572,1197
115572,736
115572,377
115572,1097
115572,41566
115572,4022
62013,4995
62013,150
62013,608
62013,296
62013,1358
62013,1198
62013,1263
62013,2997
62013,1231
62013,2858
53848,8368
53848,59315
53848,72998
53848,81834
53848,76093
53848,3793
53848,5816
53848,4246
53848,4308
53848,78499
79010,858
79010,1291
79010,1240
79010,2918
79010,260
79010,2858
79010,296
79010,150
79010,608
79010,1097
100007,2762
100007,1721
100007,1580
100007,318
100007,110
100007,593
100007,8368
100007,586
100007,4963
100007,589
29862,4993
29862,68157
29862,2858
29862,2959
29862,5618
29862,1197
29862,4226
29862,48774
29862,296
29862,31658
57237,58559
57237,593
57237,1196
57237,48394
57237,1210
57237,4973
57237,5618
57237,527
57237,1258
57237,60069
104951,6874
104951,2762
104951,2959
104951,2571
104951,356
104951,260
104951,47
104951,527
104951,4306
104951,1682
43242,527
43242,1961
43242,2858
43242,597
43242,1265
43242,593
43242,1721
43242,2712
43242,4007
43242,318
32181,31696
32181,5349
32181,7090
32181,6333
32181,8665
32181,3793
32181,8961
32181,7153
32181,33493
32181,6754
132417,364
132417,778
132417,60069
132417,1198
132417,1240
132417,110
132417,858
132417,6377
132417,2700
132417,527
30817,47
30817,6539
30817,527
30817,4306
30817,2858
30817,2329
30817,68157
30817,3578
30817,5418
30817,72998
123525,1213
123525,48516
123525,260
123525,2959
123525,2571
123525,377
123525,1617
123525,380
123525,750
123525,2329
30650,6016
30650,7361
30650,2571
30650,593
30650,318
30650,457
30650,49530
30650,5418
30650,33794
30650,1090
11863,3793
11863,589
11863,1580
11863,356
11863,4993
11863,593
11863,364
11863,8360
11863,4963
11863,1704
12438,1198
12438,260
12438,541
12438,1197
12438,1223
12438,1080
12438,3911
12438,593
12438,58559
12438,1079
65027,318
65027,47
65027,58559
65027,2329
65027,32587
65027,4011
65027,2291
65027,1784
65027,1441
65027,4878
130984,858
130984,527
130984,2762
130984,2571
130984,48516
130984,1704
130984,457
130984,2329
130984,4226
130984,1
84090,63082
84090,858
84090,48516
84090,110
84090,4011
84090,2571
84090,47
84090,48780
84090,7438
84090,3578
25120,356
25120,2571
25120,2959
25120,1380
25120,4306
25120,2762
25120,6377
25120,551
25120,5952
25120,527
110894,4963
110894,593
110894,3578
110894,2628
110894,1213
110894,1222
110894,64614
110894,63082
110894,858
110894,2028
70056,6016
70056,2959
70056,6953
70056,2692
70056,4641
70056,5812
70056,4973
70056,2997
70056,5992
70056,6552
97355,8368
97355,1210
97355,3481
97355,1288
97355,1193
97355,1073
97355,8464
97355,8949
97355,5618
97355,47
109299,1036
109299,5995
109299,2194
109299,49530
109299,293
109299,1527
109299,54736
109299,1198
109299,52328
109299,41716
10822,3793
10822,59315
10822,7438
10822,1240
10822,110
10822,68157
10822,527
10822,858
10822,48780
10822,3996
100608,2858
100608,4226
100608,47
100608,50
100608,111
100608,3328
100608,1213
100608,32587
100608,6016
100608,6874
22071,1291
22071,4973
22071,70286
22071,110
22071,260
22071,32587
22071,4306
22071,44191
22071,5989
22071,1682
60068,1089
60068,2959
60068,4226
60068,1617
60068,4973
60068,32
60068,293
60068,6874
60068,1252
60068,778
72983,8957
72983,33679
72983,33166
72983,44191
72983,8636
72983,8644
72983,6754
72983,8874
72983,8917
72983,30825
42390,51662
42390,4262
42390,6874
42390,1198
42390,1090
42390,7438
42390,1213
42390,44191
42390,5445
42390,4011
118216,527
118216,2858
118216,47
118216,4973
118216,4226
118216,1097
118216,648
118216,32587
118216,780
118216,318
96010,2959
96010,4993
96010,7153
96010,2858
96010,2571
96010,527
96010,5952
96010,608
96010,1210
96010,1193
2561,4226
2561,3793
2561,356
2561,1580
2561,49272
2561,2762
2561,4886
2561,648
2561,150
2561,1200
90014,318
90014,7153
90014,2858
90014,1198
90014,2028
90014,1
90014,1580
90014,920
90014,1721
90014,1380
37357,364
37357,4993
37357,7153
37357,4306
37357,4963
37357,5952
37357,4886
37357,2396
37357,5445
37357,2762
37360,1198
37360,2291
37360,4886
37360,318
37360,50
37360,778
37360,4306
37360,2762
37360,1291
37360,2028
6995,1196
6995,589
6995,480
6995,296
6995,110
6995,47
6995,8644
6995,1036
6995,63082
6995,5816
113209,45210
113209,40278
113209,33660
113209,51540
113209,7360
113209,56782
113209,99114
113209,96610
113209,8798
113209,7502
26241,4226
26241,47
26241,32
26241,50
26241,608
26241,2959
26241,858
26241,1270
26241,1682
26241,2762
73992,539
73992,588
73992,318
73992,356
73992,4014
73992,1380
73992,1028
73992,914
73992,480
73992,780
14561,4226
14561,296
14561,47
14561,593
14561,2918
14561,2028
14561,3578
14561,380
14561,1580
14561,1240
29931,6539
29931,356
29931,32
29931,4306
29931,5445
29931,1222
29931,50
29931,8961
29931,318
29931,33794
89946,110
89946,1221
89946,1213
89946,2571
89946,593
89946,2028
89946,2959
89946,1704
89946,7153
89946,55820
57323,318
57323,47
57323,6874
57323,2858
57323,1200
57323,55820
57323,1198
57323,32
57323,48394
57323,2174
104468,8360
104468,4306
104468,4995
104468,58559
104468,4993
104468,597
104468,5349
104468,4963
104468,8961
104468,7153
91073,64622
91073,72011
91073,56333
91073,59018
91073,60766
91073,8784
91073,55280
91073,81845
91073,72641
91073,64839
37762,3949
37762,2858
37762,2762
37762,593
37762,55908
37762,296
37762,4973
37762,74458
37762,2997
37762,5445
60371,6539
60371,593
60371,1527
60371,4963
60371,4011
60371,48780
60371,589
60371,110
60371,1682
60371,4886
123549,2762
123549,589
123549,593
123549,4226
123549,2028
123549,457
123549,1089
123549,3578
123549,527
123549,1036
83628,150
83628,4226
83628,1270
83628,1089
83628,2762
83628,49272
83628,527
83628,33493
83628,165
83628,1393
56484,541
56484,1250
56484,1221
56484,50
56484,356
56484,904
56484,527
56484,49272
56484,165
56484,33794
37047,1196
37047,1
37047,1198
37047,780
37047,1721
37047,589
37047,1580
37047,380
37047,1961
37047,4993
127486,45722
127486,33794
127486,44191
127486,33646
127486,44193
127486,45501
127486,33836
127486,45672
127486,34150
127486,7451
72441,33794
72441,1380
72441,74789
72441,56757
72441,586
72441,72998
72441,1688
72441,4995
72441,5991
72441,6373
14796,1210
14796,3114
14796,318
14796,2571
14796,5952
14796,7153
14796,58559
14796,1270
14796,2716
14796,2115
85149,32587
85149,8949
85149,30793
85149,8970
85149,30749
85149,1641
85149,33660
85149,7361
85149,40583
85149,1958
98604,87232
98604,33794
98604,54286
98604,34405
98604,780
98604,86332
98604,3300
98604,70336
98604,73017
98604,76093
39458,1198
39458,480
39458,150
39458,79132
39458,110
39458,1270
39458,1
39458,2028
39458,457
39458,99114
33661,4886
33661,2858
33661,608
33661,356
33661,2762
33661,32
33661,364
33661,7361
33661,32587
33661,68157
117874,318
117874,2762
117874,6539
117874,1704
117874,1682
117874,593
117874,3996
117874,2918
117874,342
117874,2858
30686,56152
30686,6539
30686,8961
30686,103335
30686,5444
30686,4016
30686,41566
30686,89745
30686,103141
30686,95167
52993,4226
52993,318
52993,1136
52993,27773
52993,541
52993,4878
52993,1196
52993,7361
52993,3949
52993,260
64477,79132
64477,2858
64477,2571
64477,1089
64477,3949
64477,1193
64477,593
64477,293
64477,88129
64477,7361
91799,4306
91799,4246
91799,6155
91799,588
91799,1035
91799,2724
91799,2080
91799,5957
91799,45720
91799,1367
125056,1221
125056,1193
125056,2028
125056,608
125056,7361
125056,48516
125056,110
125056,527
125056,3578
125056,58559
82769,1270
82769,2762
82769,2858
82769,260
82769,318
82769,4226
82769,1089
82769,4973
82769,1240
82769,3114
118477,527
118477,2762
118477,3000
118477,60069
118477,589
118477,2997
118477,1291
118477,1206
118477,1193
118477,2329
83122,6377
83122,63082
83122,2502
83122,54503
83122,3911
83122,47
83122,1
83122,2291
83122,35836
83122,7438
135288,3578
135288,1917
135288,6874
135288,4993
135288,7153
135288,49272
135288,53972
135288,7438
135288,8360
135288,48516
33408,2858
33408,260
33408,480
33408,924
33408,1198
33408,318
33408,1222
33408,2028
33408,1732
33408,111
49147,1198
49147,592
49147,33493
49147,8961
49147,356
49147,2762
49147,33794
49147,2115
49147,2617
49147,34405
103493,608
103493,593
103493,7361
103493,2571
103493,1208
103493,48774
103493,1210
103493,1270
103493,480
103493,858
2210,8636
2210,2571
2210,47
2210,318
2210,7147
2210,6333
2210,50
2210,3147
2210,1291
2210,1265
27213,3556
27213,2997
27213,4878
27213,223
27213,46850
27213,3786
27213,2908
27213,5902
27213,6711
27213,4979
51232,589
51232,47
51232,2918
51232,2959
51232,296
51232,1961
51232,1097
51232,1580
51232,5952
51232,7153
49772,4973
49772,60069
49772,8961
49772,1258
49772,4993
49772,6870
49772,1387
49772,5669
49772,49272
49772,7153
13254,364
13254,318
13254,6377
13254,3578
13254,4993
13254,780
13254,110
13254,6942
13254,54286
13254,1198
39041,2028
39041,7438
39041,3578
39041,356
39041,1704
39041,589
39041,51662
39041,51255
39041,110
39041,8874
137054,293
137054,1704
137054,2762
137054,1198
137054,1222
137054,48516
137054,1221
137054,1193
137054,6874
137054,3147
121672,50
121672,293
121672,318
121672,6502
121672,1258
121672,79132
121672,1198
121672,1193
121672,4993
121672,1208
15059,1210
15059,356
15059,1376
15059,4226
15059,60069
15059,2762
15059,2028
15059,1207
15059,912
15059,110
73697,1196
73697,2918
73697,858
73697,7438
73697,2791
73697,1197
73697,1527
73697,1923
73697,1291
73697,2716
55410,4406
55410,7481
55410,1127
55410,2097
55410,3932
55410,4939
55410,1226
55410,1663
55410,6428
55410,1278
129563,44191
129563,2858
129563,33794
129563,58559
129563,4995
129563,1682
129563,48516
129563,527
129563,293
129563,6874
22886,8961
22886,1240
22886,49272
22886,1097
22886,1136
22886,7361
22886,4027
22886,5418
22886,55820
22886,1036
49662,541
49662,44191
49662,296
49662,72998
49662,1214
49662,1097
49662,2012
49662,8636
49662,6502
49662,150
53030,1059
53030,89745
53030,96821
53030,2858
53030,91500
53030,44191
53030,88129
53030,79702
53030,1968
53030,81591
45281,7445
45281,69
45281,6548
45281,34534
45281,5572
45281,145
45281,33679
45281,5941
45281,34162
45281,35836
770,342
770,296
770,527
770,5377
770,1136
770,1285
770,44555
770,46578
770,5617
770,2692
24036,5952
24036,1206
24036,47
24036,4973
24036,1193
24036,79132
24036,5995
24036,4370
24036,111
24036,1208
132377,2762
132377,457
132377,593
132377,110
132377,3578
132377,2571
132377,6377
132377,3147
132377,4306
132377,4993
121100,110
121100,1721
121100,318
121100,32
121100,2028
121100,1704
121100,480
121100,1089
121100,2997
121100,2706
38246,1208
38246,1193
38246,858
38246,1196
38246,6016
38246,2028
38246,48516
38246,5618
38246,68157
38246,750
53735,1704
53735,4995
53735,2012
53735,4776
53735,2716
53735,778
53735,7361
53735,253
53735,1573
53735,541
77639,3949
77639,6874
77639,6539
77639,2542
77639,253
77639,2997
77639,7147
77639,7438
77639,1036
77639,1206
27082,4011
27082,111
27082,2571
27082,1208
27082,2858
27082,47
27082,27773
27082,1258
27082,57669
27082,48385
114244,110
114244,589
114244,6539
114244,32587
114244,5952
114244,4993
114244,1573
114244,733
114244,1580
114244,7153
65530,1092
65530,4007
65530,110
65530,2716
65530,590
65530,111
65530,2795
65530,1208
65530,1270
65530,3578
82148,60069
82148,40815
82148,44195
82148,36517
82148,33639
82148,41997
82148,8464
82148,68954
82148,39183
82148,8961
20369,3471
20369,2918
20369,4802
20369,2248
20369,1198
20369,8665
20369,318
20369,4993
20369,7153
20369,1240
40773,6942
40773,33166
40773,30749
40773,597
40773,1961
40773,5299
40773,8533
40773,508
40773,1088
40773,3105
5839,4973
5839,318
5839,2762
5839,110
5839,2291
5839,1073
5839,780
5839,1968
5839,1198
5839,1
39436,648
39436,8961
39436,380
39436,21
39436,33679
39436,46578
39436,2502
39436,2396
39436,48385
39436,34405
96887,2571
96887,5418
96887,6874
96887,7438
96887,59615
96887,44191
96887,5459
96887,8636
96887,1036
96887,4963
5342,2571
5342,1213
5342,593
5342,2858
5342,6870
5342,2762
5342,32
5342,1221
5342,4973
5342,1258
132600,260
132600,4223
132600,5378
132600,40815
132600,7143
132600,5010
132600,48516
132600,2571
132600,58559
132600,49272
45026,4886
45026,2683
45026,33794
45026,586
45026,59315
45026,46578
45026,2028
45026,49530
45026,1210
45026,780
8008,47629
8008,8368
8008,2396
8008,905
8008,4896
8008,1267
8008,6867
8008,30749
8008,8228
8008,46578
20563,1089
20563,7153
20563,5952
20563,3578
20563,253
20563,47
20563,480
20563,648
20563,4306
20563,1221
133187,1265
133187,4437
133187,968
133187,1212
133187,2599
133187,1673
133187,541
133187,8042
133187,5489
133187,3736
77873,5952
77873,648
77873,4226
77873,733
77873,1270
77873,292
77873,1704
77873,1213
77873,32587
77873,150
128695,47
128695,2571
128695,356
128695,7438
128695,2959
128695,296
128695,4993
128695,4306
128695,110
128695,32587
126569,2762
126569,72998
126569,50872
126569,4886
126569,6377
126569,318
126569,1
126569,63082
126569,73290
126569,73017
26808,4896
26808,5445
26808,6539
26808,4306
26808,4027
26808,110
26808,590
26808,7323
26808,4226
26808,33493
82105,5971
82105,4878
82105,260
82105,3000
82105,1089
82105,7361
82105,356
82105,1206
82105,33794
82105,541
129321,60069
129321,44191
129321,1136
129321,2762
129321,48394
129321,1265
129321,318
129321,778
129321,1073
129321,541
10907,2716
10907,527
10907,1212
10907,3996
10907,4993
10907,1580
10907,457
10907,922
10907,905
10907,3435
120330,91529
120330,79132
120330,608
120330,260
120330,47
120330,527
120330,111
120330,60069
120330,1291
120330,1207
113181,48385
113181,73017
113181,88140
113181,80489
113181,70286
113181,91630
113181,91658
113181,93498
113181,54997
113181,111362
40763,1210
40763,58559
40763,1580
40763,2028
40763,50
40763,6539
40763,4306
40763,590
40763,1721
40763,74458
125622,7361
125622,1210
125622,1196
125622,260
125622,60069
125622,1136
125622,1270
125622,2716
125622,6807
125622,25771
103917,356
103917,588
103917,5816
103917,4896
103917,6377
103917,595
103917,597
103917,8961
103917,2762
103917,33615
116823,6333
116823,3793
116823,40815
116823,4896
116823,5679
116823,31696
116823,8665
116823,8861
116823,7143
116823,6874
45613,6539
45613,68954
45613,7361
45613,2329
45613,4896
45613,1270
45613,76093
45613,296
45613,58559
45613,4973
64464,4226
64464,7361
64464,32587
64464,2571
64464,593
64464,110
64464,1193
64464,2628
64464,6539
64464,50
28465,2959
28465,4993
28465,480
28465,2571
28465,2858
28465,2762
28465,1271
28465,6539
28465,5952
28465,7438
95529,4993
95529,2571
95529,593
95529,527
95529,7361
95529,2762
95529,3996
95529,2028
95529,260
95529,2692
132484,7460
132484,4973
132484,1175
132484,2997
132484,1193
132484,6711
132484,79357
132484,55442
132484,81591
132484,8973
96161,356
96161,11
96161,593
96161,1197
96161,597
96161,1302
96161,2406
96161,3753
96161,1
96161,590
17609,58559
17609,63859
17609,2571
17609,4306
17609,45722
17609,6377
17609,62999
17609,33615
17609,68954
17609,59315
8625,4306
8625,3578
8625,780
8625,589
8625,4993
8625,1917
8625,5952
8625,6378
8625,5989
8625,6539
108028,1258
108028,105844
108028,96488
108028,47
108028,3897
108028,5902
108028,106920
108028,94959
108028,8638
108028,356
88672,2959
88672,1
88672,2571
88672,1923
88672,58559
88672,912
88672,4306
88672,4226
88672,60069
88672,318
116484,33794
116484,1214
116484,541
116484,589
116484,2918
116484,4226
116484,3000
116484,3793
116484,293
116484,4878
56296,4246
56296,6377
56296,4306
56296,4973
56296,1
56296,2396
56296,356
56296,8360
56296,1246
56296,508
67051,60069
67051,88140
67051,31658
67051,77561
67051,98809
67051,1527
67051,54259
67051,588
67051,102125
67051,5971
65241,1198
65241,318
65241,1
65241,1136
65241,8961
65241,4993
65241,8368
65241,32587
65241,593
65241,356
72715,51255
72715,91529
72715,87232
72715,71535
72715,48394
72715,70286
72715,55820
72715,56145
72715,52328
72715,68237
110512,2396
110512,31260
110512,4095
110512,1225
110512,40629
110512,3967
110512,4014
110512,56607
110512,25962
110512,31934
50211,60684
50211,34162
50211,38061
50211,82459
50211,54286
50211,54001
50211,40819
50211,8949
50211,64614
50211,91535
47800,1214
47800,1199
47800,541
47800,750
47800,593
47800,5902
47800,29
47800,1094
47800,32
47800,296
45408,50
45408,260
45408,750
45408,47
45408,7361
45408,5952
45408,1199
45408,1198
45408,1175
45408,5618
60669,2028
60669,589
60669,590
60669,2858
60669,296
60669,3147
60669,1240
60669,2268
60669,1784
60669,4963
13426,1089
13426,296
13426,51255
13426,1748
13426,4226
13426,1199
13426,741
13426,60684
13426,778
13426,5903
90175,260
90175,1196
90175,1517
90175,2700
90175,1136
90175,2012
90175,5444
90175,3253
90175,4678
90175,1210
76057,2858
76057,593
76057,1221
76057,58559
76057,1036
76057,47
76057,4226
76057,3702
76057,1258
76057,590
22056,5418
22056,4306
22056,60069
22056,33794
22056,4226
22056,356
22056,63082
22056,6377
22056,68954
22056,68157
33086,364
33086,5989
33086,1968
33086,2502
33086,2395
33086,4995
33086,6377
33086,6863
33086,3897
33086,4226
61054,2028
61054,2858
61054,2997
61054,1206
61054,111
61054,457
61054,912
61054,1036
61054,47
61054,46578
27529,4306
27529,912
27529,541
27529,2571
27529,3448
27529,1259
27529,904
27529,750
27529,1210
27529,3996
55563,40629
55563,1907
55563,88125
55563,4246
55563,49530
55563,45447
55563,33679
55563,62293
55563,4370
55563,54001
46367,296
46367,1923
46367,318
46367,1396
46367,590
46367,349
46367,2115
46367,2194
46367,1275
46367,3448
8659,2858
8659,48780
8659,4011
8659,68157
8659,318
8659,2571
8659,54503
8659,858
8659,2542
8659,55820
110488,79132
110488,1136
110488,7361
110488,50
110488,912
110488,750
110488,318
110488,858
110488,1214
110488,77854
89247,1172
89247,2692
89247,6385
89247,2019
89247,750
89247,1197
89247,1280
89247,232
89247,527
89247,3089
96985,500
96985,6377
96985,364
96985,5349
96985,5952
96985,4993
96985,1580
96985,5816
96985,2
96985,367
74430,58559
74430,60069
74430,79132
74430,53125
74430,5418
74430,78105
74430,45722
74430,4306
74430,8644
74430,54286
137811,2329
137811,356
137811,48516
137811,5952
137811,50
137811,4993
137811,4011
137811,318
137811,1221
137811,593
59926,150
59926,260
59926,592
59926,2762
59926,4886
59926,4993
59926,5952
59926,7153
59926,2028
59926,3114
22882,750
22882,7099
22882,2019
22882,3949
22882,541
22882,2997
22882,6874
22882,2858
22882,778
22882,2160
74322,1199
74322,593
74322,33794
74322,1222
74322,2918
74322,318
74322,29
74322,1213
74322,1288
74322,2985
108786,1213
108786,7361
108786,1200
108786,4011
108786,8874
108786,48774
108786,1206
108786,44199
108786,7438
108786,1193
107921,48394
107921,79702
107921,2571
107921,66934
107921,61240
107921,44191
107921,7022
107921,79132
107921,68954
107921,593
6721,44191
6721,2959
6721,32
6721,58559
6721,33004
6721,7438
6721,4963
6721,7254
6721,49272
6721,4878
91169,593
91169,2571
91169,1196
91169,111
91169,6711
91169,4878
91169,1200
91169,1198
91169,1213
91169,7361
79091,1580
79091,1210
79091,1198
79091,318
79091,5952
79091,4995
79091,380
79091,6874
79091,480
79091,1704
2004,858
2004,590
2004,2762
2004,3147
2004,541
2004,5445
2004,6953
2004,46723
2004,4306
2004,2023
100386,4963
100386,6377
100386,318
100386,356
100386,4993
100386,2959
100386,7254
100386,8533
100386,72998
100386,33794
51021,1270
51021,50
51021,6016
51021,2858
51021,2959
51021,4993
51021,6874
51021,1210
51021,1682
51021,48394
1065,593
1065,3578
1065,7438
1065,4878
1065,2329
1065,4993
1065,7153
1065,50
1065,68954
1065,5952
124584,2858
124584,79132
124584,2329
124584,2571
124584,2959
124584,68954
124584,4973
124584,1089
124584,3578
124584,1
78984,593
78984,1089
78984,68358
78984,60069
78984,47
78984,4878
78984,541
78984,7361
78984,1197
78984,293
97284,457
97284,3471
97284,919
97284,912
97284,3363
97284,1250
97284,969
97284,4361
97284,1674
97284,3101
101754,296
101754,7153
101754,2959
101754,50
101754,48516
101754,51255
101754,5952
101754,4993
101754,8961
101754,720
129448,44191
129448,1200
129448,1291
129448,5445
129448,260
129448,49272
129448,1961
129448,1210
129448,4034
129448,110
118255,1721
118255,32587
118255,7147
118255,364
118255,480
118255,1210
118255,6711
118255,68157
118255,63082
118255,51662
137025,89745
137025,69122
137025,6539
137025,54001
137025,81834
137025,5816
137025,102125
137025,79091
137025,92259
137025,95510
92814,7361
92814,63082
92814,68954
92814,6539
92814,1682
92814,1258
92814,2858
92814,4973
92814,919
92814,68157
67596,47
67596,4993
67596,608
67596,48394
67596,5669
67596,3996
67596,1193
67596,40870
67596,1136
67596,1198
38992,2424
38992,500
38992,1088
38992,3948
38992,11
38992,62
38992,2918
38992,4963
38992,4306
38992,364
133186,7153
133186,2959
133186,4306
133186,6711
133186,5952
133186,318
133186,2324
133186,7323
133186,527
133186,2692
90724,2329
90724,3275
90724,3671
90724,4085
90724,805
90724,30812
90724,3578
90724,2571
90724,356
90724,1302
55008,750
55008,2804
55008,223
55008,50
55008,3424
55008,1258
55008,4226
55008,2529
55008,6440
55008,3911
98336,858
98336,2918
98336,2791
98336,912
98336,1193
98336,541
98336,296
98336,1247
98336,1288
98336,1394
52401,33794
52401,2959
52401,68157
52401,68954
52401,2571
52401,72998
52401,55765
52401,5952
52401,4993
52401,7153
48885,6874
48885,7153
48885,5952
48885,593
48885,551
48885,4973
48885,1089
48885,1527
48885,3081
48885,4226
40436,6539
40436,5952
40436,2959
40436,6874
40436,648
40436,296
40436,165
40436,5349
40436,6365
40436,2716
30967,1036
30967,4085
30967,1291
30967,2716
30967,6979
30967,4886
30967,8636
30967,1198
30967,3039
30967,1
133812,3578
133812,1206
133812,2762
133812,1222
133812,3160
133812,5445
133812,6711
133812,6874
133812,4011
133812,2542
81894,32
81894,31658
81894,1196
81894,541
81894,58559
81894,33794
81894,44191
81894,4306
81894,7153
81894,48780
23702,5291
23702,7135
23702,608
23702,7088
23702,1247
23702,1212
23702,1248
23702,509
23702,1225
23702,1217
129033,40583
129033,39183
129033,36517
129033,41997
129033,33154
129033,51080
129033,33660
129033,45950
129033,45210
129033,8772
56290,318
56290,4226
56290,50872
56290,4963
56290,5952
56290,7153
56290,356
56290,58559
56290,527
56290,2858
19310,2471
19310,2990
19310,7570
19310,1135
19310,1957
19310,49272
19310,5872
19310,31685
19310,2420
19310,1124
2925,231
2925,3948
2925,2716
2925,6863
2925,6539
2925,2694
2925,6936
2925,4149
2925,8360
2925,2
93619,48780
93619,54503
93619,318
93619,4878
93619,1704
93619,82459
93619,4226
93619,32587
93619,74458
93619,57669
119478,60069
119478,110
119478,7502
119478,2858
119478,47
119478,5418
119478,3578
119478,69481
119478,38061
119478,6539
125641,539
125641,5952
125641,7153
125641,1370
125641,1586
125641,4993
125641,33679
125641,4963
125641,1036
125641,4992
93897,8949
93897,32587
93897,8376
93897,8784
93897,1193
93897,4878
93897,33493
93897,1089
93897,44195
93897,6874
61193,1207
61193,1304
61193,919
61193,318
61193,1036
61193,68954
61193,858
61193,1198
61193,953
61193,4027
24595,33794
24595,2329
24595,3578
24595,7361
24595,51662
24595,68157
24595,16
24595,55820
24595,589
24595,431
59796,7153
59796,1197
59796,2959
59796,593
59796,260
59796,1196
59796,2571
59796,457
59796,2019
59796,1210
33837,44555
33837,58559
33837,55820
33837,527
33837,593
33837,1196
33837,48516
33837,27773
33837,608
33837,1213
47556,5620
47556,33679
47556,5349
47556,8972
47556,33493
47556,8916
47556,3793
47556,40815
47556,6155
47556,34048
106464,1219
106464,1222
106464,32587
106464,4855
106464,49272
106464,1729
106464,1982
106464,70
106464,608
106464,2023
5954,72998
5954,7361
5954,68358
5954,106920
5954,63082
5954,80463
5954,1682
5954,1089
5954,5989
5954,60069
49535,2959
49535,7153
49535,2571
49535,32587
49535,6874
49535,2329
49535,7438
49535,296
49535,6377
49535,4226
43134,32
43134,1270
43134,8961
43134,4306
43134,110
43134,377
43134,4963
43134,7361
43134,5349
43134,6377
133682,4886
133682,5952
133682,8961
133682,68954
133682,595
133682,364
133682,4993
133682,6377
133682,356
133682,31658
22399,2762
22399,110
22399,356
22399,527
22399,4226
22399,60069
22399,48516
22399,47
22399,1193
22399,72998
118901,2571
118901,296
118901,1221
118901,924
118901,1208
118901,4226
118901,2858
118901,1225
118901,593
118901,260
82124,260
82124,4886
82124,2762
82124,1291
82124,3578
82124,780
82124,1270
82124,1580
82124,2028
82124,588
62848,2028
62848,589
62848,6755
62848,593
62848,4993
62848,5952
62848,2232
62848,32587
62848,6617
62848,1219
93803,110
93803,64614
93803,296
93803,49530
93803,2858
93803,68954
93803,51662
93803,4011
93803,3147
93803,50
12862,48780
12862,68358
12862,68319
12862,60684
12862,5903
12862,32587
12862,8636
12862,5349
12862,70286
12862,318
86060,2918
86060,46578
86060,2858
86060,4306
86060,3114
86060,1246
86060,745
86060,1784
86060,1307
86060,50872
118315,6539
118315,4995
118315,50
118315,589
118315,527
118315,780
118315,608
118315,592
118315,1214
118315,1721
52810,353
52810,32587
52810,4128
52810,6807
52810,1275
52810,34162
52810,180
52810,4102
52810,8132
52810,30793
111857,33794
111857,48516
111857,2858
111857,48780
111857,47
111857,356
111857,2571
111857,51255
111857,1
111857,56367
39715,4226
39715,858
39715,110
39715,527
39715,2571
39715,296
39715,5995
39715,68954
39715,7153
39715,1089
7661,2858
7661,48780
7661,356
7661,70286
7661,527
7661,48394
7661,68157
7661,5995
7661,4878
7661,74458
1486,5952
1486,1198
1486,1
1486,356
1486,2078
1486,1136
1486,2085
1486,1210
1486,2080
1486,858
34116,91529
34116,595
34116,76093
34116,551
34116,588
34116,364
34116,6539
34116,44191
34116,33794
34116,4886
128233,45880
128233,6539
128233,56757
128233,6333
128233,8961
128233,51540
128233,41566
128233,66097
128233,55442
128233,33615
55491,56174
55491,58559
55491,53972
55491,6383
55491,4792
55491,7293
55491,2329
55491,59369
55491,5010
55491,3753
7708,2396
7708,1721
7708,356
7708,318
7708,6377
7708,527
7708,500
7708,539
7708,2324
7708,70183
34005,318
34005,2858
34005,2329
34005,2692
34005,4973
34005,7438
34005,4235
34005,32
34005,8370
34005,5225
107688,1307
107688,2571
107688,296
107688,1610
107688,1089
107688,508
107688,380
107688,480
107688,1584
107688,1682
85617,1080
85617,6874
85617,5952
85617,2858
85617,2571
85617,4226
85617,7147
85617,608
85617,1089
85617,778
71077,750
71077,2858
71077,480
71077,318
71077,2028
71077,457
71077,780
71077,380
71077,2762
71077,1203
127759,32
127759,47
127759,4963
127759,527
127759,4226
127759,1721
127759,1089
127759,1090
127759,780
127759,4878
25129,909
25129,1248
25129,1208
25129,1225
25129,1231
25129,1284
25129,7215
25129,6777
25129,1263
25129,2300
115539,5971
115539,60069
115539,3000
115539,79132
115539,551
115539,2291
115539,1073
115539,8961
115539,4886
115539,70286
27887,3147
27887,7254
27887,318
27887,2329
27887,30707
27887,2571
27887,58559
27887,4720
27887,4963
27887,296
123875,54286
123875,49530
123875,858
123875,296
123875,40629
123875,2762
123875,2329
123875,4973
123875,6539
123875,4995
76380,4886
76380,1206
76380,50
76380,1394
76380,3897
76380,5952
76380,5902
76380,318
76380,2918
76380,70286
1770,2858
1770,58559
1770,318
1770,593
1770,2571
1770,3005
1770,33166
1770,6502
1770,8533
1770,2881
68226,2329
68226,6016
68226,111
68226,1228
68226,48516
68226,1263
68226,1729
68226,1221
68226,8950
68226,48394
41669,72641
41669,89085
41669,63082
41669,82459
41669,56367
41669,6787
41669,45720
41669,3035
41669,1231
41669,109374
115416,54001
115416,52245
115416,46530
115416,53953
115416,56788
115416,48780
115416,56174
115416,55830
115416,46976
115416,34162
72107,48516
72107,296
72107,318
72107,780
72107,5418
72107,344
72107,6874
72107,54286
72107,6377
72107,6333
17158,30707
17158,4995
17158,2571
17158,2324
17158,2858
17158,6377
17158,47
17158,5952
17158,50
17158,8645
69493,80463
69493,58559
69493,4993
69493,7153
69493,81845
69493,59315
69493,72998
69493,6539
69493,356
69493,49530
8407,858
8407,1580
8407,4226
8407,1676
8407,1036
8407,3703
8407,2021
8407,3702
8407,7361
8407,8644
42322,3578
42322,5445
42322,1270
42322,33794
42322,8636
42322,49272
42322,8665
42322,457
42322,3635
42322,1387
68605,2706
68605,380
68605,780
68605,208
68605,2028
68605,3578
68605,318
68605,1291
68605,442
68605,1923
66813,53125
66813,41566
66813,69844
66813,45722
66813,6502
66813,78499
66813,56152
66813,31804
66813,36401
66813,63082
129531,48516
129531,58559
129531,2959
129531,79132
129531,89864
129531,2858
129531,4011
129531,72011
129531,1222
129531,527
79829,6539
79829,5152
79829,8961
79829,2028
79829,36529
79829,8644
79829,7445
79829,2571
79829,42738
79829,3147
122232,109487
122232,356
122232,2959
122232,58559
122232,114180
122232,527
122232,108190
122232,4306
122232,6539
122232,111362
372,527
372,1213
372,778
372,608
372,1136
372,1193
372,7361
372,1222
372,6874
372,2997
6125,63131
6125,69122
6125,63479
6125,34162
6125,48516
6125,68157
6125,8807
6125,356
6125,47
6125,79132
20117,1197
20117,45722
20117,7361
20117,68954
20117,1198
20117,61024
20117,1968
20117,52973
20117,51255
20117,94864
19121,110
19121,32587
19121,6539
19121,318
19121,5989
19121,4995
19121,2329
19121,8636
19121,48516
19121,6874
117165,56367
117165,46578
117165,48516
117165,69122
117165,27821
117165,35836
117165,32587
117165,48780
117165,8949
117165,6942
11182,648
11182,296
11182,8361
11182,1291
11182,8360
11182,1722
11182,5445
11182,3082
11182,48774
11182,49530
105498,48774
105498,44191
105498,78499
105498,27790
105498,48780
105498,48394
105498,36529
105498,60684
105498,40583
105498,8949
6431,85414
6431,6333
6431,6502
6431,72998
6431,34048
6431,1917
6431,57368
6431,485
6431,8636
6431,2701
56175,5952
56175,3996
56175,6377
56175,6539
56175,8961
56175,4306
56175,296
56175,923
56175,4886
56175,318
35396,4306
35396,6539
35396,40815
35396,73017
35396,8368
35396,5991
35396,79132
35396,356
35396,45722
35396,5816
77412,527
77412,1262
77412,858
77412,1252
77412,110
77412,2571
77412,457
77412,1234
77412,54286
77412,1266
6333,65261
6333,7147
6333,1213
6333,2502
6333,66097
6333,72226
6333,7099
6333,1136
6333,4370
6333,71535
97568,4878
97568,1265
97568,1089
97568,223
97568,2019
97568,231
97568,30810
97568,1193
97568,4027
97568,4881
111472,1953
111472,1089
111472,3075
111472,7361
111472,1198
111472,6711
111472,1136
111472,1080
111472,162
111472,55820
75677,2329
75677,55820
75677,4011
75677,7143
75677,5989
75677,8665
75677,5995
75677,8644
75677,6874
75677,356
122810,527
122810,47
122810,593
122810,1
122810,1258
122810,1222
122810,608
122810,923
122810,364
122810,2028
17058,68954
17058,4306
17058,79132
17058,74458
17058,46578
17058,4963
17058,6874
17058,6942
17058,67087
17058,63082
38681,3793
38681,5445
38681,1527
38681,3300
38681,1580
38681,32
38681,733
38681,316
38681,8644
38681,260
30644,7153
30644,48516
30644,858
30644,1221
30644,33794
30644,1036
30644,4993
30644,79132
30644,4963
30644,1198
72832,5952
72832,33794
72832,31696
72832,6323
72832,2058
72832,2571
72832,2959
72832,2278
72832,6879
72832,33493
53905,40732
53905,48516
53905,37733
53905,8874
53905,40278
53905,44665
53905,8950
53905,54286
53905,48385
53905,41569
92106,7361
92106,2959
92106,1732
92106,79132
92106,1206
92106,4878
92106,58559
92106,46578
92106,86882
92106,2395
46876,47
46876,2959
46876,3671
46876,2762
46876,1704
46876,2502
46876,1196
46876,35836
46876,8340
46876,1291
12819,356
12819,527
12819,1203
12819,50
12819,923
12819,1089
12819,2571
12819,2028
12819,1276
12819,908
69470,110
69470,2324
69470,356
69470,30707
69470,4306
69470,96829
69470,115569
69470,923
69470,3362
69470,6711
106638,3147
106638,2762
106638,593
106638,6539
106638,590
106638,44191
106638,4995
106638,293
106638,1676
106638,6377
41981,50
41981,588
41981,4963
41981,7438
41981,49272
41981,1198
41981,1073
41981,5989
41981,32587
41981,1517
40221,69757
40221,51255
40221,4306
40221,60069
40221,53000
40221,4792
40221,2124
40221,588
40221,54997
40221,43936
80180,913
80180,1248
80180,1673
80180,3681
80180,2488
80180,1178
80180,2997
80180,3435
80180,1230
80180,6530
32354,2997
32354,32
32354,44555
32354,2571
32354,608
32354,1193
32354,750
32354,1997
32354,4144
32354,4848
79955,33166
79955,48516
79955,8950
79955,8464
79955,37240
79955,48774
79955,33794
79955,6016
79955,30749
79955,3681
90500,47
90500,51662
90500,6874
90500,1370
90500,32
90500,5903
90500,3275
90500,1597
90500,5254
90500,33162
121694,858
121694,48394
121694,55820
121694,44191
121694,60069
121694,4963
121694,4878
121694,48738
121694,49530
121694,356
101266,2571
101266,597
101266,2268
101266,2000
101266,3252
101266,648
101266,110
101266,4963
101266,1265
101266,2028
124853,1704
124853,7361
124853,588
124853,500
124853,39
124853,597
124853,4973
124853,8784
124853,364
124853,1
29086,1281
29086,2858
29086,2959
29086,1193
29086,4973
29086,1201
29086,68157
29086,1230
29086,1221
29086,111
107057,480
107057,5445
107057,5218
107057,6539
107057,2617
107057,1645
107057,4886
107057,8361
107057,5574
107057,3147
138115,293
138115,1136
138115,1198
138115,6502
138115,589
138115,1196
138115,2571
138115,5952
138115,7438
138115,1208
85012,480
85012,4896
85012,2571
85012,2115
85012,2716
85012,1270
85012,3081
85012,44191
85012,33794
85012,54259
81765,4306
81765,5218
81765,37729
81765,97938
81765,95858
81765,364
81765,48780
81765,5995
81765,91233
81765,104841
35855,589
35855,3527
35855,86332
35855,91529
35855,91500
35855,2002
35855,87232
35855,145
35855,1918
35855,88140
54339,49272
54339,1240
54339,33794
54339,3578
54339,55820
54339,4011
54339,1527
54339,1213
54339,51662
54339,293
47299,4226
47299,47
47299,2959
47299,2329
47299,50
47299,7445
47299,1620
47299,293
47299,2571
47299,1343
62986,3160
62986,356
62986,293
62986,81845
62986,8638
62986,56367
62986,6942
62986,1059
62986,7371
62986,3578
1870,1089
1870,296
1870,48780
1870,5989
1870,356
1870,1732
1870,55820
1870,3578
1870,55765
1870,1704
31099,8961
31099,6539
31099,1136
31099,260
31099,6333
31099,57640
31099,41566
31099,480
31099,1288
31099,54272
50308,457
50308,2762
50308,858
50308,1
50308,480
50308,260
50308,589
50308,1240
50308,318
50308,1200
75986,50872
75986,3000
75986,2355
75986,60069
75986,596
75986,1225
75986,750
75986,1206
75986,73854
75986,58559
123611,47
123611,2959
123611,48516
123611,6377
123611,6874
123611,1270
123611,1196
123611,260
123611,7153
123611,4993
105557,480
105557,858
105557,49530
105557,5952
105557,4993
105557,1222
105557,1968
105557,2858
105557,3552
105557,165
116961,457
116961,1961
116961,1225
116961,48738
116961,1704
116961,30749
116961,4995
116961,4326
116961,41997
116961,3578
110250,58559
110250,1200
110250,5952
110250,260
110250,1527
110250,68358
110250,296
110250,5903
110250,2916
110250,3793
76724,88140
76724,6333
76724,77561
76724,2571
76724,480
76724,95510
76724,53996
76724,1580
76724,33493
76724,4306
67372,318
67372,3948
67372,8368
67372,4979
67372,6377
67372,2572
67372,7147
67372,3186
67372,6711
67372,1704
130457,296
130457,4878
130457,79132
130457,1653
130457,924
130457,1682
130457,4226
130457,1206
130457,58559
130457,356
49264,593
49264,48516
49264,3578
49264,48780
49264,64614
49264,44665
49264,3275
49264,527
49264,47610
49264,1198
119157,4226
119157,78499
119157,68237
119157,96728
119157,80463
119157,1214
119157,318
119157,593
119157,109374
119157,1617
8608,3578
8608,457
8608,2762
8608,1266
8608,5952
8608,7153
8608,4226
8608,904
8608,364
8608,1035
94029,1210
94029,541
94029,1198
94029,4973
94029,1204
94029,2019
94029,2028
94029,1252
94029,1213
94029,1214
118625,588
118625,364
118625,356
118625,76093
118625,1
118625,60069
118625,8368
118625,1197
118625,4995
118625,527
86633,1
86633,64575
86633,1213
86633,1247
86633,1230
86633,3671
86633,1073
86633,39183
86633,72011
86633,1197
130843,2762
130843,7438
130843,6874
130843,4878
130843,318
130843,1136
130843,1208
130843,50
130843,30749
130843,1201
41488,914
41488,2125
41488,261
41488,1
41488,40815
41488,2080
41488,7153
41488,4993
41488,17
41488,40629
108043,68157
108043,63082
108043,2571
108043,2291
108043,588
108043,6539
108043,4995
108043,56367
108043,73017
108043,71535
49300,63082
49300,4720
49300,296
49300,48780
49300,2959
49300,74458
49300,3949
49300,81845
49300,2762
49300,6874
637,1089
637,49272
637,91542
637,88125
637,293
637,7143
637,7147
637,45722
637,2023
637,40815
58988,593
58988,4878
58988,96610
58988,82459
58988,3949
58988,72226
58988,48774
58988,63082
58988,6874
58988,1704
132460,2858
132460,6942
132460,56367
132460,69757
132460,4226
132460,2959
132460,71579
132460,7147
132460,356
132460,5377
86704,1307
86704,515
86704,912
86704,969
86704,357
86704,1643
86704,1225
86704,916
86704,1035
86704,953
11501,2762
11501,4993
11501,7153
11501,8874
11501,66097
11501,59315
11501,68954
11501,480
11501,4226
11501,1080
103163,4226
103163,318
103163,593
103163,1136
103163,111
103163,1252
103163,7361
103163,527
103163,922
103163,293
61591,902
61591,4014
61591,357
61591,1682
61591,920
61591,2396
61591,318
61591,58
61591,912
61591,4246
19140,6377
19140,648
19140,780
19140,78499
19140,377
19140,586
19140,3114
19140,1240
19140,2706
19140,3147
9148,30749
9148,78574
9148,55820
9148,59018
9148,8951
9148,69481
9148,73023
9148,39183
9148,47629
9148,30707
128853,2571
128853,110
128853,1580
128853,903
128853,1207
128853,2268
128853,1610
128853,8644
128853,8961
128853,2985
18841,260
18841,969
18841,1197
18841,1198
18841,912
18841,1262
18841,1291
18841,899
18841,908
18841,1225
93691,4571
93691,2791
93691,1527
93691,471
93691,2968
93691,1394
93691,4467
93691,3793
93691,318
93691,50
90425,69757
90425,48516
90425,2571
90425,778
90425,58559
90425,1193
90425,55247
90425,80463
90425,6711
90425,2918
88823,2959
88823,47
88823,30749
88823,2692
88823,6016
88823,1196
88823,32
88823,6874
88823,1617
88823,110
44604,58559
44604,81834
44604,8961
44604,5445
44604,2
44604,588
44604,3000
44604,87232
44604,595
44604,63082
6155,4896
6155,7090
6155,31878
6155,33794
6155,3793
6155,3977
6155,3624
6155,33493
6155,6874
6155,2355
92339,6331
92339,1218
92339,1285
92339,26131
92339,4642
92339,2692
92339,3007
92339,1288
92339,5291
92339,1274
123355,50
123355,1258
123355,7361
123355,2997
123355,29
123355,2329
123355,4873
123355,27904
123355,6874
123355,7438
130324,2997
130324,2762
130324,2692
130324,2959
130324,318
130324,4226
130324,778
130324,50
130324,2324
130324,7361
82195,608
82195,4226
82195,527
82195,1036
82195,1214
82195,296
82195,4963
82195,4027
82195,48394
82195,364
65262,1198
65262,47
65262,356
65262,2858
65262,527
65262,2762
65262,589
65262,4226
65262,2959
65262,31410
13589,34332
13589,33679
13589,33615
13589,8368
13589,39435
13589,5816
13589,37729
13589,53121
13589,45672
13589,3052
49422,32
49422,4886
49422,1527
49422,150
49422,1213
49422,5445
49422,293
49422,48516
49422,2987
49422,2716
73312,5418
73312,58559
73312,457
73312,1036
73312,89745
73312,2028
73312,91535
73312,91658
73312,1197
73312,2248
2661,56367
2661,47
2661,54995
2661,52281
2661,57368
2661,44761
2661,356
2661,223
2661,318
2661,48516
64593,367
64593,1198
64593,7153
64593,1270
64593,2959
64593,316
64593,6539
64593,593
64593,527
64593,296
100697,1204
100697,906
100697,745
100697,2648
100697,5291
100697,2010
100697,5602
100697,31923
100697,5177
100697,936
64896,2005
64896,4306
64896,3740
64896,45722
64896,4878
64896,2716
64896,551
64896,45499
64896,5445
64896,44
48836,4886
48836,356
48836,1721
48836,4993
48836,780
48836,5218
48836,8360
48836,2617
48836,1036
48836,377
12994,2762
12994,2858
12994,595
12994,593
12994,318
12994,5377
12994,6377
12994,543
12994,1380
12994,4963
110101,44191
110101,58559
110101,4226
110101,72998
110101,44555
110101,3578
110101,48043
110101,104841
110101,6874
110101,2692
36418,1732
36418,4973
36418,4011
36418,7361
36418,50
36418,68157
36418,79702
36418,4878
36418,2542
36418,69122
37622,32587
37622,48394
37622,2019
37622,47
37622,4226
37622,778
37622,608
37622,2291
37622,1200
37622,2858
105400,4226
105400,356
105400,110
105400,2762
105400,5445
105400,1527
105400,33794
105400,4963
105400,5418
105400,1653
87942,8949
87942,1230
87942,6993
87942,1265
87942,1732
87942,296
87942,56367
87942,2863
87942,1221
87942,40946
136720,46578
136720,69757
136720,1
136720,2918
136720,56367
136720,3578
136720,49272
136720,2501
136720,5989
136720,8665
33459,1035
33459,6377
33459,8970
33459,2291
33459,914
33459,50872
33459,60069
33459,899
33459,45722
33459,2096
85974,3753
85974,7293
85974,2571
85974,4886
85974,4310
85974,2671
85974,520
85974,1485
85974,6378
85974,8961
128176,7153
128176,5952
128176,8360
128176,106487
128176,44022
128176,60069
128176,79132
128176,3785
128176,68954
128176,364
123993,58559
123993,91630
123993,59784
123993,91542
123993,1
123993,77561
123993,91529
123993,44022
123993,8636
123993,1580
60773,39381
60773,2511
60773,48774
60773,911
60773,942
60773,7013
60773,1284
60773,4298
60773,41863
60773,2288
68894,480
68894,356
68894,2959
68894,733
68894,780
68894,2571
68894,553
68894,3578
68894,593
68894,296
95594,1219
95594,50
95594,904
95594,111
95594,608
95594,1198
95594,1247
95594,1252
95594,1617
95594,4226
2252,1580
2252,260
2252,3578
2252,356
2252,318
2252,4993
2252,527
2252,480
2252,367
2252,2858
56314,1569
56314,838
56314,2396
56314,4246
56314,5377
56314,539
56314,39
56314,3897
56314,597
56314,339
56472,6807
56472,47
56472,1732
56472,6502
56472,2232
56472,3917
56472,163
56472,1090
56472,50
56472,32
130780,2762
130780,110
130780,2571
130780,590
130780,539
130780,587
130780,6539
130780,527
130780,5989
130780,1923
8337,7143
8337,60069
8337,34048
8337,1214
8337,1917
8337,5349
8337,673
8337,1200
8337,48394
8337,1206
100494,7361
100494,8949
100494,111
100494,1394
100494,4226
100494,2918
100494,318
100494,2324
100494,1193
100494,2973
37377,1198
37377,1136
37377,3578
37377,1485
37377,4886
37377,367
37377,8961
37377,296
37377,5349
37377,1265
65184,1198
65184,1036
65184,1291
65184,2762
65184,4963
65184,2628
65184,2617
65184,2959
65184,33794
65184,733
17357,60069
17357,53000
17357,56367
17357,2054
17357,1682
17357,72998
17357,2232
17357,2858
17357,68954
17357,3535
82647,4973
82647,4306
82647,2959
82647,318
82647,1639
82647,3897
82647,1704
82647,46578
82647,6377
82647,2762
117240,3793
117240,68954
117240,1270
117240,7153
117240,4993
117240,5952
117240,4963
117240,6377
117240,1136
117240,78499
91174,2571
91174,318
91174,593
91174,1206
91174,1136
91174,50
91174,1221
91174,1252
91174,923
91174,6711
122949,293
122949,480
122949,356
122949,2762
122949,7153
122949,55820
122949,68157
122949,6874
122949,8961
122949,1036
85731,2329
85731,1088
85731,4886
85731,3535
85731,2291
85731,6218
85731,49530
85731,8360
85731,5218
85731,6863
11686,110
11686,47
11686,49272
11686,4226
11686,593
11686,318
11686,6377
11686,1198
11686,60069
11686,364
50456,2858
50456,364
50456,588
50456,7147
50456,8368
50456,3949
50456,4993
50456,60950
50456,1
50456,594
60290,5418
60290,47
60290,4306
60290,858
60290,356
60290,2706
60290,54286
60290,1213
60290,367
60290,593
131132,858
131132,608
131132,2858
131132,593
131132,6874
131132,3527
131132,5989
131132,1393
131132,161
131132,2268
28257,318
28257,3275
28257,1089
28257,527
28257,4995
28257,1258
28257,364
28257,2762
28257,69122
28257,32587
115611,2959
115611,356
115611,1089
115611,6
115611,1466
115611,1193
115611,1704
115611,4963
115611,68157
115611,527
79982,2762
79982,2028
79982,4022
79982,593
79982,480
79982,434
79982,4085
79982,4995
79982,5989
79982,1265
56316,1210
56316,318
56316,594
56316,1682
56316,2762
56316,6539
56316,8961
56316,3751
56316,10
56316,2115
1154,1213
1154,111
1154,55820
1154,1201
1154,8042
1154,16
1154,923
1154,1221
1154,2959
1154,1228
12875,318
12875,2762
12875,5952
12875,4993
12875,33794
12875,8228
12875,908
12875,1200
12875,3578
12875,919
112976,858
112976,1213
112976,1193
112976,2871
112976,1090
112976,296
112976,1222
112976,1262
112976,30749
112976,48516
127183,50
127183,4226
127183,2571
127183,55820
127183,589
127183,1196
127183,260
127183,1193
127183,527
127183,608
38110,2959
38110,7153
38110,4993
38110,356
38110,4306
38110,318
38110,68157
38110,593
38110,3462
38110,5952
2691,46578
2691,1136
2691,4306
2691,593
2691,6377
2691,1246
2691,1
2691,2018
2691,5952
2691,3147
109046,2125
109046,539
109046,6942
109046,4069
109046,1270
109046,5377
109046,4886
109046,5620
109046,4992
109046,4225
11398,780
11398,1270
11398,5349
11398,4995
11398,3578
11398,5445
11398,35836
11398,593
11398,5418
11398,4993
36059,1968
36059,2918
36059,3421
36059,1265
36059,1387
36059,2762
36059,2791
36059,1198
36059,589
36059,3671
83323,1028
83323,60069
83323,2797
83323,79132
83323,58559
83323,39
83323,367
83323,81847
83323,5349
83323,2078
116344,2571
116344,3114
116344,1270
116344,1
116344,858
116344,1240
116344,588
116344,480
116344,318
116344,608
63744,318
63744,1193
63744,36
63744,3068
63744,6993
63744,1263
63744,3359
63744,8949
63744,1207
63744,1956
4037,4306
4037,593
4037,7361
4037,2858
4037,48516
4037,4226
4037,2762
4037,5952
4037,4993
4037,6539
88297,4226
88297,2571
88297,111
88297,903
88297,1193
88297,1221
88297,904
88297,1732
88297,1253
88297,2313
78173,30810
78173,2716
78173,2700
78173,1377
78173,2174
78173,671
78173,1230
78173,3421
78173,1198
78173,4993
51278,4958
51278,1587
51278,3444
51278,8169
51278,2167
51278,1608
51278,2011
51278,1690
51278,8810
51278,541
133867,593
133867,1247
133867,1225
133867,2028
133867,1234
133867,1201
133867,1704
133867,2762
133867,1207
133867,1299
68741,318
68741,1240
68741,1136
68741,2571
68741,1198
68741,924
68741,296
68741,2028
68741,2918
68741,50
82204,1196
82204,5618
82204,2959
82204,253
82204,608
82204,4973
82204,1036
82204,2291
82204,7438
82204,1210
121708,4886
121708,68157
121708,2959
121708,58559
121708,50872
121708,1
121708,44191
121708,67267
121708,66665
121708,69844
59975,2959
59975,1198
59975,356
59975,2858
59975,318
59975,4034
59975,1097
59975,2028
59975,1197
59975,2918
97445,3578
97445,4993
97445,318
97445,5952
97445,7153
97445,2028
97445,3671
97445,750
97445,4896
97445,3033
136754,7361
136754,5618
136754,7254
136754,27660
136754,3949
136754,318
136754,8464
136754,3147
136754,60684
136754,2329
121497,63082
121497,46578
121497,63876
121497,38038
121497,86882
121497,30707
121497,8949
121497,45517
121497,47629
121497,73323
38479,593
38479,260
38479,2762
38479,1721
38479,1210
38479,110
38479,69757
38479,4306
38479,1136
38479,364
95154,32
95154,1198
95154,4306
95154,1968
95154,5418
95154,1196
95154,33794
95154,2683
95154,2502
95154,8961
86586,4306
86586,3481
86586,1221
86586,2028
86586,2762
86586,7361
86586,111
86586,5989
86586,1682
86586,48516
79333,778
79333,1198
79333,8957
79333,44191
79333,8874
79333,3578
79333,1682
79333,2997
79333,8950
79333,5989
86885,3793
86885,780
86885,1036
86885,1580
86885,3578
86885,5816
86885,5418
86885,1917
86885,6365
86885,33794
46819,4993
46819,3578
46819,1200
46819,2762
46819,1240
46819,457
46819,316
46819,1291
46819,32
46819,1270
92696,858
92696,593
92696,33794
92696,1089
92696,4226
92696,7153
92696,1214
92696,59315
92696,6874
92696,1036
87931,2028
87931,527
87931,1682
87931,4223
87931,5669
87931,70
87931,2278
87931,2949
87931,6365
87931,27773
85738,2571
85738,79132
85738,1704
85738,1
85738,81845
85738,296
85738,4306
85738,1097
85738,3114
85738,1210
81871,150
81871,47
81871,1307
81871,2268
81871,1291
81871,5989
81871,1265
81871,7438
81871,1197
81871,1288
55235,356
55235,72998
55235,2762
55235,63082
55235,59369
55235,48780
55235,69122
55235,49278
55235,51412
55235,67197
340,858
340,593
340,5952
340,60069
340,2762
340,57669
340,4878
340,356
340,64614
340,8874
14360,6539
14360,4226
14360,32587
14360,1527
14360,98809
14360,6874
14360,68237
14360,356
14360,72998
14360,32
88264,99114
88264,48516
88264,4011
88264,48780
88264,778
88264,32587
88264,7153
88264,608
88264,2502
88264,1732
77011,4886
77011,6377
77011,1
77011,6874
77011,4306
77011,296
77011,541
77011,1270
77011,51255
77011,4027
37287,2640
37287,480
37287,4085
37287,1101
37287,780
37287,1097
37287,8961
37287,1265
37287,2011
37287,8665
133742,318
133742,2329
133742,1358
133742,296
133742,4019
133742,8874
133742,2502
133742,4226
133742,3499
133742,5630
133841,55820
133841,6016
133841,318
133841,1732
133841,7361
133841,54503
133841,778
133841,56367
133841,46578
133841,356
9397,7438
9397,1258
9397,6874
9397,59315
9397,68237
9397,1748
9397,51662
9397,55820
9397,4011
9397,40732
86515,5952
86515,1291
86515,5349
86515,457
86515,592
86515,2797
86515,4993
86515,1265
86515,4886
86515,8636
62661,50
62661,1089
62661,3949
62661,778
62661,2329
62661,6016
62661,750
62661,55820
62661,1206
62661,1258
90864,1240
90864,1663
90864,3147
90864,1270
90864,3098
90864,527
90864,2918
90864,3505
90864,1210
90864,1291
80088,8665
80088,8360
80088,480
80088,1258
80088,4022
80088,3948
80088,2617
80088,1673
80088,3081
80088,500
115913,6874
115913,2959
115913,2987
115913,1682
115913,1573
115913,32587
115913,7438
115913,68157
115913,2716
115913,527
17635,76093
17635,56174
17635,72998
17635,40815
17635,54259
17635,41566
17635,48516
17635,54001
17635,72641
17635,60684
40924,4973
40924,6874
40924,2396
40924,2858
40924,40815
40924,1527
40924,1265
40924,2028
40924,2918
40924,1193
64365,4963
64365,2762
64365,47
64365,58559
64365,4878
64365,59315
64365,1968
64365,3949
64365,5952
64365,7153
94176,1136
94176,7361
94176,858
94176,7153
94176,593
94176,1193
94176,3578
94176,110
94176,48516
94176,4995
74368,858
74368,48516
74368,2858
74368,3949
74368,111
74368,1732
74368,6953
74368,3160
74368,46723
74368,4973
53823,527
53823,593
53823,318
53823,296
53823,1252
53823,1097
53823,2019
53823,750
53823,457
53823,1228
13639,1961
13639,79132
13639,63082
13639,50872
13639,8961
13639,44191
13639,8360
13639,8970
13639,4018
13639,47610
126865,260
126865,33794
126865,111
126865,5989
126865,1222
126865,1625
126865,2028
126865,49272
126865,1252
126865,48774
16118,457
16118,1210
16118,2716
16118,3984
16118,356
16118,4993
16118,2288
16118,2916
16118,377
16118,3527
56132,318
56132,356
56132,2571
56132,55820
56132,58559
56132,110
56132,5445
56132,4226
56132,33493
56132,1682
58572,55267
58572,49530
58572,33660
58572,33166
58572,54503
58572,33679
58572,30825
58572,46578
58572,51084
58572,8533
136408,7438
136408,45499
136408,858
136408,1527
136408,2194
136408,8360
136408,5445
136408,2916
136408,1968
136408,45722
6390,86833
6390,98961
6390,81845
6390,7451
6390,112556
6390,96079
6390,79132
6390,96821
6390,88129
6390,88163
41357,69122
41357,33679
41357,56367
41357,163
41357,66934
41357,5418
41357,39
41357,46578
41357,60684
41357,1500
62891,356
62891,1210
62891,2762
62891,1213
62891,1136
62891,1036
62891,1259
62891,1208
62891,3578
62891,3421
134499,858
134499,71535
134499,58998
134499,1258
134499,48516
134499,57669
134499,1214
134499,2542
134499,356
134499,86833
59499,1197
59499,608
59499,47
59499,2858
59499,1270
59499,4993
59499,527
59499,1222
59499,1089
59499,1213
134036,6377
134036,7361
134036,5952
134036,5418
134036,4226
134036,4306
134036,364
134036,4995
134036,4973
134036,1704
84266,11
84266,3408
84266,5669
84266,4963
84266,1961
84266,318
84266,6377
84266,33166
84266,35836
84266,508
61276,318
61276,527
61276,1272
61276,296
61276,48738
61276,30749
61276,43376
61276,2959
61276,50068
61276,6016
578,2716
578,589
578,4447
578,35836
578,296
578,2321
578,3253
578,59315
578,8528
578,4022
97517,318
97517,1210
97517,2571
97517,110
97517,1240
97517,5952
97517,7153
97517,780
97517,4963
97517,49272
96870,50
96870,111
96870,1193
96870,99114
96870,307
96870,1230
96870,6016
96870,2028
96870,5995
96870,4306
107273,2716
107273,1210
107273,1196
107273,260
107273,2081
107273,2054
107273,364
107273,37727
107273,2804
107273,3471
6455,4226
6455,3578
6455,74458
6455,2858
6455,2329
6455,79132
6455,51662
6455,6934
6455,527
6455,4975
126344,296
126344,541
126344,7043
126344,8197
126344,2959
126344,1214
126344,1265
126344,1193
126344,8239
126344,32892
99437,1210
99437,31658
99437,50
99437,296
99437,4226
99437,3000
99437,6350
99437,4878
99437,4973
99437,8874
22844,1527
22844,1196
22844,356
22844,4226
22844,4993
22844,32587
22844,4306
22844,589
22844,3578
22844,2997
111109,6539
111109,4896
111109,2291
111109,5991
111109,1270
111109,41566
111109,58559
111109,5299
111109,5349
111109,30793
4472,54286
4472,2858
4472,4011
4472,2329
4472,318
4472,48780
4472,49530
4472,99114
4472,5952
4472,7153
67809,2329
67809,48516
67809,527
67809,2028
67809,44191
67809,5010
67809,7153
67809,33794
67809,4993
67809,4886
105832,4993
105832,8360
105832,54001
105832,46578
105832,45722
105832,63082
105832,4246
105832,40629
105832,5218
105832,46976
51198,48780
51198,7090
51198,44191
51198,54286
51198,51662
51198,42718
51198,2542
51198,858
51198,36529
51198,1036
131209,1213
131209,593
131209,50
131209,2858
131209,58559
131209,1221
131209,2762
131209,1089
131209,68157
131209,4973
78484,4226
78484,44191
78484,1210
78484,4878
78484,72998
78484,356
78484,33794
78484,64614
78484,7361
78484,82461
30813,1
30813,7361
30813,356
30813,589
30813,47
30813,1210
30813,58559
30813,60069
30813,32
30813,4973
87529,8873
87529,46578
87529,71033
87529,67255
87529,6016
87529,30707
87529,78574
87529,47491
87529,79132
87529,50068
111798,58559
111798,2329
111798,296
111798,46578
111798,1
111798,4973
111798,79132
111798,778
111798,68237
111798,8961
63836,597
63836,4993
63836,2762
63836,3578
63836,318
63836,296
63836,5952
63836,509
63836,111
63836,1097
20801,6539
20801,2706
20801,55820
20801,4995
20801,33166
20801,3916
20801,104
20801,903
20801,50
20801,5010
37283,71535
37283,296
37283,69122
37283,58559
37283,7438
37283,6874
37283,81591
37283,4226
37283,51255
37283,81845
122514,1206
122514,2791
122514,85774
122514,78160
122514,77455
122514,8917
122514,2716
122514,68157
122514,79702
122514,69122
78750,58559
78750,47
78750,68157
78750,81591
78750,74458
78750,44555
78750,32
78750,2329
78750,79357
78750,48774
79696,457
79696,33679
79696,858
79696,33660
79696,7143
79696,2571
79696,2762
79696,1610
79696,1198
79696,7153
119741,4963
119741,260
119741,1653
119741,1265
119741,2028
119741,593
119741,3175
119741,8644
119741,3751
119741,5989
60239,296
60239,2731
60239,4298
60239,7063
60239,5690
60239,908
60239,7022
60239,1089
60239,913
60239,7099
56883,106696
56883,38038
56883,41566
56883,59315
56883,81847
56883,30793
56883,72998
56883,45431
56883,69844
56883,45722
92238,106100
92238,1221
92238,48394
92238,48774
92238,4776
92238,105844
92238,1090
92238,55363
92238,1617
92238,5954
60668,48516
60668,1208
60668,2329
60668,50
60668,2858
60668,111
60668,1136
60668,1201
60668,260
60668,1196
138126,88810
138126,588
138126,2081
138126,595
138126,4306
138126,356
138126,2918
138126,1028
138126,1968
138126,79132
13952,3275
13952,41566
13952,6350
13952,52722
13952,81834
13952,33493
13952,59784
13952,51662
13952,45517
13952,8958
102858,6537
102858,8644
102858,33493
102858,316
102858,4638
102858,6539
102858,7458
102858,5445
102858,41569
102858,45722
134151,527
134151,356
134151,590
134151,1962
134151,1097
134151,587
134151,3296
134151,1035
134151,457
134151,1124
27429,6333
27429,5903
27429,356
27429,2858
27429,6541
27429,31685
27429,33162
27429,8983
27429,648
27429,48780
28002,7361
28002,1258
28002,4226
28002,593
28002,2858
28002,3949
28002,16
28002,1193
28002,1617
28002,2571
13227,2203
13227,931
13227,3435
13227,911
13227,3424
13227,562
13227,930
13227,928
13227,7013
13227,800
136038,6539
136038,8360
136038,4886
136038,35836
136038,4963
136038,8961
136038,1580
136038,8784
136038,296
136038,3948
106732,33794
106732,4886
106732,1682
106732,56367
106732,8361
106732,2291
106732,4720
106732,6874
106732,35836
106732,318
90334,2918
90334,1136
90334,2502
90334,2706
90334,3253
90334,1198
90334,2571
90334,1196
90334,2947
90334,296
32125,587
32125,1961
32125,597
32125,1721
32125,3259
32125,5620
32125,3252
32125,3844
32125,1393
32125,1569
67268,1197
67268,4306
67268,318
67268,6377
67268,55267
67268,595
67268,2080
67268,1968
67268,1380
67268,899
16133,778
16133,2762
16133,48516
16133,4011
16133,81591
16133,2542
16133,1193
16133,27773
16133,63082
16133,1213
63478,32
63478,750
63478,48394
63478,1206
63478,70286
63478,924
63478,32587
63478,6874
63478,112556
63478,46578
35411,4995
35411,33166
35411,55820
35411,36517
35411,30812
35411,40819
35411,8784
35411,34162
35411,33660
35411,49272
6652,593
6652,1291
6652,318
6652,1
6652,110
6652,356
6652,296
6652,1240
6652,457
6652,50
83084,588
83084,2081
83084,356
83084,1721
83084,2762
83084,8360
83084,5218
83084,6539
83084,1073
83084,500
91531,1136
91531,45728
91531,364
91531,2918
91531,1215
91531,1240
91531,35836
91531,8807
91531,44191
91531,8957
89319,2959
89319,8961
89319,4306
89319,4963
89319,72998
89319,59369
89319,6377
89319,6333
89319,54259
89319,68358
22172,81847
22172,69844
22172,50872
22172,5418
22172,69122
22172,73017
22172,78499
22172,54259
22172,4306
22172,49272
112941,1198
112941,260
112941,318
112941,34405
112941,2502
112941,4993
112941,34048
112941,110
112941,589
112941,3793
129005,81591
129005,64957
129005,39446
129005,52281
129005,45517
129005,50872
129005,76251
129005,53972
129005,57640
129005,53953
96029,587
96029,1608
96029,3107
96029,524
96029,2268
96029,539
96029,5014
96029,318
96029,110
96029,1704
65043,47629
65043,8961
65043,46578
65043,44191
65043,4973
65043,8970
65043,49272
65043,30749
65043,6377
65043,52579
94310,4886
94310,5418
94310,1
94310,356
94310,110
94310,3793
94310,5445
94310,589
94310,150
94310,4995
113432,6874
113432,2858
113432,1704
113432,48516
113432,97304
113432,1210
113432,1213
113432,7361
113432,1258
113432,293
64404,1096
64404,1247
64404,1947
64404,1952
64404,1183
64404,5060
64404,3152
64404,1674
64404,912
64404,1225
95971,59315
95971,89745
95971,40815
95971,85414
95971,2571
95971,8972
95971,91500
95971,5349
95971,59369
95971,50872
112052,1196
112052,78499
112052,1136
112052,318
112052,7438
112052,3000
112052,1198
112052,1148
112052,5903
112052,3527
54145,79132
54145,595
54145,6377
54145,48394
54145,551
54145,76093
54145,68954
54145,3081
54145,37729
54145,61240
70918,3408
70918,3147
70918,2997
70918,5669
70918,7438
70918,46723
70918,3160
70918,6953
70918,1784
70918,7153
48692,318
48692,608
48692,4226
48692,1265
48692,2571
48692,2959
48692,296
48692,1136
48692,345
48692,1394
55736,3147
55736,1721
55736,6539
55736,7438
55736,4308
55736,6377
55736,3948
55736,4720
55736,3785
55736,318
102994,110
102994,48516
102994,50
102994,58559
102994,356
102994,2959
102994,858
102994,593
102994,6539
102994,1089
94739,1197
94739,593
94739,527
94739,56367
94739,81845
94739,2858
94739,1247
94739,4886
94739,1265
94739,1270
69322,68954
69322,356
69322,1265
69322,1198
69322,78499
69322,2918
69322,4993
69322,50872
69322,1270
69322,750
34067,3527
34067,30810
34067,49272
34067,2804
34067,74458
34067,7139
34067,2707
34067,52952
34067,1193
34067,2278
29919,4085
29919,2000
29919,3527
29919,2001
29919,2167
29919,296
29919,1223
29919,1136
29919,1036
29919,1918
22757,50
22757,2571
22757,1036
22757,1580
22757,260
22757,1198
22757,608
22757,1214
22757,2329
22757,1
74697,49530
74697,54286
74697,53972
74697,54997
74697,35836
74697,54736
74697,58559
74697,49272
74697,33166
74697,6539
129319,1210
129319,593
129319,2858
129319,2571
129319,2959
129319,296
129319,7153
129319,32
129319,4973
129319,293
33296,68358
33296,51662
33296,2502
33296,8368
33296,33794
33296,8665
33296,72998
33296,76093
33296,89745
33296,6378
124763,7438
124763,44191
124763,6874
124763,8961
124763,356
124763,55820
124763,3578
124763,110
124763,4306
124763,1270
11900,6874
11900,1097
11900,7438
11900,8985
11900,1377
11900,592
11900,2232
11900,1270
11900,924
11900,2004
40052,26662
40052,34405
40052,31658
40052,2905
40052,7925
40052,7766
40052,56171
40052,3030
40052,5291
40052,34437
102712,32
102712,318
102712,2762
102712,4306
102712,2959
102712,3578
102712,4995
102712,1527
102712,593
102712,6711
4575,1210
4575,2467
4575,1036
4575,7254
4575,70286
4575,1208
4575,1387
4575,81591
4575,1645
4575,780
80421,79132
80421,364
80421,6539
80421,4306
80421,4886
80421,63082
80421,58559
80421,8360
80421,1721
80421,594
95327,54272
95327,94864
95327,102445
95327,88744
95327,46970
95327,62434
95327,8641
95327,61024
95327,57669
95327,55765
2299,1
2299,39183
2299,1210
2299,58559
2299,2657
2299,46578
2299,581
2299,5618
2299,1198
2299,7361
103011,457
103011,1198
103011,527
103011,593
103011,1617
103011,296
103011,913
103011,356
103011,150
103011,1221
112674,3424
112674,1732
112674,4218
112674,2248
112674,3608
112674,296
112674,2959
112674,608
112674,1673
112674,30810
14544,5989
14544,292
14544,2617
14544,5679
14544,46578
14544,661
14544,48516
14544,8376
14544,1405
14544,45722
61107,33166
61107,3535
61107,919
61107,908
61107,1097
61107,74458
61107,1997
61107,6502
61107,55820
61107,4027
94876,46578
94876,6942
94876,52973
94876,50740
94876,4973
94876,44195
94876,49272
94876,26712
94876,318
94876,39183
28884,7090
28884,32
28884,47
28884,1527
28884,7438
28884,593
28884,2329
28884,172
28884,4226
28884,110
62710,70286
62710,91529
62710,69481
62710,55247
62710,51255
62710,8874
62710,64614
62710,44555
62710,109374
62710,6870
48234,79132
48234,858
48234,60069
48234,33166
48234,527
48234,33794
48234,49530
48234,110
48234,27773
48234,55765
10614,1196
10614,1221
10614,2028
10614,3062
10614,593
10614,3578
10614,296
10614,1210
10614,1242
10614,750
87112,48516
87112,1210
87112,48774
87112,318
87112,1196
87112,908
87112,48394
87112,593
87112,903
87112,1219
41451,593
41451,2028
41451,58559
41451,1527
41451,6016
41451,260
41451,3578
41451,2997
41451,3147
41451,4963
67494,8961
67494,7153
67494,527
67494,41566
67494,919
67494,3147
67494,2081
67494,6333
67494,2028
67494,1073
72166,33794
72166,54286
72166,32587
72166,44191
72166,60684
72166,5010
72166,5445
72166,3555
72166,3275
72166,2571
6117,2959
6117,47
6117,2762
6117,1196
6117,1214
6117,7438
6117,32587
6117,3081
6117,1270
6117,6711
54414,527
54414,296
54414,372
54414,5377
54414,4361
54414,1259
54414,597
54414,63876
54414,1958
54414,2762
49273,7361
49273,47
49273,8636
49273,2716
49273,1036
49273,4306
49273,590
49273,648
49273,44191
49273,2115
17610,59315
17610,318
17610,1270
17610,2572
17610,1198
17610,33794
17610,4963
17610,110
17610,3578
17610,51662
36278,2716
36278,6662
36278,3671
36278,1136
36278,3052
36278,541
36278,1270
36278,1396
36278,2528
36278,589
68584,85414
68584,48394
68584,4963
68584,44191
68584,49272
68584,69122
68584,1270
68584,480
68584,32587
68584,6539
11790,4973
11790,58559
11790,7153
11790,2858
11790,46578
11790,1704
11790,30749
11790,32
11790,3949
11790,48394
91836,4993
91836,4226
91836,1
91836,6711
91836,6016
91836,1732
91836,50
91836,5952
91836,47
91836,3578
136864,3147
136864,356
136864,2081
136864,527
136864,4306
136864,1028
136864,3034
136864,1
136864,4886
136864,31658
66044,1213
66044,2858
66044,1221
66044,50
66044,55820
66044,1219
66044,1089
66044,1203
66044,68157
66044,111
17857,1
17857,1291
17857,1136
17857,318
17857,2804
17857,953
17857,913
17857,4027
17857,50
17857,1036
6438,5418
6438,70286
6438,79132
6438,69122
6438,7153
6438,2959
6438,79702
6438,51255
6438,86332
6438,66934
103781,1284
103781,593
103781,2571
103781,1219
103781,1240
103781,913
103781,1206
103781,1080
103781,1291
103781,2858
24397,1527
24397,79132
24397,1732
24397,2762
24397,2329
24397,110
24397,99114
24397,2529
24397,778
24397,7361
112733,2571
112733,1219
112733,110
112733,2023
112733,1208
112733,6016
112733,4993
112733,1227
112733,4848
112733,2858
21170,33794
21170,58559
21170,54286
21170,49272
21170,79132
21170,69122
21170,77561
21170,48780
21170,96079
21170,72998
91507,34319
91507,733
91507,318
91507,5349
91507,6934
91507,6365
91507,54736
91507,1704
91507,44199
91507,2353
70337,6942
70337,33679
70337,45720
70337,40815
70337,4447
70337,4896
70337,8916
70337,5349
70337,41566
70337,30816
31349,1387
31349,7153
31349,5952
31349,527
31349,50
31349,541
31349,1250
31349,111
31349,1204
31349,380
111346,922
111346,1198
111346,858
111346,1230
111346,260
111346,1136
111346,1214
111346,919
111346,318
111346,4034
79143,527
79143,2571
79143,1246
79143,318
79143,5418
79143,40819
79143,46578
79143,8970
79143,593
79143,4306
8639,1732
8639,4973
8639,1682
8639,1200
8639,3578
8639,6
8639,1673
8639,3160
8639,903
8639,1225
96019,99114
96019,77561
96019,2571
96019,74458
96019,87232
96019,86332
96019,76251
96019,59369
96019,8874
96019,73017
58321,6539
58321,51255
58321,33794
58321,56367
58321,45431
58321,63131
58321,7153
58321,58559
58321,6863
58321,49272
98491,5445
98491,84392
98491,60753
98491,84601
98491,110
98491,4776
98491,89470
98491,69757
98491,94864
98491,5995
126964,648
126964,49530
126964,4306
126964,48516
126964,49272
126964,5989
126964,2006
126964,2329
126964,527
126964,45447
69430,70286
69430,296
69430,58559
69430,99114
69430,42725
69430,593
69430,1732
69430,2028
69430,68157
69430,1206
87954,1282
87954,41566
87954,2078
87954,150
87954,1270
87954,3675
87954,2683
87954,45720
87954,3101
87954,3948
118145,7438
118145,6874
118145,1196
118145,6807
118145,1258
118145,33794
118145,1208
118145,2329
118145,223
118145,31658
15946,8874
15946,3671
15946,3052
15946,8917
15946,2918
15946,441
15946,4489
15946,2716
15946,3210
15946,3253
60862,7153
60862,2571
60862,2028
60862,1200
60862,1196
60862,1215
60862,1240
60862,1387
60862,1090
60862,2762
9628,79132
9628,2571
9628,69122
9628,33794
9628,7143
9628,31685
9628,4993
9628,8984
9628,3793
9628,296
75964,111
75964,4226
75964,2959
75964,2858
75964,296
75964,608
75964,593
75964,1208
75964,1213
75964,1206
41728,1210
41728,47
41728,260
41728,110
41728,3578
41728,1036
41728,1196
41728,2716
41728,5952
41728,4993
9087,64614
9087,55820
9087,48780
9087,54997
9087,58559
9087,48738
9087,54503
9087,51091
9087,55290
9087,48696
79965,44191
79965,3786
79965,60069
79965,3186
79965,4896
79965,55052
79965,79702
79965,81845
79965,43744
79965,41566
99171,42004
99171,6993
99171,34072
99171,6773
99171,8966
99171,27790
99171,8610
99171,26425
99171,6620
99171,46578
102188,357
102188,1704
102188,4246
102188,4014
102188,3077
102188,1035
102188,1682
102188,1265
102188,1079
102188,17
38534,296
38534,5989
38534,3897
38534,904
38534,2324
38534,3160
38534,1095
38534,55820
38534,7147
38534,3996
113116,1584
113116,1265
113116,7360
113116,1653
113116,7254
113116,4720
113116,253
113116,33794
113116,88744
113116,1748
78470,91658
78470,91630
78470,95510
78470,91500
78470,88744
78470,99114
78470,73017
78470,102445
78470,80463
78470,72998
71815,58559
71815,7153
71815,4993
71815,2329
71815,7143
71815,5952
71815,2628
71815,44665
71815,37731
71815,48516
83237,1219
83237,364
83237,5991
83237,2918
83237,50872
83237,48
83237,37729
83237,5618
83237,4973
83237,2096
130193,608
130193,33660
130193,858
130193,81257
130193,63876
130193,428
130193,51540
130193,954
130193,1230
130193,44199
31819,1197
31819,1198
31819,1193
31819,1089
31819,2028
31819,2804
31819,3421
31819,50
31819,1206
31819,47
130572,592
130572,1721
130572,2011
130572,2617
130572,153
130572,33493
130572,1573
130572,480
130572,5349
130572,1210
3693,74458
3693,356
3693,593
3693,293
3693,48774
3693,1221
3693,2329
3693,68157
3693,1201
3693,51662
126237,1198
126237,318
126237,2502
126237,1923
126237,2571
126237,2997
126237,4226
126237,79091
126237,1288
126237,357
103510,2858
103510,7153
103510,32
103510,2571
103510,1208
103510,903
103510,111
103510,904
103510,1222
103510,2329
7786,5349
7786,2081
7786,296
7786,1197
7786,318
7786,56757
7786,3578
7786,76093
7786,51662
7786,68954
20326,69844
20326,79132
20326,2687
20326,5218
20326,260
20326,2355
20326,1688
20326,919
20326,1136
20326,58559
65842,82461
65842,72998
65842,80219
65842,58559
65842,86882
65842,81591
65842,87485
65842,84152
65842,68157
65842,86880
115883,2959
115883,260
115883,1196
115883,318
115883,1240
115883,1270
115883,589
115883,1200
115883,109487
115883,5618
129021,7153
129021,47
129021,4993
129021,1527
129021,2329
129021,7361
129021,4226
129021,44191
129021,58559
129021,59315
20475,60069
20475,2329
20475,2571
20475,3160
20475,1884
20475,1258
20475,1193
20475,2997
20475,7371
20475,2762
53333,2542
53333,47
53333,4226
53333,4306
53333,2692
53333,2762
53333,5995
53333,6377
53333,6874
53333,7153
42866,733
42866,1196
42866,3793
42866,4963
42866,318
42866,53972
42866,1210
42866,377
42866,1101
42866,2959
106221,4886
106221,1732
106221,81591
106221,48774
106221,2997
106221,36529
106221,1653
106221,63072
106221,63082
106221,72998
78609,2858
78609,3083
78609,6954
78609,6016
78609,4226
78609,2959
78609,1258
78609,1
78609,1175
78609,6711
136684,3535
136684,97913
136684,48394
136684,4878
136684,4886
136684,2762
136684,1258
136684,81564
136684,79091
136684,1196
118032,1022
118032,5952
118032,4993
118032,7153
118032,2762
118032,3499
118032,4306
118032,2858
118032,7361
118032,8961
95238,92259
95238,1250
95238,3967
95238,68237
95238,5669
95238,6286
95238,76738
95238,1653
95238,7980
95238,2944
42379,88125
42379,33794
42379,73017
42379,91529
42379,3793
42379,81834
42379,59369
42379,48780
42379,1210
42379,68358
26885,48780
26885,48774
26885,37733
26885,44195
26885,41997
26885,40819
26885,8949
26885,37741
26885,8961
26885,49530
78415,778
78415,2502
78415,48516
78415,1193
78415,1732
78415,46578
78415,1222
78415,593
78415,56782
78415,1258
4550,1265
4550,912
4550,50
4550,541
4550,1136
4550,4027
4550,2571
4550,919
4550,913
4550,1270
78362,1104
78362,86833
78362,2248
78362,52973
78362,2080
78362,8784
78362,4886
78362,1057
78362,67734
78362,914
12512,260
12512,1196
12512,1240
12512,2947
12512,58559
12512,4963
12512,2028
12512,527
12512,858
12512,33794
102966,858
102966,2858
102966,7361
102966,4226
102966,318
102966,1197
102966,5291
102966,1199
102966,1252
102966,904
67629,1
67629,2324
67629,30749
67629,1035
67629,6331
67629,1207
67629,50872
67629,4973
67629,1148
67629,5952
27666,55290
27666,45517
27666,60069
27666,50872
27666,33794
27666,59315
27666,58559
27666,8958
27666,46578
27666,49530
115024,1196
115024,260
115024,58559
115024,1198
115024,60069
115024,4993
115024,110
115024,76093
115024,1210
115024,356
33673,2692
33673,79132
33673,5952
33673,2329
33673,32
33673,3949
33673,1210
33673,1193
33673,858
33673,1136
18592,4886
18592,3448
18592,1378
18592,592
18592,95
18592,5049
18592,2478
18592,4623
18592,1918
18592,553
36266,1136
36266,1193
36266,1089
36266,912
36266,1213
36266,4226
36266,750
36266,1617
36266,2858
36266,8961
115289,50
115289,356
115289,2028
115289,480
115289,1196
115289,5952
115289,4993
115289,1291
115289,1270
115289,589
35825,5952
35825,7153
35825,4993
35825,1580
35825,1097
35825,2858
35825,1682
35825,590
35825,2987
35825,3328
23705,1291
23705,3499
23705,150
23705,1954
23705,3578
23705,1259
23705,5952
23705,4041
23705,858
23705,1962
34950,56367
34950,8784
34950,1704
34950,60069
34950,69757
34950,1307
34950,81591
34950,500
34950,58998
34950,2291
20076,6539
20076,4226
20076,1089
20076,296
20076,3996
20076,541
20076,3147
20076,8589
20076,6807
20076,480
60710,364
60710,4995
60710,6377
60710,1682
60710,4973
60710,56367
60710,2396
60710,4308
60710,357
60710,2762
21923,2858
21923,750
21923,2959
21923,4914
21923,296
21923,1077
21923,50
21923,1251
21923,2731
21923,2571
7835,7090
7835,32
7835,1148
7835,7438
7835,593
7835,6953
7835,1136
7835,541
7835,1059
7835,1258
46579,2000
46579,592
46579,1320
46579,2762
46579,6539
46579,8874
46579,7360
46579,7980
46579,1263
46579,1729
59571,1270
59571,2571
59571,6377
59571,1923
59571,4995
59571,5418
59571,3578
59571,1580
59571,364
59571,6539
83503,2028
83503,1196
83503,33794
83503,2329
83503,48516
83503,293
83503,5418
83503,1240
83503,1036
83503,1270
4500,50872
4500,39292
4500,8623
4500,6662
4500,60069
4500,8228
4500,7084
4500,36517
4500,8970
4500,30749
126714,33794
126714,2987
126714,5444
126714,6807
126714,30793
126714,5418
126714,8865
126714,924
126714,5218
126714,588
79067,2959
79067,296
79067,541
79067,912
79067,1193
79067,1057
79067,2997
79067,1136
79067,923
79067,4144
99326,1265
99326,2791
99326,1961
99326,1193
99326,457
99326,58559
99326,1222
99326,1387
99326,1259
99326,1704
97175,7153
97175,4993
97175,2959
97175,6870
97175,750
97175,5902
97175,2966
97175,471
97175,1089
97175,3481
79137,260
79137,4963
79137,1089
79137,4878
79137,1961
79137,733
79137,2268
79137,293
79137,5989
79137,1208
80778,923
80778,4226
80778,1333
80778,2160
80778,1199
80778,2571
80778,2997
80778,1196
80778,2959
80778,1252
123945,44191
123945,4993
123945,7153
123945,4973
123945,3793
123945,91529
123945,2858
123945,5952
123945,2329
123945,76251
98195,1265
98195,589
98195,480
98195,260
98195,1270
98195,648
98195,377
98195,10
98195,2571
98195,4886
60485,2335
60485,2694
60485,35836
60485,2060
60485,6548
60485,231
60485,145
60485,6957
60485,7376
60485,3717
95049,6548
95049,5507
95049,4369
95049,1036
95049,8644
95049,7439
95049,95
95049,44665
95049,5010
95049,6537
92706,86833
92706,7160
92706,51540
92706,5617
92706,2858
92706,44974
92706,50
92706,72720
92706,40732
92706,2580
50030,34405
50030,8961
50030,32587
50030,44191
50030,70286
50030,60684
50030,73017
50030,72998
50030,37729
50030,44195
128351,1089
128351,858
128351,1136
128351,2571
128351,4226
128351,2329
128351,1222
128351,1732
128351,4878
128351,318
17840,4886
17840,110
17840,595
17840,33794
17840,2394
17840,60069
17840,5349
17840,780
17840,51662
17840,2617
122035,72998
122035,185
122035,1597
122035,253
122035,527
122035,6863
122035,1387
122035,76251
122035,56171
122035,2471
13049,3147
13049,2115
13049,1704
13049,48774
13049,2700
13049,778
13049,3081
13049,6711
13049,4963
13049,2161
137123,4993
137123,6539
137123,50872
137123,589
137123,8636
137123,1580
137123,40815
137123,3793
137123,53996
137123,51662
137461,1197
137461,1270
137461,49272
137461,356
137461,5952
137461,318
137461,3897
137461,33166
137461,8961
137461,1222
74631,8961
74631,4886
74631,50872
74631,6539
74631,1197
74631,594
74631,2355
74631,551
74631,5218
74631,2085
70570,2858
70570,1080
70570,2011
70570,1258
70570,1884
70570,2657
70570,111
70570,1240
70570,7022
70570,4886
33367,81591
33367,56367
33367,63082
33367,88129
33367,69757
33367,106920
33367,4226
33367,89864
33367,68157
33367,96610
15039,1
15039,364
15039,1270
15039,480
15039,260
15039,780
15039,2716
15039,1197
15039,594
15039,597
17367,5349
17367,1
17367,1240
17367,480
17367,1198
17367,1270
17367,2762
17367,26662
17367,4886
17367,33794
10011,44555
10011,5952
10011,7361
10011,2542
10011,1193
10011,293
10011,47
10011,1089
10011,2762
10011,64614
88079,356
88079,7293
88079,597
88079,4306
88079,1197
88079,912
88079,4823
88079,2918
88079,4973
88079,4246
61627,33880
61627,55444
61627,1611
61627,5508
61627,6162
61627,6023
61627,6898
61627,7748
61627,37955
61627,30803
97608,2959
97608,4239
97608,4963
97608,5989
97608,88163
97608,7254
97608,6942
97608,296
97608,2858
97608,1246
86125,2762
86125,4226
86125,593
86125,527
86125,6870
86125,318
86125,5669
86125,904
86125,7361
86125,1193
136069,858
136069,457
136069,527
136069,6
136069,2959
136069,4034
136069,6874
136069,1213
136069,1466
136069,33660
32594,1136
32594,2959
32594,527
32594,3578
32594,318
32594,54286
32594,3147
32594,293
32594,2329
32594,33794
19923,79132
19923,4011
19923,3949
19923,4262
19923,1884
19923,6874
19923,2291
19923,5995
19923,1258
19923,1466
128069,1682
128069,318
128069,3160
128069,1136
128069,2313
128069,1333
128069,2360
128069,7323
128069,5147
128069,1961
131442,296
131442,2762
131442,1196
131442,1291
131442,2959
131442,733
131442,1580
131442,380
131442,1610
131442,2174
113237,2762
113237,4993
113237,858
113237,2571
113237,7361
113237,6377
113237,296
113237,541
113237,2997
113237,48394
75361,47
75361,1089
75361,4973
75361,3949
75361,2329
75361,48394
75361,551
75361,2174
75361,593
75361,1193
6707,356
6707,51662
6707,4995
6707,58047
6707,4246
6707,1784
6707,5952
6707,7153
6707,4993
6707,597
102894,5952
102894,50
102894,356
102894,59315
102894,68358
102894,55908
102894,858
102894,64614
102894,7361
102894,527
1023,1580
1023,356
1023,6377
1023,8961
1023,588
1023,4886
1023,1721
1023,44022
1023,33615
1023,480
117195,5952
117195,480
117195,2028
117195,527
117195,1961
117195,62
117195,1584
117195,457
117195,1374
117195,1291
68989,318
68989,858
68989,50
68989,296
68989,1089
68989,2542
68989,1732
68989,6016
68989,750
68989,2502
97428,5995
97428,44555
97428,296
97428,4306
97428,68954
97428,7323
97428,92259
97428,81591
97428,2329
97428,81845
98413,33794
98413,2329
98413,1580
98413,296
98413,2028
98413,48385
98413,3147
98413,54272
98413,1036
98413,293
32122,72998
32122,5952
32122,68157
32122,318
32122,33794
32122,48780
32122,60069
32122,110
32122,1198
32122,589
68606,59315
68606,5418
68606,589
68606,1036
68606,4963
68606,2571
68606,58559
68606,457
68606,1240
68606,356
90885,7361
90885,60069
90885,4993
90885,46578
90885,32
90885,1682
90885,1197
90885,8961
90885,1
90885,4973
123026,608
123026,79132
123026,296
123026,7153
123026,5952
123026,4993
123026,1036
123026,48780
123026,2858
123026,99114
61925,50
61925,2858
61925,32587
61925,47
61925,1198
61925,6539
61925,356
61925,527
61925,1288
61925,2329
95237,4226
95237,4886
95237,4993
95237,2959
95237,32587
95237,54286
95237,3578
95237,49272
95237,2762
95237,8360
75842,8533
75842,4973
75842,2324
75842,4014
75842,5014
75842,5878
75842,31685
75842,30816
75842,6187
75842,8873
79619,318
79619,3578
79619,2329
79619,47
79619,253
79619,3147
79619,4226
79619,4306
79619,1961
79619,590
44365,46578
44365,33794
44365,50872
44365,8961
44365,58559
44365,54286
44365,59315
44365,36517
44365,48394
44365,48780
68872,68358
68872,61240
68872,56367
68872,64614
68872,60950
68872,63876
68872,64575
68872,62293
68872,61729
68872,67267
132833,50
132833,318
132833,2959
132833,480
132833,46578
132833,6711
132833,1
132833,3578
132833,48394
132833,593
84380,50872
84380,49272
84380,1721
84380,4022
84380,54286
84380,44191
84380,780
84380,41566
84380,48516
84380,1197
65678,4226
65678,318
65678,593
65678,1213
65678,750
65678,1201
65678,908
65678,904
65678,1206
65678,1262
26974,1923
26974,1580
26974,733
26974,288
26974,2355
26974,3527
26974,1266
26974,5418
26974,778
26974,2174
40119,356
40119,6377
40119,79132
40119,8368
40119,4896
40119,5989
40119,58559
40119,50872
40119,527
40119,112290
77966,480
77966,1198
77966,1036
77966,32587
77966,5418
77966,49530
77966,2762
77966,45499
77966,4963
77966,1954
42909,79132
42909,3527
42909,1580
42909,76251
42909,592
42909,4886
42909,2403
42909,1954
42909,6537
42909,1982
13018,4993
13018,32
13018,1136
13018,48394
13018,55290
13018,1263
13018,1276
13018,5952
13018,7153
13018,2194
120617,4226
120617,7361
120617,2571
120617,4878
120617,55820
120617,908
120617,6440
120617,27773
120617,4914
120617,25771
69941,1200
69941,2959
69941,1967
69941,296
69941,7153
69941,4993
69941,1198
69941,260
69941,5690
69941,2291
74175,3000
74175,1209
74175,924
74175,1201
74175,2019
74175,541
74175,858
74175,2529
74175,27397
74175,2949
87900,110
87900,527
87900,2716
87900,858
87900,2028
87900,1
87900,457
87900,589
87900,1221
87900,1197
74384,47518
74384,5110
74384,8528
74384,54503
74384,42725
74384,104
74384,2060
74384,2791
74384,8807
74384,59315
17138,593
17138,318
17138,2858
17138,3147
17138,4995
17138,4993
17138,2291
17138,223
17138,2692
17138,1193
8705,480
8705,1580
8705,1270
8705,2918
8705,364
8705,318
8705,2571
8705,500
8705,2762
8705,1265
36581,589
36581,318
36581,2571
36581,296
36581,260
36581,47
36581,1196
36581,8874
36581,1200
36581,1240
40148,33615
40148,110
40148,1
40148,587
40148,480
40148,3578
40148,5952
40148,4993
40148,2012
40148,1097
19968,480
19968,33794
19968,6377
19968,5952
19968,4995
19968,4896
19968,4886
19968,8961
19968,1721
19968,1270
17527,1682
17527,1240
17527,593
17527,6539
17527,4011
17527,527
17527,318
17527,4226
17527,260
17527,1089
41034,150
41034,2571
41034,858
41034,1213
41034,593
41034,2762
41034,1393
41034,3147
41034,1923
41034,1784
109325,318
109325,4226
109325,1193
109325,2858
109325,296
109325,1230
109325,68157
109325,1247
109325,750
109325,2571
27971,318
27971,2858
27971,47
27971,50
27971,904
27971,1193
27971,150
27971,1198
27971,1945
27971,590
2775,52973
2775,35836
2775,5110
2775,8874
2775,44191
2775,4963
2775,59369
2775,7143
2775,110
2775,55765
48038,5418
48038,2391
48038,1285
48038,1923
48038,6870
48038,1358
48038,3210
48038,1527
48038,1396
48038,44191
34725,72998
34725,6373
34725,73017
34725,4963
34725,364
34725,6377
34725,4886
34725,8984
34725,51662
34725,3147
3739,7153
3739,296
3739,2858
3739,5971
3739,551
3739,318
3739,364
3739,4226
3739,1
3739,2291
70119,79357
70119,7361
70119,60069
70119,32
70119,97752
70119,1748
70119,5903
70119,5618
70119,1240
70119,2672
91704,318
91704,1527
91704,7438
91704,593
91704,3000
91704,48394
91704,858
91704,1214
91704,44191
91704,527
77584,4306
77584,527
77584,1270
77584,2762
77584,5349
77584,589
77584,2194
77584,1674
77584,1219
77584,1225
34426,1193
34426,1968
34426,40819
34426,608
34426,1732
34426,3897
34426,6953
34426,16
34426,1246
34426,34162
48053,2398
48053,1197
48053,68954
48053,318
48053,1073
48053,6377
48053,4306
48053,4995
48053,2797
48053,1265
35109,54503
35109,97304
35109,46723
35109,46578
35109,35836
35109,55280
35109,47099
35109,44191
35109,87306
35109,67255
108063,4995
108063,2329
108063,5952
108063,7153
108063,2858
108063,32587
108063,1206
108063,593
108063,1
108063,1291
32224,8949
32224,7254
32224,44191
32224,34319
32224,5015
32224,38038
32224,37729
32224,6957
32224,7438
32224,1729
108139,1197
108139,1291
108139,47
108139,110
108139,2502
108139,1136
108139,4027
108139,1206
108139,5971
108139,4011
103070,1267
103070,8337
103070,923
103070,3469
103070,903
103070,1276
103070,1219
103070,593
103070,44555
103070,5008
99577,7361
99577,608
99577,2395
99577,5902
99577,750
99577,1732
99577,4878
99577,1193
99577,1089
99577,1136
5708,318
5708,4993
5708,2329
5708,296
5708,924
5708,1210
5708,1196
5708,260
5708,541
5708,1625
49124,592
49124,1923
49124,3147
49124,8368
49124,349
49124,2406
49124,4085
49124,3671
49124,2951
49124,1517
109788,79091
109788,76093
109788,7147
109788,95088
109788,55269
109788,88129
109788,102194
109788,96655
109788,81847
109788,68157
2969,2858
2969,4963
2969,2028
2969,54286
2969,5418
2969,2502
2969,589
2969,49530
2969,55820
2969,8665
106251,2858
106251,6502
106251,32587
106251,33794
106251,2139
106251,6242
106251,1206
106251,594
106251,1921
106251,1282
111921,48516
111921,1196
111921,5418
111921,1198
111921,4995
111921,4963
111921,5445
111921,6016
111921,7147
111921,51662
110339,81847
110339,56152
110339,72998
110339,58559
110339,364
110339,59784
110339,8360
110339,5444
110339,69844
110339,7451
62348,5952
62348,7438
62348,7153
62348,6874
62348,32
62348,58559
62348,1270
62348,8961
62348,2858
62348,51255
65331,1270
65331,68237
65331,1265
65331,64839
65331,61323
65331,44191
65331,1136
65331,1073
65331,1199
65331,50
130175,48394
130175,923
130175,48774
130175,1221
130175,1204
130175,50068
130175,903
130175,4993
130175,50
130175,2028
115575,541
115575,5952
115575,527
115575,296
115575,5445
115575,4034
115575,6711
115575,1584
115575,2997
115575,1240
86066,33794
86066,81845
86066,81591
86066,47629
86066,35836
86066,96079
86066,51540
86066,31658
86066,47610
86066,34437
13665,60069
13665,2959
13665,79132
13665,51255
13665,59369
13665,4886
13665,2502
13665,47
13665,64614
13665,73017
25727,50
25727,608
25727,1221
25727,318
25727,858
25727,928
25727,8228
25727,1617
25727,1208
25727,2019
41290,2858
41290,4226
41290,33794
41290,1036
41290,593
41290,165
41290,1258
41290,1213
41290,1222
41290,4011
110775,5971
110775,1210
110775,5952
110775,2019
110775,541
110775,318
110775,2959
110775,7099
110775,720
110775,1204
58215,595
58215,7153
58215,364
58215,4973
58215,6377
58215,6539
58215,318
58215,5618
58215,72998
58215,4886
8479,47
8479,2329
8479,1193
8479,356
8479,293
8479,6016
8479,3147
8479,6953
8479,50
8479,7438
16900,2959
16900,296
16900,2571
16900,593
16900,4993
16900,7153
16900,1198
16900,3147
16900,527
16900,1136
84397,1073
84397,1214
84397,356
84397,3793
84397,551
84397,5445
84397,589
84397,2174
84397,2161
84397,293
40969,1222
40969,110
40969,318
40969,293
40969,541
40969,64614
40969,589
40969,2858
40969,1221
40969,527
10112,480
10112,1214
10112,54997
10112,7153
10112,110
10112,1517
10112,2683
10112,318
10112,733
10112,6548
68065,47
68065,2858
68065,4226
68065,356
68065,1198
68065,593
68065,79132
68065,2762
68065,68157
68065,541
123847,4963
123847,2716
123847,593
123847,377
123847,1240
123847,780
123847,1721
123847,1036
123847,6365
123847,318
2669,8961
2669,59315
2669,44195
2669,8970
2669,8949
2669,8950
2669,91529
2669,98809
2669,8784
2669,60684
17945,527
17945,293
17945,5952
17945,733
17945,32587
17945,5445
17945,50
17945,1961
17945,2916
17945,5618
74766,2959
74766,7361
74766,4973
74766,27803
74766,2843
74766,2858
74766,3949
74766,778
74766,71033
74766,1844
33106,1219
33106,2951
33106,910
33106,3030
33106,913
33106,5291
33106,3683
33106,1288
33106,6380
33106,39292
84358,593
84358,318
84358,7153
84358,356
84358,2571
84358,68157
84358,589
84358,4226
84358,33794
84358,858
96341,68358
96341,69757
96341,1
96341,1704
96341,73017
96341,33794
96341,89864
96341,480
96341,48780
96341,50872
29244,4993
29244,4886
29244,588
29244,4022
29244,2762
29244,364
29244,595
29244,2571
29244,5349
29244,2355
38396,110
38396,3578
38396,48304
38396,4995
38396,858
38396,2028
38396,1721
38396,48780
38396,1092
38396,5989
3776,589
3776,4226
3776,2858
3776,32
3776,2716
3776,6874
3776,1291
3776,3578
3776,4878
3776,7438
24692,59784
24692,54286
24692,8961
24692,32031
24692,52287
24692,33794
24692,2716
24692,2985
24692,1270
24692,48780
85146,2858
85146,593
85146,296
85146,923
85146,1617
85146,903
85146,4973
85146,527
85146,1234
85146,912
39151,2959
39151,2858
39151,37720
39151,1967
39151,31696
39151,7147
39151,480
39151,6502
39151,37729
39151,36401
17776,58559
17776,6874
17776,33794
17776,7438
17776,111362
17776,112852
17776,89745
17776,4993
17776,70286
17776,96610
89627,296
89627,4105
89627,1200
89627,7360
89627,58559
89627,1261
89627,1215
89627,1136
89627,2959
89627,33834
107269,5995
107269,594
107269,30707
107269,4993
107269,7153
107269,1
107269,1907
107269,7254
107269,48394
107269,5952
118388,2762
118388,1136
118388,2716
118388,1246
118388,231
118388,2797
118388,1036
118388,1281
118388,1097
118388,150
111638,1136
111638,47
111638,4226
111638,2959
111638,924
111638,1527
111638,52
111638,1080
111638,6711
111638,318
113164,296
113164,1923
113164,8917
113164,2329
113164,1258
113164,2858
113164,318
113164,2571
113164,7147
113164,6618
111252,4025
111252,597
111252,7293
111252,500
111252,2424
111252,339
111252,4447
111252,6155
111252,2763
111252,1307
91842,2762
91842,593
91842,4226
91842,318
91842,260
91842,1196
91842,33794
91842,8961
91842,6016
91842,1704
38222,357
38222,1682
38222,2115
38222,1265
38222,1923
38222,1393
38222,4306
38222,508
38222,593
38222,175
124350,2145
124350,778
124350,46578
124350,5577
124350,2291
124350,58559
124350,2706
124350,32587
124350,586
124350,2596
100576,356
100576,4226
100576,2028
100576,33794
100576,4011
100576,1198
100576,2918
100576,3275
100576,1270
100576,34405
42197,1214
42197,32
42197,7361
42197,4878
42197,2542
42197,293
42197,1198
42197,750
42197,608
42197,1206
65053,69757
65053,64622
65053,2959
65053,56367
65053,78039
65053,47
65053,81591
65053,8533
65053,41285
65053,89864
117952,53894
117952,260
117952,2959
117952,7438
117952,1265
117952,5902
117952,48394
117952,1206
117952,4226
117952,8622
6996,593
6996,1732
6996,1673
6996,1704
6996,4027
6996,1089
6996,1193
6996,4973
6996,1213
6996,2599
73954,50
73954,1213
73954,1089
73954,1136
73954,110
73954,356
73954,2288
73954,608
73954,924
73954,4262
79120,2571
79120,527
79120,1193
79120,4226
79120,50
79120,99114
79120,7361
79120,6016
79120,106782
79120,1222
116842,7153
116842,4993
116842,32
116842,2858
116842,1136
116842,33794
116842,5952
116842,48394
116842,1193
116842,47
49938,858
49938,1270
49938,3897
49938,3481
49938,4226
49938,912
49938,4993
49938,1206
49938,1288
49938,32
99181,589
99181,1527
99181,2959
99181,541
99181,2858
99181,1584
99181,1214
99181,1265
99181,32
99181,1196
59363,2028
59363,4306
59363,8665
59363,2762
59363,6377
59363,1302
59363,3098
59363,3448
59363,2571
59363,2918
104816,1198
104816,1036
104816,4262
104816,3147
104816,858
104816,457
104816,50
104816,2194
104816,2858
104816,223
37741,1197
37741,4878
37741,2571
37741,2959
37741,31658
37741,5952
37741,4993
37741,7153
37741,71535
37741,318
7220,60069
7220,5218
7220,51255
7220,8641
7220,64285
7220,66297
7220,69757
7220,33615
7220,56251
7220,30793
115681,1036
115681,7438
115681,6377
115681,780
115681,593
115681,318
115681,4571
115681,380
115681,104
115681,364
77173,2858
77173,4226
77173,2692
77173,2959
77173,2571
77173,2997
77173,1136
77173,6016
77173,1080
77173,50
6569,1732
6569,4878
6569,1089
6569,431
6569,48780
6569,30749
6569,1208
6569,52952
6569,1228
6569,527
27679,40819
27679,39292
27679,33166
27679,56367
27679,44195
27679,48738
27679,54286
27679,63082
27679,44191
27679,55290
27456,1022
27456,914
27456,5952
27456,2081
27456,899
27456,3114
27456,480
27456,2125
27456,3034
27456,2565
79587,2291
79587,2502
79587,1270
79587,593
79587,750
79587,1291
79587,4027
79587,1230
79587,2396
79587,527
62443,2858
62443,296
62443,3147
62443,2959
62443,593
62443,5989
62443,74458
62443,2762
62443,4973
62443,2329
56509,1197
56509,318
56509,2716
56509,296
56509,588
56509,2858
56509,2028
56509,364
56509,780
56509,6377
8284,1610
8284,589
8284,2795
8284,318
8284,6539
8284,150
8284,2918
8284,1393
8284,1198
8284,4963
107324,8970
107324,33493
107324,33004
107324,8950
107324,34405
107324,36529
107324,41285
107324,8957
107324,27773
107324,31410
33440,4878
33440,2858
33440,2959
33440,4973
33440,1732
33440,30803
33440,7034
33440,1089
33440,2585
33440,2360
17909,4963
17909,64614
17909,3147
17909,49530
17909,3578
17909,7445
17909,7153
17909,72998
17909,33660
17909,44665
126322,1036
126322,1089
126322,2329
126322,1240
126322,1610
126322,1732
126322,1225
126322,3578
126322,2692
126322,1265
54971,2762
54971,356
54971,457
54971,3753
54971,2571
54971,647
54971,780
54971,1270
54971,3252
54971,1608
20265,106920
20265,1247
20265,105504
20265,99114
20265,106782
20265,79132
20265,97921
20265,356
20265,1732
20265,2571
11865,3462
11865,7361
11865,3629
11865,1288
11865,37733
11865,58559
11865,592
11865,4878
11865,5291
11865,1254
93895,33794
93895,32
93895,59315
93895,7502
93895,56174
93895,165
93895,2826
93895,4223
93895,7445
93895,49530
73449,51662
73449,2959
73449,70286
73449,2700
73449,56174
73449,356
73449,68157
73449,57368
73449,5952
73449,7153
82839,380
82839,4993
82839,2115
82839,1090
82839,2174
82839,54272
82839,32587
82839,3948
82839,3147
82839,1641
108641,6377
108641,588
108641,1073
108641,5989
108641,3578
108641,2081
108641,2268
108641,8961
108641,4886
108641,1784
55345,7361
55345,1653
55345,8966
55345,36517
55345,1584
55345,1682
55345,6867
55345,508
55345,42004
55345,48774
9615,527
9615,6377
9615,2329
9615,318
9615,296
9615,2762
9615,4963
9615,2706
9615,5989
9615,1246
112567,48394
112567,1270
112567,5690
112567,1732
112567,924
112567,30810
112567,54881
112567,34542
112567,3435
112567,922
52414,318
52414,1704
52414,6539
52414,2918
52414,8961
52414,50
52414,1060
52414,5464
52414,3578
52414,4226
117891,4306
117891,7153
117891,4226
117891,318
117891,8961
117891,48780
117891,33794
117891,6377
117891,356
117891,44191
62560,2997
62560,6711
62560,527
62560,2918
62560,4973
62560,1784
62560,1
62560,2329
62560,34162
62560,5445
98782,593
98782,923
98782,1225
98782,1213
98782,2324
98782,1204
98782,44555
98782,1207
98782,5669
98782,48394
96369,50
96369,593
96369,6711
96369,44555
96369,924
96369,318
96369,4993
96369,47
96369,55276
96369,2020
112743,593
112743,82459
112743,1265
112743,2762
112743,1653
112743,541
112743,85414
112743,76093
112743,1214
112743,7153
32196,1291
32196,260
32196,2006
32196,1270
32196,780
32196,1210
32196,597
32196,4018
32196,356
32196,2470
12811,4973
12811,7438
12811,6874
12811,356
12811,8961
12811,4226
12811,3147
12811,4034
12811,2194
12811,5989
10408,6016
10408,356
10408,2571
10408,527
10408,1193
10408,4226
10408,92259
10408,2329
10408,2076
10408,1196
130434,904
130434,79132
130434,50
130434,1193
130434,48516
130434,913
130434,2186
130434,1270
130434,2762
130434,4993
108583,79132
108583,4896
108583,1210
108583,318
108583,5952
108583,31658
108583,8368
108583,4995
108583,1246
108583,4973
88543,1270
88543,589
88543,4226
88543,1961
88543,1682
88543,1196
88543,1258
88543,1221
88543,1240
88543,5445
114255,3503
114255,7460
114255,1305
114255,2076
114255,535
114255,97
114255,1206
114255,1572
114255,3266
114255,3949
35827,47
35827,50
35827,442
35827,778
35827,593
35827,3994
35827,318
35827,1909
35827,6537
35827,59315
73669,32
73669,7438
73669,1214
73669,318
73669,2329
73669,2858
73669,2762
73669,260
73669,1089
73669,356
137517,3793
137517,480
137517,1291
137517,2502
137517,47
137517,4306
137517,1265
137517,3114
137517,4878
137517,592
85628,593
85628,2959
85628,296
85628,56367
85628,2329
85628,47
85628,55820
85628,1358
85628,3911
85628,4878
82301,593
82301,2115
82301,296
82301,2997
82301,4973
82301,1214
82301,1580
82301,1653
82301,4370
82301,541
16873,296
16873,527
16873,2762
16873,4995
16873,2571
16873,2959
16873,1721
16873,593
16873,92259
16873,364
20379,1270
20379,4226
20379,2858
20379,3578
20379,110
20379,2762
20379,589
20379,2028
20379,1240
20379,1200
126599,1097
126599,4306
126599,2115
126599,5349
126599,1961
126599,3147
126599,1704
126599,780
126599,1580
126599,33166
3076,32
3076,1198
3076,33794
3076,733
3076,44665
3076,47
3076,7090
3076,3996
3076,527
3076,46322
82658,27820
82658,5669
82658,1131
82658,1094
82658,17
82658,1247
82658,3418
82658,2064
82658,3350
82658,1678
95592,47
95592,593
95592,32587
95592,2762
95592,3949
95592,2329
95592,3793
95592,1258
95592,253
95592,4878
7059,1198
7059,588
7059,1270
7059,6539
7059,6377
7059,110
7059,2571
7059,3578
7059,318
7059,2762
77102,2959
77102,296
77102,318
77102,593
77102,47
77102,2762
77102,7361
77102,2858
77102,2571
77102,4226
111101,1208
111101,1240
111101,780
111101,541
111101,457
111101,50
111101,1961
111101,32
111101,1222
111101,293
19503,6377
19503,56949
19503,8360
19503,367
19503,6539
19503,6155
19503,586
19503,2724
19503,60069
19503,480
42961,44191
42961,5349
42961,1
42961,79132
42961,2959
42961,72998
42961,68358
42961,8636
42961,589
42961,45722
83779,33679
83779,46530
83779,33493
83779,2115
83779,33437
83779,1485
83779,45722
83779,4993
83779,38798
83779,45186
97420,7099
97420,2959
97420,79132
97420,60069
97420,1197
97420,33794
97420,4993
97420,91529
97420,1291
97420,3275
73810,2028
73810,648
73810,5989
73810,858
73810,49530
73810,5995
73810,31410
73810,457
73810,48738
73810,44555
103223,34437
103223,33794
103223,27808
103223,33679
103223,35957
103223,36529
103223,33660
103223,33493
103223,55820
103223,36527
248,48780
248,858
248,47
248,3949
248,4995
248,1221
248,4235
248,81845
248,6
248,63082
127852,58559
127852,589
127852,2571
127852,2028
127852,318
127852,1036
127852,2762
127852,3256
127852,593
127852,1240
51574,608
51574,778
51574,8784
51574,4226
51574,5225
51574,72226
51574,1673
51574,69757
51574,441
51574,4235
52573,2028
52573,527
52573,1250
52573,6016
52573,1198
52573,1090
52573,356
52573,1263
52573,110
52573,2571
115926,6539
115926,60069
115926,1580
115926,7147
115926,81845
115926,1270
115926,97752
115926,76093
115926,68954
115926,58559
67603,2762
67603,356
67603,8784
67603,4226
67603,1073
67603,7361
67603,296
67603,7147
67603,2291
67603,3949
103960,48516
103960,70286
103960,4995
103960,1221
103960,56367
103960,4306
103960,588
103960,7153
103960,4963
103960,1197
82688,832
82688,350
82688,1573
82688,1036
82688,1597
82688,296
82688,2858
82688,34
82688,2278
82688,185
95783,2858
95783,593
95783,608
95783,1193
95783,1
95783,318
95783,1196
95783,1197
95783,527
95783,1265
40491,2858
40491,4226
40491,58
40491,318
40491,2324
40491,593
40491,6016
40491,1280
40491,265
40491,5995
110624,1
110624,8961
110624,150
110624,4995
110624,457
110624,2115
110624,1028
110624,2324
110624,5349
110624,1356
11034,78499
11034,108932
11034,2959
11034,2997
11034,296
11034,32
11034,2858
11034,26662
11034,3114
11034,4993
119746,2028
119746,1080
119746,6
119746,356
119746,541
119746,1266
119746,3198
119746,2194
119746,58559
119746,2313
111621,2858
111621,47
111621,1089
111621,356
111621,2028
111621,32587
111621,6874
111621,2700
111621,318
111621,778
30664,356
30664,1204
30664,589
30664,1233
30664,1245
30664,3006
30664,3198
30664,1246
30664,1704
30664,1573
15947,2858
15947,293
15947,68157
15947,1208
15947,5952
15947,3147
15947,4993
15947,32587
15947,51662
15947,7153
48404,953
48404,7669
48404,3675
48404,7584
48404,5299
48404,4912
48404,2941
48404,595
48404,534
48404,1197
26609,7153
26609,364
26609,6539
26609,2959
26609,5952
26609,4993
26609,318
26609,54001
26609,45499
26609,8644
26274,4993
26274,6874
26274,4011
26274,2542
26274,2395
26274,1210
26274,7438
26274,293
26274,3897
26274,6711
123969,912
123969,750
123969,1234
123969,923
123969,2406
123969,1247
123969,1380
123969,2918
123969,1136
123969,1207
77476,81845
77476,56367
77476,72720
77476,109374
77476,78039
77476,40815
77476,63082
77476,7147
77476,69757
77476,96821
124091,1580
124091,1097
124091,296
124091,4306
124091,2115
124091,500
124091,3578
124091,593
124091,1214
124091,1961
76370,2571
76370,47
76370,32587
76370,46578
76370,7438
76370,50
76370,1193
76370,527
76370,32
76370,1
28336,68358
28336,54286
28336,7153
28336,26614
28336,2571
28336,2944
28336,5418
28336,1221
28336,3654
28336,6808
2810,3793
2810,1527
2810,33794
2810,6539
2810,58559
2810,32587
2810,296
2810,1580
2810,4011
2810,7143
103141,1721
103141,8961
103141,2571
103141,4973
103141,2324
103141,4886
103141,1198
103141,318
103141,6539
103141,593
62463,5618
62463,1
62463,1258
62463,31658
62463,58559
62463,3000
62463,4878
62463,48394
62463,66097
62463,68237
120850,6377
120850,527
120850,4995
120850,2324
120850,4022
120850,500
120850,7361
120850,5989
120850,44195
120850,1961
85,79132
85,81845
85,953
85,1197
85,68954
85,60069
85,954
85,2096
85,912
85,898
50309,50
50309,1213
50309,2502
50309,1222
50309,1617
50309,2890
50309,1500
50309,223
50309,1732
50309,1136
30614,50
30614,293
30614,213
30614,48516
30614,1203
30614,6639
30614,6214
30614,2019
30614,3147
30614,49772
112337,4226
112337,1732
112337,2124
112337,33794
112337,46578
112337,2706
112337,541
112337,2716
112337,2763
112337,247
28782,1089
28782,2716
28782,4226
28782,608
28782,858
28782,7153
28782,592
28782,589
28782,4306
28782,1246
71040,4447
71040,5296
71040,5943
71040,4388
71040,7161
71040,56949
71040,39715
71040,6338
71040,8643
71040,42009
89560,260
89560,1270
89560,68157
89560,1704
89560,589
89560,2542
89560,608
89560,1208
89560,55765
89560,1291
52396,7451
52396,2291
52396,364
52396,2959
52396,40815
52396,6942
52396,68954
52396,2321
52396,2
52396,356
100601,1214
100601,77800
100601,7153
100601,78499
100601,81845
100601,85774
100601,50872
100601,3578
100601,90746
100601,89118
102512,296
102512,2959
102512,608
102512,6711
102512,46578
102512,1732
102512,1193
102512,5902
102512,2858
102512,6016
74046,1748
74046,32587
74046,2571
74046,2542
74046,48780
74046,1274
74046,296
74046,34405
74046,180
74046,6283
32501,5418
32501,590
32501,1200
32501,4226
32501,1097
32501,1197
32501,1580
32501,2716
32501,33794
32501,54286
120747,5952
120747,3578
120747,110
120747,356
120747,4993
120747,588
120747,5152
120747,3916
120747,364
120747,150
137686,54272
137686,45928
137686,27790
137686,40278
137686,48385
137686,44555
137686,8873
137686,27846
137686,51255
137686,7099
131210,593
131210,2329
131210,48516
131210,5952
131210,4993
131210,318
131210,6016
131210,3147
131210,2858
131210,296
86194,541
86194,5952
86194,318
86194,47
86194,2329
86194,79132
86194,1214
86194,1210
86194,1198
86194,50
118904,1527
118904,8665
118904,51662
118904,48780
118904,47
118904,1213
118904,2858
118904,55765
118904,5903
118904,7438
96232,1200
96232,1198
96232,68157
96232,56782
96232,79132
96232,589
96232,68237
96232,527
96232,6
96232,60069
83358,7323
83358,1584
83358,5500
83358,5445
83358,50
83358,1036
83358,593
83358,858
83358,2700
83358,1732
68469,6711
68469,1258
68469,2762
68469,1089
68469,6870
68469,4011
68469,30749
68469,590
68469,1221
68469,1732
34065,30707
34065,8784
34065,34072
34065,4973
34065,8949
34065,954
34065,33660
34065,6942
34065,6331
34065,37741
85518,4963
85518,2762
85518,3114
85518,72998
85518,1307
85518,1270
85518,4306
85518,480
85518,539
85518,3793
138461,2571
138461,7361
138461,5952
138461,4993
138461,260
138461,592
138461,318
138461,7099
138461,1073
138461,40815
23353,3996
23353,5418
23353,45722
23353,6539
23353,260
23353,318
23353,1089
23353,44191
23353,1265
23353,858
110070,858
110070,1089
110070,1245
110070,3476
110070,904
110070,903
110070,1208
110070,1221
110070,7044
110070,1219
113520,4226
113520,2291
113520,1682
113520,6874
113520,2329
113520,2918
113520,59315
113520,1193
113520,5989
113520,223
28599,79357
28599,1682
28599,2858
28599,6942
28599,67087
28599,8784
28599,6711
28599,61729
28599,86882
28599,46976
120548,47
120548,1270
120548,5349
120548,5445
120548,589
120548,10
120548,44191
120548,1036
120548,364
120548,3052
75555,954
75555,914
75555,356
75555,595
75555,7619
75555,932
75555,1207
75555,4857
75555,920
75555,318
104813,70286
104813,68954
104813,4226
104813,76093
104813,7361
104813,5445
104813,48780
104813,7153
104813,78499
104813,1
134029,79132
134029,68157
134029,68954
134029,48516
134029,56782
134029,54001
134029,4878
134029,33166
134029,8949
134029,38886
22774,2028
22774,293
22774,296
22774,110
22774,3147
22774,593
22774,50
22774,1584
22774,778
22774,527
19755,318
19755,26614
19755,4306
19755,34405
19755,1036
19755,1
19755,59315
19755,78499
19755,1527
19755,780
90462,58559
90462,68157
90462,54286
90462,63113
90462,49530
90462,96610
90462,27831
90462,73017
90462,80463
90462,96079
75660,1035
75660,8970
75660,2359
75660,6385
75660,318
75660,3897
75660,272
75660,4995
75660,38038
75660,357
18338,589
18338,1196
18338,1073
18338,1136
18338,1527
18338,1394
18338,4128
18338,353
18338,2395
18338,356
3257,68237
3257,93840
3257,3362
3257,1394
3257,541
3257,1222
3257,3676
3257,1201
3257,1199
3257,52281
71838,1031
71838,1376
71838,531
71838,7614
71838,8961
71838,551
71838,838
71838,2565
71838,2394
71838,2141
73093,8644
73093,2858
73093,35836
73093,2916
73093,588
73093,349
73093,253
73093,165
73093,8784
73093,4034
12162,4226
12162,47
12162,7153
12162,4993
12162,6365
12162,32
12162,5445
12162,1527
12162,1580
12162,377
82994,79132
82994,4306
82994,88125
82994,5952
82994,7153
82994,2571
82994,1210
82994,364
82994,356
82994,6377
61298,68157
61298,1221
61298,2858
61298,2329
61298,2762
61298,1208
61298,4011
61298,44191
61298,1732
61298,48780
90714,71379
90714,2329
90714,42725
90714,49530
90714,318
90714,6539
90714,59369
90714,59315
90714,47099
90714,5218
105320,5989
105320,47
105320,480
105320,6539
105320,500
105320,5349
105320,4963
105320,3408
105320,296
105320,2011
73639,61262
73639,2959
73639,59784
73639,356
73639,60072
73639,293
73639,593
73639,2571
73639,48780
73639,74458
99342,3421
99342,2406
99342,4121
99342,4571
99342,6659
99342,1215
99342,1394
99342,33615
99342,610
99342,2470
64371,593
64371,1196
64371,1270
64371,260
64371,1210
64371,541
64371,1206
64371,5445
64371,1127
64371,6365
14525,480
14525,5349
14525,4886
14525,1580
14525,59315
14525,7153
14525,5952
14525,4993
14525,50872
14525,79132
29222,7361
29222,31658
29222,1148
29222,745
29222,5952
29222,7153
29222,33493
29222,6333
29222,2959
29222,1223
39691,2959
39691,2028
39691,10
39691,480
39691,589
39691,1917
39691,1291
39691,1101
39691,4306
39691,56775
63501,296
63501,1198
63501,8368
63501,2959
63501,2628
63501,1291
63501,480
63501,5418
63501,44191
63501,3114
46636,63876
46636,30749
46636,74458
46636,91658
46636,93510
46636,101895
46636,60069
46636,89745
46636,55247
46636,50872
87813,79132
87813,7361
87813,102903
87813,96610
87813,97923
87813,4226
87813,104374
87813,1682
87813,4878
87813,93840
130333,1265
130333,589
130333,356
130333,2571
130333,2000
130333,733
130333,1
130333,1240
130333,318
130333,2858
128890,6502
128890,4226
128890,1219
128890,7361
128890,4641
128890,1261
128890,1200
128890,1748
128890,2692
128890,714
20397,32587
20397,356
20397,5952
20397,6539
20397,8360
20397,367
20397,293
20397,5445
20397,50872
20397,2762
49636,1198
49636,318
49636,68954
49636,3114
49636,527
49636,1304
49636,1288
49636,750
49636,908
49636,2918
93002,110
93002,8961
93002,3147
93002,1198
93002,480
93002,35836
93002,6378
93002,33493
93002,56174
93002,4896
114428,35836
114428,56367
114428,58998
114428,46972
114428,56176
114428,7254
114428,50872
114428,49286
114428,58107
114428,43679
136610,6350
136610,6539
136610,76093
136610,5349
136610,1073
136610,8972
136610,2761
136610,5064
136610,586
136610,1527
51125,593
51125,750
51125,296
51125,1208
51125,1952
51125,1263
51125,1250
51125,1252
51125,1225
51125,910
78926,1252
78926,1961
78926,8228
78926,608
78926,750
78926,1304
78926,541
78926,3551
78926,1214
78926,1208
95509,4993
95509,7153
95509,2671
95509,53125
95509,45722
95509,5952
95509,4306
95509,59725
95509,597
95509,69844
7980,4993
7980,51662
7980,33794
7980,70286
7980,5952
7980,60684
7980,3578
7980,69481
7980,76251
7980,77561
122409,6711
122409,4973
122409,1732
122409,1206
122409,1258
122409,48516
122409,1208
122409,46578
122409,48774
122409,36517
48156,1210
48156,8368
48156,50872
48156,2716
48156,26084
48156,3034
48156,60487
48156,1097
48156,2115
48156,150
46227,2959
46227,318
46227,7153
46227,1198
46227,4226
46227,1203
46227,527
46227,1136
46227,296
46227,2324
115959,110
115959,1200
115959,34405
115959,50
115959,318
115959,3578
115959,1210
115959,527
115959,293
115959,589
11917,4973
11917,4995
11917,30749
11917,5952
11917,45950
11917,2324
11917,527
11917,79132
11917,48394
11917,72998
6052,1200
6052,750
6052,111
6052,26242
6052,2313
6052,1913
6052,7001
6052,1222
6052,3504
6052,4226
77871,2997
77871,4741
77871,1211
77871,45880
77871,535
77871,8638
77871,6684
77871,44937
77871,4641
77871,1193
105803,1208
105803,4878
105803,4226
105803,318
105803,56367
105803,33794
105803,1288
105803,364
105803,2028
105803,48780
34603,1193
34603,48516
34603,79132
34603,4878
34603,4973
34603,32
34603,63082
34603,527
34603,5952
34603,55820
39090,48516
39090,79132
39090,4993
39090,47
39090,1201
39090,1198
39090,1136
39090,68157
39090,1222
39090,59315
128733,59315
128733,50872
128733,59784
128733,30793
128733,2617
128733,7147
128733,7361
128733,7254
128733,53996
128733,8874
109128,2959
109128,296
109128,1732
109128,4226
109128,1193
109128,4878
109128,750
109128,1449
109128,3481
109128,2502
114722,3275
114722,2571
114722,110
114722,2858
114722,33683
114722,37731
114722,253
114722,45081
114722,457
114722,8961
78587,590
78587,553
78587,733
78587,3275
78587,3916
78587,1036
78587,51662
78587,67087
78587,457
78587,47
100991,1196
100991,2959
100991,318
100991,912
100991,79132
100991,7361
100991,63082
100991,923
100991,1198
100991,46578
55582,82459
55582,7153
55582,48780
55582,47
55582,527
55582,8874
55582,1
55582,30749
55582,1203
55582,91529
91726,33794
91726,48394
91726,48780
91726,2762
91726,527
91726,5445
91726,111
91726,3703
91726,2985
91726,356
108195,27416
108195,482
108195,31878
108195,30793
108195,2467
108195,36529
108195,8665
108195,6957
108195,8370
108195,8798
70833,74458
70833,91529
70833,527
70833,79132
70833,1221
70833,296
70833,72998
70833,48516
70833,2028
70833,50
98417,356
98417,377
98417,72998
98417,4993
98417,49272
98417,54286
98417,1721
98417,4005
98417,2762
98417,1917
131193,593
131193,4973
131193,50
131193,296
131193,750
131193,4226
131193,2959
131193,1617
131193,1089
131193,4235
96394,2393
96394,6377
96394,4306
96394,68358
96394,1
96394,150
96394,1265
96394,953
96394,588
96394,1371
98289,32
98289,2959
98289,592
98289,364
98289,165
98289,1265
98289,380
98289,912
98289,2329
98289,3996
82927,8874
82927,60069
82927,2959
82927,45722
82927,1214
82927,51255
82927,4027
82927,3793
82927,2987
82927,4878
61397,457
61397,110
61397,1213
61397,357
61397,590
61397,2396
61397,1196
61397,1197
61397,47
61397,1584
40476,356
40476,1223
40476,2762
40476,6539
40476,3578
40476,260
40476,1196
40476,33794
40476,5418
40476,2324
586,2542
586,44195
586,79702
586,84152
586,8874
586,61024
586,51935
586,80219
586,46578
586,46970
68802,2858
68802,32587
68802,1291
68802,1210
68802,318
68802,2959
68802,3996
68802,1080
68802,293
68802,2762
99566,2115
99566,318
99566,97304
99566,1270
99566,527
99566,912
99566,3082
99566,98809
99566,81845
99566,899
110382,2028
110382,32
110382,1210
110382,2762
110382,1
110382,7153
110382,356
110382,7438
110382,541
110382,8961
79294,1214
79294,2858
79294,48780
79294,908
79294,5418
79294,79132
79294,5989
79294,32587
79294,1240
79294,6874
115657,7361
115657,5349
115657,79132
115657,58559
115657,2959
115657,33794
115657,8874
115657,68358
115657,81834
115657,63082
59079,7361
59079,1968
59079,6711
59079,1073
59079,2797
59079,4963
59079,46976
59079,357
59079,5349
59079,1393
134310,1136
134310,296
134310,2571
134310,2329
134310,33794
134310,7147
134310,1196
134310,260
134310,45728
134310,3793
83948,4011
83948,3578
83948,6323
83948,1961
83948,3949
83948,2542
83948,2232
83948,1270
83948,5903
83948,6281
45548,1367
45548,2791
45548,1064
45548,1608
45548,2174
45548,2085
45548,410
45548,2124
45548,2694
45548,2858
29513,6711
29513,47
29513,2571
29513,593
29513,6377
29513,296
29513,4995
29513,2329
29513,1246
29513,778
130150,4963
130150,5349
130150,1270
130150,6333
130150,33493
130150,5445
130150,356
130150,41569
130150,380
130150,8636
109426,6539
109426,5952
109426,68358
109426,7153
109426,4993
109426,47
109426,59315
109426,1291
109426,6874
109426,4306
111087,1961
111087,2871
111087,1704
111087,40819
111087,593
111087,1244
111087,1235
111087,3421
111087,1299
111087,357
43695,1213
43695,457
43695,1240
43695,50
43695,32
43695,527
43695,541
43695,4226
43695,1200
43695,150
114475,4886
114475,527
114475,1258
114475,1997
114475,337
114475,858
114475,34
114475,4027
114475,1219
114475,1288
82167,5952
82167,59784
82167,4896
82167,6377
82167,58559
82167,5349
82167,69844
82167,51662
82167,6539
82167,72731
5907,50
5907,7153
5907,5952
5907,260
5907,589
5907,1206
5907,253
5907,318
5907,4226
5907,2716
42369,3398
42369,52975
42369,909
42369,1641
42369,2640
42369,994
42369,6942
42369,63876
42369,84944
42369,97938
12143,4886
12143,4306
12143,356
12143,3578
12143,49530
12143,59315
12143,5952
12143,5989
12143,2762
12143,96079
38279,5349
38279,32
38279,3578
38279,4993
38279,6874
38279,8360
38279,2542
38279,33493
38279,3147
38279,1527
8788,71518
8788,41573
8788,62155
8788,67087
8788,45720
8788,55267
8788,39183
8788,8368
8788,63876
8788,63082
127450,8042
127450,1206
127450,592
127450,2318
127450,3362
127450,5669
127450,318
127450,32
127450,7482
127450,6502
111122,2762
111122,4011
111122,4973
111122,47
111122,527
111122,3160
111122,5608
111122,5989
111122,4027
111122,27773
14966,8961
14966,377
14966,3793
14966,5445
14966,50
14966,6377
14966,32
14966,1923
14966,6539
14966,2987
34707,4993
34707,2028
34707,1089
34707,1209
34707,1036
34707,1221
34707,47
34707,50
34707,593
34707,1240
68835,527
68835,1704
68835,48516
68835,1682
68835,48394
68835,1961
68835,5989
68835,6539
68835,4896
68835,2542
21924,63082
21924,70293
21924,69406
21924,69122
21924,60069
21924,68358
21924,8361
21924,56174
21924,8533
21924,56367
19936,1097
19936,4306
19936,2571
19936,480
19936,8368
19936,6377
19936,1356
19936,150
19936,780
19936,3793
105027,5445
105027,593
105027,2058
105027,7445
105027,5418
105027,54286
105027,527
105027,47
105027,1625
105027,48516
49229,288
49229,1729
49229,7360
49229,318
49229,1407
49229,70
49229,44022
49229,48516
49229,480
49229,2004
131365,2858
131365,44191
131365,79132
131365,47
131365,4878
131365,3793
131365,593
131365,5349
131365,2291
131365,33794
75902,1214
75902,903
75902,1258
75902,296
75902,99114
75902,27773
75902,2858
75902,2019
75902,3681
75902,6016
125649,4896
125649,8368
125649,34405
125649,1270
125649,58559
125649,6550
125649,54259
125649,59315
125649,73017
125649,1265
92955,44191
92955,5418
92955,7153
92955,58559
92955,30749
92955,79132
92955,2571
92955,59315
92955,6016
92955,33794
100205,1198
100205,3578
100205,7153
100205,1036
100205,4011
100205,49272
100205,165
100205,4226
100205,2028
100205,48385
53836,2762
53836,60069
53836,1219
53836,4306
53836,364
53836,1
53836,527
53836,1032
53836,2080
53836,296
84892,50
84892,589
84892,858
84892,480
84892,780
84892,364
84892,588
84892,1
84892,1193
84892,608
116627,356
116627,2571
116627,4226
116627,46578
116627,7361
116627,2959
116627,1265
116627,54503
116627,6942
116627,357
132909,47
132909,1089
132909,2997
132909,858
132909,1196
132909,1198
132909,4226
132909,1210
132909,1208
132909,50
114091,44191
114091,356
114091,318
114091,3578
114091,48780
114091,7153
114091,4993
114091,4878
114091,3275
114091,1198
27289,1261
27289,1198
27289,3527
27289,1291
27289,6502
27289,2762
27289,6
27289,541
27289,1196
27289,6242
126961,2324
126961,8970
126961,1073
126961,2355
126961,4995
126961,1704
126961,500
126961,318
126961,150
126961,1097
132829,4886
132829,356
132829,6377
132829,7153
132829,1
132829,595
132829,8961
132829,953
132829,1907
132829,527
20522,778
20522,1219
20522,527
20522,7361
20522,1617
20522,1222
20522,4973
20522,1203
20522,1214
20522,4034
115007,69757
115007,150
115007,79132
115007,500
115007,1784
115007,88163
115007,1732
115007,608
115007,1923
115007,231
130479,19
130479,48516
130479,318
130479,8957
130479,6373
130479,2700
130479,4015
130479,4239
130479,8644
130479,7346
20338,590
20338,780
20338,597
20338,260
20338,593
20338,457
20338,2571
20338,377
20338,592
20338,1097
37157,1265
37157,2858
37157,63082
37157,2762
37157,593
37157,1961
37157,357
37157,2502
37157,2571
37157,68954
128503,31685
128503,44195
128503,39292
128503,50872
128503,30822
128503,8958
128503,46976
128503,44199
128503,37741
128503,8784
78077,8636
78077,35836
78077,8961
78077,8528
78077,31685
78077,1517
78077,3753
78077,34319
78077,5816
78077,3948
47653,1240
47653,2762
47653,1097
47653,1270
47653,1721
47653,1198
47653,364
47653,457
47653,2571
47653,1580
61024,4306
61024,76077
61024,1136
61024,80219
61024,71264
61024,344
61024,3578
61024,62434
61024,74532
61024,69481
232,480
232,293
232,648
232,356
232,47
232,1
232,527
232,588
232,6377
232,4886
126095,104
126095,1210
126095,33493
126095,3868
126095,3253
126095,1198
126095,592
126095,480
126095,1036
126095,1777
36963,1573
36963,293
36963,2115
36963,58559
36963,5418
36963,4308
36963,2193
36963,2470
36963,783
36963,45722
23538,356
23538,88163
23538,40819
23538,4963
23538,54286
23538,5418
23538,5952
23538,4993
23538,69122
23538,81845
57398,55118
57398,68358
57398,68954
57398,63082
57398,69481
57398,47629
57398,56152
57398,34405
57398,62344
57398,54997
39756,7438
39756,2571
39756,6874
39756,7361
39756,8874
39756,1206
39756,608
39756,59315
39756,60684
39756,1193
40077,60069
40077,68954
40077,858
40077,81845
40077,5995
40077,1234
40077,1203
40077,39292
40077,1193
40077,48394
383,2571
383,2959
383,72998
383,74458
383,79357
383,5903
383,8644
383,79132
383,8957
383,47
70576,31658
70576,44191
70576,48394
70576,38038
70576,37733
70576,8950
70576,54272
70576,51540
70576,33794
70576,48385
100187,38038
100187,3000
100187,750
100187,720
100187,162
100187,1235
100187,1449
100187,26133
100187,5291
100187,8542
85584,8961
85584,55820
85584,541
85584,1580
85584,7361
85584,2628
85584,6333
85584,3793
85584,97306
85584,750
129663,1270
129663,2001
129663,2640
129663,2000
129663,2376
129663,1722
129663,593
129663,589
129663,1240
129663,1036
92254,6539
92254,47
92254,8360
92254,1923
92254,318
92254,8961
92254,8622
92254,5669
92254,46578
92254,5349
44329,1220
44329,6711
44329,296
44329,7361
44329,4973
44329,2291
44329,8970
44329,56367
44329,6942
44329,1240
16523,318
16523,364
16523,2762
16523,2571
16523,8636
16523,8360
16523,44191
16523,110
16523,1270
16523,40815
98463,858
98463,8477
98463,1201
98463,3134
98463,1219
98463,1221
98463,32892
98463,903
98463,2731
98463,6643
37571,33794
37571,6377
37571,37857
37571,54001
37571,27706
37571,2291
37571,8360
37571,3793
37571,50872
37571,58105
47053,2858
47053,1580
47053,4448
47053,1485
47053,380
47053,30707
47053,3005
47053,1682
47053,31685
47053,2167
67839,3301
67839,1917
67839,5507
67839,852
67839,7376
67839,5449
67839,5574
67839,1586
67839,8985
67839,2795
84379,63082
84379,8961
84379,68358
84379,51662
84379,60684
84379,48516
84379,37729
84379,34048
84379,45499
84379,54286
52886,527
52886,4446
52886,4239
52886,4011
52886,50
52886,5266
52886,6323
52886,1061
52886,5010
52886,1917
38059,33794
38059,6377
38059,541
38059,589
38059,4963
38059,2762
38059,32
38059,1270
38059,1206
38059,6711
45039,2542
45039,70286
45039,32
45039,74458
45039,99114
45039,44191
45039,109374
45039,48516
45039,48780
45039,1036
91295,260
91295,4226
91295,593
91295,2858
91295,2329
91295,110
91295,58559
91295,1221
91295,5618
91295,293
85177,1393
85177,2706
85177,32
85177,2959
85177,33794
85177,4226
85177,1682
85177,2115
85177,21
85177,2918
6714,1704
6714,593
6714,527
6714,1198
6714,318
6714,1961
6714,912
6714,1304
6714,1299
6714,1231
127108,32
127108,2329
127108,59315
127108,44191
127108,110
127108,7361
127108,50
127108,593
127108,2762
127108,68157
66059,1
66059,110
66059,1610
66059,1291
66059,588
66059,318
66059,2716
66059,364
66059,5064
66059,2139
108008,318
108008,4011
108008,4262
108008,1954
108008,1704
108008,2858
108008,8641
108008,2028
108008,51662
108008,92259
101583,2571
101583,356
101583,2858
101583,48516
101583,527
101583,778
101583,7361
101583,1222
101583,48738
101583,6016
27302,1240
27302,2174
27302,8874
27302,2716
27302,3527
27302,2959
27302,3917
27302,2379
27302,1200
27302,6807
91331,68954
91331,7153
91331,1196
91331,79132
91331,1198
91331,2396
91331,1721
91331,63082
91331,4308
91331,46578
11571,70286
11571,68358
11571,54286
11571,2959
11571,59369
11571,2329
11571,48516
11571,71535
11571,69122
11571,33794
20798,592
20798,2762
20798,551
20798,780
20798,594
20798,4963
20798,1517
20798,653
20798,59315
20798,2683
38160,7071
38160,1273
38160,6023
38160,599
38160,1913
38160,4848
38160,5902
38160,6711
38160,471
38160,6858
44189,296
44189,4306
44189,74458
44189,56367
44189,63082
44189,2762
44189,2571
44189,551
44189,80463
44189,69757
70752,733
70752,780
70752,457
70752,1552
70752,4262
70752,296
70752,3916
70752,8972
70752,1347
70752,2640
71333,318
71333,1089
71333,593
71333,4226
71333,2571
71333,4027
71333,293
71333,48516
71333,7371
71333,1221
88583,1090
88583,1266
88583,55820
88583,3360
88583,3508
88583,1272
88583,1302
88583,1408
88583,2871
88583,1673
100418,54997
100418,72641
100418,76093
100418,48780
100418,56367
100418,68954
100418,34162
100418,31685
100418,64614
100418,49530
118161,2804
118161,593
118161,356
118161,58559
118161,16
118161,2959
118161,4262
118161,1090
118161,1089
118161,260
41196,5995
41196,2324
41196,1682
41196,1228
41196,1213
41196,99114
41196,3089
41196,3730
41196,6953
41196,778
114327,59315
114327,6979
114327,4886
114327,72641
114327,91500
114327,81847
114327,31685
114327,1302
114327,49272
114327,56367
89202,32587
89202,541
89202,293
89202,1673
89202,1197
89202,6
89202,44191
89202,527
89202,2692
89202,3949
102000,5816
102000,4014
102000,8533
102000,6942
102000,49286
102000,4993
102000,5620
102000,4246
102000,63992
102000,4963
58865,47
58865,296
58865,48516
58865,2028
58865,593
58865,3275
58865,4306
58865,2502
58865,59315
58865,3578
11305,1193
11305,1221
11305,608
11305,593
11305,1961
11305,3252
11305,1393
11305,1784
11305,508
11305,16
28885,356
28885,6377
28885,1197
28885,1270
28885,4963
28885,56367
28885,46578
28885,2571
28885,1198
28885,33794
80386,2762
80386,1387
80386,1225
80386,7361
80386,4226
80386,356
80386,40819
80386,919
80386,7153
80386,4993
122858,6539
122858,4306
122858,296
122858,4963
122858,59369
122858,8961
122858,1270
122858,50872
122858,68358
122858,36529
12927,7153
12927,4993
12927,541
12927,3000
12927,1136
12927,1197
12927,1204
12927,5618
12927,1214
12927,2571
65190,223
65190,593
65190,2571
65190,2858
65190,110
65190,1213
65190,4262
65190,4226
65190,42725
65190,45728
50430,5952
50430,7153
50430,4993
50430,1580
50430,1210
50430,597
50430,2762
50430,3996
50430,60069
50430,8961
10157,2571
10157,59369
10157,4776
10157,50
10157,51935
10157,105504
10157,2959
10157,48516
10157,7143
10157,858
76374,48394
76374,2571
76374,8950
76374,33166
76374,63082
76374,6953
76374,4973
76374,7438
76374,44191
76374,293
7116,4226
7116,1198
7116,8961
7116,2959
7116,8376
7116,296
7116,1291
7116,1704
7116,3033
7116,5816
124905,81591
124905,2858
124905,7361
124905,2628
124905,8360
124905,32587
124905,50872
124905,68954
124905,72998
124905,356
33325,68954
33325,6365
33325,260
33325,527
33325,208
33325,6874
33325,2716
33325,4306
33325,68157
33325,4878
41941,31658
41941,80906
41941,46976
41941,46578
41941,48385
41941,104841
41941,51255
41941,5618
41941,55247
41941,86345
102916,58559
102916,50
102916,79132
102916,4262
102916,5903
102916,1682
102916,70286
102916,2762
102916,858
102916,55247
113972,41997
113972,39183
113972,48780
113972,49530
113972,49272
113972,33794
113972,57669
113972,30898
113972,44191
113972,51080
34796,904
34796,8961
34796,1197
34796,5952
34796,7153
34796,342
34796,4886
34796,4993
34796,1136
34796,1291
32754,111
32754,750
32754,2819
32754,3730
32754,1193
32754,1198
32754,2542
32754,1201
32754,1136
32754,924
59414,7171
59414,45950
59414,7160
59414,6932
59414,27674
59414,5294
59414,64620
59414,6400
59414,6953
59414,55080
5451,49272
5451,47
5451,4973
5451,1252
5451,1036
5451,44555
5451,30707
5451,2194
5451,7153
5451,5952
119578,49272
119578,1580
119578,3147
119578,733
119578,4022
119578,5989
119578,6539
119578,7445
119578,1291
119578,3994
109678,7361
109678,527
109678,2542
109678,4878
109678,68157
109678,2762
109678,1198
109678,608
109678,48394
109678,70286
96930,1258
96930,3949
96930,6016
96930,3578
96930,293
96930,589
96930,110
96930,5995
96930,527
96930,32
2709,778
2709,3949
2709,4239
2709,1968
2709,441
2709,4011
2709,44191
2709,7254
2709,2580
2709,1729
33417,5574
33417,2571
33417,3578
33417,6365
33417,53996
33417,5418
33417,69644
33417,58559
33417,51662
33417,6537
97858,2571
97858,110
97858,1198
97858,2795
97858,2028
97858,1197
97858,2762
97858,1968
97858,1704
97858,3098
119928,595
119928,596
119928,919
119928,594
119928,2081
119928,356
119928,34
119928,1225
119928,364
119928,3114
54309,1333
54309,1253
54309,965
54309,8169
54309,7062
54309,1251
54309,909
54309,926
54309,1942
54309,7834
26840,1193
26840,480
26840,2762
26840,296
26840,68157
26840,2028
26840,1089
26840,364
26840,110
26840,1073
71708,608
71708,2329
71708,2858
71708,2959
71708,4979
71708,356
71708,527
71708,4993
71708,2997
71708,56367
109067,4306
109067,1704
109067,2571
109067,2959
109067,5995
109067,30707
109067,6874
109067,48780
109067,81591
109067,7361
69317,63082
69317,5952
69317,4993
69317,2571
69317,1210
69317,1196
69317,55247
69317,46578
69317,5995
69317,3949
18547,296
18547,593
18547,33166
18547,2959
18547,318
18547,2502
18547,47
18547,2858
18547,480
18547,3275
29299,648
29299,4993
29299,1198
29299,1036
29299,33794
29299,1210
29299,165
29299,780
29299,45499
29299,8360
72385,51662
72385,4306
72385,3948
72385,780
72385,356
72385,31685
72385,3578
72385,59315
72385,45722
72385,7293
113365,80463
113365,1917
113365,81591
113365,74510
113365,33794
113365,63082
113365,84944
113365,81845
113365,50872
113365,858
134521,778
134521,1208
134521,2959
134521,1466
134521,5952
134521,7438
134521,6874
134521,1729
134521,4226
134521,1258
6321,2871
6321,1304
6321,1262
6321,3508
6321,1258
6321,1208
6321,6787
6321,1950
6321,3359
6321,296
24878,6377
24878,96610
24878,4306
24878,7438
24878,648
24878,1
24878,5952
24878,7153
24878,4993
24878,110
43770,111
43770,6874
43770,7438
43770,3578
43770,1923
43770,1246
43770,5349
43770,1221
43770,6365
43770,48780
115818,356
115818,110
115818,296
115818,5952
115818,4993
115818,3578
115818,7153
115818,2762
115818,4963
115818,1704
40938,1923
40938,48516
40938,55052
40938,1259
40938,5445
40938,2571
40938,34148
40938,42004
40938,8530
40938,1089
38531,2617
38531,42738
38531,5952
38531,7153
38531,4993
38531,6564
38531,5254
38531,43932
38531,1073
38531,3977
41424,4226
41424,648
41424,5418
41424,50
41424,5445
41424,2858
41424,4223
41424,4878
41424,5464
41424,1573
32548,858
32548,70286
32548,924
32548,32
32548,68358
32548,7361
32548,1198
32548,318
32548,589
32548,356
21955,356
21955,260
21955,4226
21955,32
21955,1073
21955,4306
21955,750
21955,1291
21955,6711
21955,1968
132064,356
132064,6377
132064,4886
132064,1721
132064,5943
132064,1923
132064,34
132064,3408
132064,1485
132064,5957
42682,356
42682,1206
42682,50
42682,296
42682,527
42682,47
42682,2716
42682,48394
42682,3897
42682,6874
11625,2959
11625,2571
11625,5618
11625,293
11625,3578
11625,32
11625,6350
11625,1527
11625,527
11625,47
124348,6016
124348,4973
124348,5995
124348,1258
124348,40583
124348,2858
124348,923
124348,4226
124348,7323
124348,3949
32850,500
32850,4306
32850,2671
32850,1197
32850,56367
32850,356
32850,1
32850,4995
32850,4025
32850,4823
113579,356
113579,6539
113579,1527
113579,1270
113579,60069
113579,5618
113579,589
113579,59315
113579,2628
113579,593
39333,5418
39333,1721
39333,4226
39333,6377
39333,6874
39333,364
39333,2028
39333,1210
39333,7438
39333,1923
30668,1198
30668,457
30668,589
30668,4085
30668,2268
30668,110
30668,2001
30668,3868
30668,593
30668,1291
119563,50872
119563,6016
119563,46976
119563,48385
119563,49530
119563,55290
119563,52281
119563,44555
119563,41997
119563,50068
56518,1222
56518,541
56518,318
56518,4226
56518,32
56518,2542
56518,1208
56518,6016
56518,7022
56518,778
26040,55820
26040,593
26040,1288
26040,1198
26040,6711
26040,4641
26040,1252
26040,48394
26040,4973
26040,55269
17849,356
17849,60069
17849,33794
17849,68358
17849,68954
17849,6377
17849,7143
17849,49272
17849,589
17849,79132
137920,110
137920,6539
137920,1036
137920,3527
137920,27801
137920,593
137920,1210
137920,1196
137920,2167
137920,2193
38824,1
38824,2762
38824,6377
38824,2571
38824,551
38824,480
38824,364
38824,3793
38824,1136
38824,1025
10534,26084
10534,30793
10534,33004
10534,5617
10534,8970
10534,30810
10534,35836
10534,8910
10534,8376
10534,31878
33212,5952
33212,33794
33212,457
33212,2918
33212,3147
33212,2571
33212,2959
33212,1210
33212,4886
33212,1197
25401,2997
25401,1721
25401,6711
25401,110
25401,539
25401,1961
25401,4963
25401,2571
25401,2028
25401,4306
23104,8961
23104,2571
23104,5418
23104,4886
23104,1136
23104,1210
23104,260
23104,1196
23104,745
23104,6377
37372,79132
37372,63082
37372,81834
37372,6377
37372,88125
37372,47610
37372,49530
37372,7254
37372,2959
37372,81591
77753,48738
77753,60069
77753,64620
77753,61323
77753,48516
77753,79132
77753,46578
77753,69481
77753,72998
77753,56367
19320,908
19320,608
19320,1230
19320,912
19320,2959
19320,1203
19320,4226
19320,923
19320,4973
19320,1212
116629,2762
116629,32
116629,2858
116629,1198
116629,1089
116629,2571
116629,4993
116629,1221
116629,527
116629,5952
109273,63082
109273,110
109273,30707
109273,4995
109273,39449
109273,5989
109273,2324
109273,597
109273,58
109273,593
79507,58559
79507,318
79507,2959
79507,2571
79507,7153
79507,1291
79507,32587
79507,4027
79507,110
79507,356
77664,1222
77664,7153
77664,4993
77664,593
77664,1089
77664,296
77664,2329
77664,1136
77664,1748
77664,1527
98394,4855
98394,8949
98394,3198
98394,8207
98394,26242
98394,7040
98394,3703
98394,3508
98394,7076
98394,5292
40887,608
40887,858
40887,1199
40887,1233
40887,1208
40887,1252
40887,1193
40887,1258
40887,1267
40887,296
62409,3751
62409,1073
62409,48394
62409,1136
62409,2692
62409,1080
62409,1265
62409,357
62409,1291
62409,1682
43532,110
43532,296
43532,593
43532,3578
43532,592
43532,356
43532,5349
43532,1198
43532,1210
43532,1270
80760,1994
80760,6377
80760,8623
80760,4995
80760,8961
80760,1580
80760,1210
80760,5349
80760,8644
80760,3675
87278,26662
87278,60069
87278,551
87278,1206
87278,2761
87278,1210
87278,1198
87278,4226
87278,593
87278,32587
40879,7361
40879,1208
40879,912
40879,4979
40879,3160
40879,46578
40879,1358
40879,2289
40879,318
40879,1244
121200,3578
121200,457
121200,2959
121200,648
121200,1
121200,2858
121200,296
121200,1291
121200,1214
121200,590
79218,1073
79218,1
79218,1270
79218,4306
79218,356
79218,597
79218,588
79218,1265
79218,318
79218,2716
33205,70286
33205,60069
33205,88125
33205,40278
33205,68954
33205,56367
33205,31410
33205,46578
33205,59315
33205,44191
127578,55820
127578,1213
127578,64614
127578,16
127578,4262
127578,69122
127578,1208
127578,55247
127578,74458
127578,1263
35422,7153
35422,4886
35422,60069
35422,4973
35422,55247
35422,6539
35422,318
35422,4993
35422,40815
35422,5952
58707,4262
58707,2502
58707,6016
58707,1732
58707,4979
58707,4370
58707,2918
58707,1263
58707,1884
58707,968
90967,80463
90967,70286
90967,2571
90967,4995
90967,2858
90967,58559
90967,68358
90967,76093
90967,6539
90967,7361
94067,2329
94067,527
94067,595
94067,72720
94067,63876
94067,33171
94067,8368
94067,80463
94067,69757
94067,51255
65728,608
65728,1193
65728,26649
65728,2313
65728,1221
65728,912
65728,48516
65728,1358
65728,2858
65728,3363
60577,5952
60577,4638
60577,858
60577,296
60577,1562
60577,196
60577,527
60577,315
60577,2953
60577,673
86821,5690
86821,7361
86821,4886
86821,79132
86821,356
86821,1
86821,1653
86821,58559
86821,26903
86821,4995
133168,1200
133168,2762
133168,1240
133168,541
133168,4306
133168,2959
133168,590
133168,7153
133168,5952
133168,1580
5466,356
5466,31685
5466,1682
5466,7153
5466,3408
5466,1584
5466,41566
5466,597
5466,2396
5466,5989
25672,150
25672,2716
25672,527
25672,3996
25672,733
25672,208
25672,1580
25672,457
25672,293
25672,1584
91469,4616
91469,3451
91469,39183
91469,919
91469,7361
91469,296
91469,39292
91469,2324
91469,7139
91469,40629
108811,4973
108811,94959
108811,91529
108811,79132
108811,99114
108811,97921
108811,1230
108811,80463
108811,97304
108811,58559
84825,293
84825,2762
84825,1200
84825,44191
84825,1214
84825,1527
84825,924
84825,6874
84825,8914
84825,51662
64077,49272
64077,5291
64077,3030
64077,8917
64077,1217
64077,48385
64077,2427
64077,1729
64077,6003
64077,40278
42228,1202
42228,8199
42228,4973
42228,904
42228,52885
42228,260
42228,8014
42228,26171
42228,25805
42228,1136
92761,7090
92761,2571
92761,3996
92761,2959
92761,1527
92761,8368
92761,2762
92761,4973
92761,33493
92761,8970
18396,5489
18396,1237
18396,1348
18396,26578
18396,924
18396,7327
18396,1206
18396,6666
18396,1251
18396,3415
7029,32587
7029,44191
7029,1136
7029,318
7029,48516
7029,44665
7029,54286
7029,48780
7029,49272
7029,50
45646,4993
45646,7153
45646,318
45646,2858
45646,3578
45646,4011
45646,5952
45646,44191
45646,44665
45646,2762
13709,2571
13709,260
13709,4993
13709,1198
13709,3916
13709,1196
13709,1704
13709,72641
13709,1
13709,5010
43895,54881
43895,48394
43895,8930
43895,55814
43895,55442
43895,1251
43895,924
43895,48774
43895,55820
43895,3000
122533,3000
122533,260
122533,1196
122533,1527
122533,72998
122533,296
122533,1214
122533,593
122533,70286
122533,1270
112415,27815
112415,4226
112415,55814
112415,4878
112415,1961
112415,90430
112415,924
112415,1281
112415,6571
112415,1307
68481,104841
68481,68237
68481,96610
68481,70286
68481,98961
68481,1371
68481,80590
68481,1376
68481,79091
68481,85414
87803,44191
87803,2571
87803,608
87803,32
87803,858
87803,30707
87803,74545
87803,527
87803,589
87803,50872
83637,1210
83637,1270
83637,3671
83637,1663
83637,2918
83637,2795
83637,3421
83637,26133
83637,1278
83637,3361
6516,1580
6516,356
6516,2571
6516,589
6516,2762
6516,733
6516,8957
6516,110
6516,4993
6516,2959
52649,81564
52649,79702
52649,73017
52649,59315
52649,96610
52649,70286
52649,72998
52649,97913
52649,3000
52649,34405
31568,78499
31568,5952
31568,7153
31568,4993
31568,1
31568,899
31568,6377
31568,919
31568,4886
31568,1097
124768,296
124768,6016
124768,2329
124768,68157
124768,50
124768,1089
124768,91529
124768,63082
124768,57669
124768,99114
30809,33794
30809,110
30809,8961
30809,527
30809,2028
30809,2959
30809,318
30809,2762
30809,3996
30809,5418
52099,5010
52099,780
52099,2502
52099,5989
52099,3948
52099,318
52099,72998
52099,1682
52099,81845
52099,49272
112079,527
112079,593
112079,858
112079,110
112079,969
112079,2186
112079,4406
112079,3334
112079,953
112079,1234
23666,858
23666,1200
23666,3578
23666,2571
23666,377
23666,4011
23666,1704
23666,150
23666,6377
23666,32587
74646,2858
74646,1136
74646,1732
74646,50
74646,4973
74646,4027
74646,2997
74646,924
74646,1265
74646,1175
63185,1089
63185,2959
63185,1198
63185,60069
63185,2329
63185,858
63185,6947
63185,60684
63185,1214
63185,1209
31045,7293
31045,5620
31045,2572
31045,3255
31045,597
31045,54276
31045,45720
31045,31433
31045,8533
31045,42732
28870,356
28870,1196
28870,1198
28870,110
28870,318
28870,1265
28870,1197
28870,912
28870,1
28870,1136
52670,1721
52670,356
52670,597
52670,48516
52670,33166
52670,6942
52670,4246
52670,3147
52670,1682
52670,6377
90270,91529
90270,318
90270,5445
90270,6874
90270,5989
90270,2918
90270,586
90270,73017
90270,1089
90270,593
92415,44191
92415,780
92415,2329
92415,1721
92415,2959
92415,5989
92415,53322
92415,5349
92415,49272
92415,51662
40793,1210
40793,589
40793,4878
40793,1213
40793,32
40793,33794
40793,110
40793,1291
40793,1036
40793,1240
29365,858
29365,4973
29365,356
29365,296
29365,2959
29365,318
29365,307
29365,2019
29365,5618
29365,2762
27197,1704
27197,3147
27197,4995
27197,72998
27197,4963
27197,58559
27197,4973
27197,2329
27197,1270
27197,33794
16935,6378
16935,7153
16935,4993
16935,2762
16935,2858
16935,2706
16935,5952
16935,48516
16935,49272
16935,4011
81801,4226
81801,2858
81801,4262
81801,778
81801,2329
81801,55118
81801,48516
81801,6016
81801,50
81801,5954
12610,47
12610,2571
12610,318
12610,4226
12610,2542
12610,50
12610,32
12610,4878
12610,778
12610,356
136613,2959
136613,318
136613,593
136613,1196
136613,5952
136613,296
136613,91529
136613,110
136613,1198
136613,4011
27109,1206
27109,2997
27109,1080
27109,923
27109,1222
27109,527
27109,924
27109,6807
27109,4027
27109,1079
26869,1089
26869,2502
26869,4226
26869,778
26869,1270
26869,93855
26869,1213
26869,7361
26869,88129
26869,293
63925,1240
63925,2502
63925,858
63925,48516
63925,608
63925,2959
63925,2762
63925,1221
63925,8874
63925,33794
137866,527
137866,457
137866,2396
137866,5445
137866,33166
137866,597
137866,593
137866,45720
137866,1197
137866,1721
9430,88140
9430,106489
9430,58559
9430,79132
9430,102445
9430,87232
9430,5618
9430,68358
9430,7099
9430,76093
38933,5349
38933,480
38933,6188
38933,1580
38933,4306
38933,500
38933,104
38933,231
38933,2700
38933,8528
29491,593
29491,750
29491,2959
29491,1089
29491,1196
29491,47
29491,2858
29491,1080
29491,608
29491,32
92627,55820
92627,1228
92627,1214
92627,296
92627,6669
92627,3365
92627,7766
92627,592
92627,318
92627,1284
105420,2716
105420,1089
105420,457
105420,1704
105420,318
105420,1213
105420,1136
105420,6
105420,1610
105420,1617
96617,36529
96617,49272
96617,32587
96617,1201
96617,2571
96617,27773
96617,6016
96617,2959
96617,318
96617,6874
127372,59315
127372,1196
127372,1210
127372,260
127372,2571
127372,4963
127372,1580
127372,79132
127372,4306
127372,5349
117652,1258
117652,1089
117652,6874
117652,3578
117652,1961
117652,293
117652,778
117652,3147
117652,2997
117652,4034
64901,1527
64901,2762
64901,1704
64901,4975
64901,3176
64901,1061
64901,4370
64901,2012
64901,25
64901,1343
62666,4025
62666,5349
62666,588
62666,5380
62666,1580
62666,2006
62666,339
62666,8360
62666,1198
62666,597
94181,2028
94181,3578
94181,2918
94181,4995
94181,480
94181,4226
94181,296
94181,1625
94181,1
94181,4022
47388,2716
47388,1197
47388,1682
47388,33794
47388,55820
47388,1
47388,457
47388,1230
47388,858
47388,44195
28273,99114
28273,59315
28273,33794
28273,8874
28273,34405
28273,60684
28273,71535
28273,91529
28273,96737
28273,102125
43596,49272
43596,1267
43596,44761
43596,37733
43596,44191
43596,34405
43596,7361
43596,37741
43596,4878
43596,35836
34995,318
34995,50
34995,1206
34995,36529
34995,3578
34995,2692
34995,1729
34995,57669
34995,55118
34995,527
102074,63082
102074,4995
102074,68237
102074,480
102074,4011
102074,5218
102074,2324
102074,1127
102074,4022
102074,778
35761,33166
35761,8464
35761,8961
35761,8949
35761,30812
35761,48516
35761,46578
35761,8665
35761,34405
35761,37729
130818,33794
130818,4963
130818,34162
130818,223
130818,60069
130818,46578
130818,78499
130818,1265
130818,81932
130818,4027
106045,4963
106045,56367
106045,5418
106045,364
106045,8961
106045,4886
106045,56775
106045,54001
106045,1580
106045,1073
78956,40819
78956,1230
78956,7084
78956,32587
78956,8961
78956,58559
78956,1244
78956,30812
78956,8638
78956,8874
12792,2959
12792,527
12792,4993
12792,7669
12792,4995
12792,912
12792,2858
12792,296
12792,40629
12792,81845
14317,296
14317,318
14317,364
14317,4306
14317,47
14317,50
14317,7361
14317,2858
14317,8360
14317,593
23595,296
23595,2916
23595,1127
23595,1214
23595,1200
23595,1196
23595,260
23595,1732
23595,1527
23595,50
42733,2858
42733,356
42733,296
42733,7361
42733,1270
42733,79132
42733,6874
42733,318
42733,7438
42733,1221
109984,1242
109984,1193
109984,296
109984,2329
109984,1198
109984,2231
109984,2268
109984,3252
109984,1262
109984,1617
83361,47
83361,7361
83361,4226
83361,318
83361,2329
83361,4878
83361,50
83361,1136
83361,1213
83361,3949
105301,34405
105301,6333
105301,5349
105301,32587
105301,33794
105301,7481
105301,33493
105301,33004
105301,5903
105301,3793
65534,260
65534,1961
65534,5989
65534,1214
65534,64614
65534,3948
65534,1200
65534,57669
65534,52973
65534,54997
80998,1954
80998,1036
80998,1387
80998,3421
80998,1259
80998,50
80998,32
80998,7153
80998,4993
80998,1193
38802,4306
38802,293
38802,3000
38802,44195
38802,59315
38802,54503
38802,648
38802,2355
38802,780
38802,2329
7532,47
7532,79132
7532,50
7532,2959
7532,318
7532,2028
7532,858
7532,54286
7532,4963
7532,2762
72827,35836
72827,1097
72827,6874
72827,1617
72827,2115
72827,2470
72827,1120
72827,8949
72827,4022
72827,3703
78964,1240
78964,1036
78964,72998
78964,1580
78964,5418
78964,356
78964,54286
78964,2028
78964,73017
78964,49272
49867,58559
49867,79132
49867,6377
49867,356
49867,72998
49867,3114
49867,81834
49867,1197
49867,40815
49867,4306
82642,47
82642,58559
82642,318
82642,2329
82642,63082
82642,6711
82642,1089
82642,1732
82642,8784
82642,44191
68029,2081
68029,1393
68029,2797
68029,588
68029,1721
68029,364
68029,595
68029,1
68029,500
68029,318
100249,59315
100249,356
100249,2542
100249,48516
100249,480
100249,2858
100249,2329
100249,1240
100249,3994
100249,72998
48584,318
48584,296
48584,58559
48584,5618
48584,34405
48584,48394
48584,5952
48584,79357
48584,27904
48584,60069
70939,1198
70939,1240
70939,1270
70939,380
70939,457
70939,33794
70939,58559
70939,1210
70939,541
70939,3421
37285,1219
37285,110
37285,1387
37285,4306
37285,6787
37285,5989
37285,3363
37285,36
37285,1073
37285,1270
46823,2716
46823,527
46823,318
46823,231
46823,7361
46823,2797
46823,4963
46823,110
46823,4993
46823,3147
16417,79132
16417,1089
16417,4973
16417,7438
16417,1196
16417,44191
16417,109374
16417,3949
16417,2329
16417,76251
5709,110
5709,858
5709,1704
5709,50
5709,2502
5709,2858
5709,59315
5709,7153
5709,778
5709,2762
9269,1214
9269,1198
9269,7153
9269,903
9269,933
9269,33794
9269,4993
9269,1196
9269,260
9269,1269
105227,47
105227,1213
105227,4226
105227,1025
105227,50
105227,6440
105227,4105
105227,858
105227,2997
105227,2455
105434,750
105434,48385
105434,1036
105434,6377
105434,4878
105434,2700
105434,1206
105434,2012
105434,3681
105434,592
12901,8368
12901,1285
12901,7361
12901,40815
12901,8784
12901,3210
12901,4973
12901,223
12901,5902
12901,5617
106556,59315
106556,296
106556,58559
106556,7153
106556,70286
106556,356
106556,593
106556,60069
106556,4878
106556,33794
46788,588
46788,6377
46788,457
46788,527
46788,4995
46788,5445
46788,539
46788,593
46788,1682
46788,1101
35591,260
35591,4886
35591,3147
35591,6539
35591,589
35591,4963
35591,2959
35591,1
35591,5349
35591,1198
964,4306
964,480
964,53322
964,59784
964,3034
964,2006
964,8644
964,2090
964,76093
964,8360
23184,589
23184,1240
23184,2571
23184,858
23184,2997
23184,4226
23184,780
23184,293
23184,2916
23184,260
106667,1210
106667,7153
106667,260
106667,318
106667,745
106667,858
106667,32
106667,1240
106667,356
106667,4226
120306,44199
120306,48780
120306,150
120306,2762
120306,500
120306,1240
120306,5952
120306,4993
120306,49530
120306,367
76164,2858
76164,1265
76164,32
76164,60069
76164,1291
76164,1214
76164,1210
76164,1682
76164,3471
76164,1225
73777,91529
73777,1213
73777,111362
73777,1193
73777,102125
73777,47
73777,98809
73777,1198
73777,112852
73777,541
85128,1225
85128,70286
85128,3101
85128,2529
85128,1193
85128,924
85128,44555
85128,587
85128,1097
85128,920
74117,7254
74117,60684
74117,73017
74117,35836
74117,8361
74117,58998
74117,74458
74117,82461
74117,60069
74117,68954
127883,1961
127883,480
127883,2571
127883,4306
127883,56367
127883,6539
127883,1221
127883,1213
127883,1704
127883,1234
60272,1036
60272,1270
60272,1610
60272,1356
60272,1198
60272,165
60272,316
60272,349
60272,733
60272,1210
41929,49272
41929,30793
41929,44195
41929,39292
41929,31658
41929,34072
41929,48774
41929,8865
41929,54001
41929,34150
29860,79132
29860,70286
29860,2959
29860,4226
29860,85414
29860,48780
29860,68358
29860,94018
29860,8132
29860,3994
105933,1270
105933,480
105933,364
105933,7153
105933,4993
105933,1721
105933,3578
105933,1580
105933,58559
105933,318
80323,924
80323,2987
80323,2011
80323,2918
80323,4886
80323,7361
80323,2997
80323,1080
80323,1206
80323,2716
39428,318
39428,1210
39428,2762
39428,50
39428,2959
39428,260
39428,3578
39428,2858
39428,1580
39428,4306
43879,2329
43879,4878
43879,91529
43879,593
43879,64614
43879,1089
43879,48516
43879,541
43879,1222
43879,1213
4964,4963
4964,32587
4964,33794
4964,5989
4964,49530
4964,4306
4964,48780
4964,2329
4964,5349
4964,46578
110632,58559
110632,1089
110632,51255
110632,1136
110632,6874
110632,1274
110632,3996
110632,2716
110632,49272
110632,55820
120256,356
120256,5377
120256,1961
120256,6787
120256,4973
120256,590
120256,40819
120256,4034
120256,1265
120256,38038
129568,4886
129568,912
129568,356
129568,2571
129568,1225
129568,3418
129568,4027
129568,2470
129568,1242
129568,1221
30940,592
30940,2502
30940,457
30940,3793
30940,1610
30940,1291
30940,1584
30940,1221
30940,1101
30940,6
16021,50
16021,778
16021,4011
16021,2571
16021,2692
16021,5952
16021,7153
16021,1732
16021,4993
16021,7090
51383,318
51383,4226
51383,593
51383,7361
51383,50
51383,2959
51383,2571
51383,2858
51383,527
51383,1175
77436,1208
77436,1617
77436,293
77436,1610
77436,110
77436,356
77436,1387
77436,1220
77436,5445
77436,1265
128927,480
128927,4886
128927,296
128927,5445
128927,4306
128927,6377
128927,8961
128927,4226
128927,1580
128927,4011
83934,1213
83934,33794
83934,110
83934,7361
83934,47
83934,527
83934,2329
83934,4973
83934,6874
83934,48780
2606,72641
2606,68269
2606,97304
2606,56367
2606,40819
2606,73023
2606,72733
2606,41571
2606,62293
2606,49530
33647,58559
33647,68157
33647,6874
33647,5952
33647,7153
33647,4993
33647,50
33647,1653
33647,70286
33647,63082
15751,1721
15751,1196
15751,110
15751,357
15751,608
15751,1
15751,260
15751,2987
15751,457
15751,150
39851,2571
39851,47
39851,6711
39851,750
39851,2997
39851,2858
39851,4226
39851,4973
39851,541
39851,3503
115773,4226
115773,110
115773,48516
115773,2858
115773,589
115773,3793
115773,49272
115773,51662
115773,44191
115773,1270
11273,31658
11273,58559
11273,59315
11273,8961
11273,4993
11273,1274
11273,7153
11273,3793
11273,81564
11273,68954
133738,2329
133738,4973
133738,2762
133738,47
133738,2959
133738,6016
133738,4878
133738,1203
133738,293
133738,1214
87484,2571
87484,1704
87484,356
87484,2858
87484,1
87484,1721
87484,1961
87484,6377
87484,7153
87484,110
125543,1213
125543,296
125543,608
125543,5291
125543,1221
125543,2959
125543,1248
125543,2395
125543,3435
125543,1208
69186,593
69186,318
69186,1265
69186,2700
69186,1732
69186,1270
69186,4306
69186,608
69186,4973
69186,778
122505,2858
122505,2028
122505,260
122505,2959
122505,1136
122505,1641
122505,3996
122505,733
122505,858
122505,1784
20950,48304
20950,53000
20950,55282
20950,35836
20950,780
20950,58559
20950,6502
20950,2571
20950,2028
20950,1210
33292,356
33292,1
33292,8961
33292,60069
33292,2571
33292,6539
33292,7361
33292,5218
33292,4069
33292,68954
133931,1197
133931,7153
133931,4993
133931,3578
133931,2028
133931,780
133931,1270
133931,457
133931,5952
133931,32587
23739,1704
23739,4973
23739,55820
23739,2858
23739,2028
23739,527
23739,5989
23739,48394
23739,111
23739,6016
10575,72378
10575,88812
10575,69757
10575,43936
10575,924
10575,5151
10575,5300
10575,55282
10575,5076
10575,90524
24799,32
24799,47
24799,527
24799,5669
24799,2692
24799,4973
24799,778
24799,6870
24799,2599
24799,6016
109212,1704
109212,1682
109212,47
109212,50
109212,2959
109212,5902
109212,750
109212,2329
109212,4995
109212,1258
15459,1580
15459,364
15459,4896
15459,69122
15459,356
15459,500
15459,588
15459,72998
15459,6377
15459,6539
116213,318
116213,50
116213,2571
116213,47
116213,293
116213,3275
116213,4262
116213,7438
116213,44665
116213,3949
56326,32
56326,1527
56326,4370
56326,1320
56326,1653
56326,1240
56326,589
56326,1909
56326,8644
56326,1210
133973,8874
133973,66934
133973,4878
133973,32
133973,46976
133973,1136
133973,2997
133973,6502
133973,96610
133973,38061
70184,1580
70184,1704
70184,500
70184,1
70184,4306
70184,457
70184,2716
70184,1917
70184,2571
70184,1265
67245,6934
67245,50
67245,1089
67245,858
67245,110
67245,1682
67245,288
67245,70286
67245,253
67245,1617
130599,377
130599,1
130599,1270
130599,356
130599,1197
130599,1580
130599,4993
130599,539
130599,39
130599,2716
87331,1270
87331,1198
87331,296
87331,593
87331,1193
87331,1219
87331,318
87331,364
87331,2716
87331,858
127325,1089
127325,296
127325,7361
127325,47
127325,3949
127325,60069
127325,68237
127325,49272
127325,32587
127325,48516
117159,1210
117159,4878
117159,8961
117159,32
117159,8464
117159,4979
117159,33166
117159,1961
117159,1517
117159,32587
100872,8644
100872,1210
100872,48516
100872,293
100872,33794
100872,70286
100872,1270
100872,5378
100872,4995
100872,48774
107520,110
107520,3255
107520,6377
107520,527
107520,1580
107520,2406
107520,4896
107520,3148
107520,858
107520,3361
63251,33794
63251,49272
63251,8665
63251,8784
63251,40583
63251,48738
63251,48774
63251,41566
63251,8970
63251,48394
436,480
436,2959
436,4886
436,2571
436,356
436,1517
436,2762
436,1270
436,8961
436,364
50932,2571
50932,5952
50932,81591
50932,33794
50932,6539
50932,81845
50932,60069
50932,364
50932,81562
50932,6377
129652,356
129652,1265
129652,2762
129652,2571
129652,1527
129652,349
129652,377
129652,8961
129652,3793
129652,1610
33985,586
33985,4545
33985,3052
33985,4214
33985,3671
33985,6863
33985,6874
33985,1753
33985,88
33985,784
65010,5952
65010,4993
65010,60069
65010,58559
65010,4963
65010,4886
65010,7361
65010,46976
65010,5349
65010,54259
34771,2571
34771,2918
34771,4226
34771,2858
34771,457
34771,3481
34771,648
34771,1393
34771,7361
34771,48516
53007,589
53007,53972
53007,1240
53007,5349
53007,1036
53007,4519
53007,8636
53007,4306
53007,2762
53007,68791
30773,1219
30773,1617
30773,1199
30773,3730
30773,1339
30773,2959
30773,1136
30773,32
30773,608
30773,908
40071,78499
40071,5971
40071,4973
40071,34405
40071,112852
40071,108932
40071,44191
40071,1682
40071,2761
40071,66934
63735,296
63735,2858
63735,4226
63735,1193
63735,2997
63735,858
63735,318
63735,593
63735,1258
63735,1206
84235,2571
84235,50
84235,1136
84235,296
84235,68157
84235,1089
84235,2542
84235,58559
84235,4226
84235,750
129428,44191
129428,3949
129428,54286
129428,6502
129428,5418
129428,480
129428,1274
129428,1580
129428,5618
129428,2115
89909,908
89909,1221
89909,858
89909,1203
89909,296
89909,1252
89909,1234
89909,909
89909,1276
89909,903
67267,4226
67267,3949
67267,593
67267,8950
67267,1653
67267,7360
67267,3081
67267,2710
67267,2858
67267,60684
48568,64575
48568,106918
48568,72011
48568,84954
48568,91658
48568,49286
48568,114662
48568,37741
48568,48738
48568,68932
62642,1210
62642,356
62642,3578
62642,4993
62642,4226
62642,33794
62642,4973
62642,293
62642,2028
62642,7438
101460,5418
101460,1610
101460,1240
101460,33794
101460,733
101460,1090
101460,553
101460,31696
101460,318
101460,1201
63254,38038
63254,1089
63254,50
63254,593
63254,778
63254,1206
63254,4848
63254,1080
63254,46578
63254,4886
2188,59315
2188,5349
2188,1206
2188,356
2188,4878
2188,71535
2188,1197
2188,48385
2188,1193
2188,5952
87121,1907
87121,45517
87121,3097
87121,1269
87121,6753
87121,262
87121,4016
87121,4886
87121,524
87121,17
65581,5445
65581,32
65581,7361
65581,5349
65581,34405
65581,2858
65581,480
65581,40815
65581,4306
65581,457
103465,45499
103465,33493
103465,94864
103465,103688
103465,63082
103465,8360
103465,95167
103465,92420
103465,88129
103465,4226
34910,8961
34910,4963
34910,7153
34910,1527
34910,2858
34910,296
34910,5445
34910,593
34910,79132
34910,4886
73138,1197
73138,858
73138,593
73138,1198
73138,2858
73138,1272
73138,50
73138,3471
73138,1288
73138,1262
66481,4306
66481,2762
66481,480
66481,50
66481,2997
66481,1265
66481,527
66481,2918
66481,6377
66481,364
3548,33794
3548,858
3548,1222
3548,2028
3548,593
3548,68358
3548,51662
3548,480
3548,6874
3548,356
115606,969
115606,7078
115606,4190
115606,4211
115606,47629
115606,1204
115606,3789
115606,5114
115606,4801
115606,1929
1528,1259
1528,1036
1528,4995
1528,1961
1528,3578
1528,475
1528,1090
1528,6
1528,54286
1528,56367
116952,480
116952,5349
116952,6377
116952,33794
116952,7147
116952,5445
116952,6539
116952,33493
116952,4306
116952,1240
20886,49272
20886,47099
20886,49278
20886,7254
20886,46974
20886,44022
20886,33615
20886,49651
20886,5218
20886,52604
52981,3255
52981,4246
52981,8530
52981,36525
52981,6183
52981,6942
52981,4014
52981,1777
52981,35836
52981,25827
48821,2268
48821,318
48821,60069
48821,3505
48821,30707
48821,1954
48821,50
48821,1393
48821,68954
48821,1960
40094,4993
40094,5952
40094,296
40094,32587
40094,4963
40094,33166
40094,356
40094,6874
40094,2858
40094,4034
88870,2987
88870,8636
88870,2959
88870,71057
88870,60161
88870,5146
88870,76093
88870,60979
88870,4226
88870,47
40573,80463
40573,69757
40573,356
40573,296
40573,2858
40573,593
40573,67087
40573,52973
40573,64614
40573,527
67670,318
67670,2858
67670,7361
67670,4226
67670,3996
67670,56367
67670,32587
67670,5445
67670,48774
67670,48394
35749,6378
35749,4963
35749,2571
35749,49272
35749,44191
35749,49530
35749,51662
35749,5349
35749,6333
35749,45722
78880,48516
78880,608
78880,2959
78880,318
78880,63082
78880,2329
78880,1673
78880,6874
78880,48780
78880,1704
118877,1299
118877,6016
118877,5446
118877,63072
118877,58303
118877,96829
118877,69324
118877,110
118877,296
118877,78574
36751,608
36751,527
36751,1136
36751,1198
36751,58559
36751,1207
36751,296
36751,1291
36751,79132
36751,1213
136054,4661
136054,30707
136054,3105
136054,6787
136054,5388
136054,628
136054,1266
136054,930
136054,6832
136054,63082
44113,33660
44113,46578
44113,48516
44113,44199
44113,33166
44113,318
44113,2028
44113,1961
44113,33794
44113,60069
59802,593
59802,2997
59802,1961
59802,3147
59802,4995
59802,357
59802,1079
59802,2762
59802,3160
59802,318
87838,2571
87838,6934
87838,6365
87838,7090
87838,5618
87838,36529
87838,7254
87838,6373
87838,4306
87838,46723
123206,68954
123206,527
123206,46578
123206,106782
123206,78499
123206,7361
123206,106916
123206,1732
123206,4995
123206,2762
136875,4720
136875,1676
136875,59369
136875,592
136875,57368
136875,53519
136875,5679
136875,4901
136875,44199
136875,5349
47566,7361
47566,778
47566,56367
47566,2291
47566,541
47566,318
47566,2329
47566,1089
47566,1291
47566,4011
32996,5349
32996,6539
32996,4226
32996,4306
32996,5618
32996,4886
32996,1270
32996,296
32996,33794
32996,4973
122235,2959
122235,6539
122235,2716
122235,3578
122235,110
122235,6377
122235,318
122235,5349
122235,457
122235,1197
56402,356
56402,30825
56402,6539
56402,36525
56402,8643
56402,31685
56402,4246
56402,45722
56402,5349
56402,6942
56656,59315
56656,89745
56656,6539
56656,4896
56656,77561
56656,87232
56656,76093
56656,88125
56656,5816
56656,81834
68366,2959
68366,480
68366,4963
68366,318
68366,47
68366,6365
68366,4306
68366,1580
68366,3793
68366,1721
10323,50872
10323,3000
10323,4306
10323,2762
10323,5218
10323,1197
10323,2987
10323,4022
10323,8360
10323,59784
7031,1036
7031,1240
7031,2571
7031,2628
7031,4963
7031,318
7031,150
7031,8636
7031,1923
7031,377
21464,54286
21464,58559
21464,79132
21464,73017
21464,81834
21464,72998
21464,59369
21464,49530
21464,49272
21464,76251
28367,40815
28367,63082
28367,5816
28367,72641
28367,81834
28367,8368
28367,4025
28367,5995
28367,6377
28367,79132
49478,6016
49478,1258
49478,47
49478,48394
49478,593
49478,7361
49478,318
49478,1206
49478,1288
49478,293
97063,5816
97063,8368
97063,4896
97063,4306
97063,1270
97063,6539
97063,5349
97063,79091
97063,58559
97063,81564
92654,858
92654,1208
92654,608
92654,541
92654,7361
92654,68237
92654,55820
92654,47
92654,1206
92654,318
103504,260
103504,1196
103504,4306
103504,33794
103504,1200
103504,6377
103504,2028
103504,1617
103504,778
103504,356
79700,1961
79700,356
79700,30707
79700,919
79700,5377
79700,3897
79700,1307
79700,4973
79700,2336
79700,914
94932,54286
94932,36529
94932,59369
94932,78469
94932,79293
94932,145
94932,74851
94932,49278
94932,58295
94932,33679
114671,76093
114671,471
114671,1212
114671,48394
114671,60487
114671,59784
114671,1248
114671,26082
114671,2202
114671,81834
78348,79132
78348,150
78348,110
78348,1198
78348,539
78348,69406
78348,2959
78348,1265
78348,4995
78348,82167
120569,356
120569,60069
120569,5952
120569,40815
120569,2959
120569,4963
120569,1270
120569,1610
120569,1036
120569,4995
109682,2959
109682,2997
109682,1206
109682,2160
109682,2858
109682,1193
109682,1921
109682,8949
109682,4226
109682,6711
41719,60069
41719,68954
41719,904
41719,50872
41719,44555
41719,63082
41719,86882
41719,908
41719,80463
41719,55820
13065,593
13065,4973
13065,48780
13065,47
13065,8914
13065,3949
13065,46976
13065,7147
13065,7254
13065,44191
137322,32
137322,4878
137322,47
137322,2858
137322,2571
137322,60069
137322,3578
137322,2762
137322,1193
137322,68157
88901,4993
88901,1198
88901,47
88901,593
88901,3578
88901,1
88901,4306
88901,1136
88901,1196
88901,260
80864,1625
80864,6377
80864,2355
80864,4896
80864,3948
80864,2717
80864,2161
80864,34048
80864,2420
80864,364
103317,858
103317,296
103317,1266
103317,1201
103317,110
103317,1089
103317,2571
103317,356
103317,1196
103317,2028
13285,45928
13285,47999
13285,8011
13285,30749
13285,55071
13285,47629
13285,59810
13285,48774
13285,3469
13285,49280
65662,260
65662,4896
65662,7153
65662,356
65662,1610
65662,110
65662,1207
65662,1580
65662,3175
65662,912
81182,56782
81182,63062
81182,69481
81182,56174
81182,30749
81182,51540
81182,44191
81182,48385
81182,88129
81182,69122
98008,3793
98008,5349
98008,2858
98008,858
98008,4993
98008,1036
98008,7361
98008,780
98008,48385
98008,56174
49541,35836
49541,1580
49541,673
49541,2273
49541,780
49541,4886
49541,6863
49541,2918
49541,8636
49541,318
48512,1089
48512,2959
48512,79132
48512,4011
48512,7361
48512,1732
48512,1968
48512,2997
48512,32
48512,58559
57374,780
57374,1097
57374,1214
57374,3578
57374,7153
57374,150
57374,318
57374,2716
57374,47
57374,4306
78986,2081
78986,4993
78986,79132
78986,5349
78986,595
78986,588
78986,88125
78986,2571
78986,81834
78986,69844
10920,6539
10920,592
10920,3578
10920,1682
10920,2706
10920,2174
10920,1220
10920,3897
10920,1653
10920,1080
41267,1214
41267,1997
41267,750
41267,4105
41267,235
41267,1333
41267,51255
41267,904
41267,1210
41267,61132
43914,46578
43914,858
43914,4995
43914,2762
43914,593
43914,6016
43914,55820
43914,31658
43914,47610
43914,46976
19370,5445
19370,4226
19370,49272
19370,2028
19370,1617
19370,3275
19370,2716
19370,1265
19370,5010
19370,6539
99634,79132
99634,1196
99634,8368
99634,2628
99634,2617
99634,8360
99634,3578
99634,2355
99634,1961
99634,1246
40084,3578
40084,593
40084,2028
40084,2762
40084,4306
40084,4973
40084,4995
40084,110
40084,5349
40084,1961
90084,63082
90084,81591
90084,8784
90084,88810
90084,69757
90084,91529
90084,99114
90084,91077
90084,94959
90084,6942
56220,1213
56220,47
56220,2916
56220,1265
56220,60069
56220,1228
56220,55820
56220,1
56220,356
56220,6711
4054,49278
4054,63062
4054,8533
4054,50872
4054,56941
4054,58803
4054,64622
4054,55765
4054,65230
4054,6377
104232,1527
104232,356
104232,44191
104232,1653
104232,7361
104232,47
104232,68237
104232,7827
104232,5989
104232,27482
109491,1101
109491,1674
109491,63082
109491,106487
109491,50872
109491,1307
109491,64614
109491,1265
109491,47099
109491,904
85265,2959
85265,4226
85265,593
85265,356
85265,50
85265,541
85265,2324
85265,110
85265,4973
85265,1193
89417,6333
89417,2012
89417,4571
89417,10
89417,1
89417,480
89417,2997
89417,367
89417,1220
89417,1356
37810,6539
37810,3578
37810,47
37810,7458
37810,3623
37810,8636
37810,4022
37810,2959
37810,3717
37810,1961
68373,6377
68373,1721
68373,5952
68373,1270
68373,3147
68373,63082
68373,48516
68373,44191
68373,5989
68373,2997
51763,56782
51763,64614
51763,44191
51763,1196
51763,260
51763,2712
51763,57669
51763,1884
51763,1270
51763,1198
101054,1320
101054,3421
101054,4718
101054,6502
101054,1127
101054,7502
101054,5049
101054,5010
101054,1270
101054,32
52882,858
52882,47
52882,2329
52882,50
52882,7361
52882,48780
52882,4011
52882,6870
52882,5418
52882,30749
51804,4226
51804,1
51804,2997
51804,1196
51804,1961
51804,318
51804,1265
51804,296
51804,32
51804,2959
86231,73017
86231,2959
86231,4306
86231,72998
86231,356
86231,50872
86231,69844
86231,1
86231,33493
86231,77561
6394,933
6394,2359
6394,898
6394,1449
6394,1265
6394,497
6394,17
6394,1198
6394,1
6394,150
129170,91529
129170,1198
129170,3527
129170,32
129170,2762
129170,85414
129170,88140
129170,316
129170,6333
129170,27611
40662,4226
40662,608
40662,1089
40662,2571
40662,2858
40662,50
40662,1193
40662,1206
40662,778
40662,288
79626,4878
79626,1193
79626,593
79626,318
79626,4226
79626,2571
79626,296
79626,68237
79626,58559
79626,1682
25676,60069
25676,1
25676,6016
25676,293
25676,3176
25676,3160
25676,2011
25676,4246
25676,45722
25676,33166
77785,1198
77785,2115
77785,4886
77785,8961
77785,1396
77785,648
77785,1
77785,5445
77785,1580
77785,150
131671,69757
131671,6944
131671,597
131671,49286
131671,2423
131671,2671
131671,2424
131671,63082
131671,56367
131671,500
88685,1136
88685,2762
88685,1240
88685,589
88685,4306
88685,527
88685,1036
88685,648
88685,50
88685,1704
86175,54286
86175,8665
86175,2858
86175,1127
86175,5418
86175,2968
86175,2076
86175,3740
86175,1784
86175,1968
106012,2085
106012,26662
106012,2096
106012,1
106012,2089
106012,76093
106012,616
106012,8961
106012,364
106012,2087
131501,5218
131501,6016
131501,3949
131501,1227
131501,593
131501,1221
131501,1298
131501,16
131501,527
131501,7254
26994,4306
26994,2858
26994,7361
26994,4226
26994,318
26994,1193
26994,68954
26994,1223
26994,58559
26994,2329
69265,1197
69265,260
69265,33794
69265,2858
69265,1
69265,1196
69265,1210
69265,68358
69265,5445
69265,590
26012,6377
26012,1240
26012,8961
26012,4886
26012,3578
26012,1136
26012,8360
26012,4306
26012,2011
26012,593
46328,923
46328,32587
46328,1210
46328,4226
46328,296
46328,924
46328,1270
46328,47
46328,55820
46328,5952
31338,527
31338,318
31338,64620
31338,44555
31338,48394
31338,4226
31338,48516
31338,56367
31338,56782
31338,67255
113978,480
113978,8961
113978,1682
113978,2716
113978,919
113978,1197
113978,4226
113978,33794
113978,2291
113978,4979
80655,41569
80655,8949
80655,30749
80655,38038
80655,41997
80655,30793
80655,141
80655,32587
80655,34162
80655,3996
101884,608
101884,47
101884,318
101884,5902
101884,111
101884,593
101884,1198
101884,3949
101884,32
101884,1193
65437,6333
65437,1240
65437,1291
65437,3147
65437,1036
65437,2762
65437,3578
65437,2000
65437,2268
65437,592
100332,1200
100332,1220
100332,353
100332,44191
100332,32587
100332,1214
100332,1610
100332,110
100332,1136
100332,5049
48927,79091
48927,78499
48927,4886
48927,4025
48927,6333
48927,87232
48927,53125
48927,4306
48927,6377
48927,4993
132429,2762
132429,63082
132429,48394
132429,47
132429,55247
132429,63062
132429,3578
132429,8533
132429,6377
132429,60069
69583,296
69583,1527
69583,356
69583,2011
69583,589
69583,2
69583,4886
69583,318
69583,1923
69583,593
99138,356
99138,47
99138,2858
99138,4226
99138,4963
99138,4011
99138,5418
99138,4995
99138,3949
99138,1089
19806,50
19806,4226
19806,527
19806,5952
19806,2858
19806,58559
19806,750
19806,1213
19806,2324
19806,1196
121543,2726
121543,4034
121543,599
121543,2729
121543,5060
121543,3671
121543,1304
121543,1729
121543,7438
121543,6874
29527,4993
29527,4306
29527,3578
29527,593
29527,1961
29527,377
29527,1721
29527,1036
29527,2406
29527,500
117636,47
117636,593
117636,296
117636,858
117636,2329
117636,1221
117636,3949
117636,48516
117636,7361
117636,1193
117536,2858
117536,356
117536,4226
117536,5952
117536,2028
117536,48516
117536,48394
117536,527
117536,541
117536,778
104166,150
104166,527
104166,69757
104166,40819
104166,2268
104166,91500
104166,5064
104166,46723
104166,80463
104166,590
136047,56367
136047,27803
136047,43333
136047,56607
136047,5525
136047,57243
136047,46850
136047,39183
136047,6552
136047,5135
63993,2571
63993,293
63993,47
63993,858
63993,50
63993,55820
63993,318
63993,57669
63993,32587
63993,44665
72129,45
72129,1673
72129,3546
72129,908
72129,2160
72129,904
72129,931
72129,928
72129,5812
72129,1392
34587,223
34587,47
34587,2959
34587,8376
34587,1215
34587,778
34587,2571
34587,1673
34587,1201
34587,2858
8812,6365
8812,593
8812,318
8812,1214
8812,1748
8812,1127
8812,44191
8812,1200
8812,1222
8812,48394
60971,2858
60971,1073
60971,4979
60971,4878
60971,441
60971,56367
60971,2959
60971,2997
60971,1682
60971,1193
56772,1136
56772,2959
56772,1259
56772,55765
56772,54997
56772,3098
56772,4226
56772,30707
56772,1262
56772,590
100224,3578
100224,165
100224,1240
100224,527
100224,150
100224,32
100224,2028
100224,736
100224,2706
100224,1923
53578,1580
53578,364
53578,588
53578,2571
53578,595
53578,344
53578,3751
53578,2683
53578,1517
53578,3996
59062,2571
59062,318
59062,3949
59062,4878
59062,48516
59062,293
59062,1221
59062,58559
59062,527
59062,55820
71246,47
71246,593
71246,110
71246,648
71246,3578
71246,2762
71246,4993
71246,1923
71246,1270
71246,5952
128216,318
128216,7147
128216,4878
128216,2858
128216,60069
128216,2291
128216,46976
128216,6711
128216,1206
128216,1193
1155,953
1155,1225
1155,1198
1155,17
1155,497
1155,5952
1155,4993
1155,1271
1155,1641
1155,1307
133491,5349
133491,2571
133491,4306
133491,4963
133491,318
133491,1408
133491,2028
133491,6377
133491,3147
133491,457
94888,7361
94888,296
94888,260
94888,4993
94888,3000
94888,899
94888,527
94888,2804
94888,1225
94888,2324
109171,356
109171,68358
109171,1
109171,260
109171,2115
109171,480
109171,3114
109171,68954
109171,2394
109171,50872
27942,2020
27942,3067
27942,247
27942,2712
27942,2692
27942,562
27942,412
27942,272
27942,1617
27942,4642
61991,288
61991,592
61991,1343
61991,1200
61991,111
61991,555
61991,5445
61991,1198
61991,1259
61991,1263
62315,4878
62315,2858
62315,8961
62315,1527
62315,6711
62315,5445
62315,356
62315,48394
62315,593
62315,33794
76437,648
76437,1270
76437,260
76437,1527
76437,1210
76437,4993
76437,3793
76437,2762
76437,4027
76437,56788
83076,593
83076,5418
83076,3793
83076,587
83076,1923
83076,1393
83076,5816
83076,8360
83076,1265
83076,1073
113219,8961
113219,2959
113219,593
113219,7361
113219,1617
113219,527
113219,1198
113219,2571
113219,2502
113219,608
135590,6539
135590,4973
135590,2571
135590,908
135590,260
135590,912
135590,110
135590,4034
135590,4306
135590,6874
12777,68157
12777,6874
12777,318
12777,2329
12777,58559
12777,91529
12777,44191
12777,4963
12777,5445
12777,6377
99408,1198
99408,260
99408,1580
99408,5952
99408,589
99408,1291
99408,1210
99408,6754
99408,1240
99408,4270
89617,6016
89617,7361
89617,58559
89617,1206
89617,6874
89617,44191
89617,6953
89617,48516
89617,1258
89617,48780
44985,50
44985,648
44985,1961
44985,150
44985,1291
44985,2858
44985,377
44985,733
44985,1704
44985,5445
35191,33794
35191,2762
35191,4993
35191,1198
35191,1291
35191,3793
35191,5349
35191,4886
35191,2918
35191,7361
10872,318
10872,2858
10872,296
10872,2959
10872,69757
10872,5952
10872,7153
10872,48394
10872,79132
10872,46976
98791,7361
98791,1198
98791,356
98791,527
98791,50
98791,2762
98791,593
98791,4226
98791,6874
98791,858
10696,1704
10696,2858
10696,2329
10696,4306
10696,32587
10696,1291
10696,1617
10696,4973
10696,1136
10696,1270
76024,1610
76024,457
76024,3698
76024,1387
76024,4351
76024,3499
76024,1276
76024,2167
76024,4128
76024,3275
50255,6377
50255,79132
50255,58559
50255,6539
50255,595
50255,588
50255,364
50255,1
50255,89745
50255,4973
7232,4816
7232,1206
7232,318
7232,2716
7232,51255
7232,5902
7232,111
7232,2571
7232,1639
7232,903
132068,2321
132068,4306
132068,1380
132068,4016
132068,1032
132068,4308
132068,1059
132068,5299
132068,8360
132068,480
46831,318
46831,68954
46831,81845
46831,4973
46831,4993
46831,89745
46831,5952
46831,260
46831,78499
46831,91529
78412,3751
78412,58559
78412,3114
78412,50872
78412,32587
78412,588
78412,54272
78412,6283
78412,589
78412,3793
2702,59315
2702,4973
2702,1374
2702,2692
2702,5903
2702,318
2702,97752
2702,1580
2702,2716
2702,7438
114753,1610
114753,4306
114753,1073
114753,253
114753,457
114753,6
114753,1127
114753,1393
114753,2710
114753,1721
70945,44191
70945,8636
70945,8961
70945,5872
70945,46530
70945,45499
70945,51255
70945,54286
70945,54272
70945,44195
68099,8970
68099,30749
68099,8961
68099,60069
68099,48385
68099,40819
68099,58559
68099,33794
68099,44555
68099,7147
8189,2762
8189,1704
8189,457
8189,593
8189,36
8189,150
8189,1393
8189,4034
8189,356
8189,30707
78619,750
78619,51255
78619,8874
78619,46976
78619,318
78619,3949
78619,60684
78619,38061
78619,1884
78619,52973
94347,94959
94347,7323
94347,60069
94347,46578
94347,79132
94347,1136
94347,356
94347,44555
94347,48774
94347,1732
58958,587
58958,1101
58958,2716
58958,1198
58958,4002
58958,3450
58958,185
58958,3255
58958,2011
58958,3448
90861,80463
90861,81845
90861,98961
90861,63082
90861,106100
90861,81932
90861,44555
90861,89904
90861,64620
90861,55765
28710,32
28710,593
28710,4878
28710,1258
28710,1206
28710,356
28710,2997
28710,2291
28710,48394
28710,4720
101282,4546
101282,7171
101282,3077
101282,65612
101282,4210
101282,7116
101282,27838
101282,6975
101282,33288
101282,26587
138457,48394
138457,2028
138457,47
138457,356
138457,318
138457,4226
138457,56782
138457,1089
138457,1208
138457,608
14741,50
14741,260
14741,1210
14741,4995
14741,110
14741,589
14741,608
14741,527
14741,1198
14741,541
89952,1136
89952,593
89952,318
89952,27773
89952,1466
89952,1080
89952,356
89952,2427
89952,8950
89952,5952
99471,780
99471,2959
99471,44191
99471,296
99471,3578
99471,34405
99471,1270
99471,51662
99471,32
99471,5445
68040,4306
68040,6377
68040,4447
68040,597
68040,11
68040,914
68040,17
68040,6942
68040,919
68040,2797
115427,260
115427,3000
115427,1291
115427,44191
115427,1197
115427,32587
115427,3275
115427,356
115427,593
115427,353
131393,47
131393,6874
131393,1214
131393,318
131393,7143
131393,36529
131393,1676
131393,7438
131393,7254
131393,27611
75163,1240
75163,1961
75163,527
75163,1197
75163,3578
75163,2028
75163,1193
75163,3996
75163,150
75163,608
108619,4226
108619,47
108619,165
108619,6281
108619,1265
108619,48385
108619,2011
108619,1732
108619,57669
108619,780
130706,5989
130706,1089
130706,32
130706,4226
130706,32587
130706,4995
130706,527
130706,3147
130706,1704
130706,48516
22304,1089
22304,1200
22304,3578
22304,4993
22304,33794
22304,1240
22304,110
22304,2329
22304,68157
22304,91529
106243,4896
106243,5218
106243,1721
106243,4995
106243,1028
106243,4022
106243,1961
106243,40819
106243,2959
106243,783
50209,3863
50209,318
50209,1258
50209,6502
50209,70
50209,805
50209,48516
50209,2505
50209,1339
50209,1213
75605,1270
75605,1210
75605,260
75605,2762
75605,593
75605,2028
75605,318
75605,2959
75605,5445
75605,1527
125611,50
125611,296
125611,2028
125611,590
125611,1089
125611,6867
125611,318
125611,457
125611,1265
125611,527
65059,1270
65059,648
65059,589
65059,2571
65059,318
65059,3578
65059,110
65059,1240
65059,1517
65059,1917
97318,3552
97318,1073
97318,1197
97318,2791
97318,1968
97318,858
97318,1220
97318,2529
97318,1278
97318,3671
52795,2565
52795,1527
52795,68358
52795,1
52795,1380
52795,318
52795,1947
52795,1088
52795,69844
52795,5349
31044,55282
31044,58559
31044,53000
31044,6502
31044,81591
31044,71535
31044,51662
31044,2959
31044,7361
31044,84395
16163,608
16163,6874
16163,1682
16163,3176
16163,1097
16163,6
16163,1393
16163,1101
16163,1676
16163,1610
31742,77561
31742,1210
31742,8961
31742,2571
31742,68358
31742,7153
31742,6333
31742,3793
31742,589
31742,72998
121601,1246
121601,2762
121601,1376
121601,356
121601,2321
121601,1682
121601,3147
121601,3686
121601,3247
121601,1088
134477,1270
134477,1208
134477,60069
134477,541
134477,1197
134477,7361
134477,111
134477,527
134477,68954
134477,356
115332,1196
115332,318
115332,457
115332,3147
115332,1270
115332,2028
115332,59315
115332,33660
115332,2115
115332,8665
294,58559
294,223
294,2161
294,2762
294,1580
294,5418
294,2657
294,4571
294,3578
294,293
11584,593
11584,1136
11584,4878
11584,2858
11584,5952
11584,923
11584,6711
11584,1197
11584,1527
11584,5445
42603,32587
42603,47
42603,76251
42603,1223
42603,79132
42603,2329
42603,6502
42603,4226
42603,77800
42603,58559
137447,2908
137447,593
137447,7361
137447,3546
137447,1513
137447,2160
137447,724
137447,1126
137447,1271
137447,837
27345,858
27345,6539
27345,296
27345,6377
27345,1198
27345,32
27345,6
27345,1221
27345,1089
27345,480
49219,60069
49219,356
49219,58559
49219,527
49219,4011
49219,48780
49219,4226
49219,1198
49219,49272
49219,70286
111050,7153
111050,4993
111050,2959
111050,32
111050,296
111050,5952
111050,457
111050,3578
111050,50
111050,2762
8772,1270
8772,1197
8772,150
8772,2804
8772,260
8772,1
8772,527
8772,1207
8772,1073
8772,4993
120871,968
120871,7438
120871,6502
120871,4878
120871,1089
120871,1136
120871,4011
120871,1222
120871,1285
120871,55820
78806,296
78806,73017
78806,3535
78806,356
78806,5349
78806,7153
78806,4993
78806,5872
78806,5903
78806,318
55224,593
55224,2959
55224,8784
55224,2918
55224,35836
55224,48385
55224,223
55224,1968
55224,50
55224,2571
53987,55820
53987,44191
53987,54286
53987,2542
53987,2502
53987,318
53987,8874
53987,2692
53987,1884
53987,8784
106256,356
106256,1036
106256,2571
106256,3793
106256,6934
106256,6365
106256,520
106256,2012
106256,5349
106256,3717
51703,76251
51703,46578
51703,79293
51703,106100
51703,60684
51703,103249
51703,8957
51703,58803
51703,106782
51703,106916
27176,2572
27176,7451
27176,3882
27176,56367
27176,7285
27176,3186
27176,8533
27176,45720
27176,4447
27176,4306
101810,1704
101810,2081
101810,8360
101810,595
101810,5418
101810,5349
101810,6942
101810,4018
101810,1101
101810,8972
43032,111
43032,912
43032,32587
43032,364
43032,4993
43032,1270
43032,48516
43032,110
43032,3030
43032,1281
32940,3578
32940,1961
32940,2329
32940,1222
32940,2571
32940,7153
32940,32
32940,778
32940,1610
32940,4973
21375,318
21375,4896
21375,40815
21375,1200
21375,68954
21375,69122
21375,51662
21375,2918
21375,1214
21375,1610
37358,63082
37358,1721
37358,4886
37358,4993
37358,68954
37358,318
37358,364
37358,4995
37358,7153
37358,2324
118957,7153
118957,4306
118957,260
118957,356
118957,150
118957,2762
118957,480
118957,3793
118957,1527
118957,1580
36769,2959
36769,48516
36769,58559
36769,318
36769,2329
36769,356
36769,2571
36769,296
36769,527
36769,110
12419,59315
12419,48774
12419,79132
12419,26776
12419,33162
12419,88125
12419,45950
12419,59615
12419,27660
12419,81564
14034,8917
14034,27821
14034,33493
14034,30793
14034,8784
14034,8966
14034,32587
14034,8951
14034,33794
14034,31694
128868,27317
128868,4488
128868,4995
128868,2329
128868,2858
128868,4478
128868,5139
128868,1327
128868,101
128868,1784
36151,480
36151,1073
36151,58559
36151,1682
36151,1721
36151,2
36151,1580
36151,364
36151,2012
36151,588
28793,2395
28793,3552
28793,1288
28793,1968
28793,1278
28793,32
28793,1923
28793,3911
28793,69
28793,7438
77420,2959
77420,7361
77420,68954
77420,69757
77420,76093
77420,364
77420,60069
77420,78499
77420,6539
77420,30810
29964,500
29964,2762
29964,2918
29964,318
29964,2502
29964,6377
29964,1923
29964,1682
29964,8961
29964,110
49950,2762
49950,4011
49950,1193
49950,4878
49950,6874
49950,32
49950,48516
49950,1258
49950,1198
49950,1270
29499,26729
29499,31410
29499,8906
29499,3627
29499,7698
29499,31270
29499,39292
29499,59315
29499,4902
29499,4210
137939,2028
137939,296
137939,2762
137939,2858
137939,5349
137939,733
137939,47
137939,51662
137939,3301
137939,4886
97172,150
97172,110
97172,1387
97172,1136
97172,4886
97172,1246
97172,7153
97172,4993
97172,919
97172,4022
109070,5952
109070,480
109070,4993
109070,4226
109070,3578
109070,33166
109070,1961
109070,44191
109070,8360
109070,3481
77902,7153
77902,59615
77902,53460
77902,55245
77902,53996
77902,53121
77902,62081
77902,45208
77902,48414
77902,37380
50915,6711
50915,47
50915,40629
50915,253
50915,509
50915,8983
50915,8014
50915,4014
50915,7361
50915,48516
1227,589
1227,1387
1227,2716
1227,2000
1227,1259
1227,2194
1227,1213
1227,2858
1227,1265
1227,1923
109162,1198
109162,1270
109162,919
109162,3114
109162,953
109162,2918
109162,4886
109162,4306
109162,2762
109162,3363
133471,2716
133471,7361
133471,480
133471,223
133471,60069
133471,1923
133471,6188
133471,3897
133471,778
133471,1682
114085,7361
114085,1198
114085,4226
114085,1197
114085,6539
114085,593
114085,33794
114085,58559
114085,480
114085,1597
103793,541
103793,1291
103793,58559
103793,1080
103793,912
103793,1222
103793,593
103793,2959
103793,2858
103793,2329
9119,296
9119,7361
9119,1073
9119,1968
9119,1247
9119,919
9119,1206
9119,4914
9119,6711
9119,593
91886,1200
91886,1222
91886,47
91886,593
91886,2997
91886,1089
91886,3751
91886,4034
91886,1080
91886,1258
81046,44191
81046,48394
81046,50
81046,296
81046,7438
81046,1206
81046,2502
81046,1732
81046,3949
81046,6016
70103,858
70103,778
70103,6016
70103,2858
70103,2959
70103,593
70103,1193
70103,55820
70103,3949
70103,47
48107,780
48107,2762
48107,1721
48107,5378
48107,8361
48107,2572
48107,1917
48107,648
48107,5952
48107,6373
46085,6365
46085,541
46085,66097
46085,8874
46085,60684
46085,110
46085,1222
46085,72998
46085,59784
46085,8665
6632,68954
6632,4306
6632,4886
6632,5971
6632,7147
6632,8961
6632,50872
6632,6942
6632,79091
6632,4226
41163,3578
41163,55908
41163,2997
41163,7254
41163,1036
41163,2011
41163,4306
41163,2455
41163,1198
41163,1258
99103,59315
99103,7090
99103,4878
99103,7361
99103,2959
99103,293
99103,27660
99103,8784
99103,6807
99103,5218
53303,1
53303,150
53303,4306
53303,3114
53303,8961
53303,318
53303,356
53303,4963
53303,780
53303,1580
25473,2028
25473,293
25473,296
25473,2959
25473,110
25473,8636
25473,1645
25473,1036
25473,6333
25473,597
31901,3052
31901,5816
31901,5218
31901,110
31901,593
31901,4995
31901,3793
31901,6333
31901,8961
31901,7143
17571,52885
17571,6773
17571,7099
17571,37729
17571,54001
17571,8874
17571,5971
17571,52328
17571,33493
17571,6645
128248,2011
128248,2571
128248,1291
128248,1198
128248,1265
128248,589
128248,457
128248,5445
128248,953
128248,4963
107204,6774
107204,923
107204,4928
107204,8620
107204,4848
107204,3788
107204,8239
107204,1260
107204,1212
107204,1178
103028,296
103028,37741
103028,47
103028,39292
103028,1635
103028,3910
103028,50
103028,1225
103028,33166
103028,5812
90697,1196
90697,1704
90697,1
90697,110
90697,2716
90697,2959
90697,4995
90697,377
90697,500
90697,260
64750,70286
64750,260
64750,47
64750,48516
64750,1193
64750,1222
64750,50
64750,608
64750,4262
64750,1213
133650,2329
133650,2858
133650,46578
133650,7361
133650,2571
133650,8784
133650,32
133650,2762
133650,48774
133650,4878
2922,5989
2922,4262
2922,110
2922,1961
2922,3681
2922,30707
2922,1270
2922,2028
2922,553
2922,2762
53116,4027
53116,1235
53116,8042
53116,5341
53116,3683
53116,1245
53116,3735
53116,3741
53116,3384
53116,6807
92692,4306
92692,58559
92692,79132
92692,4995
92692,1270
92692,8961
92692,2959
92692,91529
92692,66934
92692,1196
100939,2858
100939,7147
100939,8784
100939,46976
100939,55280
100939,48394
100939,296
100939,8638
100939,69757
100939,6711
14852,1732
14852,32
14852,1270
14852,5989
14852,68073
14852,44665
14852,2329
14852,33794
14852,5618
14852,1923
27353,8961
27353,63082
27353,7361
27353,56367
27353,44191
27353,48394
27353,6539
27353,58559
27353,1682
27353,33794
132082,1682
132082,628
132082,296
132082,64716
132082,44199
132082,4776
132082,55765
132082,2571
132082,8873
132082,4019
8011,32
8011,2329
8011,356
8011,6502
8011,74458
8011,5903
8011,541
8011,4993
8011,7153
8011,68157
39079,68157
39079,1196
39079,60069
39079,5872
39079,1210
39079,2393
39079,53322
39079,44199
39079,34405
39079,1036
109510,296
109510,2791
109510,593
109510,1089
109510,1954
109510,2804
109510,608
109510,3671
109510,7153
109510,111
129323,2959
129323,1198
129323,78499
129323,49272
129323,110
129323,59315
129323,48516
129323,48780
129323,1291
129323,1
129545,4226
129545,68157
129545,79132
129545,589
129545,4993
129545,7153
129545,6539
129545,2329
129545,36529
129545,6
51952,750
51952,1248
51952,1199
51952,1235
51952,7587
51952,4914
51952,908
51952,7766
51952,7234
51952,1237
101322,1136
101322,1198
101322,608
101322,593
101322,4226
101322,4027
101322,924
101322,1219
101322,296
101322,2858
84359,4226
84359,1136
84359,79132
84359,81591
84359,2858
84359,32
84359,1682
84359,5690
84359,1196
84359,1089
14837,63082
14837,56367
14837,81591
14837,81834
14837,40815
14837,6377
14837,91500
14837,68954
14837,81845
14837,80463
13689,7361
13689,1269
13689,50
13689,4226
13689,593
13689,1292
13689,1245
13689,4878
13689,904
13689,2858
40012,3793
40012,1748
40012,3527
40012,3578
40012,1206
40012,4306
40012,750
40012,1580
40012,1127
40012,1036
70686,296
70686,4878
70686,4979
70686,5673
70686,1732
70686,2395
70686,8949
70686,32
70686,4641
70686,38886
12005,2959
12005,6711
12005,296
12005,4973
12005,4226
12005,50
12005,608
12005,1175
12005,48394
12005,2395
54565,1198
54565,1265
54565,1220
54565,35836
54565,2502
54565,1288
54565,6188
54565,3421
54565,33794
54565,356
100943,1196
100943,6016
100943,4995
100943,912
100943,4973
100943,5995
100943,1198
100943,608
100943,908
100943,750
136701,3037
136701,1387
136701,7076
136701,6662
136701,7091
136701,150
136701,2762
136701,3654
136701,1252
136701,7706
123245,260
123245,96079
123245,72998
123245,33794
123245,3578
123245,99114
123245,49272
123245,5349
123245,81847
123245,4963
103201,2329
103201,70286
103201,4437
103201,55820
103201,57368
103201,1265
103201,6377
103201,6323
103201,4128
103201,6820
52119,56775
52119,58559
52119,2571
52119,7163
52119,51935
52119,52722
52119,5418
52119,54286
52119,36529
52119,45499
85748,6539
85748,1214
85748,589
85748,541
85748,1584
85748,364
85748,1240
85748,1253
85748,3793
85748,1197
10961,68237
10961,85414
10961,71131
10961,71462
10961,7099
10961,7256
10961,76093
10961,27773
10961,74458
10961,68954
38695,39
38695,56367
38695,2572
38695,80241
38695,66509
38695,36525
38695,1721
38695,2694
38695,4700
38695,87869
15873,4226
15873,7099
15873,296
15873,32
15873,27773
15873,318
15873,6016
15873,6283
15873,4878
15873,2019
134050,1210
134050,5816
134050,62
134050,2324
134050,2918
134050,1198
134050,5989
134050,7147
134050,520
134050,2501
34101,6874
34101,1197
34101,1210
34101,2329
34101,33794
34101,1136
34101,50
34101,5952
34101,6377
34101,2858
91048,1721
91048,364
91048,356
91048,145
91048,4963
91048,500
91048,1573
91048,648
91048,1527
91048,2571
1468,2762
1468,4226
1468,356
1468,106920
1468,3949
1468,2324
1468,81591
1468,4995
1468,58559
1468,527
118662,6016
118662,318
118662,48516
118662,2959
118662,47
118662,4226
118662,33794
118662,4239
118662,44195
118662,32587
105170,1036
105170,36529
105170,4963
105170,5952
105170,4993
105170,5418
105170,33004
105170,3703
105170,1240
105170,34405
933,3114
933,44191
933,33794
933,5989
933,356
933,7361
933,56367
933,1907
933,68358
933,4878
22294,7438
22294,4878
22294,48394
22294,318
22294,593
22294,27773
22294,33794
22294,109487
22294,1219
22294,70286
133090,58559
133090,593
133090,2571
133090,2959
133090,1136
133090,1732
133090,1193
133090,858
133090,1228
133090,2329
85180,47
85180,60069
85180,4306
85180,589
85180,57669
85180,1617
85180,5989
85180,56174
85180,7445
85180,48394
39250,1036
39250,7153
39250,318
39250,296
39250,1377
39250,6874
39250,648
39250,4995
39250,2115
39250,48516
42948,356
42948,4886
42948,6539
42948,1527
42948,480
42948,69844
42948,40815
42948,79132
42948,81834
42948,4306
73174,2294
73174,4308
73174,7373
73174,79702
73174,3033
73174,45499
73174,26403
73174,586
73174,317
73174,2502
86390,592
86390,260
86390,1214
86390,50
86390,380
86390,1221
86390,47
86390,4226
86390,2959
86390,1210
61209,6539
61209,4993
61209,1291
61209,54001
61209,40815
61209,7153
61209,6377
61209,356
61209,364
61209,33493
128415,1517
128415,4011
128415,356
128415,34162
128415,3948
128415,260
128415,7361
128415,296
128415,6539
128415,5952
7596,7361
7596,6539
7596,3751
7596,56152
7596,81847
7596,46578
7596,4016
7596,45722
7596,1307
7596,5013
22081,44195
22081,4776
22081,4963
22081,5989
22081,4011
22081,54503
22081,1393
22081,56367
22081,1060
22081,628
136049,2571
136049,2858
136049,49286
136049,3578
136049,5620
136049,597
136049,7361
136049,46976
136049,5377
136049,2959
104347,76251
104347,3629
104347,2947
104347,3198
104347,2948
104347,1233
104347,3339
104347,2115
104347,1805
104347,1281
34129,593
34129,50
34129,318
34129,296
34129,608
34129,6711
34129,7361
34129,1673
34129,1222
34129,4878
107979,296
107979,7361
107979,8914
107979,2571
107979,96610
107979,69122
107979,318
107979,80489
107979,1653
107979,44191
36840,4886
36840,1
36840,1073
36840,2291
36840,296
36840,500
36840,2571
36840,1265
36840,527
36840,1704
93368,4226
93368,7361
93368,47
93368,46578
93368,6711
93368,2959
93368,296
93368,40819
93368,40629
93368,1961
85254,6711
85254,32
85254,750
85254,3108
85254,7147
85254,541
85254,2076
85254,608
85254,260
85254,3471
18791,4226
18791,1136
18791,47
18791,5952
18791,1208
18791,4306
18791,2951
18791,2762
18791,4262
18791,50
129500,4878
129500,54259
129500,54272
129500,38038
129500,30793
129500,7153
129500,36401
129500,6874
129500,5952
129500,46578
89262,1210
89262,356
89262,2746
89262,914
89262,4993
89262,2762
89262,4027
89262,2300
89262,51255
89262,1282
67575,44022
67575,8961
67575,8360
67575,46578
67575,40819
67575,5218
67575,37729
67575,33794
67575,40339
67575,33004
93561,7361
93561,2858
93561,58559
93561,48516
93561,48780
93561,356
93561,1193
93561,1222
93561,3578
93561,3275
138265,2918
138265,4226
138265,111
138265,1222
138265,318
138265,908
138265,1196
138265,260
138265,5349
138265,35836
27149,77561
27149,6218
27149,102125
27149,7569
27149,7649
27149,10
27149,8665
27149,91500
27149,1527
27149,5872
99506,296
99506,3949
99506,1206
99506,2692
99506,52579
99506,2858
99506,4848
99506,27904
99506,2291
99506,27721
40692,33794
40692,1089
40692,3735
40692,2692
40692,555
40692,1208
40692,6787
40692,3683
40692,1219
40692,2791
83382,3175
83382,6979
83382,7153
83382,608
83382,5060
83382,3868
83382,1234
83382,1617
83382,5952
83382,1387
41073,364
41073,4886
41073,2125
41073,6942
41073,1777
41073,8961
41073,1307
41073,4246
41073,3255
41073,1035
100566,5989
100566,79132
100566,4963
100566,4886
100566,356
100566,586
100566,45517
100566,2959
100566,85414
100566,44022
14802,1198
14802,50872
14802,2396
14802,919
14802,2858
14802,1193
14802,2762
14802,7147
14802,2174
14802,6539
1288,593
1288,733
1288,31685
1288,4344
1288,4306
1288,1580
1288,6539
1288,49272
1288,6586
1288,1923
7992,858
7992,2571
7992,2329
7992,50
7992,1089
7992,318
7992,58559
7992,2858
7992,3949
7992,5989
117524,1246
117524,1291
117524,1527
117524,3996
117524,50
117524,296
117524,4886
117524,356
117524,2918
117524,2502
47712,104841
47712,60069
47712,4995
47712,4011
47712,32587
47712,5445
47712,48394
47712,1580
47712,68954
47712,50872
4595,72998
4595,71535
4595,51255
4595,2959
4595,2571
4595,8874
4595,5349
4595,318
4595,6333
4595,4011
13721,7438
13721,68157
13721,1206
13721,68358
13721,48774
13721,64957
13721,7254
13721,5445
13721,6539
13721,55820
83608,2011
83608,2762
83608,500
83608,4226
83608,2706
83608,2115
83608,1517
83608,1527
83608,1073
83608,1784
9771,2329
9771,49272
9771,2571
9771,54286
9771,47
9771,3578
9771,34162
9771,68157
9771,39715
9771,1704
53675,4886
53675,1682
53675,1721
53675,318
53675,597
53675,1080
53675,1961
53675,1641
53675,6874
53675,1136
9522,3578
9522,5952
9522,58559
9522,4995
9522,50
9522,59315
9522,4963
9522,858
9522,91542
9522,91529
68662,45720
68662,4878
68662,8784
68662,44191
68662,56152
68662,3949
68662,597
68662,59784
68662,48780
68662,8533
117527,356
117527,4306
117527,5349
117527,2628
117527,733
117527,2959
117527,2617
117527,49272
117527,5445
117527,8961
47889,47629
47889,55052
47889,55247
47889,58154
47889,62293
47889,5995
47889,6947
47889,55274
47889,56367
47889,71579
111692,46578
111692,5952
111692,150
111692,4993
111692,7153
111692,59315
111692,912
111692,4306
111692,72011
111692,1291
56392,593
56392,4306
56392,32
56392,778
56392,3949
56392,6016
56392,58559
56392,7153
56392,4993
56392,6874
15414,7361
15414,5995
15414,527
15414,50
15414,1213
15414,2858
15414,4011
15414,2324
15414,30749
15414,1193
65854,2571
65854,1193
65854,593
65854,296
65854,1213
65854,4973
65854,608
65854,527
65854,923
65854,4993
129463,1282
129463,1
129463,588
129463,3081
129463,2858
129463,6539
129463,2987
129463,1682
129463,4886
129463,1136
24696,6773
24696,3996
24696,1197
24696,38038
24696,1136
24696,904
24696,589
24696,5952
24696,4993
24696,7153
102507,316
102507,1580
102507,6333
102507,2542
102507,49272
102507,8784
102507,7361
102507,2028
102507,1089
102507,648
30211,608
30211,541
30211,4878
30211,2858
30211,7361
30211,1210
30211,1196
30211,1527
30211,60069
30211,29
42366,5445
42366,4886
42366,4993
42366,8641
42366,3897
42366,27773
42366,87306
42366,57368
42366,7153
42366,593
129835,32587
129835,4011
129835,593
129835,4226
129835,7099
129835,5971
129835,32
129835,1732
129835,70286
129835,56367
22618,6874
22618,53125
22618,2571
22618,79132
22618,111362
22618,59315
22618,7438
22618,97306
22618,51662
22618,60684
136455,110
136455,8641
136455,3082
136455,344
136455,5872
136455,51935
136455,5481
136455,6548
136455,4958
136455,3793
132872,1
132872,4226
132872,7361
132872,69122
132872,58998
132872,527
132872,35836
132872,2329
132872,46976
132872,60069
128187,589
128187,7438
128187,318
128187,480
128187,780
128187,3578
128187,1573
128187,344
128187,2628
128187,2671
44237,6539
44237,7254
44237,7445
44237,8665
44237,6281
44237,6378
44237,7163
44237,3980
44237,6323
44237,4963
130878,318
130878,7361
130878,2997
130878,2959
130878,47
130878,2858
130878,3160
130878,356
130878,4973
130878,32587
67216,8873
67216,37741
67216,8645
67216,7323
67216,4973
67216,5878
67216,44694
67216,39292
67216,5995
67216,40583
24375,33794
24375,71535
24375,318
24375,4226
24375,2571
24375,6874
24375,57274
24375,7022
24375,56145
24375,4720
48428,49272
48428,5952
48428,44191
48428,2329
48428,2959
48428,58559
48428,356
48428,47
48428,6874
48428,44665
14158,58559
14158,2858
14158,7361
14158,318
14158,2959
14158,296
14158,750
14158,46578
14158,48516
14158,48774
39686,780
39686,3578
39686,480
39686,50
39686,1704
39686,1961
39686,1193
39686,1213
39686,1221
39686,589
48946,5952
48946,7153
48946,4993
48946,296
48946,1210
48946,780
48946,2716
48946,1240
48946,344
48946,8961
18202,4226
18202,4306
18202,3081
18202,5349
18202,4886
18202,6539
18202,2571
18202,4720
18202,1258
18202,7438
138320,480
138320,2571
138320,2028
138320,110
138320,51662
138320,733
138320,49272
138320,2959
138320,780
138320,648
91414,480
91414,318
91414,4226
91414,1036
91414,72998
91414,2858
91414,1721
91414,4995
91414,6016
91414,5418
108181,6863
108181,8784
108181,8910
108181,4973
108181,7147
108181,551
108181,6711
108181,6942
108181,2858
108181,5444
80091,7361
80091,2329
80091,48780
80091,778
80091,1884
80091,1748
80091,44665
80091,6016
80091,1464
80091,2997
136042,1198
136042,593
136042,2918
136042,5816
136042,48394
136042,1291
136042,68358
136042,919
136042,48780
136042,6874
86617,1208
86617,480
86617,3503
86617,913
86617,1212
86617,1260
86617,5445
86617,912
86617,908
86617,1270
41414,1222
41414,33794
41414,318
41414,47
41414,2571
41414,296
41414,356
41414,2542
41414,593
41414,50
116775,7438
116775,6539
116775,2858
116775,48780
116775,1221
116775,527
116775,1213
116775,4022
116775,2329
116775,5418
40150,318
40150,2571
40150,110
40150,858
40150,364
40150,4995
40150,527
40150,2959
40150,593
40150,3996
49277,68358
49277,780
49277,70286
49277,64614
49277,72998
49277,80463
49277,5872
49277,8464
49277,91529
49277,30749
130189,2858
130189,590
130189,6377
130189,318
130189,1721
130189,110
130189,47
130189,1704
130189,457
130189,150
70663,30707
70663,30749
70663,33166
70663,41997
70663,46578
70663,44191
70663,63082
70663,47629
70663,48516
70663,37741
37201,260
37201,1196
37201,1136
37201,2949
37201,1201
37201,296
37201,5292
37201,589
37201,2109
37201,593
93092,6539
93092,5445
93092,648
93092,1200
93092,3000
93092,4993
93092,6711
93092,551
93092,6874
93092,318
42323,5989
42323,85414
42323,97304
42323,41285
42323,2324
42323,1704
42323,44555
42323,318
42323,539
42323,2396
133819,2959
133819,296
133819,58559
133819,56367
133819,4226
133819,61323
133819,32587
133819,55052
133819,1206
133819,62344
79433,4306
79433,58559
79433,68157
79433,7254
79433,6539
79433,2858
79433,7438
79433,4308
79433,2572
79433,44191
20246,3578
20246,44199
20246,97921
20246,47099
20246,3916
20246,88744
20246,91500
20246,46723
20246,89804
20246,59369
69793,5445
69793,8961
69793,316
69793,608
69793,2916
69793,1645
69793,8360
69793,380
69793,1387
69793,1339
15962,55276
15962,55118
15962,48774
15962,54881
15962,64839
15962,34542
15962,1732
15962,4873
15962,55814
15962,56367
82062,80463
82062,838
82062,30749
82062,1721
82062,40629
82062,78499
82062,253
82062,6711
82062,2763
82062,71579
115226,899
115226,61323
115226,48774
115226,2997
115226,1210
115226,247
115226,3108
115226,59784
115226,46976
115226,1680
99596,527
99596,1198
99596,47
99596,68954
99596,2918
99596,4226
99596,1291
99596,1259
99596,33794
99596,2231
53573,47
53573,50
53573,2959
53573,2997
53573,6016
53573,41285
53573,48516
53573,1089
53573,54286
53573,32
60058,6377
60058,3147
60058,593
60058,47
60058,32
60058,318
60058,480
60058,50
60058,527
60058,364
129190,7099
129190,4896
129190,364
129190,318
129190,91500
129190,48394
129190,1270
129190,1198
129190,59369
129190,59784
9796,6377
9796,919
9796,1
9796,1907
9796,1293
9796,4226
9796,30749
9796,1704
9796,6773
9796,2085
31233,150
31233,2858
31233,1230
31233,4995
31233,1784
31233,55052
31233,1608
31233,5989
31233,911
31233,3897
68396,589
68396,2762
68396,541
68396,4878
68396,7153
68396,1193
68396,1270
68396,4995
68396,5618
68396,2291
92086,2858
92086,1247
92086,608
92086,912
92086,1221
92086,2731
92086,44555
92086,8014
92086,6711
92086,7361
83709,296
83709,7153
83709,6874
83709,6807
83709,2858
83709,4973
83709,2959
83709,2571
83709,7438
83709,4027
85249,1527
85249,32
85249,1136
85249,2968
85249,66934
85249,750
85249,1200
85249,4027
85249,2657
85249,1376
4325,356
4325,1704
4325,4014
4325,3408
4325,318
4325,30707
4325,1721
4325,7149
4325,5995
4325,2858
137836,70286
137836,2959
137836,541
137836,924
137836,1527
137836,4370
137836,4226
137836,58559
137836,1748
137836,6350
12332,50
12332,2571
12332,8961
12332,4886
12332,2502
12332,33794
12332,150
12332,4306
12332,593
12332,1704
84698,6502
84698,2858
84698,3949
84698,1136
84698,2502
84698,91529
84698,1089
84698,48780
84698,1213
84698,93840
39173,1136
39173,356
39173,4011
39173,33794
39173,56367
39173,293
39173,2115
39173,1704
39173,4306
39173,296
54537,56367
54537,55276
54537,59018
54537,63082
54537,55820
54537,89904
54537,38886
54537,33166
54537,30749
54537,55814
3833,2571
3833,3578
3833,2959
3833,593
3833,266
3833,1961
3833,1704
3833,480
3833,539
3833,4995
89990,541
89990,593
89990,1270
89990,356
89990,2858
89990,2716
89990,1080
89990,6874
89990,1089
89990,33794
124078,33166
124078,46578
124078,1345
124078,51540
124078,2459
124078,1219
124078,2176
124078,7160
124078,44191
124078,48780
787,47
787,318
787,593
787,4226
787,2858
787,2579
787,904
787,2692
787,2324
787,457
39003,54286
39003,6377
39003,260
39003,48780
39003,1517
39003,8874
39003,356
39003,5418
39003,68358
39003,8665
119267,2959
119267,1240
119267,356
119267,293
119267,1198
119267,318
119267,1196
119267,4973
119267,4993
119267,750
50702,99114
50702,4226
50702,318
50702,296
50702,1221
50702,2028
50702,4262
50702,1222
50702,1206
50702,111
93615,1
93615,44195
93615,1196
93615,2502
93615,33794
93615,231
93615,2028
93615,2329
93615,6711
93615,593
118698,44191
118698,79132
118698,4223
118698,33794
118698,60684
118698,7143
118698,7502
118698,1219
118698,150
118698,72998
41282,58559
41282,2959
41282,356
41282,3578
41282,63082
41282,68157
41282,318
41282,2028
41282,858
41282,69122
111147,7153
111147,2762
111147,608
111147,2959
111147,111
111147,1214
111147,260
111147,356
111147,3996
111147,50
21851,588
21851,6539
21851,54503
21851,8376
21851,48385
21851,58559
21851,7325
21851,33615
21851,45722
21851,2959
122800,1704
122800,2571
122800,50
122800,2858
122800,8874
122800,44195
122800,608
122800,260
122800,750
122800,293
70021,33794
70021,50872
70021,6947
70021,30707
70021,34048
70021,39183
70021,41566
70021,34072
70021,8949
70021,56367
128984,296
128984,50
128984,2959
128984,4226
128984,356
128984,260
128984,2858
128984,589
128984,1036
128984,32
130511,81847
130511,1688
130511,594
130511,79132
130511,356
130511,6350
130511,2096
130511,1022
130511,7099
130511,3483
81338,2455
81338,3018
81338,1215
81338,7001
81338,1732
81338,1347
81338,1222
81338,750
81338,608
81338,2968
1612,33493
1612,150
1612,6378
1612,2762
1612,48780
1612,48774
1612,8636
1612,780
1612,5903
1612,7143
130822,1704
130822,356
130822,589
130822,50
130822,2959
130822,1101
130822,1259
130822,1923
130822,1220
130822,2791
28390,4993
28390,4447
28390,33679
28390,58559
28390,7451
28390,7153
28390,60069
28390,5218
28390,4963
28390,5952
117843,48516
117843,589
117843,46578
117843,2329
117843,4306
117843,357
117843,4993
117843,1193
117843,500
117843,480
86366,110
86366,2329
86366,4973
86366,1214
86366,68954
86366,81845
86366,1225
86366,1203
86366,1258
86366,1247
70123,5952
70123,79132
70123,595
70123,76093
70123,60069
70123,364
70123,7153
70123,4993
70123,2355
70123,588
92533,1721
92533,260
92533,33794
92533,4310
92533,5218
92533,7318
92533,1393
92533,1196
92533,1302
92533,6936
88982,588
88982,296
88982,2028
88982,8665
88982,364
88982,2115
88982,54286
88982,2918
88982,2268
88982,1196
77519,1029
77519,596
77519,40815
77519,6377
77519,2018
77519,32031
77519,44022
77519,594
77519,6889
77519,45722
6662,1210
6662,8961
6662,7361
6662,541
6662,1265
6662,1
6662,3683
6662,7566
6662,2716
6662,951
9577,2917
9577,1834
9577,3471
9577,1258
9577,593
9577,3996
9577,1674
9577,3706
9577,2020
9577,2968
122175,318
122175,4226
122175,2858
122175,1214
122175,7387
122175,1240
122175,50
122175,4973
122175,27773
122175,1136
93083,5952
93083,903
93083,4226
93083,4993
93083,1193
93083,1196
93083,923
93083,750
93083,1136
93083,1252
113838,357
113838,4326
113838,34
113838,1222
113838,1259
113838,1193
113838,64620
113838,474
113838,4034
113838,235
34308,6377
34308,1196
34308,2959
34308,32
34308,48774
34308,4886
34308,541
34308,296
34308,7438
34308,6874
66948,2571
66948,6377
66948,4306
66948,60069
66948,6350
66948,2
66948,551
66948,586
66948,26662
66948,52435
54977,50
54977,1291
54977,1196
54977,1266
54977,608
54977,1200
54977,296
54977,3671
54977,2194
54977,2791
124710,4995
124710,1258
124710,1704
124710,6870
124710,47
124710,30707
124710,30749
124710,1193
124710,3160
124710,30812
109032,46976
109032,56367
109032,69122
109032,55280
109032,62155
109032,35836
109032,1235
109032,44195
109032,79702
109032,4027
21346,59315
21346,2959
21346,5445
21346,27611
21346,318
21346,1197
21346,1240
21346,1136
21346,356
21346,72998
12906,1208
12906,7361
12906,111
12906,4226
12906,1228
12906,6016
12906,6787
12906,8042
12906,3435
12906,26729
131451,260
131451,40815
131451,6934
131451,6539
131451,1210
131451,5952
131451,2959
131451,45722
131451,51662
131451,3578
91520,4896
91520,5952
91520,356
91520,1198
91520,5816
91520,653
91520,1721
91520,110
91520,1291
91520,260
22255,47
22255,2571
22255,296
22255,2858
22255,6874
22255,2997
22255,2291
22255,7361
22255,6016
22255,3949
22760,8636
22760,8961
22760,589
22760,2918
22760,586
22760,1196
22760,260
22760,2291
22760,3948
22760,1210
134995,760
134995,1206
134995,2959
134995,924
134995,527
134995,1193
134995,1233
134995,48394
134995,296
134995,26939
3579,50
3579,904
3579,527
3579,1
3579,4973
3579,2028
3579,7153
3579,5952
3579,4993
3579,8360
116658,7091
116658,1136
116658,3022
116658,912
116658,923
116658,1288
116658,1230
116658,3307
116658,922
116658,8228
119798,60069
119798,54259
119798,5618
119798,56367
119798,1022
119798,46578
119798,56152
119798,8368
119798,5952
119798,7153
2813,5418
2813,4226
2813,2329
2813,89864
2813,74458
2813,6377
2813,33166
2813,49272
2813,1961
2813,41285
55567,364
55567,1073
55567,1721
55567,902
55567,1380
55567,40815
55567,356
55567,2572
55567,1580
55567,2081
30519,5618
30519,2858
30519,750
30519,296
30519,2692
30519,2918
30519,5952
30519,1208
30519,858
30519,7153
3711,8961
3711,6188
3711,4306
3711,7153
3711,318
3711,3578
3711,31685
3711,4993
3711,5989
3711,2353
45116,1097
45116,7153
45116,48
45116,2006
45116,1291
45116,2294
45116,150
45116,3793
45116,260
45116,1196
127921,593
127921,1270
127921,110
127921,1240
127921,3578
127921,2700
127921,380
127921,163
127921,457
127921,1732
68834,2959
68834,2502
68834,52973
68834,6188
68834,2028
68834,55765
68834,58559
68834,2571
68834,3578
68834,3916
33570,1196
33570,260
33570,593
33570,47
33570,48774
33570,7361
33570,48516
33570,2762
33570,7438
33570,1089
84327,6333
84327,4306
84327,2194
84327,2959
84327,8360
84327,5445
84327,1036
84327,3793
84327,1625
84327,8368
116253,6377
116253,5989
116253,2321
116253,2599
116253,1682
116253,3897
116253,4246
116253,8949
116253,8910
116253,4973
120353,593
120353,1270
120353,2571
120353,2959
120353,1220
120353,1079
120353,2762
120353,50
120353,356
120353,1196
89983,356
89983,1610
89983,318
89983,1704
89983,1957
89983,534
89983,527
89983,63082
89983,1197
89983,1225
70883,8874
70883,35836
70883,44191
70883,33166
70883,8784
70883,8957
70883,46578
70883,48516
70883,79132
70883,59315
86561,858
86561,1240
86561,733
86561,527
86561,59315
86561,1580
86561,4223
86561,1291
86561,1198
86561,7254
77826,480
77826,356
77826,4886
77826,6539
77826,1265
77826,5989
77826,1580
77826,52973
77826,5445
77826,50872
111730,593
111730,527
111730,1610
111730,2858
111730,1645
111730,50
111730,1036
111730,5445
111730,1291
111730,1198
113148,7361
113148,4226
113148,318
113148,99114
113148,68157
113148,296
113148,96610
113148,104841
113148,97921
113148,94959
77764,1196
77764,2762
77764,296
77764,2959
77764,318
77764,1682
77764,1097
77764,32
77764,5339
77764,1230
92419,1210
92419,858
92419,2858
92419,2329
92419,2762
92419,750
92419,1221
92419,356
92419,1090
92419,2692
88541,356
88541,318
88541,2571
88541,2918
88541,2502
88541,6188
88541,593
88541,1089
88541,48385
88541,1777
74454,2858
74454,593
74454,4973
74454,30749
74454,1288
74454,923
74454,1207
74454,2571
74454,903
74454,1197
68401,1127
68401,924
68401,32
68401,2329
68401,1517
68401,5377
68401,2683
68401,1032
68401,3897
68401,1225
16606,64622
16606,51931
16606,50514
16606,59018
16606,58490
16606,106920
16606,55247
16606,88810
16606,91077
16606,59220
37888,55820
37888,40819
37888,46578
37888,64620
37888,91077
37888,56782
37888,81845
37888,5669
37888,1148
37888,78574
92017,44191
92017,593
92017,48774
92017,3793
92017,50
92017,5418
92017,2028
92017,5903
92017,64614
92017,2916
100587,50
100587,49272
100587,54286
100587,356
100587,589
100587,163
100587,47200
100587,51662
100587,55820
100587,69122
95109,7361
95109,4973
95109,1199
95109,6711
95109,2997
95109,48394
95109,541
95109,4878
95109,70286
95109,1197
130542,1193
130542,2959
130542,858
130542,1208
130542,778
130542,527
130542,1230
130542,1252
130542,4034
130542,1089
98871,49272
98871,56174
98871,68358
98871,34319
98871,34150
98871,49278
98871,37386
98871,68791
98871,58025
98871,33794
110249,318
110249,7361
110249,2858
110249,1197
110249,296
110249,1732
110249,79132
110249,1968
110249,46578
110249,4027
46330,1197
46330,1270
46330,2762
46330,595
46330,1196
46330,4993
46330,1367
46330,364
46330,6502
46330,1258
97676,1704
97676,1136
97676,4306
97676,32
97676,47
97676,44191
97676,6539
97676,1198
97676,1923
97676,48394
29738,4027
29738,1617
29738,2890
29738,32
29738,592
29738,2997
29738,2395
29738,2858
29738,4886
29738,1215
133089,1721
133089,2572
133089,919
133089,1777
133089,1240
133089,3114
133089,3253
133089,4022
133089,1020
133089,1479
65250,589
65250,1240
65250,1209
65250,1291
65250,3681
65250,2762
65250,165
65250,61323
65250,4993
65250,541
4066,47
4066,88129
4066,293
4066,2959
4066,527
4066,16
4066,4226
4066,4963
4066,88163
4066,97938
62248,2329
62248,2858
62248,593
62248,6016
62248,750
62248,5952
62248,4226
62248,1213
62248,32
62248,1136
93540,4226
93540,91529
93540,89745
93540,99114
93540,6016
93540,50
93540,1918
93540,73017
93540,96610
93540,47
117748,58559
117748,1089
117748,541
117748,34405
117748,6502
117748,1274
117748,4226
117748,48774
117748,1748
117748,2329
59531,1962
59531,1266
59531,36
59531,608
59531,318
59531,1673
59531,431
59531,30707
59531,1089
59531,3897
38201,8961
38201,1210
38201,76093
38201,33794
38201,79132
38201,4306
38201,34405
38201,91542
38201,1198
38201,44191
27518,1
27518,356
27518,4306
27518,589
27518,296
27518,318
27518,79132
27518,69122
27518,367
27518,8360
79633,6377
79633,8961
79633,1210
79633,44191
79633,45722
79633,4308
79633,2959
79633,1527
79633,33794
79633,6350
51907,231
51907,318
51907,6377
51907,3578
51907,6539
51907,2706
51907,4995
51907,34162
51907,2797
51907,5299
15109,6539
15109,589
15109,32
15109,356
15109,4878
15109,33794
15109,8961
15109,1270
15109,1527
15109,2502
12947,608
12947,2918
12947,2329
12947,8949
12947,2762
12947,33166
12947,56367
12947,47
12947,3911
12947,58559
39365,81847
39365,318
39365,2571
39365,595
39365,1721
39365,76093
39365,4886
39365,4306
39365,1032
39365,783
136444,1206
136444,527
136444,1258
136444,858
136444,307
136444,4878
136444,5618
136444,1089
136444,778
136444,47
99783,53125
99783,45722
99783,73017
99783,60069
99783,26776
99783,30793
99783,2716
99783,480
99783,76093
99783,66097
135848,33794
135848,1215
135848,3740
135848,4846
135848,26865
135848,3972
135848,2985
135848,1261
135848,4571
135848,34405
86403,6377
86403,4973
86403,6539
86403,589
86403,316
86403,4896
86403,56367
86403,47
86403,4963
86403,380
9582,1923
9582,2858
9582,50
9582,1
9582,318
9582,1580
9582,608
9582,380
9582,3114
9582,1036
60398,35836
60398,39292
60398,8981
60398,8638
60398,215
60398,44195
60398,7361
60398,8910
60398,46578
60398,60684
114735,608
114735,1193
114735,1252
114735,1206
114735,1208
114735,2858
114735,47
114735,2959
114735,55820
114735,56782
95348,5293
95348,590
95348,4995
95348,36
95348,5528
95348,1097
95348,1302
95348,1704
95348,587
95348,3980
43033,3793
43033,4993
43033,5952
43033,380
43033,593
43033,5349
43033,2762
43033,1240
43033,47
43033,1036
134286,527
134286,5418
134286,1090
134286,2762
134286,1193
134286,54286
134286,16
134286,1954
134286,5989
134286,64614
39478,2706
39478,48516
39478,6796
39478,457
39478,3147
39478,1393
39478,587
39478,4963
39478,4616
39478,592
54734,260
54734,2716
54734,1291
54734,1278
54734,1197
54734,49272
54734,1214
54734,2571
54734,1210
54734,1223
112624,589
112624,3578
112624,1198
112624,50
112624,3147
112624,1291
112624,8636
112624,364
112624,32587
112624,1036
50061,44195
50061,44199
50061,2329
50061,70286
50061,80463
50061,44191
50061,2858
50061,1704
50061,44665
50061,49530
132239,480
132239,47
132239,48516
132239,58559
132239,7153
132239,780
132239,49530
132239,1198
132239,2329
132239,5445
120214,32
120214,2858
120214,1200
120214,1197
120214,1270
120214,4306
120214,1193
120214,377
120214,2716
120214,1136
17085,356
17085,480
17085,318
17085,593
17085,1097
17085,2141
17085,7153
17085,5952
17085,4993
17085,1193
44637,1270
44637,81591
44637,296
44637,1206
44637,5445
44637,588
44637,68157
44637,2762
44637,78499
44637,2291
27874,1219
27874,750
27874,1073
27874,111
27874,1258
27874,296
27874,235
27874,2959
27874,593
27874,1260
132773,356
132773,318
132773,2762
132773,296
132773,50
132773,593
132773,1
132773,3578
132773,1213
132773,1704
42621,318
42621,47
42621,4011
42621,2329
42621,1222
42621,8874
42621,44665
42621,593
42621,589
42621,2542
89755,296
89755,1210
89755,7361
89755,318
89755,5952
89755,904
89755,6377
89755,5618
89755,48394
89755,527
24948,527
24948,50
24948,260
24948,364
24948,110
24948,5952
24948,1240
24948,7361
24948,344
24948,2028
137584,356
137584,4878
137584,7361
137584,2329
137584,296
137584,1682
137584,2712
137584,1997
137584,527
137584,1704
128842,608
128842,5618
128842,4993
128842,79132
128842,58559
128842,1258
128842,4226
128842,7153
128842,48394
128842,111
67123,2762
67123,527
67123,457
67123,1203
67123,904
67123,1198
67123,2028
67123,1262
67123,150
67123,1207
36930,32
36930,296
36930,2858
36930,1089
36930,7438
36930,1206
36930,1258
36930,7361
36930,6016
36930,4034
103348,1208
103348,2858
103348,6350
103348,750
103348,31658
103348,1193
103348,4226
103348,6016
103348,7361
103348,1206
124487,253
124487,1721
124487,2329
124487,3967
124487,1097
124487,4306
124487,5445
124487,364
124487,4022
124487,4995
91990,1204
91990,1247
91990,953
91990,593
91990,3435
91990,923
91990,903
91990,79132
91990,50
91990,1704
74595,356
74595,1270
74595,8972
74595,72998
74595,49910
74595,1293
74595,1246
74595,71282
74595,2501
74595,3916
137048,32587
137048,318
137048,91529
137048,1089
137048,97304
137048,96610
137048,59315
137048,7361
137048,81591
137048,68358
8805,5349
8805,1269
8805,5060
8805,2872
8805,3479
8805,4027
8805,1252
8805,3703
8805,592
8805,1215
111257,356
111257,1721
111257,34319
111257,6711
111257,46578
111257,2858
111257,8981
111257,38798
111257,34048
111257,5502
22902,593
22902,1653
22902,2329
22902,296
22902,1270
22902,50
22902,1265
22902,4995
22902,1240
22902,1704
68782,4878
68782,7361
68782,4226
68782,7153
68782,296
68782,2858
68782,4973
68782,1206
68782,593
68782,32587
29226,2671
29226,2424
29226,539
29226,5349
29226,1270
29226,1291
29226,1198
29226,5299
29226,1610
29226,1197
66389,79132
66389,1270
66389,541
66389,589
66389,1376
66389,5952
66389,4993
66389,480
66389,68358
66389,76093
64744,47
64744,6539
64744,1240
64744,165
64744,1210
64744,380
64744,293
64744,4011
64744,49530
64744,2762
87828,4306
87828,1
87828,2571
87828,6539
87828,6377
87828,1196
87828,457
87828,595
87828,150
87828,480
105371,356
105371,79132
105371,593
105371,1193
105371,60950
105371,1221
105371,86882
105371,47
105371,778
105371,41285
74182,106782
74182,4963
74182,6155
74182,356
74182,5418
74182,80549
74182,64969
74182,97304
74182,81784
74182,49530
35758,1
35758,56367
35758,44193
35758,8360
35758,8643
35758,6266
35758,50872
35758,1688
35758,1380
35758,5444
111157,58559
111157,6377
111157,54001
111157,6539
111157,4896
111157,4306
111157,2571
111157,80463
111157,356
111157,4886
110970,27773
110970,48516
110970,30749
110970,31658
110970,48774
110970,4878
110970,51255
110970,44191
110970,54286
110970,527
94601,344
94601,2694
94601,165
94601,2335
94601,231
94601,1918
94601,2273
94601,2404
94601,2953
94601,420
134674,648
134674,1580
134674,4306
134674,1527
134674,6539
134674,349
134674,2502
134674,1127
134674,4995
134674,2763
125503,2502
125503,31878
125503,34405
125503,8910
125503,33679
125503,8784
125503,4878
125503,7361
125503,1799
125503,8917
115265,50
115265,1653
115265,2712
115265,3476
115265,27773
115265,2858
115265,2551
115265,1233
115265,72405
115265,6214
124183,539
124183,2398
124183,903
124183,4995
124183,3088
124183,954
124183,4795
124183,912
124183,339
124183,440
91790,1210
91790,1089
91790,2502
91790,1198
91790,527
91790,47
91790,608
91790,2858
91790,1
91790,2918
23345,2722
23345,1196
23345,1036
23345,1370
23345,50
23345,4148
23345,1
23345,2881
23345,2
23345,1393
106579,1527
106579,2762
106579,2997
106579,1246
106579,49272
106579,3949
106579,4995
106579,51255
106579,56367
106579,608
25887,3545
25887,26084
25887,3037
25887,3819
25887,2300
25887,899
25887,6662
25887,1230
25887,3421
25887,1292
17605,30749
17605,4995
17605,150
17605,296
17605,593
17605,81845
17605,2028
17605,3148
17605,6942
17605,4973
14573,1222
14573,2951
14573,1036
14573,7153
14573,1198
14573,593
14573,2028
14573,1233
14573,6874
14573,260
106019,58559
106019,59315
106019,68358
106019,1270
106019,4878
106019,780
106019,1584
106019,2716
106019,1214
106019,150
5731,79132
5731,2716
5731,1732
5731,260
5731,1230
5731,2791
5731,2762
5731,63082
5731,541
5731,70286
38078,858
38078,2571
38078,1213
38078,2858
38078,7361
38078,4878
38078,1221
38078,33794
38078,1210
38078,527
47305,1721
47305,296
47305,356
47305,4306
47305,58559
47305,6365
47305,593
47305,63082
47305,4995
47305,5989
78447,1291
78447,1073
78447,1196
78447,2565
78447,380
78447,339
78447,34
78447,1682
78447,7153
78447,4993
106003,1
106003,4246
106003,1968
106003,5377
106003,45722
106003,4886
106003,318
106003,915
106003,40629
106003,7361
37660,8961
37660,76093
37660,2176
37660,2186
37660,1934
37660,1197
37660,954
37660,898
37660,59315
37660,66934
6166,32587
6166,49530
6166,38038
6166,6870
6166,63082
6166,8958
6166,44195
6166,33660
6166,8645
6166,41285
70073,1210
70073,1374
70073,377
70073,2762
70073,339
70073,6947
70073,56788
70073,2640
70073,6539
70073,1302
18192,5445
18192,1198
18192,1270
18192,6377
18192,4011
18192,5989
18192,3527
18192,59369
18192,364
18192,96610
10009,1200
10009,356
10009,2762
10009,6
10009,32587
10009,260
10009,1196
10009,1617
10009,480
10009,4262
86878,2762
86878,296
86878,2959
86878,7361
86878,7147
86878,1704
86878,47
86878,7438
86878,4226
86878,110
124373,1200
124373,32587
124373,1206
124373,858
124373,6502
124373,8340
124373,1350
124373,1219
124373,1079
124373,356
97661,6377
97661,318
97661,5989
97661,4995
97661,4022
97661,1682
97661,6539
97661,4963
97661,2762
97661,296
129354,33794
129354,49272
129354,58295
129354,6539
129354,733
129354,293
129354,5952
129354,7153
129354,44191
129354,4226
130632,51662
130632,6539
130632,45722
130632,2571
130632,8636
130632,6373
130632,2006
130632,4306
130632,2
130632,6934
87816,7147
87816,41566
87816,4016
87816,87232
87816,1566
87816,1136
87816,1073
87816,44191
87816,5502
87816,8636
25327,8376
25327,8961
25327,40819
25327,34162
25327,63082
25327,48516
25327,50872
25327,30812
25327,33166
25327,39183
8013,5017
8013,7013
8013,922
8013,7728
8013,8751
8013,2203
8013,1344
8013,6273
8013,7335
8013,1089
90727,81845
90727,55247
90727,69844
90727,97938
90727,2959
90727,56367
90727,4995
90727,60069
90727,48738
90727,58559
74956,2762
74956,47
74956,1089
74956,1196
74956,1198
74956,1394
74956,1517
74956,1206
74956,457
74956,50
122882,34162
122882,1265
122882,1580
122882,780
122882,56174
122882,70
122882,5481
122882,784
122882,1073
122882,56367
121513,2571
121513,480
121513,216
121513,260
121513,356
121513,3578
121513,2617
121513,1997
121513,7153
121513,8641
86752,1208
86752,58559
86752,293
86752,1213
86752,4878
86752,2571
86752,260
86752,4993
86752,79132
86752,1258
57716,47
57716,293
57716,32
57716,44555
57716,105844
57716,1221
57716,68157
57716,48394
57716,82459
57716,55118
85726,2571
85726,4995
85726,2028
85726,2762
85726,527
85726,49530
85726,48516
85726,2329
85726,5218
85726,3408
88875,32
88875,2028
88875,1527
88875,7502
88875,6979
88875,1127
88875,2997
88875,5989
88875,4874
88875,50
116081,1221
116081,2028
116081,50
116081,318
116081,1291
116081,4886
116081,296
116081,4226
116081,1259
116081,1210
101293,47
101293,1682
101293,32
101293,1270
101293,356
101293,4306
101293,589
101293,1265
101293,7153
101293,5952
94484,6377
94484,1136
94484,1197
94484,37729
94484,588
94484,4896
94484,2321
94484,4886
94484,2052
94484,54272
36612,4226
36612,7361
36612,4973
36612,4034
36612,1206
36612,2997
36612,527
36612,593
36612,6711
36612,318
112502,33794
112502,6539
112502,4993
112502,356
112502,527
112502,8961
112502,2858
112502,5989
112502,1198
112502,7438
18655,2716
18655,72998
18655,1270
18655,4963
18655,3793
18655,2959
18655,1196
18655,71535
18655,68157
18655,70286
3260,1278
3260,1394
3260,3052
3260,223
3260,2746
3260,2657
3260,2947
3260,2529
3260,2105
3260,2150
48580,260
48580,4993
48580,1196
48580,6539
48580,2571
48580,1580
48580,1527
48580,3793
48580,45722
48580,4886
26916,2329
26916,1258
26916,50
26916,2997
26916,5902
26916,6711
26916,1235
26916,71464
26916,48394
26916,48516
18960,54503
18960,1580
18960,4963
18960,32587
18960,1036
18960,3578
18960,32
18960,2028
18960,2700
18960,7254
59188,3948
59188,1784
59188,1307
59188,2502
59188,1259
59188,110
59188,1923
59188,593
59188,4034
59188,1968
106927,2571
106927,4963
106927,2858
106927,2329
106927,356
106927,5418
106927,4995
106927,4226
106927,296
106927,8360
114640,97921
114640,97304
114640,858
114640,81845
114640,1193
114640,50
114640,356
114640,1203
114640,912
114640,99114
83112,2329
83112,4226
83112,79132
83112,58559
83112,2959
83112,2571
83112,4878
83112,6016
83112,4973
83112,48774
2202,50
2202,5445
2202,6539
2202,4034
2202,4878
2202,32587
2202,1682
2202,1193
2202,778
2202,3147
33505,6711
33505,4235
33505,44555
33505,154
33505,7361
33505,111
33505,8949
33505,296
33505,2731
33505,2160
98933,46578
98933,79132
98933,72641
98933,4025
98933,56367
98933,88810
98933,3882
98933,3825
98933,6155
98933,97921
97651,318
97651,2959
97651,1197
97651,4306
97651,4226
97651,3897
97651,8961
97651,1
97651,597
97651,2918
129670,1214
129670,593
129670,2762
129670,1
129670,6333
129670,592
129670,3793
129670,8636
129670,1234
129670,1610
65017,858
65017,6377
65017,4886
65017,54286
65017,1136
65017,1580
65017,480
65017,648
65017,589
65017,58559
107835,597
107835,110
107835,2762
107835,318
107835,527
107835,5995
107835,508
107835,2324
107835,3408
107835,4306
126105,46578
126105,56367
126105,356
126105,50
126105,1197
126105,364
126105,1721
126105,480
126105,858
126105,1617
24469,593
24469,2028
24469,1097
24469,356
24469,64614
24469,923
24469,1209
24469,1213
24469,1250
24469,6870
9022,4306
9022,2858
9022,50
9022,7438
9022,4011
9022,1527
9022,6874
9022,1198
9022,356
9022,1193
30102,858
30102,2329
30102,2959
30102,1089
30102,3578
30102,4011
30102,49272
30102,3275
30102,110
30102,36529
12882,4226
12882,1
12882,1291
12882,589
12882,2329
12882,33493
12882,30707
12882,3793
12882,858
12882,590
37110,1198
37110,593
37110,32587
37110,1732
37110,1213
37110,2028
37110,4878
37110,54503
37110,49272
37110,50
128569,2080
128569,8360
128569,4306
128569,48
128569,4973
128569,594
128569,2687
128569,4886
128569,5218
128569,253
75484,50
75484,356
75484,5952
75484,1291
75484,2716
75484,318
75484,1234
75484,1220
75484,912
75484,3039
97358,5989
97358,587
97358,4014
97358,1028
97358,457
97358,339
97358,2571
97358,508
97358,4308
97358,3471
124040,4993
124040,5971
124040,5952
124040,1210
124040,8961
124040,3996
124040,589
124040,1
124040,8638
124040,7486
113406,1270
113406,7438
113406,1704
113406,1517
113406,8636
113406,4306
113406,51255
113406,2916
113406,54272
113406,1073
133357,6016
133357,8645
133357,8873
133357,46578
133357,48385
133357,39183
133357,4235
133357,38886
133357,4034
133357,6954
62812,8961
62812,36525
62812,46976
62812,6944
62812,4499
62812,440
62812,50872
62812,32598
62812,236
62812,45668
110945,858
110945,55820
110945,1208
110945,68157
110945,1193
110945,2329
110945,1221
110945,527
110945,318
110945,3362
7106,3578
7106,2762
7106,7153
7106,4973
7106,318
7106,110
7106,1580
7106,2692
7106,4788
7106,377
70601,89745
70601,1
70601,2571
70601,3793
70601,5349
70601,79132
70601,34405
70601,1907
70601,4886
70601,91500
129207,593
129207,4963
129207,318
129207,1580
129207,62956
129207,293
129207,6502
129207,54995
129207,51255
129207,541
7535,2396
7535,1234
7535,648
7535,1136
7535,377
7535,2762
7535,8360
7535,8636
7535,914
7535,910
30140,588
30140,7153
30140,595
30140,1721
30140,6377
30140,296
30140,44022
30140,4995
30140,4993
30140,4963
131771,2762
131771,1198
131771,2959
131771,2918
131771,58559
131771,1968
131771,3147
131771,2804
131771,50
131771,1220
25712,6377
25712,5816
25712,69844
25712,4306
25712,4973
25712,595
25712,69757
25712,88125
25712,56367
25712,6539
70838,69481
70838,48774
70838,36517
70838,97304
70838,41997
70838,81845
70838,98961
70838,6947
70838,8950
70838,49530
121008,1569
121008,318
121008,919
121008,508
121008,2671
121008,150
121008,2424
121008,3499
121008,595
121008,88810
28159,150
28159,4886
28159,260
28159,2858
28159,597
28159,364
28159,1393
28159,1196
28159,1210
28159,1485
128184,2571
128184,903
128184,1097
128184,1617
128184,597
128184,4306
128184,508
128184,3408
128184,4027
128184,6711
126382,4226
126382,4011
126382,480
126382,593
126382,6
126382,6874
126382,3897
126382,2797
126382,7438
126382,428
129078,4085
129078,3361
129078,6979
129078,8665
129078,50
129078,3702
129078,3448
129078,49272
129078,1036
129078,3256
119625,593
119625,4973
119625,4878
119625,3556
119625,778
119625,3160
119625,2329
119625,8784
119625,6874
119625,50
67386,593
67386,293
67386,3949
67386,32
67386,50
67386,5888
67386,79132
67386,1089
67386,1206
67386,6016
28007,6539
28007,4963
28007,48516
28007,2571
28007,4226
28007,72998
28007,110
28007,44199
28007,527
28007,4896
104809,1240
104809,5349
104809,1
104809,1193
104809,356
104809,8368
104809,4995
104809,2407
104809,296
104809,541
16581,79132
16581,57669
16581,56782
16581,32587
16581,1201
16581,2313
16581,3681
16581,3735
16581,1343
16581,2951
65132,1
65132,1073
65132,4886
65132,6539
65132,588
65132,6377
65132,1485
65132,54503
65132,551
65132,586
68811,6874
68811,4993
68811,4878
68811,50
68811,1732
68811,33794
68811,79132
68811,260
68811,3949
68811,1196
29600,1196
29600,47
29600,356
29600,6377
29600,1198
29600,3578
29600,6539
29600,1210
29600,32587
29600,3275
10191,58559
10191,89745
10191,79132
10191,1210
10191,69122
10191,2571
10191,91500
10191,88163
10191,1240
10191,94864
112467,2329
112467,2959
112467,4306
112467,1089
112467,18
112467,318
112467,51662
112467,7361
112467,8874
112467,7317
46992,2571
46992,47
46992,7361
46992,4973
46992,32587
46992,6874
46992,2329
46992,1258
46992,2692
46992,48516
23487,2959
23487,318
23487,50
23487,778
23487,2571
23487,64614
23487,1193
23487,4878
23487,3949
23487,79132
61972,49272
61972,87232
61972,58559
61972,44191
61972,5349
61972,59369
61972,3578
61972,6333
61972,48780
61972,74458
88144,81847
88144,58299
88144,4700
88144,2059
88144,53121
88144,69644
88144,62999
88144,55999
88144,60397
88144,56176
36668,1213
36668,318
36668,858
36668,48516
36668,296
36668,63082
36668,1221
36668,1222
36668,68157
36668,356
72657,7438
72657,5349
72657,1198
72657,318
72657,2628
72657,47
72657,6333
72657,6365
72657,54259
72657,45722
66653,480
66653,1240
66653,380
66653,3147
66653,648
66653,318
66653,377
66653,110
66653,1092
66653,3948
34142,1732
34142,50872
34142,4306
34142,348
34142,4886
34142,46578
34142,1265
34142,60069
34142,32
34142,4973
108155,2329
108155,6016
108155,1206
108155,1193
108155,3578
108155,8464
108155,1265
108155,2692
108155,5902
108155,110
88212,7153
88212,2571
88212,2959
88212,60069
88212,76093
88212,4886
88212,58559
88212,88125
88212,593
88212,4973
126658,1196
126658,260
126658,6934
126658,1210
126658,4993
126658,5952
126658,7153
126658,5459
126658,34150
126658,56174
89434,79720
89434,2318
89434,3160
89434,6711
89434,33880
89434,48696
89434,7158
89434,46723
89434,52952
89434,55069
37936,296
37936,7361
37936,3949
37936,48394
37936,8914
37936,27773
37936,318
37936,1258
37936,3535
37936,2858
51465,4306
51465,68157
51465,68954
51465,60069
51465,4886
51465,91529
51465,8874
51465,99114
51465,89745
51465,48394
30987,1197
30987,1080
30987,8874
30987,4878
30987,1732
30987,750
30987,6711
30987,1089
30987,8910
30987,608
72086,49272
72086,1036
72086,4963
72086,4993
72086,59315
72086,1198
72086,60069
72086,2502
72086,3996
72086,4886
63140,2329
63140,4973
63140,318
63140,4011
63140,81845
63140,1732
63140,111
63140,88129
63140,527
63140,1193
110964,1200
110964,59315
110964,5349
110964,1240
110964,589
110964,2722
110964,68358
110964,593
110964,1371
110964,1376
24218,2174
24218,150
24218,3421
24218,8665
24218,5418
24218,2683
24218,1208
24218,1220
24218,1225
24218,1200
103767,58559
103767,111
103767,593
103767,2594
103767,7147
103767,1527
103767,81591
103767,4896
103767,356
103767,1175
124982,2858
124982,6502
124982,2542
124982,6874
124982,1206
124982,4226
124982,3578
124982,110
124982,50
124982,27728
38340,903
38340,950
38340,8228
38340,898
38340,926
38340,858
38340,1204
38340,6787
38340,1267
38340,750
5887,2716
5887,2858
5887,2329
5887,3578
5887,110
5887,1208
5887,32587
5887,50
5887,1291
5887,2115
80787,356
80787,4306
80787,1101
80787,1210
80787,2918
80787,5952
80787,2028
80787,5349
80787,553
80787,2115
2681,48394
2681,1197
2681,4226
2681,2571
2681,296
2681,2858
2681,6377
2681,59315
2681,50
2681,3578
92953,593
92953,527
92953,7361
92953,296
92953,2997
92953,162
92953,48394
92953,318
92953,6016
92953,592
109016,4226
109016,2959
109016,1210
109016,5952
109016,50
109016,2858
109016,3578
109016,3996
109016,2028
109016,5445
59447,1653
59447,96079
59447,5618
59447,68954
59447,60069
59447,36517
59447,7361
59447,98809
59447,2692
59447,7153
104423,59315
104423,89745
104423,99114
104423,49530
104423,63082
104423,74458
104423,1020
104423,97304
104423,3916
104423,68157
66179,33166
66179,6016
66179,38061
66179,1748
66179,5952
66179,7153
66179,4993
66179,3328
66179,85414
66179,5010
64640,2571
64640,4963
64640,5952
64640,2762
64640,4306
64640,110
64640,4022
64640,2028
64640,5989
64640,3948
102013,1198
102013,4306
102013,3996
102013,2571
102013,4886
102013,1197
102013,1291
102013,2947
102013,3984
102013,3793
18706,1244
18706,608
18706,2858
18706,1230
18706,2997
18706,5945
18706,858
18706,1111
18706,778
18706,2571
131684,380
131684,1923
131684,1259
131684,5952
131684,4306
131684,508
131684,1193
131684,39
131684,2174
131684,7153
100238,4306
100238,5989
100238,3717
100238,480
100238,5218
100238,68358
100238,70286
100238,1544
100238,68157
100238,6378
123387,6539
123387,3948
123387,318
123387,1
123387,8360
123387,5349
123387,145
123387,296
123387,364
123387,586
114421,8464
114421,3897
114421,1246
114421,6377
114421,4014
114421,1197
114421,318
114421,1641
114421,7361
114421,4306
109092,1240
109092,4993
109092,5952
109092,2571
109092,6333
109092,3578
109092,1196
109092,260
109092,33493
109092,2115
84254,2918
84254,1270
84254,356
84254,1097
84254,593
84254,1207
84254,1304
84254,1193
84254,1197
84254,4306
24688,82461
24688,76077
24688,59141
24688,61024
24688,86345
24688,60684
24688,79132
24688,47997
24688,60040
24688,68848
89330,70286
89330,4638
89330,2
89330,48385
89330,1391
89330,736
89330,1270
89330,54503
89330,72998
89330,1265
136795,60069
136795,33794
136795,356
136795,71535
136795,296
136795,99114
136795,5349
136795,93510
136795,8528
136795,78499
109151,2571
109151,4886
109151,480
109151,4306
109151,150
109151,2028
109151,500
109151,1036
109151,1198
109151,589
120309,7361
120309,296
120309,318
120309,5952
120309,2959
120309,2502
120309,31658
120309,4973
120309,2858
120309,1270
31246,2028
31246,593
31246,8636
31246,2916
31246,733
31246,5064
31246,5349
31246,1136
31246,2115
31246,356
9471,54372
9471,33166
9471,5903
9471,60069
9471,1203
9471,27674
9471,911
9471,4011
9471,3052
9471,44199
81140,356
81140,4993
81140,2571
81140,68157
81140,6539
81140,5989
81140,32587
81140,72998
81140,6377
81140,527
75637,1210
75637,1073
75637,2291
75637,551
75637,4878
75637,2161
75637,1884
75637,1089
75637,30810
75637,593
36879,356
36879,296
36879,2571
36879,1923
36879,1580
36879,1270
36879,2858
36879,1527
36879,4886
36879,367
10874,106487
10874,72998
10874,88125
10874,81847
10874,2571
10874,4886
10874,106696
10874,50872
10874,81845
10874,102445
2492,293
2492,318
2492,47
2492,50
2492,3578
2492,4226
2492,4262
2492,4963
2492,49272
2492,4901
41737,2959
41737,296
41737,2858
41737,2329
41737,3949
41737,2160
41737,1345
41737,1259
41737,8507
41737,1967
75918,608
75918,527
75918,1213
75918,2115
75918,2716
75918,7361
75918,1732
75918,1625
75918,2997
75918,1265
93323,44191
93323,318
93323,44195
93323,7147
93323,46976
93323,8961
93323,1197
93323,6539
93323,5971
93323,6377
50883,1961
50883,110
50883,6874
50883,1193
50883,4262
50883,924
50883,4878
50883,3578
50883,2997
50883,1214
42028,79132
42028,2959
42028,1921
42028,4878
42028,1748
42028,48774
42028,27904
42028,4226
42028,2997
42028,1214
18149,2571
18149,7361
18149,48516
18149,318
18149,7153
18149,8665
18149,6016
18149,356
18149,33794
18149,5995
68728,1136
68728,7153
68728,593
68728,1036
68728,5679
68728,733
68728,1387
68728,2115
68728,6377
68728,344
25639,110
25639,33794
25639,1704
25639,4002
25639,4007
25639,1968
25639,1777
25639,33493
25639,802
25639,1552
40243,4993
40243,4226
40243,356
40243,31658
40243,5669
40243,5952
40243,7153
40243,32
40243,47
40243,778
108731,1200
108731,318
108731,480
108731,541
108731,48774
108731,2762
108731,1258
108731,8874
108731,27773
108731,1213
74017,2762
74017,1193
74017,356
74017,2329
74017,6711
74017,4226
74017,1206
74017,1258
74017,32
74017,608
56623,1732
56623,4226
56623,5902
56623,1682
56623,1073
56623,48394
56623,2502
56623,778
56623,1921
56623,608
128057,6711
128057,5669
128057,1
128057,47
128057,4995
128057,4014
128057,357
128057,3176
128057,37729
128057,4886
132108,47
132108,593
132108,296
132108,59315
132108,5952
132108,7153
132108,6539
132108,2762
132108,1036
132108,5418
633,2571
633,4878
633,58559
633,1704
633,296
633,46578
633,7147
633,2324
633,2329
633,50
112530,4979
112530,3897
112530,2502
112530,223
112530,5673
112530,750
112530,4878
112530,6440
112530,101
112530,1080
131675,2028
131675,1089
131675,6874
131675,7153
131675,3578
131675,356
131675,4995
131675,7438
131675,5679
131675,54286
16854,5952
16854,2959
16854,4993
16854,858
16854,3578
16854,318
16854,589
16854,593
16854,48780
16854,72998
63773,7153
63773,588
63773,377
63773,380
63773,1580
63773,1198
63773,500
63773,165
63773,4226
63773,733
25882,79132
25882,73017
25882,44191
25882,46578
25882,58559
25882,4963
25882,33794
25882,3578
25882,4995
25882,5816
40375,46578
40375,2858
40375,79132
40375,8914
40375,356
40375,4873
40375,318
40375,44191
40375,2692
40375,68237
106920,2571
106920,750
106920,296
106920,1221
106920,1203
106920,2959
106920,527
106920,904
106920,4993
106920,1210
133423,1291
133423,1198
133423,260
133423,6711
133423,4973
133423,318
133423,55820
133423,1222
133423,4995
133423,7361
93658,2396
93658,2959
93658,50
93658,1721
93658,1393
93658,1246
93658,4226
93658,3408
93658,6953
93658,3160
53789,5952
53789,7153
53789,4993
53789,1210
53789,1291
53789,3793
53789,2571
53789,1198
53789,6333
53789,1270
82912,593
82912,7361
82912,2571
82912,1198
82912,858
82912,2502
82912,4226
82912,58559
82912,3481
82912,1089
84338,2997
84338,79132
84338,50
84338,48774
84338,48780
84338,2858
84338,1682
84338,32
84338,4979
84338,47
69087,59315
69087,60069
69087,31658
69087,5618
69087,68358
69087,2959
69087,68554
69087,40815
69087,76093
69087,77561
34675,318
34675,293
34675,1527
34675,32587
34675,4878
34675,51662
34675,1240
34675,5418
34675,1258
34675,4963
33074,356
33074,527
33074,593
33074,608
33074,480
33074,1961
33074,2858
33074,300
33074,30749
33074,296
53201,356
53201,32
53201,318
53201,1214
53201,111
53201,480
53201,27773
53201,1732
53201,4848
53201,2997
114262,4993
114262,7361
114262,1198
114262,50
114262,2028
114262,1200
114262,1240
114262,1080
114262,32
114262,7153
49240,58559
49240,32587
49240,44195
49240,44199
49240,54503
49240,52973
49240,5989
49240,54997
49240,6
49240,5903
132656,95510
132656,58559
132656,68358
132656,79132
132656,86332
132656,8636
132656,2628
132656,91500
132656,588
132656,81845
120725,4963
120725,648
120725,48516
120725,110
120725,2028
120725,33794
120725,1617
120725,1265
120725,1136
120725,32587
11820,3996
11820,8961
11820,1246
11820,3967
11820,4886
11820,6942
11820,5377
11820,2762
11820,4014
11820,4995
103086,2571
103086,40819
103086,2959
103086,2797
103086,3471
103086,1394
103086,1954
103086,1
103086,110
103086,1073
36312,480
36312,293
36312,68954
36312,2918
36312,3552
36312,1278
36312,3681
36312,64614
36312,924
36312,1282
85733,1036
85733,5952
85733,260
85733,47
85733,356
85733,6874
85733,8961
85733,1136
85733,1089
85733,51662
40472,99114
40472,318
40472,858
40472,4226
40472,3578
40472,79132
40472,116797
40472,1221
40472,296
40472,6934
18452,2706
18452,6502
18452,35836
18452,5151
18452,1127
18452,1917
18452,2012
18452,3534
18452,2124
18452,2539
41381,356
41381,1136
41381,48394
41381,6016
41381,593
41381,4226
41381,63082
41381,1193
41381,1213
41381,1198
36576,68954
36576,4896
36576,8368
36576,45720
36576,60069
36576,50872
36576,4447
36576,3159
36576,5618
36576,2926
77097,8961
77097,6539
77097,78499
77097,59315
77097,588
77097,364
77097,73017
77097,4886
77097,89745
77097,296
26359,4226
26359,318
26359,33794
26359,4993
26359,2959
26359,2762
26359,1136
26359,110
26359,1704
26359,3578
18216,51662
18216,2028
18216,4878
18216,778
18216,8874
18216,4027
18216,1584
18216,6874
18216,27904
18216,292
68815,527
68815,318
68815,48516
68815,750
68815,4878
68815,4034
68815,4027
68815,1136
68815,913
68815,589
86761,6539
86761,81847
86761,551
86761,1206
86761,56757
86761,76093
86761,60069
86761,40815
86761,1032
86761,293
84105,2858
84105,2959
84105,318
84105,46578
84105,48394
84105,2692
84105,6385
84105,36517
84105,48516
84105,56367
83990,593
83990,296
83990,4306
83990,5952
83990,5989
83990,4995
83990,46578
83990,6539
83990,6711
83990,3949
69469,5952
69469,7153
69469,4993
69469,44191
69469,588
69469,7361
69469,2028
69469,8636
69469,527
69469,6874
2230,110
2230,5952
2230,2329
2230,2959
2230,1196
2230,1198
2230,1213
2230,68157
2230,4878
2230,260
55628,6753
55628,8982
55628,55290
55628,33166
55628,1961
55628,64034
55628,41997
55628,39234
55628,36517
55628,44199
99524,2109
99524,1729
99524,1527
99524,1682
99524,1208
99524,1092
99524,1805
99524,3020
99524,4571
99524,8644
124227,67087
124227,1968
124227,74458
124227,1954
124227,8641
124227,6188
124227,61323
124227,8807
124227,480
124227,2028
23105,928
23105,318
23105,608
23105,1212
23105,1204
23105,2186
23105,60069
23105,1203
23105,912
23105,2208
125911,1197
125911,1
125911,1704
125911,4226
125911,6377
125911,8961
125911,2324
125911,7361
125911,1270
125911,1198
116063,1213
116063,858
116063,111
116063,904
116063,1262
116063,969
116063,1263
116063,908
116063,1219
116063,1945
90672,2571
90672,1196
90672,2288
90672,2959
90672,1222
90672,7360
90672,1200
90672,1214
90672,968
90672,589
14745,7090
14745,8665
14745,6333
14745,6773
14745,6539
14745,32
14745,2692
14745,2890
14745,741
14745,1617
85088,1198
85088,1240
85088,457
85088,780
85088,5418
85088,380
85088,4963
85088,377
85088,356
85088,8665
52160,608
52160,593
52160,1961
52160,8636
52160,1036
52160,1240
52160,1136
52160,1213
52160,3578
52160,1682
73673,589
73673,1291
73673,1198
73673,2761
73673,66934
73673,58559
73673,68358
73673,1200
73673,5618
73673,3527
72249,2959
72249,296
72249,750
72249,2997
72249,260
72249,541
72249,2858
72249,7361
72249,1196
72249,2571
15796,1262
15796,1250
15796,318
15796,1950
15796,912
15796,5291
15796,922
15796,1252
15796,3307
15796,1267
75686,47
75686,1704
75686,58559
75686,318
75686,56367
75686,50
75686,2762
75686,48780
75686,44195
75686,60069
47891,593
47891,50
47891,527
47891,2762
47891,5952
47891,3578
47891,5669
47891,2997
47891,2028
47891,260
4960,1617
4960,608
4960,1265
4960,349
4960,454
4960,1097
4960,1214
4960,1923
4960,474
4960,1221
125711,8970
125711,5377
125711,6218
125711,6942
125711,4306
125711,7361
125711,7149
125711,41566
125711,4014
125711,4886
672,55820
672,7123
672,541
672,2858
672,48394
672,3949
672,1193
672,1273
672,2997
672,32587
37323,593
37323,5952
37323,7153
37323,2762
37323,4993
37323,1136
37323,1214
37323,1246
37323,2959
37323,1265
64282,541
64282,296
64282,3996
64282,750
64282,608
64282,924
64282,2997
64282,1136
64282,1084
64282,2019
38240,2571
38240,1580
38240,8368
38240,588
38240,4886
38240,60069
38240,4896
38240,68954
38240,3793
38240,2398
99378,32587
99378,608
99378,1136
99378,2571
99378,1265
99378,2858
99378,2395
99378,1222
99378,4226
99378,356
115598,904
115598,2186
115598,1086
115598,926
115598,1172
115598,950
115598,1269
115598,2067
115598,906
115598,910
72888,68358
72888,4993
72888,2571
72888,356
72888,5952
72888,7153
72888,6333
72888,45499
72888,1527
72888,1
105179,1258
105179,903
105179,50
105179,53000
105179,1321
105179,4437
105179,5105
105179,56339
105179,4902
105179,6820
10599,3578
10599,7153
10599,1240
10599,4306
10599,2018
10599,2959
10599,3793
10599,5218
10599,6333
10599,3147
124892,2997
124892,4226
124892,4973
124892,2291
124892,50
124892,1193
124892,47
124892,1704
124892,1097
124892,4306
81212,296
81212,1206
81212,3000
81212,6874
81212,79695
81212,741
81212,7022
81212,2712
81212,47200
81212,1370
101787,33794
101787,1270
101787,1210
101787,318
101787,3996
101787,4995
101787,2028
101787,1527
101787,527
101787,5445
97639,7361
97639,2858
97639,27773
97639,48516
97639,175
97639,858
97639,27904
97639,32587
97639,55820
97639,431
26154,2565
26154,7669
26154,1271
26154,838
26154,539
26154,3155
26154,902
26154,1296
26154,916
26154,613
118530,4306
118530,2762
118530,1196
118530,260
118530,5952
118530,2571
118530,2028
118530,6539
118530,1198
118530,110
137626,780
137626,1136
137626,33794
137626,58559
137626,1270
137626,60069
137626,51662
137626,7361
137626,54286
137626,364
36082,44191
36082,32587
36082,33166
36082,44195
36082,8970
36082,40819
36082,48394
36082,34072
36082,35836
36082,46976
62126,54286
62126,33794
62126,1954
62126,2409
62126,33437
62126,2273
62126,59784
62126,47200
62126,5418
62126,31696
26123,858
26123,4973
26123,1208
26123,3793
26123,353
26123,750
26123,2115
26123,5445
26123,2997
26123,1265
88422,1198
88422,60069
88422,2858
88422,50
88422,2959
88422,8961
88422,589
88422,47
88422,527
88422,110
16132,30812
16132,41997
16132,8970
16132,34072
16132,30822
16132,8798
16132,34153
16132,6932
16132,35836
16132,27831
17958,1270
17958,778
17958,32
17958,5952
17958,1090
17958,5445
17958,2762
17958,457
17958,1193
17958,592
49420,296
49420,2571
49420,4262
49420,3147
49420,7254
49420,1213
49420,59369
49420,3578
49420,53000
49420,593
12524,318
12524,79132
12524,1197
12524,44191
12524,3000
12524,1198
12524,97913
12524,91529
12524,1196
12524,260
56927,1060
56927,4262
56927,6796
56927,2502
56927,2329
56927,2542
56927,1089
56927,4011
56927,1222
56927,318
51471,51662
51471,5445
51471,4306
51471,780
51471,49530
51471,1
51471,858
51471,1089
51471,48774
51471,1270
54897,2028
54897,1198
54897,2571
54897,2329
54897,1213
54897,2194
54897,1259
54897,3578
54897,110
54897,32
111124,1198
111124,31878
111124,2125
111124,1291
111124,260
111124,1196
111124,4356
111124,4308
111124,2565
111124,551
79552,4226
79552,1961
79552,1230
79552,1136
79552,318
79552,2959
79552,1258
79552,778
79552,2324
79552,260
13380,588
13380,7451
13380,595
13380,7444
13380,7293
13380,8368
13380,8360
13380,1569
13380,3114
13380,3948
119456,63082
119456,4226
119456,2329
119456,55247
119456,2762
119456,2502
119456,7147
119456,58559
119456,2028
119456,68157
77,1196
77,1136
77,4993
77,593
77,1210
77,1374
77,2019
77,58559
77,296
77,2571
101218,72998
101218,79132
101218,2571
101218,99114
101218,6333
101218,51662
101218,260
101218,45722
101218,8961
101218,4886
53793,527
53793,110
53793,296
53793,1250
53793,293
53793,1291
53793,912
53793,1234
53793,2762
53793,1198
89706,7361
89706,318
89706,1193
89706,3949
89706,288
89706,110
89706,1240
89706,2997
89706,253
89706,5995
5137,551
5137,1032
5137,1073
5137,1207
5137,1784
5137,2686
5137,4226
5137,2502
5137,750
5137,2997
87297,4306
87297,480
87297,79132
87297,1210
87297,2959
87297,1527
87297,5418
87297,1580
87297,1270
87297,8368
118029,5995
118029,1247
118029,1267
118029,296
118029,81845
118029,1945
118029,3362
118029,1172
118029,1213
118029,2762
50142,55820
50142,858
50142,111
50142,1193
50142,6016
50142,1230
50142,2871
50142,6787
50142,1252
50142,7361
14680,296
14680,4226
14680,5995
14680,1090
14680,3160
14680,2712
14680,2571
14680,79132
14680,356
14680,1617
44266,1036
44266,1291
44266,356
44266,1214
44266,4963
44266,1721
44266,1617
44266,253
44266,2115
44266,541
73934,4226
73934,6016
73934,61240
73934,924
73934,2959
73934,55814
73934,52281
73934,55118
73934,593
73934,4878
18196,2959
18196,2762
18196,1258
18196,4128
18196,1339
18196,968
18196,5630
18196,33683
18196,1219
18196,3793
130651,1206
130651,2395
130651,1208
130651,2997
130651,1230
130651,608
130651,8874
130651,1199
130651,1235
130651,6711
33753,1198
33753,6539
33753,7153
33753,2571
33753,260
33753,2617
33753,780
33753,4306
33753,3578
33753,1270
111278,6539
111278,2762
111278,1240
111278,589
111278,733
111278,45499
111278,1200
111278,7143
111278,1197
111278,1265
53023,51662
53023,46578
53023,4262
53023,47
53023,36529
53023,35836
53023,33166
53023,56367
53023,33794
53023,2542
85347,6377
85347,55765
85347,733
85347,72998
85347,145
85347,1
85347,4886
85347,44191
85347,1222
85347,457
113823,4306
113823,5952
113823,50
113823,2858
113823,608
113823,2395
113823,1
113823,750
113823,1500
113823,1732
4896,356
4896,260
4896,541
4896,593
4896,2571
4896,1732
4896,1210
4896,1208
4896,7438
4896,4993
47249,48394
47249,47
47249,1136
47249,1193
47249,589
47249,6016
47249,1270
47249,316
47249,2529
47249,32587
80320,2959
80320,1201
80320,32587
80320,5219
80320,1222
80320,4855
80320,1136
80320,1198
80320,6874
80320,58559
109001,2762
109001,58559
109001,7361
109001,858
109001,2028
109001,1270
109001,27773
109001,750
109001,1213
109001,1617
120571,4069
120571,2167
120571,2000
120571,3791
120571,31221
120571,1527
120571,4367
120571,589
120571,1569
120571,5066
47670,2291
47670,2858
47670,4306
47670,6539
47670,296
47670,1527
47670,2700
47670,593
47670,4973
47670,1080
11223,527
11223,46578
11223,2959
11223,48516
11223,3949
11223,7361
11223,56782
11223,65130
11223,48738
11223,6953
84538,4226
84538,1193
84538,4973
84538,3462
84538,750
84538,111
84538,1209
84538,4235
84538,50
84538,32
73017,1704
73017,32587
73017,33794
73017,7254
73017,4995
73017,8874
73017,8784
73017,51662
73017,44195
73017,46578
124352,2762
124352,919
124352,7361
124352,7139
124352,1225
124352,2396
124352,1193
124352,2692
124352,1247
124352,2324
34917,1387
34917,356
34917,590
34917,1674
34917,919
34917,1961
34917,597
34917,1721
34917,3418
34917,2100
18496,34405
18496,4128
18496,68358
18496,60684
18496,59315
18496,1206
18496,54503
18496,2144
18496,7743
18496,1921
63213,1968
63213,2174
63213,1682
63213,1197
63213,40815
63213,2918
63213,1032
63213,593
63213,2085
63213,4308
49922,2762
49922,58559
49922,81834
49922,88125
49922,1136
49922,318
49922,7361
49922,7147
49922,79132
49922,8961
56074,1270
56074,3578
56074,5952
56074,260
56074,50
56074,457
56074,2028
56074,2762
56074,780
56074,165
116978,4963
116978,4995
116978,2858
116978,5418
116978,527
116978,1196
116978,47
116978,1270
116978,2028
116978,150
130535,4734
130535,2890
130535,3948
130535,4015
130535,380
130535,442
130535,8644
130535,4161
130535,2490
130535,104
113691,2706
113691,2762
113691,1721
113691,364
113691,356
113691,597
113691,296
113691,4993
113691,163
113691,587
132649,318
132649,73017
132649,8644
132649,79702
132649,4366
132649,45722
132649,551
132649,2291
132649,2012
132649,7147
9560,7156
9560,40583
9560,5902
9560,6711
9560,30810
9560,7361
9560,3129
9560,4979
9560,34528
9560,39183
27102,58559
27102,59784
27102,8961
27102,47610
27102,81564
27102,6323
27102,54286
27102,91529
27102,96610
27102,34319
24183,2571
24183,4306
24183,3996
24183,1291
24183,4963
24183,780
24183,4027
24183,1101
24183,648
24183,1968
64283,1704
64283,608
64283,50
64283,296
64283,3897
64283,593
64283,2918
64283,527
64283,6787
64283,994
49495,1247
49495,1225
49495,1221
49495,4995
49495,50
49495,1304
49495,1270
49495,4973
49495,593
49495,356
49342,1
49342,780
49342,380
49342,7153
49342,1580
49342,480
49342,318
49342,733
49342,349
49342,1193
112116,3250
112116,3448
112116,4351
112116,2278
112116,2329
112116,2478
112116,785
112116,3263
112116,4979
112116,522
7008,5418
7008,356
7008,318
7008,4993
7008,51662
7008,6333
7008,2858
7008,4226
7008,1580
7008,231
111205,33794
111205,7254
111205,48774
111205,8957
111205,8950
111205,34405
111205,30793
111205,30707
111205,47044
111205,44022
74586,48516
74586,49272
74586,50872
74586,52767
74586,38038
74586,47610
74586,46976
74586,30707
74586,44191
74586,44555
137340,6016
137340,318
137340,6874
137340,60069
137340,48516
137340,79132
137340,7438
137340,741
137340,593
137340,48780
4833,4306
4833,1
4833,150
4833,110
4833,32
4833,588
4833,59315
4833,54997
4833,1036
4833,1917
25206,8665
25206,2028
25206,780
25206,356
25206,1198
25206,2502
25206,6333
25206,5445
25206,34162
25206,2628
82840,48516
82840,110
82840,2571
82840,2329
82840,1387
82840,1208
82840,16
82840,1240
82840,1097
82840,32
102911,2762
102911,2841
102911,92420
102911,5294
102911,69122
102911,1590
102911,104908
102911,86833
102911,106487
102911,93840
109445,4226
109445,356
109445,2997
109445,1206
109445,4973
109445,1270
109445,1732
109445,318
109445,5989
109445,48082
65025,1260
65025,908
65025,1333
65025,1248
65025,1193
65025,909
65025,1254
65025,1206
65025,1233
65025,1258
99048,47
99048,7361
99048,2858
99048,1270
99048,50
99048,4226
99048,480
99048,1265
99048,1193
99048,608
35640,47
35640,2959
35640,58559
35640,3578
35640,70286
35640,2858
35640,2762
35640,5445
35640,33794
35640,1221
94072,7153
94072,318
94072,2571
94072,597
94072,364
94072,2028
94072,1210
94072,589
94072,780
94072,1193
122997,33794
122997,8641
122997,3275
122997,48385
122997,780
122997,5110
122997,3916
122997,49530
122997,318
122997,44191
3658,1258
3658,3535
3658,16
3658,3499
3658,2871
3658,7360
3658,1997
3658,47
3658,1222
3658,2329
99153,593
99153,260
99153,4973
99153,50
99153,4226
99153,1193
99153,3362
99153,1198
99153,3949
99153,2329
13442,1089
13442,318
13442,47
13442,7361
13442,32
13442,356
13442,1258
13442,1921
13442,81591
13442,1732
110334,58559
110334,91529
110334,88140
110334,6539
110334,7153
110334,111362
110334,81834
110334,95510
110334,68954
110334,53125
65497,1193
65497,2858
65497,2959
65497,68954
65497,1136
65497,541
65497,1219
65497,1225
65497,31658
65497,48394
34795,593
34795,356
34795,2918
34795,1230
34795,1641
34795,527
34795,2791
34795,1278
34795,1784
34795,2762
2029,4226
2029,58559
2029,1210
2029,3535
2029,31878
2029,7361
2029,50
2029,1291
2029,48516
2029,8983
47799,4306
47799,356
47799,49286
47799,318
47799,34162
47799,5066
47799,39
47799,588
47799,56949
47799,6942
3606,1097
3606,2762
3606,380
3606,2959
3606,1196
3606,2028
3606,527
3606,3578
3606,1580
3606,377
30786,44555
30786,4973
30786,608
30786,903
30786,2692
30786,924
30786,3730
30786,1175
30786,4298
30786,68237
132904,110
132904,318
132904,2571
132904,5989
132904,72998
132904,7669
132904,4963
132904,1721
132904,1197
132904,4995
64734,4973
64734,5995
64734,112183
64734,1089
64734,4993
64734,81845
64734,3578
64734,58559
64734,109487
64734,110
40485,111
40485,858
40485,1222
40485,2028
40485,46578
40485,30749
40485,1080
40485,3683
40485,1617
40485,2762
84873,2396
84873,342
84873,2858
84873,4246
84873,597
84873,7361
84873,39
84873,265
84873,2291
84873,1777
11719,377
11719,5377
11719,3897
11719,7285
11719,6942
11719,2908
11719,593
11719,6593
11719,3967
11719,8667
38331,318
38331,527
38331,912
38331,1204
38331,8970
38331,5995
38331,48394
38331,3996
38331,6947
38331,6753
24011,7153
24011,260
24011,47
24011,858
24011,1080
24011,1206
24011,4855
24011,293
24011,2959
24011,1136
137293,4226
137293,2959
137293,356
137293,2028
137293,2762
137293,608
137293,527
137293,32
137293,1617
137293,1089
110865,593
110865,32
110865,5445
110865,2916
110865,1127
110865,527
110865,648
110865,5349
110865,2628
110865,1917
10827,593
10827,3578
10827,1198
10827,1291
10827,296
10827,7438
10827,377
10827,592
10827,3868
10827,6377
64717,56367
64717,46578
64717,2959
64717,31658
64717,296
64717,1136
64717,79132
64717,2571
64717,58559
64717,68157
106007,81845
106007,3949
106007,1193
106007,4993
106007,74458
106007,64614
106007,30707
106007,92259
106007,590
106007,58559
131057,1721
131057,1923
131057,50
131057,919
131057,6377
131057,2959
131057,1784
131057,6539
131057,7153
131057,150
66452,1485
66452,1777
66452,480
66452,4718
66452,2273
66452,8528
66452,6188
66452,1682
66452,1923
66452,2329
21934,589
21934,1036
21934,1265
21934,1270
21934,8961
21934,553
21934,3552
21934,2762
21934,1240
21934,2918
125270,1201
125270,1275
125270,7153
125270,5952
125270,4993
125270,7090
125270,924
125270,1617
125270,6662
125270,4467
6429,58559
6429,70286
6429,1214
6429,68358
6429,68157
6429,91529
6429,93838
6429,112852
6429,94466
6429,85412
93446,296
93446,4306
93446,60069
93446,527
93446,2571
93446,588
93446,56367
93446,593
93446,1682
93446,5952
121178,4226
121178,296
121178,3949
121178,6016
121178,4973
121178,608
121178,480
121178,50
121178,2329
121178,589
133962,480
133962,50
133962,1136
133962,858
133962,3578
133962,2502
133962,2959
133962,6377
133962,4886
133962,593
35022,2571
35022,2959
35022,4973
35022,2858
35022,7361
35022,2502
35022,296
35022,2692
35022,1653
35022,1884
92873,1527
92873,1
92873,4306
92873,59315
92873,62956
92873,44191
92873,3578
92873,356
92873,2115
92873,541
34291,1580
34291,5952
34291,7153
34291,54259
34291,3793
34291,595
34291,110
34291,1270
34291,5064
34291,8665
14489,364
14489,356
14489,1682
14489,4963
14489,593
14489,1407
14489,5349
14489,318
14489,1036
14489,4226
127991,2858
127991,356
127991,4973
127991,5377
127991,7361
127991,318
127991,1197
127991,2324
127991,2762
127991,4963
105585,608
105585,4886
105585,32
105585,57669
105585,4993
105585,541
105585,4027
105585,2700
105585,2997
105585,8917
63329,1748
63329,1240
63329,58559
63329,70286
63329,2916
63329,8644
63329,50
63329,91529
63329,5418
63329,33493
125333,1270
125333,1580
125333,8961
125333,2700
125333,2987
125333,480
125333,318
125333,3793
125333,59315
125333,54503
111444,593
111444,4226
111444,58559
111444,2329
111444,2959
111444,2858
111444,7254
111444,32
111444,48394
111444,318
50360,68954
50360,54286
50360,1101
50360,1208
50360,858
50360,49272
50360,1370
50360,733
50360,2712
50360,364
130646,7361
130646,150
130646,589
130646,457
130646,2329
130646,908
130646,3435
130646,1617
130646,648
130646,588
10944,1580
10944,2571
10944,2762
10944,6377
10944,4886
10944,58559
10944,780
10944,8961
10944,2006
10944,2959
101515,8961
101515,1097
101515,55820
101515,2423
101515,1923
101515,1994
101515,6377
101515,16
101515,1961
101515,968
104507,356
104507,593
104507,5952
104507,223
104507,589
104507,34405
104507,541
104507,1967
104507,1
104507,1265
4578,33794
4578,318
4578,2959
4578,51662
4578,2502
4578,296
4578,2706
4578,216
4578,145
4578,7254
1813,608
1813,592
1813,1089
1813,1036
1813,70
1813,1215
1813,223
1813,288
1813,1213
1813,1198
13293,5816
13293,457
13293,588
13293,260
13293,1136
13293,318
13293,1704
13293,339
13293,3578
13293,1610
131245,76251
131245,44191
131245,68954
131245,2997
131245,5618
131245,70286
131245,1136
131245,60684
131245,72226
131245,34405
16615,2571
16615,541
16615,527
16615,1219
16615,356
16615,1240
16615,2762
16615,590
16615,1250
16615,296
73392,356
73392,318
73392,7361
73392,2324
73392,6016
73392,46723
73392,1193
73392,2571
73392,912
73392,8873
55798,648
55798,780
55798,6879
55798,3635
55798,1625
55798,2028
55798,4223
55798,3623
55798,4367
55798,6377
118915,296
118915,1270
118915,356
118915,4011
118915,1527
118915,4306
118915,223
118915,1265
118915,32
118915,541
93703,1210
93703,6539
93703,5952
93703,7153
93703,1196
93703,260
93703,356
93703,296
93703,3793
93703,7254
94985,81845
94985,59315
94985,58998
94985,49272
94985,40819
94985,97304
94985,89864
94985,80549
94985,91077
94985,86833
73189,2329
73189,2959
73189,68157
73189,6874
73189,80463
73189,55247
73189,77455
73189,69757
73189,55820
73189,2858
46504,318
46504,2959
46504,79132
46504,7502
46504,4973
46504,1089
46504,1222
46504,778
46504,1223
46504,55820
26957,33794
26957,39292
26957,8784
26957,31878
26957,8874
26957,31660
26957,32587
26957,48394
26957,30707
26957,6867
1903,356
1903,40815
1903,8368
1903,480
1903,58559
1903,364
1903,4306
1903,79132
1903,5349
1903,1270
32360,1580
32360,7153
32360,296
32360,2959
32360,33794
32360,33493
32360,592
32360,59315
32360,6377
32360,32587
119424,4973
119424,4226
119424,2959
119424,48394
119424,4878
119424,2329
119424,68954
119424,608
119424,2858
119424,86345
99210,1625
99210,318
99210,6870
99210,4776
99210,2858
99210,608
99210,2959
99210,2707
99210,5679
99210,296
24233,1270
24233,1089
24233,1198
24233,3030
24233,858
24233,48774
24233,1036
24233,1222
24233,2918
24233,1291
40110,1704
40110,1172
40110,1732
40110,912
40110,1246
40110,6218
40110,1270
40110,8949
40110,1103
40110,1641
101958,60397
101958,69757
101958,82167
101958,58998
101958,6942
101958,56949
101958,45720
101958,56367
101958,2858
101958,74450
90440,2291
90440,778
90440,1219
90440,1258
90440,508
90440,2908
90440,593
90440,2858
90440,296
90440,7361
68788,46578
68788,1961
68788,68237
68788,4226
68788,79132
68788,2762
68788,56367
68788,5902
68788,1968
68788,750
34806,356
34806,4886
34806,6539
34806,6377
34806,2080
34806,7153
34806,4963
34806,8368
34806,3578
34806,2355
136789,2959
136789,6377
136789,593
136789,4896
136789,56367
136789,318
136789,7451
136789,63082
136789,52435
136789,69757
46001,858
46001,1732
46001,7361
46001,48394
46001,3949
46001,1193
46001,608
46001,44195
46001,2918
46001,50
111880,1921
111880,2021
111880,1321
111880,2657
111880,3160
111880,2118
111880,1673
111880,1288
111880,3556
111880,3052
100794,3435
100794,1237
100794,6993
100794,2010
100794,1952
100794,1248
100794,7063
100794,3730
100794,2186
100794,6852
126362,231
126362,1036
126362,733
126362,2858
126362,296
126362,4995
126362,165
126362,2706
126362,1917
126362,4886
120691,3751
120691,1080
120691,1291
120691,1200
120691,589
120691,31658
120691,1265
120691,110
120691,858
120691,2819
133273,1222
133273,608
133273,2762
133273,32
133273,1193
133273,68237
133273,68157
133273,1214
133273,5952
133273,1196
123257,7147
123257,55280
123257,2291
123257,4995
123257,1265
123257,46578
123257,1246
123257,1732
123257,150
123257,4963
86715,8961
86715,6218
86715,40583
86715,8949
86715,30707
86715,5669
86715,37741
86715,4447
86715,4886
86715,8376
55411,318
55411,858
55411,296
55411,1213
55411,593
55411,1270
55411,2858
55411,1136
55411,47
55411,1221
129897,7361
129897,215
129897,4973
129897,2959
129897,6016
129897,3317
129897,296
129897,8914
129897,2997
129897,1732
10744,1784
10744,6377
10744,3147
10744,527
10744,36
10744,4886
10744,1213
10744,2194
10744,5995
10744,7153
57970,919
57970,78499
57970,356
57970,588
57970,63082
57970,88810
57970,95510
57970,80463
57970,4993
57970,87232
108179,6858
108179,3742
108179,903
108179,1208
108179,965
108179,111
108179,1281
108179,2313
108179,1206
108179,1217
3665,7153
3665,1196
3665,260
3665,4993
3665,4878
3665,6539
3665,296
3665,356
3665,5952
3665,5349
83432,1097
83432,1088
83432,1954
83432,586
83432,1387
83432,1380
83432,480
83432,432
83432,1961
83432,2011
123252,1206
123252,4011
123252,3578
123252,4993
123252,318
123252,1201
123252,2858
123252,1198
123252,1080
123252,32587
67384,1246
67384,527
67384,3147
67384,4963
67384,5418
67384,7153
67384,4993
67384,2324
67384,2671
67384,4306
24285,51662
24285,6377
24285,48516
24285,2762
24285,2571
24285,8368
24285,593
24285,44191
24285,318
24285,4720
91392,527
91392,318
91392,1193
91392,1247
91392,8949
91392,2248
91392,1095
91392,593
91392,1206
91392,1080
101899,589
101899,4306
101899,4226
101899,2858
101899,4886
101899,2716
101899,150
101899,8368
101899,1223
101899,8360
35714,5349
35714,54286
35714,6377
35714,912
35714,4226
35714,364
35714,2918
35714,5445
35714,4011
35714,588
5813,150
5813,648
5813,733
5813,296
5813,3147
5813,4995
5813,7153
5813,1961
5813,527
5813,454
16178,68954
16178,4226
16178,1270
16178,296
16178,589
16178,593
16178,47
16178,1
16178,541
16178,48780
81511,68954
81511,2571
81511,81834
81511,79132
81511,6539
81511,8636
81511,8961
81511,91500
81511,106489
81511,2762
96750,1288
96750,48516
96750,1343
96750,88129
96750,60766
96750,588
96750,91077
96750,3683
96750,8464
96750,4641
63573,541
63573,5618
63573,296
63573,1206
63573,858
63573,2959
63573,6016
63573,1732
63573,2571
63573,68157
78954,1291
78954,1203
78954,51255
78954,1136
78954,2028
78954,924
78954,1080
78954,33004
78954,1240
78954,46976
78064,7361
78064,6942
78064,47
78064,4995
78064,58559
78064,110
78064,4226
78064,8533
78064,68157
78064,88810
14577,3984
14577,7153
14577,45517
14577,54259
14577,3082
14577,2948
14577,53121
14577,56171
14577,58559
14577,1196
19647,46578
19647,2858
19647,2542
19647,5618
19647,4011
19647,46322
19647,60684
19647,4973
19647,1206
19647,2788
43565,4886
43565,4499
43565,3578
43565,6377
43565,2420
43565,2371
43565,5989
43565,520
43565,8665
43565,2717
39134,53996
39134,8957
39134,49272
39134,41569
39134,45722
39134,48385
39134,32587
39134,30793
39134,34048
39134,48516
6233,112852
6233,356
6233,55820
6233,46578
6233,1193
6233,1732
6233,68157
6233,1089
6233,5989
6233,4306
12535,44191
12535,30707
12535,48394
12535,33794
12535,48774
12535,44195
12535,49530
12535,55276
12535,41569
12535,44555
109077,608
109077,593
109077,1213
109077,1206
109077,1212
109077,2729
109077,1732
109077,954
109077,1260
109077,2182
56496,44731
56496,480
56496,2174
56496,1976
56496,6379
56496,44397
56496,1991
56496,7646
56496,1391
56496,6880
131794,2571
131794,1270
131794,1580
131794,780
131794,1291
131794,4993
131794,5952
131794,344
131794,2918
131794,1917
111554,7438
111554,260
111554,7361
111554,608
111554,33493
111554,1288
111554,4011
111554,2542
111554,293
111554,8622
89809,4338
89809,110
89809,356
89809,5060
89809,3062
89809,4995
89809,3578
89809,4306
89809,1178
89809,1097
122371,6365
122371,49530
122371,8984
122371,1721
122371,1127
122371,4963
122371,6934
122371,4351
122371,69122
122371,4018
1883,260
1883,2762
1883,1198
1883,296
1883,356
1883,1240
1883,1291
1883,541
1883,1704
1883,457
35260,2959
35260,4226
35260,1748
35260,50
35260,1580
35260,6333
35260,33794
35260,34405
35260,1198
35260,2762
81943,1221
81943,58559
81943,2542
81943,1274
81943,5618
81943,1206
81943,741
81943,27592
81943,7090
81943,48738
106493,4993
106493,2762
106493,2571
106493,6874
106493,110
106493,3578
106493,589
106493,1270
106493,1291
106493,260
19354,33794
19354,2028
19354,296
19354,593
19354,1240
19354,527
19354,1036
19354,2329
19354,1200
19354,150
99313,41566
99313,44191
99313,59315
99313,30793
99313,58559
99313,60069
99313,63082
99313,49272
99313,68954
99313,50872
130280,102445
130280,68157
130280,96610
130280,91529
130280,104841
130280,88140
130280,33166
130280,34319
130280,86332
130280,80463
81100,296
81100,3949
81100,593
81100,74458
81100,79132
81100,2571
81100,2329
81100,1080
81100,70286
81100,48394
22264,39
22264,919
22264,587
22264,50742
22264,2657
22264,2502
22264,2692
22264,923
22264,2174
22264,1288
27815,88125
27815,8961
27815,6539
27815,4306
27815,91500
27815,4896
27815,89745
27815,63082
27815,7451
27815,80549
126449,8961
126449,1197
126449,339
126449,2090
126449,5971
126449,76093
126449,1270
126449,914
126449,4700
126449,1013
30889,2762
30889,48394
30889,2571
30889,7361
30889,2858
30889,2908
30889,296
30889,1271
30889,56367
30889,3949
110758,32587
110758,81845
110758,55280
110758,55363
110758,81932
110758,34162
110758,34271
110758,58998
110758,77561
110758,30793
36411,48780
36411,4226
36411,593
36411,55908
36411,589
36411,110
36411,84152
36411,60069
36411,34319
36411,1704
54121,2571
54121,1198
54121,110
54121,260
54121,2959
54121,4865
54121,5952
54121,7153
54121,4993
54121,58559
68221,2858
68221,6377
68221,8961
68221,2959
68221,1291
68221,3751
68221,1036
68221,3996
68221,648
68221,1580
130454,589
130454,253
130454,110
130454,480
130454,2028
130454,1917
130454,1270
130454,47
130454,318
130454,2115
53145,589
53145,6539
53145,4963
53145,4886
53145,3000
53145,68358
53145,1
53145,53972
53145,49272
53145,68954
68631,47
68631,69122
68631,4226
68631,2571
68631,44665
68631,79132
68631,48780
68631,1213
68631,2542
68631,54286
135180,858
135180,2858
135180,527
135180,2571
135180,318
135180,4963
135180,33493
135180,1580
135180,8360
135180,6333
119633,1
119633,81847
119633,6377
119633,66934
119633,106487
119633,4886
119633,4306
119633,96821
119633,2804
119633,6942
120075,1844
120075,2858
120075,778
120075,44694
120075,617
120075,308
120075,3910
120075,567
120075,1354
120075,1175
129135,1704
129135,1270
129135,457
129135,110
129135,593
129135,5445
129135,54286
129135,5989
129135,6378
129135,33679
62651,3578
62651,318
62651,2959
62651,4973
62651,4306
62651,1193
62651,1198
62651,2762
62651,47
62651,260
98176,4226
98176,44191
98176,47
98176,51662
98176,79132
98176,2329
98176,48516
98176,4011
98176,3578
98176,5989
78723,63131
78723,8984
78723,6188
78723,3578
78723,2502
78723,45501
78723,5445
78723,2706
78723,54004
78723,40581
55810,2571
55810,318
55810,4306
55810,5952
55810,68954
55810,1704
55810,1270
55810,2762
55810,6539
55810,44191
84637,8368
84637,1907
84637,39
84637,8360
84637,5816
84637,34162
84637,4306
84637,158
84637,6377
84637,6936
50069,356
50069,1234
50069,1704
50069,1201
50069,1198
50069,1276
50069,1233
50069,2028
50069,608
50069,5952
58309,5618
58309,2571
58309,2019
58309,55820
58309,858
58309,2858
58309,7361
58309,5952
58309,8014
58309,593
16381,49272
16381,58559
16381,33794
16381,59315
16381,68319
16381,4963
16381,6365
16381,73017
16381,48780
16381,6934
67449,5349
67449,5445
67449,1222
67449,2710
67449,2858
67449,4963
67449,4306
67449,377
67449,49272
67449,7254
117214,1961
117214,590
117214,2762
117214,260
117214,541
117214,307
117214,924
117214,1193
117214,1210
117214,3160
60210,2959
60210,1198
60210,1204
60210,778
60210,2571
60210,1259
60210,2997
60210,4226
60210,1080
60210,2174
30553,1209
30553,593
30553,1212
30553,296
30553,1247
30553,1234
30553,1953
30553,3095
30553,3022
30553,1206
106115,318
106115,589
106115,6874
106115,356
106115,3578
106115,1198
106115,4223
106115,593
106115,293
106115,32587
70465,1210
70465,589
70465,2959
70465,527
70465,150
70465,590
70465,7361
70465,1221
70465,4993
70465,541
43048,527
43048,4226
43048,7361
43048,4886
43048,4973
43048,7153
43048,5952
43048,4993
43048,3897
43048,1089
116633,318
116633,50
116633,1089
116633,1213
116633,778
116633,6016
116633,3735
116633,5995
116633,593
116633,1617
36862,68954
36862,4878
36862,296
36862,5952
36862,31658
36862,551
36862,58559
36862,4306
36862,1270
36862,6874
6418,3793
6418,8360
6418,4306
6418,1584
6418,356
6418,2396
6418,1225
6418,1391
6418,508
6418,1307
119691,593
119691,60069
119691,4226
119691,46578
119691,318
119691,50
119691,588
119691,2997
119691,8961
119691,1136
121032,1203
121032,527
121032,608
121032,919
121032,1225
121032,3471
121032,3363
121032,1302
121032,6787
121032,79132
133523,1291
133523,1136
133523,4226
133523,69122
133523,1258
133523,2858
133523,4963
133523,2791
133523,6539
133523,3527
85473,5377
85473,32
85473,2791
85473,924
85473,5902
85473,3897
85473,588
85473,3421
85473,2683
85473,1127
86833,2571
86833,3578
86833,318
86833,4306
86833,2353
86833,4034
86833,5989
86833,6
86833,6874
86833,4995
110308,356
110308,593
110308,40815
110308,296
110308,4308
110308,2712
110308,7147
110308,1258
110308,4848
110308,1580
92430,1237
92430,1206
92430,2731
92430,1258
92430,2858
92430,111
92430,2997
92430,2076
92430,924
92430,2959
82712,356
82712,5669
82712,593
82712,1997
82712,1193
82712,1206
82712,1214
82712,47
82712,1240
82712,10
117230,110
117230,32
117230,356
117230,2858
117230,7361
117230,589
117230,1222
117230,6874
117230,7438
117230,1258
124876,60069
124876,2571
124876,1136
124876,7153
124876,1197
124876,8961
124876,4306
124876,2716
124876,260
124876,1196
14183,6016
14183,1089
14183,608
14183,2959
14183,50
14183,48516
14183,57669
14183,1617
14183,1732
14183,2329
21301,48780
21301,4226
21301,318
21301,44555
21301,2571
21301,48516
21301,4022
21301,96610
21301,5989
21301,63082
46036,253
46036,1193
46036,551
46036,293
46036,1967
46036,51662
46036,1073
46036,55820
46036,8874
46036,175
94527,2571
94527,58559
94527,78499
94527,54001
94527,50872
94527,79132
94527,76093
94527,5349
94527,1721
94527,1270
79939,4963
79939,4306
79939,2762
79939,356
79939,593
79939,5989
79939,110
79939,32587
79939,33166
79939,6874
96053,50
96053,49272
96053,1198
96053,2959
96053,4226
96053,260
96053,8665
96053,91529
96053,48516
96053,858
32364,356
32364,1732
32364,7147
32364,3114
32364,68237
32364,47
32364,1206
32364,32
32364,46976
32364,7153
45594,4226
45594,296
45594,6016
45594,2858
45594,3481
45594,2997
45594,1617
45594,4973
45594,5225
45594,593
6175,67197
6175,34319
6175,94864
6175,80363
6175,89745
6175,71530
6175,54286
6175,71535
6175,87306
6175,5219
11717,40815
11717,4306
11717,5349
11717,4993
11717,8360
11717,4886
11717,6936
11717,8528
11717,34162
11717,35836
137816,364
137816,1198
137816,7153
137816,1073
137816,1968
137816,47
137816,2502
137816,6539
137816,3114
137816,527
65474,3578
65474,2858
65474,48774
65474,55820
65474,5349
65474,3793
65474,70286
65474,2762
65474,1653
65474,480
9954,6377
9954,2571
9954,50
9954,58559
9954,4306
9954,1036
9954,1210
9954,356
9954,589
9954,7153
137805,44191
137805,8366
137805,8961
137805,39183
137805,4878
137805,3793
137805,2355
137805,5445
137805,48394
137805,7451
12504,6874
12504,50
12504,593
12504,2329
12504,2858
12504,3949
12504,858
12504,4226
12504,49530
12504,1721
77203,4878
77203,296
77203,47610
77203,7323
77203,46976
77203,57669
77203,48516
77203,89864
77203,293
77203,50912
47554,858
47554,527
47554,1198
47554,2762
47554,50
47554,7438
47554,44191
47554,48516
47554,4973
47554,3793
88655,858
88655,7361
88655,318
88655,32
88655,74458
88655,593
88655,293
88655,91529
88655,2858
88655,89745
3941,44191
3941,7361
3941,318
3941,2571
3941,50
3941,59315
3941,480
3941,55820
3941,780
3941,8961
68387,593
68387,2959
68387,31658
68387,2997
68387,4973
68387,4878
68387,608
68387,32
68387,318
68387,1199
76951,1517
76951,260
76951,1923
76951,3552
76951,2478
76951,1198
76951,1136
76951,2947
76951,3617
76951,4816
116210,1214
116210,8961
116210,50
116210,1201
116210,32
116210,1213
116210,47
116210,48516
116210,1089
116210,6
6762,6502
6762,51709
6762,58559
6762,2959
6762,1214
6762,7022
6762,5952
6762,7153
6762,4993
6762,70286
134284,293
134284,7147
134284,32
134284,1682
134284,2858
134284,5989
134284,1291
134284,3996
134284,551
134284,50
7547,318
7547,50
7547,3578
7547,5952
7547,1961
7547,1923
7547,5445
7547,4011
7547,2918
7547,1270
71435,2571
71435,79132
71435,60069
71435,68157
71435,4878
71435,2959
71435,8874
71435,2329
71435,7361
71435,4226
1476,858
1476,1198
1476,1210
1476,3578
1476,2028
1476,1136
1476,6874
1476,1036
1476,165
1476,4306
136564,56145
136564,31658
136564,59315
136564,49272
136564,48394
136564,68157
136564,57368
136564,61240
136564,8957
136564,2288
122045,296
122045,58559
122045,541
122045,3578
122045,4226
122045,1198
122045,2028
122045,2502
122045,2329
122045,32
70040,318
70040,4878
70040,858
70040,58559
70040,79132
70040,50
70040,541
70040,356
70040,48394
70040,2324
60355,1221
60355,6874
60355,1089
60355,111
60355,3147
60355,1036
60355,1240
60355,4306
60355,55820
60355,1193
33763,296
33763,2959
33763,8784
33763,562
33763,46578
33763,4979
33763,3317
33763,4226
33763,608
33763,778
62529,2858
62529,4878
62529,7361
62529,60069
62529,318
62529,2959
62529,8961
62529,4973
62529,356
62529,6874
60827,8961
60827,78499
60827,48394
60827,6377
60827,364
60827,356
60827,4306
60827,56367
60827,2918
60827,48780
110395,1258
110395,527
110395,1208
110395,2871
110395,1214
110395,1210
110395,1193
110395,1198
110395,1200
110395,1263
104718,7153
104718,5952
104718,4963
104718,1580
104718,356
104718,2628
104718,2115
104718,780
104718,58559
104718,51662
125960,4886
125960,593
125960,364
125960,4878
125960,3578
125960,7153
125960,44191
125960,500
125960,5952
125960,8961
64904,5816
64904,593
64904,318
64904,4886
64904,2762
64904,2918
64904,597
64904,1704
64904,150
64904,39
118205,25763
118205,54259
118205,25898
118205,33675
118205,38886
118205,43333
118205,38798
118205,26502
118205,30701
118205,6982
93439,7147
93439,44191
93439,58559
93439,4878
93439,2959
93439,2291
93439,2571
93439,46578
93439,8533
93439,48394
36347,30793
36347,8360
36347,45431
36347,8907
36347,41566
36347,2294
36347,33493
36347,44191
36347,50872
36347,27706
51130,46578
51130,318
51130,5989
51130,6373
51130,2858
51130,104
51130,6934
51130,1923
51130,4816
51130,54272
100572,47
100572,2959
100572,111
100572,1240
100572,527
100572,2160
100572,912
100572,1225
100572,3083
100572,7089
29568,150
29568,377
29568,1240
29568,1036
29568,2959
29568,2012
29568,736
29568,231
29568,832
29568,292
101286,47
101286,68954
101286,4226
101286,8961
101286,1704
101286,47491
101286,4967
101286,48394
101286,6874
101286,4995
108256,38061
108256,2707
108256,5989
108256,51662
108256,5481
108256,7158
108256,4239
108256,58998
108256,2953
108256,454
100970,4995
100970,50
100970,2571
100970,2028
100970,1221
100970,5989
100970,1234
100970,1704
100970,4963
100970,47
86035,2762
86035,1682
86035,260
86035,1196
86035,592
86035,6377
86035,2985
86035,1233
86035,2028
86035,1247
34320,608
34320,32
34320,1291
34320,110
34320,47
34320,733
34320,318
34320,260
34320,3578
34320,377
52408,4226
52408,2115
52408,47
52408,4306
52408,4886
52408,2467
52408,50
52408,1275
52408,8360
52408,1682
135397,111
135397,1193
135397,4720
135397,1206
135397,6874
135397,1219
135397,3578
135397,1291
135397,8798
135397,2028
107478,4701
107478,3624
107478,356
107478,500
107478,318
107478,2273
107478,1270
107478,2762
107478,4025
107478,26547
62070,1387
62070,1673
62070,6978
62070,3160
62070,3730
62070,6783
62070,1464
62070,2502
62070,1186
62070,2427
91366,5349
91366,4306
91366,5418
91366,33794
91366,6539
91366,50
91366,1270
91366,6377
91366,150
91366,3793
78224,40815
78224,6365
78224,8360
78224,59315
78224,1198
78224,3578
78224,51255
78224,1682
78224,6863
78224,54001
119299,1073
119299,592
119299,3996
119299,150
119299,1079
119299,1968
119299,5060
119299,4886
119299,50
119299,597
127972,588
127972,356
127972,2571
127972,4886
127972,1196
127972,1198
127972,5952
127972,527
127972,1269
127972,595
86555,8361
86555,2808
86555,2701
86555,5313
86555,1562
86555,4643
86555,4887
86555,3717
86555,2986
86555,6564
15838,2028
15838,231
15838,3948
15838,8376
15838,8972
15838,216
15838,4886
15838,7153
15838,3617
15838,1228
40992,318
40992,593
40992,2571
40992,3949
40992,527
40992,1193
40992,4011
40992,6016
40992,50
40992,2997
103414,1
103414,2858
103414,1704
103414,4995
103414,6539
103414,1580
103414,4886
103414,32
103414,1732
103414,6377
65272,296
65272,1704
65272,2959
65272,318
65272,2571
65272,4973
65272,2997
65272,597
65272,4995
65272,356
136022,1
136022,7361
136022,1721
136022,1196
136022,5989
136022,1580
136022,6539
136022,48774
136022,5816
136022,3408
100044,2858
100044,47
100044,7361
100044,6539
100044,5989
100044,5464
100044,6565
100044,2502
100044,260
100044,40819
8767,7153
8767,50
8767,593
8767,2858
8767,1073
8767,1196
8767,46578
8767,6874
8767,4886
8767,1097
128077,55276
128077,55820
128077,1047
128077,41997
128077,59369
128077,56174
128077,48780
128077,2881
128077,48774
128077,48516
10853,5349
10853,6333
10853,31696
10853,6377
10853,3793
10853,45722
10853,8985
10853,4369
10853,42738
10853,3578
59438,7153
59438,6539
59438,4993
59438,589
59438,5349
59438,7254
59438,5952
59438,51662
59438,8644
59438,33794
118757,480
118757,1270
118757,150
118757,47
118757,457
118757,1198
118757,4973
118757,32
118757,1
118757,589
135108,1291
135108,150
135108,1136
135108,1961
135108,4034
135108,923
135108,2396
135108,4993
135108,1080
135108,380
111981,2424
111981,539
111981,3623
111981,5299
111981,33679
111981,3147
111981,508
111981,44022
111981,1214
111981,2294
42162,2028
42162,110
42162,4973
42162,33794
42162,527
42162,2916
42162,6711
42162,6874
42162,353
42162,288
51789,47629
51789,46578
51789,48394
51789,72998
51789,44555
51789,40629
51789,91500
51789,91077
51789,53123
51789,88810
131338,1214
131338,2502
131338,44191
131338,70286
131338,1196
131338,260
131338,1197
131338,5903
131338,5445
131338,59315
49139,780
49139,4226
49139,2959
49139,1270
49139,2858
49139,1527
49139,1580
49139,7361
49139,4973
49139,52281
1364,296
1364,6377
1364,7361
1364,50
1364,4963
1364,593
1364,1196
1364,4973
1364,2918
1364,1704
46169,2762
46169,527
46169,27773
46169,356
46169,48394
46169,1258
46169,48780
46169,4262
46169,1136
46169,32587
94747,7153
94747,5952
94747,5218
94747,5349
94747,1
94747,588
94747,1721
94747,1580
94747,5502
94747,4388
117334,648
117334,2028
117334,10
117334,3450
117334,2268
117334,5064
117334,1580
117334,165
117334,8961
117334,1961
23790,1246
23790,920
23790,858
23790,1090
23790,1204
23790,608
23790,1222
23790,5995
23790,1221
23790,3418
7802,53972
7802,2997
7802,5218
7802,77561
7802,51662
7802,60684
7802,52328
7802,1258
7802,1625
7802,1961
36701,2019
36701,2858
36701,912
36701,750
36701,2959
36701,1193
36701,527
36701,1228
36701,1262
36701,1203
48194,3793
48194,364
48194,8969
48194,91542
48194,8533
48194,2125
48194,56367
48194,2291
48194,8961
48194,87232
124595,1580
124595,59784
124595,58559
124595,72998
124595,5218
124595,1270
124595,69644
124595,7842
124595,7841
124595,63433
129366,7361
129366,81591
129366,2571
129366,4973
129366,1089
129366,356
129366,2329
129366,3949
129366,5989
129366,6377
5059,50
5059,2959
5059,296
5059,3578
5059,8665
5059,5445
5059,4973
5059,356
5059,527
5059,72998
96310,2571
96310,32587
96310,6378
96310,1527
96310,6934
96310,2858
96310,6503
96310,8665
96310,44191
96310,2541
23523,44709
23523,46578
23523,48774
23523,30749
23523,30898
23523,44195
23523,52604
23523,33794
23523,8970
23523,49272
114267,3543
114267,928
114267,2791
114267,1387
114267,593
114267,931
114267,1185
114267,909
114267,908
114267,1247
12612,919
12612,595
12612,6377
12612,902
12612,594
12612,3097
12612,911
12612,904
12612,1376
12612,3088
15312,60069
15312,56367
15312,48774
15312,55820
15312,68358
15312,54286
15312,56782
15312,51662
15312,48780
15312,48385
95221,8784
95221,54272
95221,38886
95221,8910
95221,36537
95221,34528
95221,8376
95221,46723
95221,44694
95221,36517
60781,318
60781,32
60781,47
60781,2571
60781,1682
60781,1206
60781,593
60781,1258
60781,48780
60781,2762
132287,1
132287,2571
132287,80463
132287,79132
132287,63082
132287,72998
132287,597
132287,4995
132287,1097
132287,4886
89185,68157
89185,48394
89185,4878
89185,296
89185,60684
89185,79702
89185,71535
89185,44191
89185,66097
89185,318
7341,1197
7341,356
7341,1198
7341,593
7341,68358
7341,8961
7341,5445
7341,592
7341,858
7341,110
125604,32
125604,527
125604,50
125604,161
125604,68157
125604,1304
125604,76093
125604,30707
125604,349
125604,858
41437,2959
41437,318
41437,2858
41437,296
41437,4226
41437,8784
41437,2324
41437,4306
41437,1197
41437,527
37267,2401
37267,593
37267,1961
37267,590
37267,2921
37267,2194
37267,457
37267,7143
37267,2762
37267,1954
29420,2571
29420,2329
29420,4878
29420,50
29420,33166
29420,4027
29420,4239
29420,5673
29420,5954
29420,2174
33580,377
33580,2028
33580,1036
33580,60069
33580,7254
33580,1917
33580,527
33580,3793
33580,7438
33580,1291
9082,32
9082,260
9082,1196
9082,1210
9082,2858
9082,318
9082,253
9082,780
9082,1036
9082,733
59904,296
59904,356
59904,318
59904,832
59904,2571
59904,2918
59904,1270
59904,1485
59904,589
59904,3578
122050,3671
122050,6979
122050,2064
122050,2723
122050,4678
122050,1297
122050,1240
122050,671
122050,1500
122050,1210
52495,1923
52495,1101
52495,3948
52495,6377
52495,1721
52495,1259
52495,587
52495,805
52495,3147
52495,1805
48644,38038
48644,33794
48644,31660
48644,38061
48644,48780
48644,37857
48644,31804
48644,48394
48644,33004
48644,25940
114606,68157
114606,99114
114606,2571
114606,81834
114606,73017
114606,3578
114606,51662
114606,91542
114606,91630
114606,67295
107395,30707
107395,35836
107395,8981
107395,33493
107395,34162
107395,36517
107395,40819
107395,33679
107395,40583
107395,30749
87514,5349
87514,89745
87514,81564
87514,95167
87514,3034
87514,1025
87514,500
87514,5459
87514,87232
87514,1682
124772,110
124772,6016
124772,356
124772,2959
124772,2329
124772,4011
124772,16
124772,2028
124772,32
124772,431
70719,1580
70719,364
70719,588
70719,4886
70719,5816
70719,1148
70719,318
70719,4993
70719,7153
70719,1136
61527,5902
61527,6377
61527,7361
61527,750
61527,4886
61527,1206
61527,8949
61527,1136
61527,1221
61527,48516
123956,2858
123956,7361
123956,741
123956,541
123956,1206
123956,1653
123956,593
123956,32587
123956,1196
123956,6365
69124,56367
69124,3949
69124,2395
69124,4878
69124,38886
69124,1104
69124,44555
69124,3741
69124,8784
69124,2732
58397,45722
58397,91500
58397,6539
58397,6377
58397,86332
58397,5349
58397,54259
58397,33679
58397,91529
58397,4886
64090,4226
64090,858
64090,2762
64090,527
64090,593
64090,2571
64090,110
64090,7669
64090,1210
64090,2858
130363,858
130363,2997
130363,3996
130363,1225
130363,4027
130363,30707
130363,296
130363,50
130363,527
130363,1704
10789,2959
10789,2716
10789,5618
10789,750
10789,356
10789,34405
10789,924
10789,1201
10789,1274
10789,741
62447,110
62447,296
62447,7153
62447,593
62447,1721
62447,1198
62447,260
62447,2858
62447,2959
62447,1210
42770,7361
42770,49272
42770,296
42770,8961
42770,318
42770,3578
42770,858
42770,2918
42770,68157
42770,44191
20927,2762
20927,2353
20927,58559
20927,5995
20927,7361
20927,150
20927,2028
20927,1393
20927,8644
20927,480
39405,1136
39405,1089
39405,2571
39405,6807
39405,1527
39405,750
39405,32
39405,3703
39405,1258
39405,610
66484,32587
66484,59315
66484,33794
66484,68954
66484,68358
66484,39183
66484,72998
66484,30810
66484,33004
66484,8874
3930,318
3930,356
3930,2908
3930,288
3930,3176
3930,1193
3930,1094
3930,2329
3930,5902
3930,50
114264,2858
114264,7361
114264,59315
114264,480
114264,32
114264,1193
114264,68358
114264,3793
114264,1036
114264,32587
15585,56367
15585,81788
15585,5502
15585,65230
15585,48516
15585,56949
15585,8529
15585,54997
15585,2959
15585,44199
30092,58559
30092,593
30092,1089
30092,46578
30092,55814
30092,48774
30092,215
30092,79357
30092,8950
30092,2542
104059,1198
104059,2949
104059,5952
104059,356
104059,8961
104059,1136
104059,912
104059,750
104059,10
104059,858
85739,1193
85739,593
85739,7361
85739,2762
85739,778
85739,63082
85739,1080
85739,3147
85739,357
85739,79132
106603,79132
106603,74458
106603,76251
106603,83134
106603,71535
106603,54503
106603,81562
106603,70286
106603,69122
106603,58559
137838,7099
137838,6502
137838,8464
137838,5349
137838,63072
137838,364
137838,4963
137838,53894
137838,551
137838,44555
39327,1704
39327,260
39327,4995
39327,4226
39327,2762
39327,2571
39327,364
39327,60069
39327,592
39327,589
78437,36529
78437,4720
78437,4886
78437,1206
78437,27660
78437,71057
78437,50
78437,2858
78437,76093
78437,58559
122373,780
122373,47
122373,356
122373,1240
122373,5995
122373,589
122373,593
122373,3147
122373,4022
122373,7143
107864,916
107864,2065
107864,1269
107864,2300
107864,950
107864,3751
107864,3088
107864,1078
107864,8228
107864,905
67167,32
67167,1089
67167,46578
67167,2959
67167,48516
67167,2329
67167,4306
67167,7438
67167,1258
67167,1196
103878,2959
103878,4226
103878,7361
103878,7438
103878,6874
103878,4973
103878,231
103878,260
103878,2571
103878,3253
129700,898
129700,45720
129700,5299
129700,901
129700,7444
129700,905
129700,3097
129700,3255
129700,2724
129700,1947
91953,66097
91953,5618
91953,593
91953,61240
91953,1732
91953,2291
91953,2997
91953,4720
91953,1258
91953,4226
137039,1193
137039,2997
137039,593
137039,356
137039,1704
137039,2959
137039,36
137039,4027
137039,3418
137039,2571
57742,7361
57742,94959
57742,4995
57742,1732
57742,2858
57742,58559
57742,106920
57742,80463
57742,6711
57742,4979
134823,31878
134823,34048
134823,34162
134823,33166
134823,35836
134823,32587
134823,3977
134823,36517
134823,34405
134823,33004
23458,2762
23458,30749
23458,593
23458,110
23458,47
23458,1213
23458,50
23458,2571
23458,3578
23458,1721
112864,110
112864,2028
112864,87232
112864,293
112864,733
112864,44199
112864,63113
112864,3623
112864,33679
112864,36529
76797,58998
76797,52973
76797,69122
76797,296
76797,2959
76797,4306
76797,2918
76797,1197
76797,89745
76797,2791
82104,7153
82104,1
82104,110
82104,63082
82104,8665
82104,54286
82104,733
82104,377
82104,5952
82104,44199
105672,3147
105672,44555
105672,31410
105672,65130
105672,1961
105672,4874
105672,55444
105672,33166
105672,51540
105672,49932
46926,48516
46926,318
46926,2959
46926,1136
46926,150
46926,1198
46926,3275
46926,589
46926,4306
46926,4223
32129,1208
32129,3639
32129,6
32129,7482
32129,1732
32129,2329
32129,4011
32129,3635
32129,1136
32129,2948
21003,593
21003,527
21003,32
21003,2571
21003,8961
21003,6016
21003,59315
21003,55820
21003,3578
21003,4027
10001,44191
10001,32587
10001,41569
10001,49272
10001,33493
10001,48394
10001,37733
10001,45210
10001,8949
10001,40819
115826,1
115826,44191
115826,4886
115826,8961
115826,47610
115826,48780
115826,45722
115826,4963
115826,54001
115826,47
11322,50
11322,593
11322,3949
11322,7327
11322,1213
11322,111
11322,4226
11322,3503
11322,1228
11322,1232
58224,4993
58224,81845
58224,88125
58224,8368
58224,4896
58224,76093
58224,480
58224,2571
58224,79132
58224,97304
99163,32
99163,593
99163,527
99163,4993
99163,27773
99163,3996
99163,7361
99163,3949
99163,7981
99163,1136
23806,2791
23806,33794
23806,2167
23806,2012
23806,1608
23806,51662
23806,2694
23806,2124
23806,1784
23806,1441
27677,37729
27677,1206
27677,593
27677,1527
27677,2571
27677,5971
27677,7361
27677,1641
27677,1196
27677,3949
73598,4144
73598,27728
73598,88129
73598,26150
73598,31437
73598,3503
73598,2624
73598,55721
73598,3677
73598,90600
114670,1136
114670,3793
114670,2959
114670,2571
114670,1193
114670,296
114670,33794
114670,912
114670,2502
114670,2762
14382,4306
14382,593
14382,356
14382,2329
14382,1968
14382,4995
14382,4963
14382,4993
14382,7153
14382,44191
97984,318
97984,3578
97984,110
97984,2571
97984,1704
97984,1
97984,3147
97984,2268
97984,457
97984,527
106290,4226
106290,50
106290,2028
106290,6016
106290,48516
106290,4011
106290,110
106290,4022
106290,1222
106290,1089
125454,4963
125454,50
125454,2571
125454,1196
125454,2762
125454,44195
125454,4995
125454,593
125454,32587
125454,36529
93110,40815
93110,1258
93110,551
93110,44191
93110,4878
93110,2161
93110,5902
93110,356
93110,318
93110,296
74396,110
74396,1961
74396,2762
74396,2959
74396,1225
74396,4226
74396,2329
74396,7153
74396,4993
74396,778
31822,296
31822,150
31822,2858
31822,260
31822,1270
31822,356
31822,1704
31822,223
31822,1196
31822,2716
74617,2858
74617,48774
74617,44191
74617,2997
74617,541
74617,48394
74617,1089
74617,4306
74617,8961
74617,50
80461,6016
80461,68157
80461,60766
80461,1193
80461,61240
80461,55814
80461,88129
80461,912
80461,318
80461,527
137662,80463
137662,74458
137662,79293
137662,72011
137662,72998
137662,73321
137662,50872
137662,80489
137662,58559
137662,69640
26462,2949
26462,1270
26462,2947
26462,5952
26462,2083
26462,2987
26462,6333
26462,3034
26462,4973
26462,5445
35835,48394
35835,5618
35835,318
35835,44191
35835,296
35835,8961
35835,68157
35835,3275
35835,38061
35835,4226
78879,5952
78879,7361
78879,2571
78879,2762
78879,912
78879,1225
78879,1266
78879,1704
78879,3362
78879,1304
36659,68157
36659,60069
36659,33794
36659,2959
36659,4993
36659,7153
36659,4878
36659,7361
36659,4226
36659,48394
93449,588
93449,1721
93449,2687
93449,356
93449,56757
93449,7293
93449,48
93449,58559
93449,6377
93449,364
61050,2993
61050,65135
61050,2336
61050,31410
61050,2991
61050,5380
61050,47629
61050,55274
61050,3079
61050,87308
64820,356
64820,1210
64820,1
64820,1721
64820,377
64820,780
64820,2028
64820,1036
64820,380
64820,648
4402,33794
4402,1291
4402,56782
4402,58559
4402,1208
4402,356
4402,1193
4402,1682
4402,48780
4402,47
73594,7153
73594,5952
73594,2571
73594,296
73594,527
73594,1089
73594,1291
73594,1527
73594,2329
73594,520
19006,589
19006,5378
19006,68954
19006,69844
19006,1580
19006,54259
19006,4963
19006,8644
19006,41566
19006,53125
112163,47
112163,1089
112163,593
112163,4878
112163,2571
112163,48394
112163,50
112163,48516
112163,2826
112163,110
32909,2959
32909,260
32909,1196
32909,1198
32909,59315
32909,4993
32909,54259
32909,44191
32909,1291
32909,356
30173,1196
30173,7153
30173,1291
30173,480
30173,8636
30173,5445
30173,3623
30173,8361
30173,593
30173,72998
3592,7438
3592,31878
3592,8961
3592,8464
3592,35836
3592,31685
3592,33493
3592,5418
3592,6874
3592,44191
68660,6539
68660,3578
68660,47
68660,318
68660,5952
68660,32
68660,6377
68660,5349
68660,1270
68660,58559
3573,6874
3573,7438
3573,2571
3573,4993
3573,5952
3573,7153
3573,5816
3573,4878
3573,318
3573,7147
15266,1198
15266,1193
15266,318
15266,608
15266,260
15266,1208
15266,1247
15266,2571
15266,2762
15266,908
47634,1954
47634,4975
47634,3702
47634,590
47634,3704
47634,8644
47634,2420
47634,72998
47634,6870
47634,6
55466,1196
55466,750
55466,5903
55466,2858
55466,38038
55466,7090
55466,1222
55466,27904
55466,44195
55466,608
56760,2944
56760,1250
56760,318
56760,3062
56760,1198
56760,1221
56760,3198
56760,1262
56760,1213
56760,1196
25171,5989
25171,4995
25171,1704
25171,296
25171,2329
25171,4973
25171,1961
25171,4878
25171,1088
25171,1246
93029,4886
93029,7361
93029,6539
93029,4306
93029,8368
93029,5418
93029,1704
93029,1198
93029,6942
93029,4014
9892,8961
9892,4306
9892,588
9892,4886
9892,364
9892,68954
9892,78499
9892,1
9892,3034
9892,56152
105089,4993
105089,1136
105089,1265
105089,1213
105089,1580
105089,527
105089,68157
105089,2329
105089,48516
105089,5418
46606,5378
46606,5218
46606,1485
46606,588
46606,6287
46606,595
46606,3578
46606,6373
46606,4963
46606,2701
40598,6377
40598,7361
40598,318
40598,48394
40598,78499
40598,68157
40598,63082
40598,4896
40598,68358
40598,296
12577,2571
12577,4886
12577,6539
12577,4963
12577,4995
12577,41566
12577,8961
12577,8970
12577,59315
12577,30793
137552,48774
137552,44191
137552,2716
137552,1196
137552,1198
137552,1291
137552,3949
137552,4262
137552,5989
137552,1265
104992,1097
104992,356
104992,1580
104992,2571
104992,1291
104992,2762
104992,364
104992,316
104992,349
104992,1721
124408,4886
124408,2571
124408,79132
124408,589
124408,85414
124408,59784
124408,4306
124408,7153
124408,73017
124408,6365
431,63082
431,47
431,296
431,58559
431,593
431,2762
431,2329
431,68157
431,68954
431,60069
24965,593
24965,50
24965,1198
24965,49278
24965,5952
24965,1620
24965,7153
24965,1892
24965,2329
24965,48780
30881,58559
30881,79132
30881,260
30881,1198
30881,1262
30881,1270
30881,1291
30881,68954
30881,59315
30881,5816
36308,4306
36308,2716
36308,81591
36308,1955
36308,1244
36308,2997
36308,1307
36308,6539
36308,8360
36308,1247
131975,50
131975,1136
131975,260
131975,1089
131975,593
131975,1213
131975,527
131975,541
131975,48516
131975,70286
124446,4973
124446,4963
124446,30707
124446,2571
124446,527
124446,296
124446,5218
124446,48516
124446,5989
124446,8360
72017,3114
72017,79091
72017,595
72017,60069
72017,50872
72017,76093
72017,6539
72017,58559
72017,2571
72017,81564
89654,1270
89654,4993
89654,1
89654,4306
89654,539
89654,480
89654,260
89654,1246
89654,587
89654,593
83050,318
83050,2959
83050,33794
83050,4993
83050,7153
83050,59369
83050,79132
83050,48780
83050,1196
83050,76093
98095,2329
98095,2291
98095,58559
98095,6711
98095,48394
98095,31658
98095,61240
98095,541
98095,3160
98095,81591
77235,48774
77235,59315
77235,356
77235,6539
77235,44191
77235,6
77235,79702
77235,68954
77235,8874
77235,1222
23482,1732
23482,593
23482,54503
23482,4993
23482,51662
23482,260
23482,59315
23482,70286
23482,4239
23482,8807
134517,2692
134517,2571
134517,1206
134517,1732
134517,27904
134517,1258
134517,32
134517,4848
134517,1235
134517,48394
55846,480
55846,50
55846,33794
55846,5952
55846,70286
55846,6377
55846,1732
55846,59315
55846,55820
55846,44191
8497,1240
8497,2716
8497,589
8497,1036
8497,110
8497,593
8497,47
8497,4011
8497,1197
8497,4306
82675,3793
82675,56174
82675,5349
82675,5816
82675,57640
82675,42738
82675,58025
82675,6333
82675,7153
82675,33493
22754,50
22754,4963
22754,318
22754,5445
22754,8961
22754,110
22754,3000
22754,4995
22754,2291
22754,3994
112948,2291
112948,527
112948,356
112948,4973
112948,5878
112948,858
112948,2324
112948,6377
112948,32587
112948,2594
124340,150
124340,2917
124340,3147
124340,1962
124340,4022
124340,3363
124340,541
124340,1073
124340,260
124340,357
107509,3000
107509,5618
107509,1197
107509,33794
107509,1270
107509,1136
107509,588
107509,5971
107509,1198
107509,59315
95884,2329
95884,1270
95884,2985
95884,1200
95884,1240
95884,2858
95884,2947
95884,3147
95884,780
95884,592
67082,33794
67082,4226
67082,2858
67082,1
67082,2762
67082,56367
67082,5952
67082,4993
67082,56782
67082,58191
86700,1213
86700,2858
86700,1196
86700,2028
86700,7361
86700,110
86700,32
86700,33794
86700,4993
86700,1136
84705,2959
84705,2762
84705,2858
84705,3996
84705,110
84705,3578
84705,1136
84705,1270
84705,1265
84705,2716
90876,47
90876,110
90876,2959
90876,1210
90876,1258
90876,2329
90876,6711
90876,1036
90876,541
90876,49272
32535,1270
32535,2571
32535,1221
32535,1610
32535,50
32535,1663
32535,2944
32535,3039
32535,318
32535,589
58501,1261
58501,4855
58501,968
58501,6662
58501,3508
58501,7073
58501,6807
58501,26242
58501,1278
58501,7090
8033,3263
8033,2020
8033,5464
8033,151
8033,296
8033,2420
8033,4223
8033,6333
8033,4571
8033,4890
54935,32
54935,2858
54935,593
54935,2406
54935,2571
54935,2405
54935,1249
54935,4128
54935,3526
54935,7046
125687,589
125687,1291
125687,541
125687,1527
125687,2115
125687,2762
125687,500
125687,4022
125687,1961
125687,1682
90045,5445
90045,6881
90045,5617
90045,1584
90045,3983
90045,541
90045,1307
90045,8981
90045,44191
90045,778
78763,30749
78763,2959
78763,318
78763,111
78763,2858
78763,68157
78763,58559
78763,48738
78763,48516
78763,71462
101727,541
101727,1704
101727,3578
101727,4878
101727,903
101727,1732
101727,912
101727,1270
101727,589
101727,3147
82803,1954
82803,3671
82803,2640
82803,2918
82803,2302
82803,2791
82803,474
82803,2194
82803,908
82803,1625
112334,1196
112334,260
112334,593
112334,32
112334,2571
112334,2959
112334,2858
112334,1089
112334,55820
112334,4226
48291,1274
48291,2571
48291,1527
48291,4878
48291,48774
48291,3471
48291,541
48291,1240
48291,1097
48291,4226
28357,778
28357,1136
28357,1527
28357,4226
28357,58559
28357,110
28357,3793
28357,593
28357,2762
28357,8665
107620,50
107620,648
107620,54503
107620,4963
107620,51662
107620,44191
107620,1196
107620,1210
107620,1089
107620,27831
89844,4973
89844,8784
89844,33794
89844,6773
89844,5690
89844,34405
89844,7323
89844,5902
89844,5291
89844,3996
111882,589
111882,3949
111882,318
111882,48516
111882,1704
111882,1258
111882,1617
111882,6711
111882,592
111882,2324
29310,60069
29310,3396
29310,2028
29310,2717
29310,79008
29310,8874
29310,5673
29310,1201
29310,6863
29310,527
90849,87232
90849,6333
90849,8961
90849,79132
90849,4886
90849,10
90849,1036
90849,68358
90849,60069
90849,780
38431,5952
38431,32
38431,454
38431,380
38431,457
38431,1
38431,1196
38431,7153
38431,1961
38431,2628
56351,111
56351,3083
56351,5878
56351,4973
56351,527
56351,1266
56351,2068
56351,1263
56351,1080
56351,2324
80842,4226
80842,2571
80842,56367
80842,4973
80842,6874
80842,47
80842,527
80842,4878
80842,55820
80842,778
21185,4025
21185,1101
21185,1721
21185,485
21185,318
21185,2987
21185,349
21185,2268
21185,48
21185,4963
1806,2028
1806,32
1806,288
1806,1198
1806,1270
1806,1527
1806,208
1806,318
1806,2700
1806,316
17604,1073
17604,1197
17604,46976
17604,8961
17604,2997
17604,46578
17604,1968
17604,1259
17604,1784
17604,1198
73596,48394
73596,3949
73596,79702
73596,54503
73596,68157
73596,4979
73596,8874
73596,55247
73596,2858
73596,593
75362,6711
75362,46578
75362,37741
75362,800
75362,5446
75362,8645
75362,2677
75362,6385
75362,36517
75362,1300
62730,2291
62730,2858
62730,6874
62730,2174
62730,3786
62730,2997
62730,4973
62730,4878
62730,58559
62730,4816
124927,6942
124927,2571
124927,54286
124927,5418
124927,2125
124927,1552
124927,588
124927,3257
124927,5064
124927,6378
77817,2028
77817,4973
77817,4226
77817,2858
77817,318
77817,8368
77817,110
77817,1089
77817,1246
77817,32
47367,45447
47367,5989
47367,30825
47367,594
47367,41566
47367,2918
47367,318
47367,4963
47367,4308
47367,31685
98911,60069
98911,79132
98911,2502
98911,58559
98911,1196
98911,76093
98911,47
98911,3275
98911,68358
98911,33794
9587,2858
9587,58559
9587,3793
9587,1
9587,5445
9587,6874
9587,68954
9587,589
9587,55820
9587,260
130418,589
130418,2959
130418,110
130418,68358
130418,71535
130418,356
130418,72998
130418,56174
130418,54286
130418,3499
3166,1198
3166,48516
3166,1291
3166,2115
3166,1704
3166,1240
3166,1393
3166,590
3166,1517
3166,1196
31190,47
31190,318
31190,1198
31190,1923
31190,3578
31190,344
31190,52973
31190,1291
31190,1210
31190,5349
54061,2571
54061,1198
54061,858
54061,593
54061,3198
54061,1193
54061,1250
54061,1263
54061,1208
54061,1953
125303,158
125303,1097
125303,919
125303,2355
125303,1073
125303,4306
125303,5952
125303,356
125303,597
125303,48
106974,2762
106974,4226
106974,593
106974,3578
106974,364
106974,2329
106974,2028
106974,32
106974,480
106974,5618
18854,6920
18854,4426
18854,5333
18854,1248
18854,25788
18854,2932
18854,6001
18854,1304
18854,1084
18854,71464
15793,1221
15793,2571
15793,608
15793,1198
15793,5952
15793,296
15793,1193
15793,150
15793,2959
15793,47
84140,6874
84140,1222
84140,589
84140,1265
84140,457
84140,32587
84140,7438
84140,288
84140,1617
84140,1213
40262,4995
40262,150
40262,1198
40262,2762
40262,6385
40262,534
40262,260
40262,3751
40262,1291
40262,1682
67495,1270
67495,4886
67495,6711
67495,1961
67495,2997
67495,4995
67495,2324
67495,3897
67495,2396
67495,2542
47411,7361
47411,55247
47411,68157
47411,4262
47411,1466
47411,4973
47411,1884
47411,5989
47411,50
47411,44555
35754,356
35754,597
35754,2797
35754,2918
35754,1968
35754,1777
35754,3897
35754,318
35754,2683
35754,587
94009,904
94009,608
94009,5952
94009,2324
94009,58559
94009,913
94009,1233
94009,1203
94009,2762
94009,908
2970,50
2970,1580
2970,296
2970,51662
2970,1270
2970,7143
2970,1552
2970,54286
2970,53322
2970,6874
36538,2959
36538,2858
36538,356
36538,589
36538,5445
36538,541
36538,110
36538,6539
36538,527
36538,1214
3543,589
3543,1198
3543,1089
3543,296
3543,1221
3543,1258
3543,2329
3543,356
3543,1291
3543,16
60466,33794
60466,2716
60466,4963
60466,589
60466,1270
60466,4306
60466,527
60466,1961
60466,7143
60466,50
131904,1997
131904,8477
131904,90866
131904,1280
131904,923
131904,2351
131904,44587
131904,51709
131904,3546
131904,89753
63697,1089
63697,68157
63697,1732
63697,750
63697,54503
63697,2542
63697,318
63697,2571
63697,778
63697,6188
29343,3499
29343,1994
29343,1275
29343,6979
29343,3552
29343,2144
29343,2915
29343,3203
29343,2248
29343,1231
81411,6377
81411,3114
81411,3793
81411,1210
81411,1291
81411,356
81411,68358
81411,2115
81411,1097
81411,4085
134396,7454
134396,364
134396,3977
134396,5128
134396,1967
134396,2572
134396,2617
134396,41566
134396,410
134396,724
57310,1265
57310,2858
57310,35836
57310,3210
57310,260
57310,7361
57310,2716
57310,3421
57310,1197
57310,60069
32363,78499
32363,59315
32363,318
32363,86190
32363,76251
32363,593
32363,59369
32363,96610
32363,66097
32363,91658
125940,356
125940,1961
125940,1704
125940,1307
125940,150
125940,539
125940,318
125940,30707
125940,1246
125940,1784
95309,593
95309,5952
95309,4993
95309,4226
95309,527
95309,2571
95309,296
95309,4011
95309,2692
95309,110
117054,6932
117054,800
117054,63082
117054,79132
117054,457
117054,46578
117054,3504
117054,3967
117054,6552
117054,47
20203,1240
20203,1080
20203,5218
20203,1079
20203,1214
20203,2959
20203,588
20203,296
20203,589
20203,5349
61871,4973
61871,68157
61871,48516
61871,2571
61871,49530
61871,50
61871,3949
61871,3578
61871,1704
61871,48738
89808,54259
89808,54286
89808,46976
89808,50872
89808,6942
89808,5618
89808,6377
89808,8665
89808,46578
89808,81847
18814,3897
18814,4306
18814,8961
18814,6539
18814,47
18814,2918
18814,2268
18814,150
18814,5418
18814,1213
43534,541
43534,593
43534,47
43534,1200
43534,50
43534,5445
43534,1240
43534,5349
43534,60684
43534,2858
111839,2502
111839,6539
111839,1197
111839,2174
111839,3996
111839,1136
111839,1500
111839,1196
111839,5618
111839,3114
81197,3039
81197,1704
81197,1923
81197,1968
81197,2918
81197,1784
81197,3552
81197,2231
81197,48516
81197,1961
64002,50872
64002,33679
64002,8360
64002,4886
64002,6383
64002,44022
64002,33615
64002,59315
64002,68135
64002,72998
60765,58559
60765,318
60765,2571
60765,79132
60765,6539
60765,81834
60765,2959
60765,68319
60765,69122
60765,60069
58643,4306
58643,2762
58643,539
58643,1917
58643,500
58643,588
58643,2353
58643,1721
58643,356
58643,185
44055,7361
44055,7147
44055,1625
44055,5954
44055,4720
44055,8874
44055,8950
44055,38061
44055,30707
44055,44191
121789,7361
121789,6016
121789,46578
121789,3996
121789,30749
121789,48516
121789,593
121789,1193
121789,2959
121789,2502
10935,4878
10935,63082
10935,1207
10935,8464
10935,356
10935,50912
10935,1246
10935,8622
10935,6711
10935,53894
133482,145
133482,2470
133482,7444
133482,2018
133482,2174
133482,141
133482,1088
133482,2142
133482,6548
133482,1127
128232,4306
128232,3916
128232,58559
128232,150
128232,47099
128232,33794
128232,1210
128232,68358
128232,5010
128232,54286
21311,441
21311,223
21311,2959
21311,47
21311,4226
21311,593
21311,40819
21311,1285
21311,5989
21311,8961
78878,750
78878,4235
78878,904
78878,1206
78878,296
78878,1252
78878,2731
78878,1244
78878,1258
78878,1281
94348,79132
94348,2959
94348,4226
94348,318
94348,1258
94348,260
94348,924
94348,88125
94348,5618
94348,919
61914,1265
61914,2571
61914,2797
61914,11
61914,1954
61914,1079
61914,440
61914,474
61914,1246
61914,1394
137871,1210
137871,1961
137871,1580
137871,318
137871,593
137871,2959
137871,1196
137871,50
137871,1246
137871,1721
80707,2329
80707,58559
80707,63082
80707,318
80707,49530
80707,30749
80707,2959
80707,64716
80707,69122
80707,48516
120112,2959
120112,58559
120112,68157
120112,69122
120112,89492
120112,296
120112,71535
120112,82459
120112,91529
120112,48516
131753,5816
131753,5952
131753,7153
131753,8368
131753,4993
131753,4896
131753,63082
131753,72998
131753,95510
131753,81845
81716,367
81716,5378
81716,1270
81716,356
81716,260
81716,1682
81716,6539
81716,1
81716,5445
81716,480
84284,364
84284,260
84284,6539
84284,1198
84284,7361
84284,6377
84284,4963
84284,5445
84284,5989
84284,34162
44846,6539
44846,6711
44846,3897
44846,4226
44846,3996
44846,5013
44846,2542
44846,1059
44846,2336
44846,345
111123,7361
111123,318
111123,778
111123,48394
111123,608
111123,1089
111123,68157
111123,1219
111123,6016
111123,58559
64595,4973
64595,7361
64595,1089
64595,4993
64595,4226
64595,1193
64595,3812
64595,492
64595,2028
64595,6016
78068,69844
78068,56367
78068,58559
78068,6942
78068,8961
78068,7153
78068,5952
78068,4993
78068,919
78068,262
35746,4306
35746,44191
35746,2858
35746,296
35746,356
35746,318
35746,48516
35746,5445
35746,5418
35746,6365
98410,50
98410,527
98410,79132
98410,260
98410,541
98410,6016
98410,111759
98410,60069
98410,1198
98410,593
68161,56174
68161,45950
68161,48516
68161,68954
68161,69122
68161,33493
68161,56367
68161,44191
68161,56788
68161,49530
128637,1704
128637,1961
128637,2028
128637,3408
128637,597
128637,5989
128637,110
128637,63082
128637,80463
128637,30707
126436,4306
126436,1307
126436,8961
126436,6377
126436,5299
126436,1198
126436,7153
126436,1136
126436,4886
126436,45720
97976,593
97976,5995
97976,63082
97976,56782
97976,48738
97976,55820
97976,36517
97976,30707
97976,2858
97976,55052
88737,595
88737,500
88737,5349
88737,648
88737,185
88737,318
88737,73017
88737,2
88737,2797
88737,39
14500,2571
14500,2028
14500,2329
14500,7445
14500,4901
14500,593
14500,3147
14500,4963
14500,54286
14500,4993
20468,1240
20468,296
20468,593
20468,480
20468,541
20468,2959
20468,1527
20468,1704
20468,457
20468,6377
3708,2571
3708,2858
3708,1721
3708,1097
3708,2329
3708,3499
3708,50
3708,6502
3708,231
3708,590
34582,59369
34582,7502
34582,84954
34582,85414
34582,2819
34582,37727
34582,91535
34582,5418
34582,2803
34582,91842
117779,3147
117779,84392
117779,81788
117779,356
117779,318
117779,33660
117779,84601
117779,1704
117779,5989
117779,80463
48392,60069
48392,48394
48392,46976
48392,63876
48392,38061
48392,51255
48392,58998
48392,41285
48392,44191
48392,61024
74209,480
74209,858
74209,1704
74209,500
74209,608
74209,2716
74209,260
74209,2502
74209,589
74209,110
32664,296
32664,1907
32664,33794
32664,3147
32664,4993
32664,2858
32664,3897
32664,527
32664,8784
32664,6874
86743,1923
86743,34162
86743,4993
86743,4995
86743,2671
86743,2694
86743,6377
86743,4014
86743,4018
86743,7173
19217,318
19217,1206
19217,1278
19217,2858
19217,111
19217,904
19217,1193
19217,750
19217,858
19217,1997
61846,4226
61846,4973
61846,593
61846,318
61846,3578
61846,3996
61846,1265
61846,1223
61846,1210
61846,778
33624,47
33624,1
33624,7361
33624,44199
33624,7147
33624,54999
33624,3147
33624,3578
33624,6934
33624,34048
120378,33794
120378,7361
120378,2571
120378,4306
120378,1198
120378,4973
120378,44195
120378,54286
120378,48738
120378,60069
35185,1136
35185,2571
35185,60069
35185,5952
35185,260
35185,58559
35185,71535
35185,66934
35185,51255
35185,44195
58288,1214
58288,2762
58288,608
58288,2571
58288,1258
58288,903
58288,32
58288,2019
58288,5995
58288,356
7761,593
7761,1196
7761,1206
7761,7502
7761,2329
7761,4226
7761,7361
7761,750
7761,50
7761,7153
70274,1196
70274,1210
70274,1198
70274,457
70274,1240
70274,1270
70274,260
70274,5989
70274,4963
70274,1291
131881,3527
131881,33493
131881,1201
131881,5418
131881,296
131881,7090
131881,858
131881,356
131881,480
131881,3793
73072,3578
73072,780
73072,7153
73072,1036
73072,110
73072,380
73072,2115
73072,1580
73072,5952
73072,1721
76519,63859
76519,45517
76519,4993
76519,5952
76519,7153
76519,6539
76519,81847
76519,588
76519,45722
76519,7164
40428,1307
40428,88810
40428,8533
40428,81845
40428,4025
40428,597
40428,261
40428,105504
40428,3451
40428,1035
21869,47
21869,50
21869,7361
21869,2959
21869,2858
21869,54286
21869,46976
21869,2329
21869,6942
21869,68954
110591,2959
110591,778
110591,5618
110591,1200
110591,1997
110591,1320
110591,4993
110591,32587
110591,551
110591,3527
130123,50
130123,1213
130123,912
130123,1198
130123,1089
130123,923
130123,3210
130123,1208
130123,1036
130123,4226
77722,4226
77722,10
77722,595
77722,3578
77722,7438
77722,47
77722,733
77722,316
77722,924
77722,2762
58186,858
58186,7361
58186,4226
58186,63082
58186,5989
58186,3252
58186,72011
58186,55820
58186,60069
58186,56367
101456,586
101456,380
101456,377
101456,3147
101456,832
101456,367
101456,296
101456,2706
101456,3408
101456,6539
617,1089
617,2571
617,47
617,6016
617,296
617,55820
617,44555
617,356
617,750
617,5995
91160,1682
91160,72998
91160,63082
91160,2997
91160,288
91160,3081
91160,253
91160,69122
91160,64614
91160,3448
132,2692
132,47
132,1961
132,2174
132,1265
132,2571
132,2918
132,1198
132,7153
132,235
109002,8961
109002,2571
109002,8636
109002,97913
109002,112623
109002,2628
109002,6365
109002,76251
109002,594
109002,95441
12569,5445
12569,7147
12569,1704
12569,33794
12569,39183
12569,46578
12569,4306
12569,3160
12569,6016
12569,2028
40528,68954
40528,6539
40528,4963
40528,44191
40528,2997
40528,1270
40528,46578
40528,4226
40528,356
40528,55820
49667,33794
49667,48774
49667,356
49667,63082
49667,6539
49667,364
49667,4886
49667,7438
49667,48780
49667,1246
80228,588
80228,54259
80228,2959
80228,79132
80228,2617
80228,2012
80228,4963
80228,367
80228,2502
80228,69844
24078,4306
24078,8528
24078,5299
24078,6373
24078,5989
24078,56367
24078,7153
24078,8961
24078,4886
24078,58559
106137,60069
106137,45517
106137,8961
106137,4306
106137,5218
106137,7143
106137,6373
106137,4963
106137,33004
106137,5445
16383,5218
16383,4519
16383,1566
16383,72737
16383,1032
16383,4039
16383,4857
16383,1022
16383,27706
16383,1
205,593
205,4973
205,2858
205,1704
205,318
205,2762
205,4226
205,1196
205,1617
205,110
54566,2959
54566,4973
54566,919
54566,296
54566,1258
54566,923
54566,1230
54566,2571
54566,920
54566,7361
107553,49278
107553,4963
107553,2959
107553,48516
107553,377
107553,47200
107553,6365
107553,589
107553,31685
107553,47
94894,1225
94894,3911
94894,1674
94894,1956
94894,5299
94894,910
94894,969
94894,1641
94894,1230
94894,1958
3567,296
3567,593
3567,1270
3567,2571
3567,1148
3567,150
3567,2324
3567,2858
3567,1517
3567,3462
82512,1197
82512,33794
82512,296
82512,344
82512,49272
82512,4022
82512,5445
82512,2683
82512,2502
82512,47
99674,1704
99674,1089
99674,2028
99674,1193
99674,2023
99674,2194
99674,457
99674,1617
99674,58559
99674,1
15047,2959
15047,1089
15047,296
15047,778
15047,32
15047,608
15047,6711
15047,1617
15047,3418
15047,1198
25350,1197
25350,1136
25350,6773
25350,2657
25350,7147
25350,3949
25350,1206
25350,3996
25350,8464
25350,2692
26758,72998
26758,589
26758,58559
26758,780
26758,69122
26758,3147
26758,91529
26758,733
26758,150
26758,51662
47474,3578
47474,8360
47474,4306
47474,364
47474,6539
47474,595
47474,3996
47474,480
47474,1485
47474,1580
62322,5952
62322,4993
62322,5690
62322,8961
62322,7153
62322,2085
62322,2054
62322,2
62322,2761
62322,2355
67147,260
67147,356
67147,1270
67147,587
67147,7153
67147,2716
67147,1198
67147,1291
67147,1210
67147,5349
66724,1028
66724,4995
66724,7147
66724,8958
66724,2396
66724,7361
66724,6863
66724,8873
66724,4857
66724,3897
51120,1127
51120,5810
51120,4792
51120,8169
51120,1215
51120,1214
51120,3421
51120,5151
51120,2572
51120,2311
79330,8360
79330,356
79330,4886
79330,2959
79330,3147
79330,4995
79330,2762
79330,47
79330,527
79330,4993
54711,4886
54711,48394
54711,8961
54711,2571
54711,5952
54711,69122
54711,59315
54711,4963
54711,296
54711,48516
134422,7153
134422,4993
134422,296
134422,3984
134422,1722
134422,3578
134422,5952
134422,2991
134422,356
134422,3082
44780,539
44780,5445
44780,1722
44780,4306
44780,2763
44780,778
44780,2692
44780,357
44780,1680
44780,3793
15502,60069
15502,99114
15502,58559
15502,79132
15502,6874
15502,3000
15502,97913
15502,112852
15502,7099
15502,4993
66533,1265
66533,4247
66533,6807
66533,4027
66533,48780
66533,1136
66533,1748
66533,2291
66533,2918
66533,2395
7276,17
7276,912
7276,68269
7276,40629
7276,86882
7276,1225
7276,5995
7276,64957
7276,7669
7276,82459
3218,2571
3218,32587
3218,3552
3218,3996
3218,1208
3218,32
3218,2858
3218,1291
3218,3052
3218,3300
56687,608
56687,71535
56687,6323
56687,64957
56687,4995
56687,3114
56687,6711
56687,3527
56687,4975
56687,1748
89371,45722
89371,33615
89371,54001
89371,60397
89371,6377
89371,66203
89371,31433
89371,81834
89371,81847
89371,4963
121893,2858
121893,47
121893,2571
121893,356
121893,589
121893,4306
121893,2706
121893,1240
121893,1198
121893,2762
129431,46578
129431,4896
129431,7153
129431,58559
129431,4447
129431,59315
129431,4025
129431,72998
129431,5218
129431,5952
45982,1090
45982,1265
45982,2716
45982,1954
45982,1263
45982,1254
45982,7076
45982,1258
45982,3196
45982,3361
129112,68954
129112,60069
129112,78499
129112,8961
129112,2571
129112,356
129112,49272
129112,1198
129112,5989
129112,88125
28238,33166
28238,30749
28238,49272
28238,33794
28238,39183
28238,31410
28238,44555
28238,30707
28238,58559
28238,32587
115455,33794
115455,3578
115455,2571
115455,8961
115455,1291
115455,588
115455,318
115455,7143
115455,2762
115455,4306
75021,2268
75021,1343
75021,593
75021,318
75021,3552
75021,1954
75021,1090
75021,2706
75021,1193
75021,4007
43322,4993
43322,2028
43322,356
43322,33794
43322,1221
43322,5952
43322,4011
43322,2329
43322,293
43322,5418
124297,1148
124297,3386
124297,8340
124297,924
124297,778
124297,111
124297,1641
124297,2194
124297,26939
124297,2716
21891,1721
21891,2571
21891,3578
21891,2858
21891,1961
21891,296
21891,1
21891,480
21891,2959
21891,2329
125010,356
125010,6807
125010,2181
125010,1333
125010,2993
125010,318
125010,4148
125010,1997
125010,1210
125010,1220
97290,6993
97290,46578
97290,1963
97290,5339
97290,5669
97290,8464
97290,8622
97290,2065
97290,30749
97290,2973
26287,7380
26287,40815
26287,4896
26287,8368
26287,45720
26287,60397
26287,1569
26287,6535
26287,6266
26287,8808
55544,7153
55544,608
55544,47
55544,2762
55544,4226
55544,3578
55544,1240
55544,1097
55544,1089
55544,48516
44191,55247
44191,1097
44191,48394
44191,4967
44191,7323
44191,1193
44191,1293
44191,1784
44191,71033
44191,30803
85376,1198
85376,44555
85376,150
85376,2502
85376,2858
85376,589
85376,1584
85376,4973
85376,7361
85376,4878
70667,608
70667,296
70667,7361
70667,111
70667,4979
70667,1230
70667,38886
70667,4641
70667,1228
70667,1732
12588,3578
12588,1198
12588,2028
12588,47
12588,2571
12588,4973
12588,72998
12588,1270
12588,260
12588,70286
43958,32587
43958,7438
43958,4878
43958,1222
43958,63082
43958,2762
43958,1197
43958,2997
43958,4262
43958,2291
1615,296
1615,553
1615,1639
1615,593
1615,1197
1615,2918
1615,1219
1615,2640
1615,1288
1615,1196
76424,2081
76424,1073
76424,53125
76424,6373
76424,8360
76424,1721
76424,5299
76424,3114
76424,1380
76424,5989
86883,296
86883,6711
86883,2997
86883,608
86883,1273
86883,1279
86883,1235
86883,71464
86883,1206
86883,5690
8048,8961
8048,50
8048,527
8048,1203
8048,908
8048,1617
8048,6787
8048,150
8048,1213
8048,1266
6298,2858
6298,7153
6298,5952
6298,4993
6298,110
6298,296
6298,356
6298,527
6298,47
6298,2028
112665,480
112665,4226
112665,54286
112665,5952
112665,3147
112665,589
112665,1193
112665,1610
112665,1240
112665,4022
31938,6377
31938,8368
31938,589
31938,7143
31938,480
31938,4886
31938,1270
31938,733
31938,5349
31938,2617
34497,5218
34497,4886
34497,2081
34497,5952
34497,7153
34497,4993
34497,3034
34497,2324
34497,78499
34497,1682
68084,1073
68084,50
68084,750
68084,260
68084,1197
68084,922
68084,7099
68084,8368
68084,123
68084,902
25781,4973
25781,912
25781,4226
25781,2571
25781,1729
25781,2997
25781,5989
25781,1265
25781,6874
25781,7361
59400,2571
59400,904
59400,1273
59400,608
59400,908
59400,1086
59400,1136
59400,318
59400,593
59400,1212
62286,4447
62286,500
62286,58559
62286,1
62286,3793
62286,2
62286,59315
62286,377
62286,2701
62286,2420
136487,296
136487,2329
136487,356
136487,527
136487,4226
136487,1213
136487,5995
136487,1203
136487,47
136487,2858
40717,33493
40717,49272
40717,58559
40717,8985
40717,6541
40717,8644
40717,33615
40717,34405
40717,56171
40717,7153
17102,6874
17102,59315
17102,59369
17102,1036
17102,32587
17102,7445
17102,3275
17102,54997
17102,8132
17102,1291
34188,1198
34188,5952
34188,4993
34188,296
34188,1527
34188,32
34188,260
34188,2628
34188,5349
34188,480
25614,480
25614,1682
25614,497
25614,7361
25614,17
25614,2011
25614,2858
25614,2150
25614,593
25614,339
108872,318
108872,2000
108872,5445
108872,8644
108872,2353
108872,2058
108872,1240
108872,1961
108872,2948
108872,1265
73012,2087
73012,595
73012,3097
73012,594
73012,616
73012,1333
73012,31193
73012,2139
73012,2080
73012,356
131407,5445
131407,1210
131407,260
131407,377
131407,1222
131407,1218
131407,96610
131407,32
131407,96737
131407,6502
130310,527
130310,778
130310,2997
130310,1210
130310,6874
130310,110
130310,1
130310,1206
130310,2324
130310,4235
83054,1213
83054,3578
83054,5952
83054,593
83054,356
83054,7153
83054,48516
83054,110
83054,4011
83054,527
34444,1089
34444,2329
34444,608
34444,4226
34444,1136
34444,1212
34444,541
34444,46578
34444,3730
34444,903
129942,5418
129942,4306
129942,6539
129942,69122
129942,54286
129942,33794
129942,589
129942,2959
129942,2028
129942,6383
52082,2762
52082,593
52082,1089
52082,367
52082,48516
52082,32
52082,6874
52082,1265
52082,3147
52082,1221
67419,2502
67419,296
67419,50
67419,5464
67419,2028
67419,858
67419,553
67419,3421
67419,3275
67419,55765
87797,3793
87797,3578
87797,1291
87797,3147
87797,60684
87797,293
87797,4308
87797,7361
87797,3052
87797,68157
78393,98809
78393,106489
78393,97921
78393,78499
78393,55820
78393,7438
78393,1089
78393,106487
78393,112556
78393,112852
38487,608
38487,1198
38487,593
38487,923
38487,1193
38487,1272
38487,903
38487,1219
38487,1276
38487,1252
47868,3793
47868,2762
47868,780
47868,2028
47868,4306
47868,8360
47868,2683
47868,296
47868,733
47868,1
23919,8957
23919,3147
23919,2959
23919,1625
23919,5995
23919,4720
23919,8950
23919,49530
23919,4973
23919,1089
13570,541
13570,1213
13570,26614
13570,1221
13570,858
13570,457
13570,4306
13570,89745
13570,1208
13570,608
97762,59315
97762,4011
97762,8665
97762,16
97762,356
97762,2329
97762,2959
97762,457
97762,81932
97762,2231
101137,316
101137,1208
101137,32587
101137,1527
101137,3793
101137,5445
101137,2692
101137,10
101137,1
101137,3578
76173,1291
76173,52973
76173,44195
76173,4306
76173,58559
76173,3578
76173,593
76173,2329
76173,8949
76173,648
86295,1682
86295,6874
86295,1517
86295,318
86295,32587
86295,1073
86295,3897
86295,1584
86295,357
86295,1527
68874,4878
68874,74458
68874,1682
68874,364
68874,2571
68874,480
68874,47
68874,2762
68874,56757
68874,3147
63098,4878
63098,1994
63098,541
63098,61240
63098,4105
63098,32
63098,6774
63098,1136
63098,555
63098,1748
94000,912
94000,1028
94000,904
94000,1198
94000,1
94000,4973
94000,928
94000,539
94000,2396
94000,745
74061,58803
74061,57368
74061,5952
74061,7153
74061,4993
74061,53996
74061,648
74061,52458
74061,53322
74061,59784
136957,50
136957,6365
136957,380
136957,1370
136957,2470
136957,316
136957,2291
136957,3686
136957,6934
136957,6537
119546,356
119546,589
119546,1250
119546,4223
119546,5420
119546,1240
119546,150
119546,3753
119546,3654
119546,7143
135125,2858
135125,1961
135125,46578
135125,50
135125,608
135125,36
135125,8873
135125,64614
135125,4235
135125,7361
133787,2762
133787,1
133787,588
133787,2028
133787,595
133787,1961
133787,4022
133787,2791
133787,1197
133787,5989
36552,7361
36552,59315
36552,1704
36552,2571
36552,527
36552,4973
36552,364
36552,68954
36552,2918
36552,33794
49013,608
49013,1221
49013,1208
49013,7361
49013,1089
49013,4973
49013,1196
49013,260
49013,68157
49013,1201
18094,1136
18094,47
18094,110
18094,3578
18094,2329
18094,2858
18094,541
18094,608
18094,8961
18094,1262
24729,56367
24729,30749
24729,58559
24729,59315
24729,50872
24729,48780
24729,527
24729,46578
24729,1262
24729,60069
125090,1270
125090,110
125090,4226
125090,480
125090,1196
125090,2858
125090,457
125090,1089
125090,1210
125090,2762
125065,8961
125065,66097
125065,54259
125065,1265
125065,47610
125065,1234
125065,46976
125065,440
125065,357
125065,48394
127950,296
127950,223
127950,52973
127950,3897
127950,3210
127950,58559
127950,51255
127950,1136
127950,1663
127950,2542
7382,4226
7382,541
7382,589
7382,50
7382,2726
7382,318
7382,3996
7382,908
7382,912
7382,1
137047,68237
137047,2959
137047,44191
137047,48774
137047,1580
137047,5445
137047,1080
137047,7361
137047,318
137047,6539
67894,47
67894,4993
67894,2762
67894,2329
67894,356
67894,6016
67894,7361
67894,858
67894,60069
67894,81845
124827,1200
124827,2858
124827,3107
124827,2683
124827,45501
124827,32
124827,2329
124827,55282
124827,595
124827,34
129959,79132
129959,4886
129959,4963
129959,527
129959,260
129959,44191
129959,1784
129959,4011
129959,480
129959,5669
4522,2571
4522,69481
4522,4226
4522,260
4522,49272
4522,48774
4522,858
4522,74458
4522,1089
4522,32
79934,1721
79934,4306
79934,4963
79934,356
79934,110
79934,33493
79934,1240
79934,58559
79934,5418
79934,2028
51312,7022
51312,741
51312,2858
51312,778
51312,32
51312,2997
51312,1240
51312,6711
51312,7361
51312,1175
34729,1240
34729,750
34729,1270
34729,1219
34729,1258
34729,589
34729,1080
34729,1961
34729,480
34729,2858
85558,3702
85558,6539
85558,2872
85558,2000
85558,4545
85558,5500
85558,2478
85558,1580
85558,552
85558,4214
85103,2858
85103,6934
85103,6874
85103,293
85103,54286
85103,7438
85103,1196
85103,316
85103,172
85103,49272
121969,1210
121969,296
121969,2959
121969,589
121969,480
121969,7153
121969,260
121969,318
121969,110
121969,593
52499,527
52499,2762
52499,50
52499,81591
52499,48516
52499,81932
52499,1721
52499,49530
52499,30749
52499,1968
63549,356
63549,1198
63549,6333
63549,1704
63549,2858
63549,1580
63549,593
63549,1923
63549,1291
63549,6365
4309,48394
4309,52975
4309,8636
4309,4973
4309,7147
4309,46976
4309,1073
4309,595
4309,551
4309,3751
88126,33679
88126,48516
88126,40819
88126,44709
88126,48780
88126,48385
88126,40583
88126,63082
88126,36529
88126,47099
112632,4995
112632,3578
112632,5952
112632,4993
112632,4226
112632,6377
112632,1961
112632,4963
112632,457
112632,32
9386,3793
9386,2797
9386,7263
9386,457
9386,3448
9386,2791
9386,1265
9386,527
9386,33660
9386,1954
66832,1032
66832,51662
66832,3535
66832,32
66832,2123
66832,5954
66832,1274
66832,3967
66832,2997
66832,4239
64430,37733
64430,4422
64430,3739
64430,8239
64430,34437
64430,7941
64430,32179
64430,43460
64430,27592
64430,6035
72335,4993
72335,2762
72335,356
72335,480
72335,1721
72335,2628
72335,593
72335,1580
72335,4306
72335,527
138200,1721
138200,7153
138200,4308
138200,6953
138200,33679
138200,8360
138200,36517
138200,356
138200,46578
138200,8665
49176,593
49176,2918
49176,7361
49176,37741
49176,2762
49176,2502
49176,1196
49176,8961
49176,44195
49176,44191
110304,356
110304,2959
110304,1222
110304,593
110304,47
110304,32
110304,1206
110304,778
110304,3578
110304,1200
69011,2571
69011,2959
69011,50
69011,356
69011,2858
69011,58998
69011,61132
69011,480
69011,48385
69011,6711
56267,2329
56267,648
56267,1580
56267,2762
56267,6365
56267,48516
56267,593
56267,8360
56267,457
56267,3753
13002,589
13002,356
13002,2571
13002,318
13002,593
13002,924
13002,1240
13002,2716
13002,1196
13002,2762
124146,1136
124146,3253
124146,4262
124146,231
124146,4128
124146,4571
124146,2985
124146,1378
124146,858
124146,1394
91514,32
91514,593
91514,380
91514,588
91514,364
91514,7153
91514,110
91514,68157
91514,344
91514,231
92782,5995
92782,4995
92782,58
92782,1961
92782,30749
92782,110
92782,2336
92782,34072
92782,1704
92782,40819
80994,593
80994,968
80994,1997
80994,296
80994,1333
80994,1345
80994,54995
80994,3535
80994,1193
80994,2455
38987,2762
38987,50
38987,2858
38987,593
38987,1136
38987,5952
38987,91529
38987,48780
38987,4306
38987,4886
113706,1210
113706,1196
113706,6539
113706,260
113706,2858
113706,3996
113706,1197
113706,1396
113706,2268
113706,1136
85901,37741
85901,35836
85901,32587
85901,44195
85901,40815
85901,38061
85901,30793
85901,31878
85901,48082
85901,34072
124910,356
124910,593
124910,2762
124910,1136
124910,318
124910,1265
124910,6711
124910,7153
124910,4878
124910,1704
20119,1258
20119,1203
20119,1208
20119,1222
20119,1269
20119,1089
20119,111
20119,7327
20119,954
20119,30803
74361,6333
74361,49272
74361,2762
74361,1036
74361,1246
74361,2000
74361,6539
74361,2194
74361,8665
74361,10
41049,1200
41049,3793
41049,480
41049,442
41049,5952
41049,1214
41049,6539
41049,380
41049,356
41049,592
136776,318
136776,2571
136776,51662
136776,48738
136776,47610
136776,46578
136776,356
136776,2959
136776,55052
136776,33794
60857,5952
60857,2571
60857,2858
60857,7361
60857,608
60857,8961
60857,593
60857,858
60857,356
60857,32
54005,293
54005,1527
54005,1748
54005,6016
54005,48516
54005,6502
54005,110
54005,3578
54005,1704
54005,44191
44705,46578
44705,4878
44705,608
44705,1884
44705,5418
44705,293
44705,70286
44705,260
44705,44195
44705,541
73748,356
73748,2858
73748,7361
73748,4878
73748,1270
73748,32587
73748,4011
73748,1527
73748,260
73748,49272
120622,6711
120622,2502
120622,318
120622,48385
120622,4995
120622,527
120622,4979
120622,4027
120622,4973
120622,223
1703,5418
1703,6377
1703,63082
1703,91529
1703,2571
1703,58559
1703,1580
1703,2762
1703,3793
1703,1
119846,54286
119846,80489
119846,63082
119846,70286
119846,48516
119846,4963
119846,91658
119846,8636
119846,44191
119846,88129
75538,79702
75538,86332
75538,87232
75538,91500
75538,98809
75538,93510
75538,68954
75538,97921
75538,85414
75538,88744
1532,2571
1532,593
1532,480
1532,110
1532,1721
1532,597
1532,318
1532,2858
1532,500
1532,590
37489,48774
37489,1274
37489,4973
37489,6350
37489,7361
37489,1196
37489,4878
37489,1748
37489,34405
37489,4993
74698,81834
74698,81847
74698,68954
74698,8368
74698,54001
74698,50872
74698,8957
74698,81591
74698,45722
74698,63992
98772,4262
98772,593
98772,2858
98772,47
98772,318
98772,6539
98772,1210
98772,1196
98772,2115
98772,592
107716,593
107716,1222
107716,50
107716,345
107716,2329
107716,32
107716,5618
107716,6016
107716,6874
107716,2657
22805,110
22805,48516
22805,2858
22805,4226
22805,4995
22805,47099
22805,51086
22805,3949
22805,3969
22805,60069
57952,480
57952,380
57952,1580
57952,2028
57952,377
57952,2959
57952,44199
57952,296
57952,4995
57952,161
122790,356
122790,593
122790,318
122790,2329
122790,1291
122790,2000
122790,110
122790,1127
122790,480
122790,3052
44353,8961
44353,4306
44353,2571
44353,6373
44353,60069
44353,49272
44353,3147
44353,4022
44353,68157
44353,48516
119655,97938
119655,51662
119655,104879
119655,111759
119655,60069
119655,111921
119655,109374
119655,91500
119655,99728
119655,3578
23946,750
23946,608
23946,1617
23946,39292
23946,913
23946,1234
23946,3504
23946,3424
23946,4427
23946,1304
2542,1136
2542,3052
2542,223
2542,2959
2542,4886
2542,4878
2542,1261
2542,5349
2542,6377
2542,551
72257,79132
72257,89864
72257,98809
72257,94864
72257,88163
72257,595
72257,2762
72257,2028
72257,58559
72257,2959
22119,66934
22119,4306
22119,4878
22119,5618
22119,58559
22119,31658
22119,2918
22119,480
22119,6539
22119,1270
27026,32
27026,2997
27026,778
27026,7361
27026,6016
27026,293
27026,1193
27026,2692
27026,1214
27026,1208
62725,2502
62725,35836
62725,33166
62725,34162
62725,30707
62725,1923
62725,6796
62725,7256
62725,5669
62725,33794
77090,1704
77090,1206
77090,1682
77090,4034
77090,6502
77090,2194
77090,2707
77090,589
77090,37733
77090,5418
127910,589
127910,260
127910,3275
127910,51255
127910,68157
127910,6539
127910,541
127910,1291
127910,5903
127910,551
64668,356
64668,1036
64668,1258
64668,1090
64668,1214
64668,589
64668,1610
64668,260
64668,1923
64668,5418
74138,5218
74138,2028
74138,3578
74138,6377
74138,5989
74138,4963
74138,110
74138,4022
74138,3147
74138,1721
57856,3578
57856,2959
57856,4886
57856,48516
57856,3000
57856,32587
57856,527
57856,293
57856,1704
57856,64614
61168,1466
61168,165
61168,2278
61168,4963
61168,368
61168,1729
61168,1136
61168,27660
61168,2273
61168,66297
47015,97938
47015,356
47015,58559
47015,1721
47015,8961
47015,88810
47015,81591
47015,81845
47015,77561
47015,87232
87908,1580
87908,1682
87908,2011
87908,2762
87908,7361
87908,4878
87908,8957
87908,2987
87908,1206
87908,2012
74184,2959
74184,1198
74184,2716
74184,4993
74184,7153
74184,318
74184,6539
74184,593
74184,7361
74184,3793
74545,1214
74545,7387
74545,1953
74545,1129
74545,1321
74545,1994
74545,1350
74545,1340
74545,2648
74545,1982
46070,7153
46070,6377
46070,58559
46070,1580
46070,364
46070,79132
46070,1198
46070,1210
46070,1
46070,4993
4746,47
4746,1136
4746,593
4746,380
4746,260
4746,648
4746,2716
4746,377
4746,457
4746,590
108895,2762
108895,4226
108895,50
108895,2329
108895,5952
108895,1196
108895,541
108895,527
108895,2028
108895,2858
46582,3081
46582,2028
46582,5445
46582,1080
46582,1193
46582,5903
46582,3578
46582,778
46582,3052
46582,1265
27730,4447
27730,4306
27730,356
27730,480
27730,6373
27730,1485
27730,6377
27730,2012
27730,2011
27730,78499
43070,6539
43070,68954
43070,4306
43070,72998
43070,4963
43070,8368
43070,63082
43070,5816
43070,40815
43070,4886
91225,50
91225,2918
91225,46578
91225,63082
91225,1784
91225,1682
91225,30749
91225,4226
91225,150
91225,1246
98215,3793
98215,1270
98215,2028
98215,2762
98215,1258
98215,4226
98215,608
98215,1291
98215,858
98215,1994
127948,98809
127948,31658
127948,4973
127948,296
127948,66097
127948,4027
127948,1279
127948,8368
127948,6711
127948,7323
5359,541
5359,1527
5359,2571
5359,296
5359,70286
5359,68237
5359,1732
5359,5445
5359,32
5359,593
15617,6301
15617,3730
15617,26349
15617,1955
15617,4641
15617,71108
15617,55118
15617,79242
15617,26003
15617,7382
120547,55282
120547,2505
120547,1717
120547,4167
120547,33085
120547,3534
120547,4023
120547,3409
120547,4159
120547,3510
4108,2393
4108,79132
4108,1527
4108,8961
4108,589
4108,6333
4108,2115
4108,110
4108,318
4108,76093
75057,55820
75057,5618
75057,1222
75057,1136
75057,541
75057,7438
75057,7022
75057,48774
75057,1209
75057,2019
107880,2959
107880,1291
107880,1198
107880,2918
107880,54997
107880,3578
107880,356
107880,1270
107880,48780
107880,60069
60329,593
60329,60069
60329,296
60329,4027
60329,4306
60329,5418
60329,1036
60329,858
60329,589
60329,1240
57927,2291
57927,58559
57927,551
57927,531
57927,41566
57927,1721
57927,1073
57927,48394
57927,1688
57927,1968
106075,3578
106075,2571
106075,4011
106075,1222
106075,1136
106075,7438
106075,3949
106075,55820
106075,750
106075,7361
122853,2657
122853,2959
122853,46578
122853,356
122853,51255
122853,4027
122853,2502
122853,48394
122853,4878
122853,2291
35866,296
35866,318
35866,4886
35866,60069
35866,4973
35866,1704
35866,1197
35866,2571
35866,1721
35866,2762
40902,1270
40902,1136
40902,541
40902,2959
40902,318
40902,2858
40902,1291
40902,1580
40902,33794
40902,1265
102342,74458
102342,541
102342,81845
102342,52328
102342,2542
102342,6502
102342,2467
102342,7256
102342,111759
102342,7361
56367,48516
56367,39292
56367,49272
56367,72998
56367,54001
56367,78499
56367,36517
56367,67267
56367,79242
56367,80549
46482,2502
46482,4886
46482,8581
46482,50872
46482,1197
46482,1246
46482,2918
46482,8368
46482,1196
46482,6539
58579,2959
58579,58559
58579,2571
58579,2858
58579,318
58579,1198
58579,260
58579,1639
58579,1777
58579,3052
40022,1193
40022,56782
40022,111
40022,1209
40022,1204
40022,1276
40022,48516
40022,1212
40022,68157
40022,58559
32780,231
32780,34162
32780,1954
32780,1704
32780,6870
32780,1207
32780,1247
32780,3252
32780,4995
32780,1387
36003,1198
36003,32587
36003,1994
36003,6774
36003,1301
36003,3300
36003,59315
36003,111
36003,48774
36003,5254
5525,6539
5525,4886
5525,79132
5525,76093
5525,7143
5525,6377
5525,356
5525,1
5525,3916
5525,1608
34945,780
34945,2502
34945,1517
34945,296
34945,2858
34945,5445
34945,1584
34945,318
34945,4878
34945,480
28494,608
28494,750
28494,593
28494,356
28494,7361
28494,5995
28494,527
28494,55765
28494,1228
28494,110
97180,3578
97180,2115
97180,8961
97180,5349
97180,33794
97180,2571
97180,4963
97180,2000
97180,2791
97180,457
103792,1089
103792,6711
103792,1270
103792,527
103792,47
103792,3996
103792,8949
103792,4886
103792,4306
103792,912
131909,593
131909,4973
131909,7034
131909,5669
131909,6711
131909,32587
131909,318
131909,31658
131909,27700
131909,2700
128111,356
128111,58559
128111,2959
128111,7254
128111,63082
128111,47610
128111,296
128111,45447
128111,84152
128111,4720
85157,6333
85157,2959
85157,1356
85157,44191
85157,45728
85157,2700
85157,8636
85157,60684
85157,8807
85157,6365
92256,356
92256,3147
92256,2762
92256,2858
92256,5445
92256,47
92256,593
92256,589
92256,32
92256,1625
113254,104
113254,47
113254,593
113254,2700
113254,733
113254,1222
113254,3147
113254,318
113254,1573
113254,6874
36707,3114
36707,6539
36707,356
36707,1193
36707,1784
36707,7361
36707,1073
36707,4995
36707,377
36707,34
23238,68954
23238,6365
23238,1527
23238,595
23238,69844
23238,6350
23238,1240
23238,81834
23238,59315
23238,82461
33936,57669
33936,88129
33936,44191
33936,69122
33936,71535
33936,52973
33936,64614
33936,40819
33936,74458
33936,89492
43505,4886
43505,73017
43505,87232
43505,4306
43505,364
43505,72998
43505,91529
43505,3578
43505,45722
43505,356
83198,54503
83198,55820
83198,2762
83198,4011
83198,2959
83198,4995
83198,1732
83198,2542
83198,608
83198,52973
11012,55820
11012,60069
11012,7361
11012,3317
11012,608
11012,6016
11012,858
11012,593
11012,57669
11012,8784
135693,6377
135693,1
135693,356
135693,3948
135693,4306
135693,1923
135693,4963
135693,587
135693,2858
135693,318
131746,39183
131746,48394
131746,44191
131746,39292
131746,48774
131746,30707
131746,8645
131746,33166
131746,48385
131746,34072
114591,923
114591,904
114591,912
114591,1234
114591,750
114591,30749
114591,908
114591,8337
114591,6787
114591,1207
123108,5952
123108,7153
123108,79132
123108,47
123108,356
123108,589
123108,32
123108,4226
123108,58559
123108,296
71764,72998
71764,69122
71764,63082
71764,49272
71764,30749
71764,44195
71764,357
71764,318
71764,2858
71764,49530
98113,1097
98113,2291
98113,8366
98113,2059
98113,7451
98113,586
98113,49961
98113,33166
98113,1688
98113,4246
131781,1252
131781,1234
131781,1304
131781,8207
131781,1201
131781,1952
131781,912
131781,1186
131781,2871
131781,3504
40301,4308
40301,527
40301,1784
40301,1721
40301,318
40301,6539
40301,3147
40301,1183
40301,5377
40301,2424
116046,858
116046,1217
116046,296
116046,2959
116046,111
116046,1193
116046,2997
116046,2019
116046,593
116046,7063
58621,6377
58621,4993
58621,5952
58621,59315
58621,69844
58621,58559
58621,33794
58621,4306
58621,4963
58621,69122
4353,858
4353,6377
4353,1240
4353,5349
4353,3996
4353,3994
4353,608
4353,1097
4353,1721
4353,33493
63732,4886
63732,33794
63732,858
63732,110
63732,6016
63732,8961
63732,480
63732,1923
63732,1198
63732,780
47031,1148
47031,1204
47031,1250
47031,7132
47031,913
47031,8228
47031,1269
47031,1225
47031,8873
47031,541
123767,58559
123767,1197
123767,457
123767,2716
123767,33794
123767,1210
123767,4896
123767,589
123767,2944
123767,1214
114394,1258
114394,1333
114394,1127
114394,3471
114394,1079
114394,1233
114394,2194
114394,1396
114394,1270
114394,1747
123171,4878
123171,923
123171,1200
123171,1221
123171,858
123171,55820
123171,1233
123171,1199
123171,99114
123171,4993
107215,1721
107215,2762
107215,597
107215,46723
107215,590
107215,4995
107215,6942
107215,64957
107215,5989
107215,40629
41980,64614
41980,55765
41980,33794
41980,58559
41980,54286
41980,53972
41980,44665
41980,72998
41980,4963
41980,36529
35834,2791
35834,3793
35834,527
35834,2987
35834,49272
35834,2431
35834,30812
35834,1258
35834,81834
35834,88125
128845,5418
128845,2028
128845,2762
128845,32587
128845,527
128845,7143
128845,1573
128845,5445
128845,5989
128845,6378
97033,7361
97033,2959
97033,4973
97033,919
97033,6539
97033,7147
97033,7099
97033,2571
97033,337
97033,593
31996,110
31996,32
31996,2762
31996,296
31996,7361
31996,4226
31996,2858
31996,5225
31996,44555
31996,5995
3928,4886
3928,47
3928,2918
3928,1197
3928,223
3928,6377
3928,1968
3928,778
3928,551
3928,1307
64883,1198
64883,356
64883,589
64883,318
64883,1089
64883,778
64883,1196
64883,260
64883,6539
64883,3418
32588,1721
32588,593
32588,2571
32588,253
32588,1961
32588,2858
32588,318
32588,4226
32588,2291
32588,32
76486,4995
76486,480
76486,5989
76486,1721
76486,5218
76486,318
76486,48780
76486,49272
76486,8972
76486,5816
28957,1200
28957,96610
28957,5952
28957,7153
28957,27773
28957,4993
28957,47
28957,1682
28957,1206
28957,593
27051,592
27051,260
27051,32
27051,2959
27051,6
27051,2762
27051,110
27051,2000
27051,1673
27051,49272
108609,25769
108609,25750
108609,25898
108609,42094
108609,1080
108609,7301
108609,46855
108609,8228
108609,2997
108609,7361
83484,1210
83484,1704
83484,47
83484,110
83484,858
83484,48516
83484,32587
83484,1270
83484,2329
83484,4993
29011,1580
29011,1270
29011,6188
29011,54503
29011,3578
29011,58998
29011,344
29011,2706
29011,318
29011,2959
105207,2959
105207,50
105207,1262
105207,296
105207,30749
105207,1704
105207,858
105207,6016
105207,2329
105207,1193
98258,296
98258,648
98258,593
98258,431
98258,231
98258,589
98258,608
98258,356
98258,377
98258,318
113354,3097
113354,2398
113354,3675
113354,1197
113354,954
113354,951
113354,955
113354,8712
113354,928
113354,2096
5628,356
5628,1036
5628,3578
5628,1240
5628,858
5628,1136
5628,70286
5628,7361
5628,5445
5628,6016
99572,4306
99572,6539
99572,1210
99572,1196
99572,457
99572,1610
99572,4886
99572,8961
99572,4995
99572,2949
73526,64614
73526,2571
73526,318
73526,68954
73526,49272
73526,72998
73526,2028
73526,44199
73526,50
73526,5418
83321,4226
83321,2858
83321,50
83321,1089
83321,47
83321,593
83321,2571
83321,44199
83321,7361
83321,8784
85761,1136
85761,110
85761,1270
85761,480
85761,380
85761,356
85761,3996
85761,912
85761,593
85761,150
72735,76093
72735,104841
72735,54001
72735,5816
72735,79091
72735,111759
72735,78499
72735,2571
72735,82461
72735,87306
44689,50
44689,79132
44689,4973
44689,2329
44689,527
44689,318
44689,2858
44689,60069
44689,3578
44689,4995
9797,1089
9797,99114
9797,7438
9797,7147
9797,96610
9797,94959
9797,1923
9797,480
9797,3793
9797,91500
132206,1380
132206,1580
132206,3578
132206,2502
132206,1246
132206,1028
132206,1035
132206,5064
132206,2115
132206,8636
23223,587
23223,2858
23223,3897
23223,1961
23223,4973
23223,5989
23223,1270
23223,2145
23223,372
23223,2671
75001,59784
75001,50872
75001,79132
75001,87869
75001,45672
75001,45431
75001,58559
75001,86332
75001,69844
75001,81537
75442,6242
75442,3917
75442,1994
75442,1350
75442,5219
75442,8957
75442,6502
75442,253
75442,1345
75442,4876
20372,3415
20372,2731
20372,1232
20372,7327
20372,3503
20372,1248
20372,71108
20372,26587
20372,7748
20372,8195
80807,4226
80807,6016
80807,3578
80807,4963
80807,49530
80807,293
80807,1704
80807,4776
80807,7361
80807,593
121760,85414
121760,4306
121760,72998
121760,92259
121760,7361
121760,110
121760,1961
121760,30707
121760,8360
121760,74458
11753,56367
11753,59315
11753,58559
11753,2571
11753,58998
11753,46578
11753,67087
11753,7361
11753,318
11753,356
73499,8961
73499,318
73499,364
73499,6377
73499,1197
73499,89745
73499,78499
73499,68358
73499,33794
73499,59315
58744,3578
58744,6874
58744,318
58744,32587
58744,4878
58744,527
58744,6016
58744,4306
58744,50
58744,1206
48098,1089
48098,1201
48098,4226
48098,2959
48098,527
48098,64614
48098,4306
48098,45722
48098,55820
48098,6016
59295,5816
59295,4896
59295,2571
59295,1210
59295,40815
59295,59784
59295,1
59295,53125
59295,45722
59295,45517
89722,8961
89722,56367
89722,30793
89722,45499
89722,33794
89722,44191
89722,72998
89722,53121
89722,47629
89722,34048
58626,2571
58626,6377
58626,318
58626,56367
58626,4995
58626,48780
58626,8961
58626,1197
58626,4973
58626,364
31308,5971
31308,1022
31308,5444
31308,2080
31308,1282
31308,783
31308,2355
31308,60069
31308,2139
31308,6377
80275,79132
80275,60069
80275,4993
80275,5952
80275,7153
80275,356
80275,3578
80275,4306
80275,58559
80275,5378
135356,46578
135356,608
135356,3949
135356,47
135356,6016
135356,5902
135356,5878
135356,32587
135356,48516
135356,4979
138020,780
138020,2571
138020,33794
138020,5952
138020,54286
138020,72998
138020,1198
138020,6934
138020,8961
138020,1527
19688,260
19688,480
19688,2028
19688,1270
19688,589
19688,527
19688,1097
19688,2268
19688,1387
19688,8961
116189,1635
116189,6975
116189,26599
116189,7042
116189,1350
116189,6782
116189,26527
116189,2702
116189,7093
116189,4361
40354,7153
40354,2997
40354,2571
40354,1198
40354,2959
40354,2858
40354,527
40354,1732
40354,1136
40354,1265
96741,6711
96741,1208
96741,7156
96741,1089
96741,2858
96741,1673
96741,4226
96741,541
96741,1222
96741,5673
50574,356
50574,1617
50574,2174
50574,1210
50574,6333
50574,46578
50574,1732
50574,6711
50574,3052
50574,2011
112551,7153
112551,4306
112551,38038
112551,5418
112551,1223
112551,2949
112551,1148
112551,541
112551,1
112551,6377
86099,4993
86099,2571
86099,81834
86099,912
86099,1252
86099,2762
86099,5952
86099,7153
86099,1961
86099,2291
23492,2959
23492,356
23492,3578
23492,318
23492,6377
23492,5418
23492,3916
23492,48516
23492,2918
23492,3793
66924,33166
66924,5989
66924,6870
66924,64622
66924,3252
66924,296
66924,4226
66924,527
66924,2762
66924,4155
85492,527
85492,56782
85492,33794
85492,590
85492,56367
85492,45720
85492,72998
85492,32
85492,50068
85492,55276
107693,2716
107693,1527
107693,7254
107693,4878
107693,2105
107693,1356
107693,1374
107693,33004
107693,170
107693,71106
31262,4226
31262,1089
31262,110
31262,32587
31262,778
31262,6016
31262,593
31262,48516
31262,58559
31262,2762
46104,593
46104,356
46104,48385
46104,480
46104,364
46104,2987
46104,5669
46104,589
46104,4226
46104,1240
23165,48516
23165,10
23165,2985
23165,2617
23165,5349
23165,1676
23165,1079
23165,21
23165,95
23165,4022
36724,99114
36724,106920
36724,2571
36724,79132
36724,91529
36724,3949
36724,48780
36724,112556
36724,4848
36724,5971
68302,539
68302,1198
68302,5816
68302,1270
68302,6377
68302,34
68302,953
68302,4995
68302,912
68302,1265
71518,593
71518,5418
71518,5989
71518,3578
71518,7361
71518,5952
71518,7153
71518,1
71518,2324
71518,1721
49355,40629
49355,4246
49355,46578
49355,36525
49355,6377
49355,356
49355,33669
49355,4308
49355,2762
49355,8961
20930,593
20930,260
20930,296
20930,480
20930,592
20930,50
20930,1617
20930,2959
20930,1218
20930,4993
119765,1230
119765,1232
119765,92535
119765,1244
119765,93721
119765,1237
119765,86320
119765,94959
119765,3089
119765,3224
48120,318
48120,79132
48120,930
48120,5008
48120,903
48120,858
48120,2959
48120,4973
48120,4226
48120,1212
62281,33794
62281,480
62281,7153
62281,5445
62281,4878
62281,589
62281,1527
62281,1584
62281,780
62281,593
27568,1291
27568,1234
27568,908
27568,4427
27568,1225
27568,2019
27568,318
27568,1250
27568,1267
27568,903
42695,58559
42695,79132
42695,5445
42695,2762
42695,68237
42695,4878
42695,318
42695,1653
42695,48780
42695,1196
33497,4993
33497,1197
33497,1356
33497,1136
33497,296
33497,1372
33497,2959
33497,1748
33497,4226
33497,8961
28511,1196
28511,293
28511,1193
28511,2858
28511,4993
28511,2571
28511,58559
28511,1208
28511,1136
28511,4011
108441,50
108441,541
108441,318
108441,1198
108441,4993
108441,4973
108441,2019
108441,1193
108441,750
108441,6669
20538,2858
20538,7361
20538,8910
20538,4979
20538,2959
20538,39183
20538,8966
20538,27846
20538,3786
20538,3949
8719,7438
8719,6874
8719,59315
8719,110
8719,260
8719,1196
8719,1270
8719,1222
8719,1214
8719,1200
37469,50
37469,1206
37469,4973
37469,541
37469,2858
37469,293
37469,2571
37469,4226
37469,4144
37469,924
18585,593
18585,318
18585,4226
18585,4993
18585,7361
18585,1196
18585,5952
18585,2762
18585,3578
18585,4995
41883,905
41883,7072
41883,2936
41883,7056
41883,6856
41883,3629
41883,3022
41883,32160
41883,3435
41883,1256
7646,58559
7646,74458
7646,59315
7646,59784
7646,95510
7646,59369
7646,88744
7646,78499
7646,68954
7646,91658
46153,2858
46153,7361
46153,66665
46153,1307
46153,8533
46153,1704
46153,6942
46153,55247
46153,2959
46153,78039
57411,1198
57411,4973
57411,4993
57411,7153
57411,7361
57411,5445
57411,1089
57411,48394
57411,99114
57411,1203
56043,4896
56043,2329
56043,8970
56043,7090
56043,33679
56043,34319
56043,33162
56043,1089
56043,1258
56043,33660
97128,30793
97128,8464
97128,8966
97128,7361
97128,30812
97128,8781
97128,8645
97128,33493
97128,8910
97128,33166
30516,318
30516,150
30516,2028
30516,3147
30516,1198
30516,1291
30516,33794
30516,1196
30516,1210
30516,260
88266,56587
88266,1097
88266,1265
88266,54503
88266,58998
88266,53993
88266,46972
88266,34162
88266,56788
88266,89492
110977,2329
110977,2012
110977,356
110977,5989
110977,2706
110977,68157
110977,63082
110977,4963
110977,2858
110977,4886
98808,1193
98808,6377
98808,7153
98808,79132
98808,98809
98808,30793
98808,4995
98808,1199
98808,2716
98808,1258
54621,47610
54621,4993
54621,4886
54621,5989
54621,60069
54621,4963
54621,97913
54621,69122
54621,5952
54621,7153
36094,2858
36094,2329
36094,6502
36094,1997
36094,2762
36094,3949
36094,58559
36094,858
36094,1221
36094,7001
95765,4896
95765,3578
95765,318
95765,6377
95765,150
95765,953
95765,5816
95765,6333
95765,1262
95765,919
25137,46578
25137,8874
25137,551
25137,2300
25137,1348
25137,1235
25137,48394
25137,2791
25137,8376
25137,62956
51920,593
51920,7099
51920,56339
51920,1258
51920,2160
51920,2959
51920,61240
51920,40629
51920,2291
51920,6874
64364,104841
64364,50
64364,6377
64364,101864
64364,3147
64364,2858
64364,5218
64364,8371
64364,733
64364,2628
57075,2571
57075,858
57075,54503
57075,4226
57075,61323
57075,48516
57075,111
57075,2858
57075,8874
57075,57669
56225,2858
56225,4878
56225,44191
56225,7147
56225,32587
56225,337
56225,3949
56225,1136
56225,40815
56225,919
38815,4306
38815,6377
38815,1032
38815,1136
38815,1029
38815,296
38815,1947
38815,318
38815,595
38815,551
18327,1270
18327,47
18327,1210
18327,2959
18327,2571
18327,2858
18327,2028
18327,4993
18327,608
18327,1291
100391,1198
100391,593
100391,442
100391,2959
100391,1214
100391,377
100391,4963
100391,1876
100391,47
100391,648
18357,1265
18357,1240
18357,480
18357,2028
18357,2571
18357,2762
18357,296
18357,590
18357,380
18357,5418
79461,2858
79461,8949
79461,593
79461,2712
79461,50
79461,318
79461,357
79461,1265
79461,7361
79461,25
117728,6539
117728,68954
117728,89745
117728,58559
117728,102125
117728,318
117728,2959
117728,7147
117728,4973
117728,593
68035,4886
68035,56367
68035,6377
68035,8961
68035,4979
68035,1197
68035,46578
68035,5952
68035,7153
68035,79132
86722,48780
86722,47610
86722,4993
86722,46976
86722,1967
86722,59315
86722,6942
86722,71535
86722,4011
86722,4306
52143,48394
52143,111
52143,778
52143,1732
52143,3000
52143,5618
52143,4878
52143,5690
52143,551
52143,31658
87383,56174
87383,2167
87383,3147
87383,1625
87383,81591
87383,163
87383,1240
87383,36529
87383,3578
87383,76251
106939,70286
106939,55765
106939,31878
106939,30793
106939,26425
106939,63113
106939,32469
106939,7348
106939,33679
106939,69122
86870,5349
86870,260
86870,8961
86870,356
86870,919
86870,595
86870,8360
86870,1610
86870,457
86870,364
76929,2959
76929,8961
76929,480
76929,45447
76929,7143
76929,53125
76929,50872
76929,30793
76929,1
76929,318
3491,4886
3491,2571
3491,2006
3491,1
3491,6539
3491,1608
3491,539
3491,4995
3491,5418
3491,5989
91967,59315
91967,2762
91967,1036
91967,4963
91967,33794
91967,3578
91967,4776
91967,3275
91967,64614
91967,165
32856,7438
32856,2692
32856,2858
32856,32587
32856,1089
32856,7323
32856,6953
32856,7361
32856,7034
32856,5608
21189,2858
21189,56367
21189,80463
21189,54503
21189,2571
21189,6539
21189,68954
21189,7361
21189,588
21189,2762
137802,58559
137802,2959
137802,1274
137802,48516
137802,111
137802,55820
137802,5995
137802,608
137802,1193
137802,293
53709,4973
53709,3910
53709,296
53709,1206
53709,4226
53709,593
53709,58559
53709,4144
53709,1354
53709,778
88500,48774
88500,1240
88500,60069
88500,1193
88500,64614
88500,527
88500,778
88500,3160
88500,3000
88500,1201
126064,2028
126064,2959
126064,150
126064,2571
126064,47
126064,4995
126064,4226
126064,3578
126064,50
126064,5989
62810,1210
62810,589
62810,1240
62810,1196
62810,2273
62810,3624
62810,2054
62810,2706
62810,480
62810,780
28789,50872
28789,38038
28789,1269
28789,7070
28789,51255
28789,3097
28789,110
28789,2183
28789,4306
28789,3364
60025,50
60025,1193
60025,527
60025,858
60025,4855
60025,3996
60025,3527
60025,3275
60025,2762
60025,6874
27222,5349
27222,1682
27222,4720
27222,7361
27222,4973
27222,1270
27222,4148
27222,260
27222,44191
27222,34048
16409,919
16409,3578
16409,1080
16409,2716
16409,3996
16409,364
16409,1214
16409,356
16409,1073
16409,5349
28560,588
28560,6539
28560,26680
28560,1073
28560,2858
28560,1270
28560,595
28560,4306
28560,353
28560,58559
76048,33679
76048,1569
76048,5066
76048,3916
76048,3408
76048,8972
76048,7293
76048,2572
76048,4963
76048,2706
50981,1089
50981,8950
50981,1748
50981,750
50981,4878
50981,32
50981,7361
50981,50
50981,8914
50981,2329
89843,47
89843,72641
89843,46578
89843,593
89843,74458
89843,56174
89843,73017
89843,47099
89843,1917
89843,55820
133668,1222
133668,1089
133668,858
133668,50
133668,6016
133668,293
133668,1258
133668,48516
133668,68954
133668,1193
21651,4641
21651,62511
21651,2858
21651,35836
21651,66665
21651,7982
21651,2959
21651,34437
21651,72226
21651,56367
52130,68358
52130,49272
52130,8665
52130,4993
52130,48774
52130,79132
52130,2571
52130,2959
52130,34405
52130,4878
22519,1198
22519,2571
22519,858
22519,5952
22519,750
22519,527
22519,1208
22519,1221
22519,2951
22519,1225
62246,50
62246,1193
62246,858
62246,5952
62246,1198
62246,2858
62246,750
62246,260
62246,1208
62246,7361
91359,4878
91359,47
91359,46578
91359,56367
91359,2324
91359,6711
91359,1213
91359,1704
91359,50
91359,1732
118725,51255
118725,4963
118725,68954
118725,2571
118725,588
118725,4878
118725,1033
118725,1
118725,35836
118725,2078
19691,318
19691,2959
19691,4027
19691,2716
19691,48394
19691,1732
19691,1080
19691,1235
19691,8368
19691,1288
113698,4878
113698,318
113698,1270
113698,4306
113698,2762
113698,48394
113698,3578
113698,2324
113698,60069
113698,8873
123680,260
123680,1304
123680,4886
123680,1387
123680,1196
123680,1073
123680,923
123680,1214
123680,1198
123680,1197
103688,4226
103688,4306
103688,356
103688,2028
103688,50
103688,5445
103688,1704
103688,733
103688,7153
103688,4993
115719,40815
115719,2571
115719,8368
115719,3793
115719,4306
115719,7153
115719,8665
115719,1580
115719,3578
115719,1197
34843,2858
34843,1
34843,2571
34843,6377
34843,5418
34843,4993
34843,6539
34843,3578
34843,593
34843,110
30840,1193
30840,6874
30840,778
30840,2712
30840,2858
30840,111
30840,47
30840,3262
30840,27773
30840,1258
72025,904
72025,25886
72025,8754
72025,1203
72025,25839
72025,6254
72025,3801
72025,1262
72025,8712
72025,919
127859,1198
127859,4306
127859,44191
127859,6365
127859,6333
127859,1704
127859,457
127859,780
127859,41566
127859,5502
62793,2858
62793,4011
62793,293
62793,4973
62793,32
62793,2959
62793,32587
62793,2692
62793,1089
62793,2571
21430,4306
21430,356
21430,1136
21430,7153
21430,4973
21430,1270
21430,6377
21430,3996
21430,3176
21430,1097
137109,2028
137109,589
137109,356
137109,3671
137109,457
137109,110
137109,1136
137109,2268
137109,150
137109,3448
136305,6539
136305,5445
136305,457
136305,8784
136305,33166
136305,1527
136305,5418
136305,2028
136305,7143
136305,5349
54559,7361
54559,858
54559,110
54559,1210
54559,33794
54559,1196
54559,44191
54559,32587
54559,1198
54559,1089
19248,2762
19248,4973
19248,4878
19248,6807
19248,1246
19248,253
19248,2692
19248,1089
19248,2174
19248,3147
82217,4886
82217,2571
82217,588
82217,4993
82217,6377
82217,356
82217,4995
82217,46578
82217,1968
82217,318
22090,778
22090,858
22090,6502
22090,5489
22090,44191
22090,608
22090,1232
22090,541
22090,293
22090,1080
34927,1225
34927,5995
34927,6539
34927,7361
34927,3252
34927,4306
34927,2396
34927,1357
34927,593
34927,858
131261,64957
131261,77561
131261,97304
131261,96610
131261,91630
131261,68954
131261,99114
131261,94864
131261,44199
131261,50872
83984,2571
83984,1625
83984,64622
83984,48394
83984,2858
83984,44191
83984,52604
83984,81788
83984,293
83984,6942
44205,33615
44205,79132
44205,50872
44205,70286
44205,8360
44205,59315
44205,8132
44205,216
44205,30825
44205,5481
53937,3793
53937,4306
53937,8644
53937,1
53937,5882
53937,2161
53937,2
53937,1580
53937,2123
53937,2089
43832,2571
43832,69122
43832,50
43832,296
43832,59315
43832,48394
43832,7361
43832,2502
43832,72998
43832,4993
85409,1196
85409,1266
85409,858
85409,2762
85409,6539
85409,6874
85409,41569
85409,5464
85409,3275
85409,7438
74733,296
74733,1240
74733,2959
74733,4306
74733,32
74733,1682
74733,2115
74733,1625
74733,457
74733,5952
33654,4306
33654,8961
33654,2571
33654,356
33654,54286
33654,3578
33654,4973
33654,527
33654,115617
33654,5618
115990,1089
115990,111
115990,4878
115990,1206
115990,2918
115990,4027
115990,858
115990,2571
115990,593
115990,7013
130652,457
130652,6539
130652,527
130652,1291
130652,1198
130652,2959
130652,2028
130652,780
130652,1200
130652,919
2339,7361
2339,8784
2339,46578
2339,45880
2339,1197
2339,2248
2339,35836
2339,6218
2339,6942
2339,4993
89724,2959
89724,318
89724,1704
89724,2762
89724,1784
89724,3147
89724,47
89724,527
89724,597
89724,3105
103139,356
103139,541
103139,68954
103139,7361
103139,78499
103139,8961
103139,5618
103139,8874
103139,923
103139,551
18197,2115
18197,364
18197,1101
18197,6333
18197,6377
18197,7153
18197,1704
18197,377
18197,349
18197,318
126258,2797
126258,2959
126258,1265
126258,1259
126258,364
126258,33794
126258,2918
126258,2916
126258,60069
126258,2858
82882,5952
82882,1089
82882,3578
82882,2028
82882,1036
82882,2571
82882,293
82882,1527
82882,733
82882,2329
43147,5952
43147,44191
43147,48516
43147,4993
43147,68157
43147,4963
43147,2329
43147,68954
43147,60069
43147,64614
8188,44191
8188,2571
8188,50
8188,6378
8188,69757
8188,54286
8188,59369
8188,73017
8188,34162
8188,8665
36624,1097
36624,2762
36624,1704
36624,527
36624,4995
36624,296
36624,780
36624,457
36624,3578
36624,1240
48405,30793
48405,45722
48405,33679
48405,55820
48405,51662
48405,47610
48405,34048
48405,54272
48405,48385
48405,46976
30262,46578
30262,6377
30262,2858
30262,2959
30262,356
30262,5992
30262,81845
30262,68157
30262,78039
30262,65130
79881,293
79881,50
79881,4226
79881,1208
79881,1210
79881,260
79881,1080
79881,2762
79881,1193
79881,608
58782,110
58782,858
58782,50
58782,1198
58782,4226
58782,1196
58782,2329
58782,5618
58782,1148
58782,1233
50656,41997
50656,8873
50656,8951
50656,8970
50656,34437
50656,1185
50656,306
50656,5992
50656,44694
50656,40629
128920,7153
128920,4993
128920,2571
128920,2858
128920,32587
128920,6711
128920,5952
128920,1270
128920,33794
128920,47
51385,377
51385,1961
51385,2115
51385,1198
51385,35836
51385,1073
51385,5418
51385,54286
51385,1393
51385,595
65908,60069
65908,356
65908,7153
65908,33493
65908,2762
65908,593
65908,2028
65908,48394
65908,1198
65908,4896
47208,1580
47208,1097
47208,317
47208,2716
47208,3255
47208,500
47208,2571
47208,5378
47208,3751
47208,2006
118256,318
118256,1079
118256,4226
118256,1680
118256,3114
118256,1225
118256,1968
118256,1028
118256,2716
118256,750
125335,4886
125335,1291
125335,1732
125335,1923
125335,48394
125335,8874
125335,3052
125335,480
125335,780
125335,1961
127766,82461
127766,58559
127766,4226
127766,84152
127766,7153
127766,4993
127766,91500
127766,1653
127766,86320
127766,63072
80358,81845
80358,7669
80358,68954
80358,81591
80358,1197
80358,60069
80358,80463
80358,4979
80358,66934
80358,91500
95738,31658
95738,2959
95738,81834
95738,8368
95738,88125
95738,4878
95738,551
95738,7361
95738,4973
95738,1197
5829,318
5829,4226
5829,296
5829,2858
5829,1193
5829,1089
5829,3949
5829,27773
5829,58559
5829,1244
98251,1704
98251,858
98251,608
98251,296
98251,1136
98251,7361
98251,2571
98251,1221
98251,1247
98251,99114
56117,110
56117,6874
56117,1270
56117,500
56117,780
56117,1682
56117,2706
56117,1917
56117,589
56117,32
66343,1704
66343,2858
66343,2571
66343,2959
66343,69757
66343,4011
66343,48516
66343,3578
66343,6942
66343,56367
132953,8961
132953,1
132953,480
132953,88744
132953,78499
132953,8874
132953,79702
132953,70286
132953,4963
132953,95543
19010,68157
19010,593
19010,1213
19010,60069
19010,1230
19010,2502
19010,4973
19010,6377
19010,1198
19010,1225
100956,7153
100956,318
100956,480
100956,6539
100956,356
100956,4993
100956,344
100956,51662
100956,260
100956,1270
19915,8533
19915,4993
19915,7153
19915,63992
19915,91500
19915,96821
19915,88179
19915,56941
19915,36525
19915,69406
126474,1291
126474,5349
126474,1120
126474,4776
126474,35836
126474,3252
126474,5388
126474,750
126474,7445
126474,924
29137,318
29137,356
29137,44191
29137,593
29137,4011
29137,47
29137,4896
29137,7254
29137,2858
29137,3147
113734,5989
113734,4886
113734,3489
113734,60069
113734,1136
113734,1653
113734,91500
113734,8970
113734,364
113734,8961
126629,1961
126629,2858
126629,1784
126629,356
126629,3386
126629,2011
126629,296
126629,527
126629,3105
126629,235
14559,2028
14559,50
14559,377
14559,318
14559,2194
14559,457
14559,608
14559,70
14559,110
14559,1233
13118,260
13118,1196
13118,1210
13118,4306
13118,8644
13118,2571
13118,5418
13118,7373
13118,7842
13118,1527
52809,2762
52809,296
52809,4226
52809,79132
52809,60069
52809,56367
52809,4306
52809,69122
52809,44191
52809,55247
777,1208
777,30812
777,778
777,508
777,7137
777,1673
777,4008
777,2908
777,7160
777,4017
7773,1210
7773,58559
7773,4226
7773,318
7773,50
7773,593
7773,1198
7773,32587
7773,3578
7773,541
56333,60069
56333,4878
56333,4011
56333,356
56333,46578
56333,96610
56333,48774
56333,3897
56333,8641
56333,55820
94671,4973
94671,2959
94671,109374
94671,7361
94671,4226
94671,2858
94671,6016
94671,2324
94671,1732
94671,111
135857,60684
135857,1917
135857,1101
135857,1625
135857,4306
135857,68358
135857,1266
135857,85414
135857,349
135857,56174
41666,858
41666,3499
41666,55276
41666,1610
41666,6323
41666,97304
41666,98961
41666,110
41666,589
41666,52604
55702,3000
55702,7438
55702,1196
55702,2571
55702,6874
55702,48394
55702,64839
55702,2076
55702,6502
55702,7099
23950,589
23950,2571
23950,1393
23950,2640
23950,2355
23950,474
23950,1090
23950,5218
23950,1221
23950,8665
25239,1721
25239,6333
25239,480
25239,6377
25239,588
25239,5445
25239,356
25239,4963
25239,367
25239,8644
113075,589
113075,296
113075,1089
113075,5292
113075,1266
113075,1321
113075,4367
113075,54997
113075,7454
113075,196
88953,8961
88953,37729
88953,551
88953,55820
88953,2502
88953,7361
88953,8874
88953,51662
88953,8636
88953,56757
42296,48516
42296,2028
42296,356
42296,33794
42296,2502
42296,2329
42296,2858
42296,32587
42296,4226
42296,593
10426,2571
10426,356
10426,8947
10426,4720
10426,5784
10426,1214
10426,2858
10426,4865
10426,2706
10426,45081
107982,1225
107982,5712
107982,82
107982,965
107982,215
107982,4479
107982,3421
107982,7983
107982,6987
107982,6953
22447,60069
22447,31658
22447,2858
22447,5618
22447,7361
22447,4973
22447,69757
22447,48394
22447,44191
22447,356
128188,5445
128188,48516
128188,2959
128188,3578
128188,2571
128188,67255
128188,296
128188,48780
128188,356
128188,2028
95420,1136
95420,1
95420,33004
95420,1198
95420,2723
95420,1220
95420,54259
95420,2746
95420,8874
95420,3253
98837,4306
98837,2329
98837,2997
98837,1625
98837,2716
98837,223
98837,2502
98837,10
98837,4034
98837,208
16059,53123
16059,6942
16059,5377
16059,7361
16059,92259
16059,56367
16059,71579
16059,80549
16059,96821
16059,86882
125685,50872
125685,60069
125685,356
125685,4306
125685,56152
125685,8970
125685,1246
125685,7153
125685,54286
125685,1962
28887,72998
28887,60069
28887,8970
28887,4878
28887,527
28887,6377
28887,4226
28887,590
28887,48394
28887,48780
42905,60069
42905,90405
42905,83613
42905,84954
42905,1265
42905,81564
42905,102445
42905,108932
42905,106487
42905,3809
7744,594
7744,1721
7744,50872
7744,48
7744,2081
7744,588
7744,68954
7744,1022
7744,1566
7744,2706
56759,858
56759,2959
56759,2028
56759,68157
56759,69481
56759,4223
56759,47
56759,3275
56759,2858
56759,1208
27418,1136
27418,5618
27418,1278
27418,7099
27418,7147
27418,3000
27418,31658
27418,5971
27418,31878
27418,1197
76343,3498
76343,593
76343,1960
76343,3967
76343,1293
76343,475
76343,6791
76343,8873
76343,1247
76343,903
19587,2858
19587,2959
19587,4226
19587,2571
19587,8961
19587,1249
19587,1200
19587,2329
19587,1214
19587,3996
76084,6365
76084,5445
76084,110
76084,1291
76084,480
76084,1240
76084,1527
76084,780
76084,33794
76084,6539
79632,80463
79632,99114
79632,89864
79632,81845
79632,92259
79632,89904
79632,90600
79632,89804
79632,48516
79632,96751
82120,2858
82120,1968
82120,593
82120,1270
82120,8961
82120,2716
82120,1285
82120,1198
82120,2762
82120,33794
48515,2959
48515,1653
48515,5445
48515,480
48515,48774
48515,67087
48515,48780
48515,4975
48515,4873
48515,60684
88153,5952
88153,8665
88153,31878
88153,6539
88153,5445
88153,6333
88153,110
88153,5464
88153,3753
88153,35836
105101,858
105101,1270
105101,1196
105101,47
105101,318
105101,608
105101,110
105101,4993
105101,1193
105101,380
72202,380
72202,733
72202,466
72202,6874
72202,10
72202,2959
72202,296
72202,2762
72202,520
72202,2028
61408,5418
61408,6377
61408,356
61408,2959
61408,2858
61408,4226
61408,293
61408,6016
61408,1527
61408,58559
22999,1196
22999,6365
22999,44191
22999,1580
22999,5349
22999,480
22999,260
22999,1210
22999,296
22999,1198
125947,2762
125947,318
125947,2858
125947,6
125947,1240
125947,1
125947,593
125947,50
125947,1036
125947,1270
83244,58559
83244,2959
83244,66934
83244,2571
83244,4308
83244,597
83244,47
83244,68157
83244,79132
83244,4226
6026,4993
6026,6377
6026,79132
6026,2997
6026,1270
6026,66097
6026,2
6026,46578
6026,74789
6026,4878
99093,50
99093,8665
99093,1221
99093,44191
99093,58559
99093,69122
99093,47
99093,3793
99093,68157
99093,1291
1454,858
1454,6874
1454,49272
1454,2762
1454,593
1454,1704
1454,33794
1454,8665
1454,1210
1454,1036
138404,2006
138404,3578
138404,736
138404,2
138404,1380
138404,5816
138404,4896
138404,648
138404,4370
138404,1188
12883,4878
12883,6377
12883,356
12883,7361
12883,46578
12883,58559
12883,4896
12883,2324
12883,593
12883,2804
92803,1219
92803,2571
92803,1267
92803,919
92803,589
92803,111
92803,32
92803,1221
92803,21
92803,39
101130,7293
101130,4447
101130,2581
101130,3882
101130,6377
101130,4025
101130,2321
101130,6218
101130,6863
101130,5816
8058,50
8058,2571
8058,318
8058,293
8058,68954
8058,1089
8058,2028
8058,110
8058,1201
8058,48516
49337,858
49337,480
49337,1198
49337,32587
49337,1222
49337,1923
49337,377
49337,1270
49337,3948
49337,3052
79133,318
79133,1259
79133,2918
79133,1961
79133,356
79133,4306
79133,1307
79133,1302
79133,1393
79133,1246
45903,1704
45903,1193
45903,3578
45903,79132
45903,2571
45903,2324
45903,2028
45903,48780
45903,60069
45903,6874
9572,5349
9572,50
9572,1129
9572,3994
9572,3703
9572,2959
9572,3793
9572,292
9572,1197
9572,150
23962,8961
23962,2078
23962,4993
23962,7153
23962,1282
23962,1210
23962,2762
23962,26084
23962,5952
23962,2396
115147,58559
115147,54001
115147,30793
115147,2959
115147,2571
115147,33615
115147,527
115147,7254
115147,56757
115147,27815
85324,48516
85324,6874
85324,3578
85324,32587
85324,4226
85324,4995
85324,7438
85324,5989
85324,36529
85324,44665
71290,110
71290,3147
71290,2329
71290,4226
71290,6377
71290,32587
71290,593
71290,5995
71290,1682
71290,527
134666,3535
134666,5954
134666,54997
134666,2858
134666,2792
134666,1263
134666,48304
134666,6016
134666,296
134666,1255
12369,593
12369,5952
12369,7153
12369,4993
12369,541
12369,1198
12369,296
12369,1270
12369,741
12369,32
47860,260
47860,35836
47860,6377
47860,780
47860,5418
47860,6323
47860,32587
47860,8961
47860,1784
47860,48516
78675,595
78675,1219
78675,858
78675,1204
78675,2294
78675,2762
78675,4886
78675,1221
78675,2028
78675,1200
8526,2762
8526,589
8526,1193
8526,50
8526,2858
8526,608
8526,111
8526,1198
8526,150
8526,1
19573,5952
19573,4014
19573,1721
19573,1259
19573,608
19573,1035
19573,2997
19573,5995
19573,3481
19573,1393
50653,6539
50653,356
50653,7153
50653,593
50653,58559
50653,527
50653,2959
50653,1090
50653,48304
50653,2872
103771,914
103771,910
103771,904
103771,50872
103771,898
103771,2081
103771,911
103771,8961
103771,46976
103771,953
12860,48774
12860,41997
12860,36529
12860,33794
12860,1090
12860,1233
12860,8957
12860,49272
12860,7980
12860,1222
65515,6377
65515,2947
65515,1210
65515,5952
65515,1207
65515,150
65515,2571
65515,364
65515,1097
65515,594
42967,318
42967,68157
42967,2329
42967,2997
42967,48082
42967,1732
42967,2291
42967,74458
42967,356
42967,58559
33067,79132
33067,2858
33067,318
33067,7361
33067,2324
33067,527
33067,1193
33067,2762
33067,111
33067,3252
124460,33794
124460,593
124460,58559
124460,70286
124460,1
124460,2858
124460,48780
124460,94864
124460,32587
124460,4878
117365,1196
117365,50
117365,2028
117365,1259
117365,1527
117365,253
117365,590
117365,1584
117365,4306
117365,150
44946,296
44946,1247
44946,1073
44946,2692
44946,3911
44946,4308
44946,6218
44946,4027
44946,6874
44946,1265
95699,4995
95699,356
95699,2959
95699,5445
95699,81845
95699,2028
95699,480
95699,2502
95699,1197
95699,89745
24702,1380
24702,4306
24702,6155
24702,3977
24702,7293
24702,6936
24702,6873
24702,5620
24702,1777
24702,3114
114717,2959
114717,5618
114717,7361
114717,1206
114717,5971
114717,3949
114717,6711
114717,1089
114717,293
114717,858
126184,44191
126184,44195
126184,33679
126184,96079
126184,55765
126184,69640
126184,4007
126184,91500
126184,97938
126184,98961
137083,4008
137083,3421
137083,924
137083,909
137083,2174
137083,5377
137083,34
137083,32
137083,5010
137083,4464
75448,1221
75448,1196
75448,1784
75448,5952
75448,4993
75448,8042
75448,1036
75448,1304
75448,2571
75448,3363
96421,527
96421,356
96421,2858
96421,3147
96421,50
96421,63082
96421,4973
96421,7361
96421,48780
96421,48394
97337,2571
97337,480
97337,904
97337,48780
97337,68954
97337,59315
97337,1252
97337,8961
97337,63082
97337,44555
100658,47
100658,318
100658,5952
100658,4993
100658,2959
100658,1
100658,480
100658,1291
100658,4306
100658,2858
38778,1580
38778,68358
38778,34405
38778,2571
38778,3300
38778,6979
38778,5445
38778,65982
38778,71106
38778,1653
66340,4308
66340,296
66340,8360
66340,597
66340,2396
66340,2291
66340,2959
66340,1246
66340,902
66340,2657
106426,589
106426,1240
106426,5418
106426,4085
106426,4896
106426,6377
106426,4963
106426,780
106426,59315
106426,5816
25585,1206
25585,4226
25585,1089
25585,1265
25585,2997
25585,1080
25585,1136
25585,46578
25585,47
25585,293
59163,48516
59163,8368
59163,60069
59163,2571
59163,54503
59163,4993
59163,356
59163,4896
59163,54286
59163,7153
112520,58559
112520,5903
112520,6539
112520,7147
112520,1653
112520,5445
112520,7090
112520,47
112520,33794
112520,4963
87615,53322
87615,60069
87615,4886
87615,7373
87615,2329
87615,4816
87615,6188
87615,6287
87615,4701
87615,60684
22803,56367
22803,3275
22803,6539
22803,68954
22803,4963
22803,3578
22803,6377
22803,70286
22803,79132
22803,110
114687,3949
114687,7361
114687,47
114687,231
114687,5954
114687,527
114687,608
114687,5388
114687,4034
114687,2324
126021,48780
126021,5418
126021,858
126021,1210
126021,1
126021,593
126021,2571
126021,1580
126021,1291
126021,150
61174,4993
61174,318
61174,2571
61174,1
61174,5445
61174,3578
61174,1580
61174,7153
61174,5952
61174,588
129611,4995
129611,356
129611,910
129611,7361
129611,2858
129611,4308
129611,920
129611,6942
129611,1244
129611,26422
1751,480
1751,6662
1751,5418
1751,110
1751,45722
1751,4963
1751,1580
1751,2628
1751,1610
1751,54286
129867,6016
129867,296
129867,2858
129867,2329
129867,4226
129867,3000
129867,4995
129867,3147
129867,44191
129867,1258
75645,527
75645,110
75645,50
75645,4993
75645,593
75645,2762
75645,4226
75645,8636
75645,2028
75645,48516
93983,5418
93983,110
93983,457
93983,4855
93983,1617
93983,32
93983,2194
93983,6539
93983,2502
93983,3996
13205,69757
13205,6188
13205,1580
13205,4239
13205,63082
13205,47099
13205,110
13205,4262
13205,8665
13205,1265
40013,1247
40013,111
40013,1244
40013,1201
40013,1204
40013,1230
40013,1193
40013,750
40013,1266
40013,1248
68275,150
68275,88125
68275,72998
68275,4306
68275,44191
68275,1073
68275,1240
68275,91529
68275,1704
68275,76093
108554,48774
108554,750
108554,2329
108554,4262
108554,69122
108554,64839
108554,1136
108554,551
108554,60684
108554,60069
129824,110
129824,593
129824,597
129824,356
129824,2028
129824,527
129824,587
129824,539
129824,4306
129824,364
20788,2762
20788,527
20788,3897
20788,50
20788,296
20788,2028
20788,1270
20788,4995
20788,1288
20788,778
25091,293
25091,4226
25091,1222
25091,56782
25091,4011
25091,593
25091,48780
25091,1221
25091,54286
25091,1193
123621,2959
123621,2248
123621,2762
123621,2858
123621,1259
123621,5952
123621,1
123621,3897
123621,1270
123621,527
60726,589
60726,318
60726,33794
60726,2762
60726,2028
60726,58559
60726,33493
60726,4306
60726,648
60726,1198
61629,33794
61629,58559
61629,49272
61629,50872
61629,60069
61629,8874
61629,31658
61629,5618
61629,4963
61629,7153
57601,7153
57601,4993
57601,1262
57601,1193
57601,1234
57601,5952
57601,750
57601,110
57601,608
57601,33794
110518,2716
110518,1240
110518,1196
110518,1527
110518,318
110518,165
110518,733
110518,8961
110518,293
110518,4886
108004,7147
108004,318
108004,1193
108004,6874
108004,1259
108004,2918
108004,293
108004,223
108004,4226
108004,3081
136390,745
136390,32587
136390,48774
136390,1080
136390,1265
136390,8961
136390,1221
136390,4754
136390,919
136390,1212
47417,46578
47417,318
47417,260
47417,608
47417,7361
47417,1136
47417,541
47417,48394
47417,924
47417,4027
26337,2959
26337,2571
26337,1080
26337,7090
26337,5690
26337,3996
26337,7022
26337,4226
26337,5669
26337,7361
99925,26662
99925,318
99925,541
99925,3793
99925,8636
99925,3030
99925,1278
99925,34405
99925,1270
99925,4306
48256,858
48256,4226
48256,6016
48256,2028
48256,2858
48256,4973
48256,7361
48256,457
48256,110
48256,2019
52075,49272
52075,69122
52075,106487
52075,40583
52075,91077
52075,78499
52075,96610
52075,52973
52075,67255
52075,63859
10817,2329
10817,3147
10817,7361
10817,4973
10817,5952
10817,7153
10817,318
10817,2340
10817,1485
10817,6365
102925,858
102925,50
102925,608
102925,1183
102925,1617
102925,587
102925,1721
102925,2324
102925,2291
102925,1225
73683,3996
73683,1198
73683,593
73683,2762
73683,1527
73683,44191
73683,6874
73683,648
73683,4995
73683,1240
123429,49272
123429,4896
123429,41566
123429,1210
123429,3578
123429,7153
123429,3793
123429,1196
123429,260
123429,110
136548,1270
136548,8961
136548,3578
136548,293
136548,5618
136548,3000
136548,3793
136548,356
136548,51662
136548,8371
130386,2997
130386,527
130386,6953
130386,288
130386,1748
130386,3147
130386,6502
130386,4370
130386,2232
130386,8665
38725,4886
38725,4306
38725,480
38725,318
38725,1196
38725,588
38725,54286
38725,3793
38725,2028
38725,50872
108264,216
108264,8641
108264,8807
108264,6377
108264,344
108264,33794
108264,1923
108264,6383
108264,56367
108264,4015
59645,2571
59645,4995
59645,2858
59645,1246
59645,1
59645,1197
59645,6377
59645,4886
59645,2959
59645,2918
3648,2858
3648,1580
3648,2959
3648,4306
3648,593
3648,47
3648,7147
3648,3793
3648,1210
3648,1682
23616,58559
23616,2858
23616,2329
23616,527
23616,2571
23616,1625
23616,3147
23616,32
23616,4963
23616,3005
114639,7361
114639,5971
114639,60069
114639,2959
114639,4973
114639,2571
114639,1
114639,1206
114639,4306
114639,1968
33395,1208
33395,480
33395,296
33395,919
33395,55820
33395,70286
33395,4886
33395,1258
33395,33794
33395,2502
7934,6874
7934,68157
7934,5995
7934,2291
7934,1206
7934,72998
7934,86880
7934,7361
7934,44191
7934,60069
68578,3000
68578,4878
68578,42632
68578,296
68578,4226
68578,1258
68578,1089
68578,6874
68578,2329
68578,32587
120189,7438
120189,2858
120189,7090
120189,7153
120189,4011
120189,3949
120189,8873
120189,318
120189,50
120189,8973
86830,4886
86830,4963
86830,2628
86830,1527
86830,1961
86830,72998
86830,1214
86830,6539
86830,6874
86830,3793
61670,48516
61670,260
61670,2959
61670,47
61670,58559
61670,2028
61670,1213
61670,150
61670,1617
61670,33794
36474,318
36474,50
36474,1
36474,1968
36474,296
36474,2571
36474,4226
36474,63082
36474,1210
36474,49272
37912,356
37912,318
37912,2329
37912,4011
37912,2959
37912,6539
37912,5952
37912,4993
37912,5903
37912,48780
78182,4993
78182,356
78182,260
78182,1527
78182,293
78182,4226
78182,1210
78182,7153
78182,1270
78182,5952
94135,1219
94135,926
94135,247
94135,2080
94135,45
94135,4465
94135,1994
94135,2096
94135,1086
94135,342
32984,50872
32984,54503
32984,35836
32984,97304
32984,63082
32984,89492
32984,54286
32984,52973
32984,7983
32984,48385
108248,2987
108248,1265
108248,1291
108248,1196
108248,66934
108248,1198
108248,57640
108248,60684
108248,260
108248,46976
11114,4973
11114,750
11114,904
11114,318
11114,2571
11114,1219
11114,2762
11114,3996
11114,32
11114,58559
105536,60069
105536,72998
105536,5445
105536,7254
105536,63082
105536,356
105536,109487
105536,81845
105536,33004
105536,1527
16931,1213
16931,541
16931,3578
16931,6
16931,4262
16931,1208
16931,527
16931,6870
16931,48516
16931,3081
72142,2329
72142,47
72142,3949
72142,1089
72142,541
72142,778
72142,32
72142,55820
72142,1206
72142,1921
2033,903
2033,7013
2033,1252
2033,296
2033,1221
2033,1212
2033,2076
2033,3089
2033,25963
2033,7327
105201,588
105201,163
105201,6333
105201,260
105201,3949
105201,1527
105201,3578
105201,4027
105201,3481
105201,2542
74248,72011
74248,293
74248,68157
74248,81845
74248,44199
74248,44665
74248,7254
74248,80463
74248,1196
74248,260
12292,88125
12292,5618
12292,69844
12292,4896
12292,6377
12292,68954
12292,356
12292,4886
12292,8961
12292,1136
47645,223
47645,380
47645,50
47645,70286
47645,1682
47645,1089
47645,6874
47645,1732
47645,8961
47645,4886
41152,79132
41152,2762
41152,364
41152,1240
41152,2716
41152,2085
41152,2174
41152,1028
41152,68358
41152,66097
17782,593
17782,1222
17782,1198
17782,924
17782,541
17782,2997
17782,1265
17782,1617
17782,6874
17782,1270
90839,6874
90839,589
90839,377
90839,165
90839,7360
90839,68157
90839,4369
90839,7438
90839,70286
90839,6502
69551,1036
69551,3949
69551,33794
69551,30749
69551,5995
69551,68157
69551,5989
69551,48780
69551,608
69551,1291
6108,60684
6108,63082
6108,44191
6108,1222
6108,5903
6108,7438
6108,51540
6108,8798
6108,1645
6108,54503
50206,6711
50206,6942
50206,69122
50206,52973
50206,3481
50206,44195
50206,30793
50206,7293
50206,30825
50206,54272
15571,2908
15571,2248
15571,6711
15571,1247
15571,1285
15571,608
15571,337
15571,2797
15571,904
15571,318
56087,3578
56087,1704
56087,110
56087,2858
56087,318
56087,2329
56087,593
56087,6874
56087,5445
56087,2762
106949,858
106949,1250
106949,110
106949,480
106949,457
106949,1272
106949,1214
106949,150
106949,1203
106949,1950
47267,364
47267,4963
47267,1148
47267,318
47267,1641
47267,597
47267,1961
47267,1704
47267,1307
47267,5669
47939,858
47939,2571
47939,5989
47939,2762
47939,4973
47939,318
47939,4226
47939,40819
47939,4886
47939,1721
65404,1265
65404,750
65404,608
65404,541
65404,1270
65404,58559
65404,2028
65404,1208
65404,2762
65404,1089
29554,2959
29554,296
29554,1197
29554,3578
29554,5989
29554,4886
29554,1198
29554,6539
29554,2716
29554,595
62022,8961
62022,44191
62022,45722
62022,38038
62022,41566
62022,45431
62022,745
62022,44195
62022,46530
62022,33493
17433,7153
17433,1408
17433,1198
17433,58559
17433,1136
17433,110
17433,33794
17433,1954
17433,6539
17433,3552
131109,1208
131109,7361
131109,56367
131109,1676
131109,648
131109,5445
131109,3793
131109,1682
131109,6711
131109,2115
124823,260
124823,1136
124823,1580
124823,4306
124823,1732
124823,1527
124823,3033
124823,1210
124823,2959
124823,8961
93817,6539
93817,50
93817,4963
93817,457
93817,7153
93817,44195
93817,1196
93817,4226
93817,1198
93817,49272
42100,4226
42100,593
42100,7361
42100,318
42100,2918
42100,44191
42100,780
42100,1210
42100,1580
42100,500
78804,7361
78804,55820
78804,1136
78804,68157
78804,47
78804,4993
78804,1206
78804,4963
78804,6874
78804,1968
64060,91658
64060,55094
64060,55280
64060,39414
64060,55765
64060,48738
64060,88163
64060,27808
64060,48394
64060,104841
25002,80463
25002,79132
25002,54503
25002,63082
25002,97304
25002,81845
25002,8917
25002,71535
25002,52973
25002,108932
115811,6350
115811,34437
115811,7099
115811,39292
115811,5618
115811,26662
115811,7361
115811,32587
115811,4298
115811,5498
88996,5952
88996,7153
88996,4993
88996,3000
88996,4973
88996,65261
88996,7099
88996,41566
88996,1735
88996,1375
13802,356
13802,30707
13802,1958
13802,1358
13802,1219
13802,2858
13802,63082
13802,908
13802,858
13802,3147
1829,6377
1829,318
1829,364
1829,1207
1829,588
1829,1193
1829,2291
1829,4878
1829,1307
1829,4027
127781,480
127781,34162
127781,6155
127781,81845
127781,4018
127781,5445
127781,33794
127781,63082
127781,3408
127781,49272
135581,608
135581,2918
135581,8376
135581,2997
135581,2599
135581,1449
135581,4973
135581,3897
135581,6711
135581,7451
2601,5618
2601,6773
2601,3462
2601,2010
2601,2019
2601,1274
2601,7022
2601,924
2601,55167
2601,26776
28735,2762
28735,2028
28735,5608
28735,4995
28735,6365
28735,1721
28735,6539
28735,2329
28735,51662
28735,318
71121,39292
71121,912
71121,4973
71121,5878
71121,3897
71121,3186
71121,2858
71121,1212
71121,920
71121,1280
90615,1291
90615,1580
90615,1917
90615,1198
90615,2916
90615,72998
90615,2001
90615,3147
90615,480
90615,7438
135026,1246
135026,5989
135026,356
135026,62
135026,597
135026,1962
135026,5299
135026,1302
135026,1265
135026,2396
33765,47
33765,480
33765,1136
33765,5952
33765,1258
33765,8874
33765,68157
33765,1222
33765,318
33765,51662
42886,5377
42886,54503
42886,7360
42886,6874
42886,2841
42886,1333
42886,1644
42886,7438
42886,52973
42886,805
49828,7361
49828,5989
49828,356
49828,4963
49828,6953
49828,4226
49828,1784
49828,318
49828,33166
49828,1721
4233,1240
4233,1089
4233,1393
4233,1610
4233,1617
4233,6333
4233,55765
4233,1222
4233,3897
4233,1580
91518,1210
91518,260
91518,1196
91518,1198
91518,1
91518,8961
91518,2000
91518,2804
91518,2571
91518,1197
44235,5952
44235,4993
44235,7153
44235,58559
44235,3578
44235,3793
44235,40815
44235,91529
44235,59315
44235,6377
62481,2571
62481,4720
62481,3408
62481,47
62481,1784
62481,2424
62481,2617
62481,5445
62481,2355
62481,5299
34054,5418
34054,8961
34054,4973
34054,6539
34054,260
34054,2762
34054,5377
34054,33493
34054,5378
34054,3578
77666,2762
77666,3578
77666,2959
77666,296
77666,4963
77666,4995
77666,318
77666,364
77666,1721
77666,527
4627,2959
4627,1240
4627,318
4627,1198
4627,1527
4627,2571
4627,1200
4627,316
4627,1584
4627,329
100484,1
100484,1704
100484,6365
100484,3578
100484,1196
100484,2959
100484,51662
100484,2706
100484,1968
100484,49272
30862,110
30862,1961
30862,3552
30862,457
30862,4226
30862,2762
30862,3578
30862,2712
30862,1299
30862,1682
80192,2858
80192,318
80192,4226
80192,47
80192,4306
80192,4973
80192,3578
80192,293
80192,5445
80192,110
106714,1196
106714,1210
106714,47
106714,260
106714,780
106714,593
106714,2858
106714,318
106714,590
106714,50
51328,56367
51328,5349
51328,8961
51328,48394
51328,3578
51328,1197
51328,1073
51328,480
51328,54272
51328,1517
131967,68157
131967,4226
131967,58559
131967,4995
131967,5218
131967,97938
131967,4720
131967,8970
131967,91529
131967,6016
124962,5952
124962,4306
124962,58559
124962,110
124962,356
124962,76093
124962,592
124962,2762
124962,7153
124962,377
50493,4993
50493,7153
50493,6539
50493,480
50493,457
50493,5952
50493,2762
50493,1196
50493,260
50493,48780
92620,6593
92620,6377
92620,4896
92620,6332
92620,6535
92620,6266
92620,60397
92620,41566
92620,4886
92620,33669
52992,733
52992,1270
52992,2278
52992,2762
52992,3481
52992,1246
52992,648
52992,858
52992,1610
52992,2396
14287,318
14287,58559
14287,79132
14287,527
14287,5952
14287,2571
14287,98809
14287,76093
14287,858
14287,4886
134307,260
134307,4226
134307,3147
134307,296
134307,527
134307,4963
134307,587
134307,1721
134307,50
134307,380
138072,1213
138072,4105
138072,31878
138072,968
138072,2716
138072,1206
138072,2571
138072,27773
138072,1197
138072,608
115044,4963
115044,356
115044,4995
115044,2329
115044,5952
115044,7153
115044,4993
115044,2692
115044,260
115044,82459
21599,7153
21599,3578
21599,47
21599,356
21599,1721
21599,10
21599,1527
21599,5952
21599,318
21599,292
84533,2571
84533,68954
84533,5989
84533,58559
84533,5349
84533,7153
84533,5952
84533,2355
84533,480
84533,4022
36067,527
36067,1222
36067,55820
36067,4973
36067,6874
36067,32587
36067,7153
36067,48394
36067,111
36067,356
82739,30707
82739,44199
82739,6890
82739,6796
82739,6016
82739,1178
82739,26242
82739,8914
82739,37240
82739,8966
35836,59315
35836,2571
35836,50872
35836,6377
35836,5952
35836,4993
35836,7153
35836,5418
35836,54286
35836,49530
98611,593
98611,457
98611,356
98611,1097
98611,1
98611,296
98611,1193
98611,912
98611,1203
98611,2858
77762,47
77762,2329
77762,3535
77762,1921
77762,593
77762,778
77762,32587
77762,2571
77762,3160
77762,4011
36341,2858
36341,1221
36341,2997
36341,1193
36341,592
36341,1200
36341,541
36341,2716
36341,34
36341,4878
59063,2671
59063,6377
59063,1485
59063,1923
59063,2502
59063,364
59063,1
59063,6942
59063,3253
59063,30822
51908,47
51908,4226
51908,541
51908,4306
51908,4720
51908,2291
51908,318
51908,1527
51908,1682
51908,2858
1164,4226
1164,47
1164,2959
1164,110
1164,527
1164,356
1164,3578
1164,49272
1164,1721
1164,5378
123097,7361
123097,4995
123097,1961
123097,4973
123097,527
123097,318
123097,293
123097,1193
123097,1270
123097,2542
52757,8970
52757,595
52757,39183
52757,30793
52757,337
52757,45720
52757,3556
52757,7361
52757,6711
52757,17
114499,79132
114499,76251
114499,80463
114499,85414
114499,79702
114499,87232
114499,86833
114499,78499
114499,109374
114499,115149
29195,364
29195,1073
29195,1485
29195,4022
29195,2959
29195,2706
29195,110
29195,104
29195,47
29195,296
75160,8961
75160,6377
75160,914
75160,4886
75160,595
75160,1028
75160,6942
75160,6183
75160,2565
75160,916
109822,6539
109822,783
109822,2018
109822,2059
109822,3034
109822,709
109822,986
109822,500
109822,6377
109822,30793
10437,7619
10437,6724
10437,39292
10437,39183
10437,8970
10437,8951
10437,7215
10437,923
10437,1956
10437,1250
34847,1196
34847,1270
34847,541
34847,296
34847,589
34847,8961
34847,4226
34847,1240
34847,79132
34847,58559
115676,2959
115676,44191
115676,48516
115676,68157
115676,44665
115676,59315
115676,4963
115676,80463
115676,47610
115676,55765
23677,68954
23677,58559
23677,78499
23677,919
23677,912
23677,1
23677,81845
23677,356
23677,4886
23677,4306
38980,1240
38980,6539
38980,1527
38980,1270
38980,1291
38980,318
38980,8961
38980,8865
38980,2916
38980,1580
80302,47
80302,1196
80302,4973
80302,79132
80302,2858
80302,2329
80302,99114
80302,593
80302,7361
80302,527
90739,1527
90739,6377
90739,318
90739,2268
90739,110
90739,3578
90739,364
90739,1101
90739,454
90739,3039
136849,318
136849,296
136849,2571
136849,593
136849,356
136849,6323
136849,4776
136849,3994
136849,1196
136849,5464
88754,79132
88754,6942
88754,1721
88754,5989
88754,597
88754,2762
88754,4018
88754,7361
88754,64957
88754,7293
130266,33794
130266,69122
130266,2571
130266,72998
130266,5010
130266,78469
130266,48412
130266,5378
130266,4310
130266,53996
103117,608
103117,1732
103117,1281
103117,912
103117,5120
103117,1252
103117,1213
103117,318
103117,4226
103117,7361
76152,318
76152,2329
76152,2858
76152,2959
76152,1196
76152,4993
76152,32587
76152,2571
76152,50
76152,1639
78340,35836
78340,39292
78340,32587
78340,33660
78340,44191
78340,40278
78340,31878
78340,44195
78340,8464
78340,34542
30865,2683
30865,2706
30865,35836
30865,2797
30865,3421
30865,4085
30865,30812
30865,150
30865,4995
30865,2791
12469,4886
12469,7438
12469,2028
12469,364
12469,1270
12469,1
12469,318
12469,2762
12469,1997
12469,1527
107720,34405
107720,3548
107720,8368
107720,8961
107720,7380
107720,5816
107720,6157
107720,7451
107720,46530
107720,41569
17014,6377
17014,7366
17014,63082
17014,4823
17014,1569
17014,2432
17014,3825
17014,4700
17014,2572
17014,595
87519,4963
87519,110
87519,2959
87519,30707
87519,2762
87519,30749
87519,47
87519,3578
87519,1721
87519,4226
85115,1288
85115,1278
85115,7091
85115,608
85115,750
85115,2804
85115,969
85115,1256
85115,899
85115,2100
661,150
661,590
661,1961
661,1193
661,1225
661,105
661,1956
661,1207
661,4784
661,457
74096,527
74096,1198
74096,1258
74096,2959
74096,2997
74096,3996
74096,2712
74096,293
74096,1193
74096,590
124909,5971
124909,260
124909,2011
124909,480
124909,2987
124909,4306
124909,364
124909,6377
124909,4993
124909,1391
86507,1258
86507,68157
86507,60069
86507,68954
86507,593
86507,541
86507,3578
86507,55820
86507,2858
86507,480
94920,2987
94920,8360
94920,49272
94920,1079
94920,5445
94920,1265
94920,7153
94920,2115
94920,3793
94920,1320
37172,1
37172,3578
37172,110
37172,6539
37172,8961
37172,457
37172,4993
37172,5445
37172,8636
37172,4886
31476,48780
31476,457
31476,79132
31476,6
31476,7143
31476,4995
31476,45186
31476,53996
31476,99114
31476,33493
85854,1210
85854,916
85854,3097
85854,8033
85854,915
85854,1
85854,913
85854,339
85854,2572
85854,34405
58953,39292
58953,33493
58953,45720
58953,35836
58953,25940
58953,25795
58953,25826
58953,8695
58953,52245
58953,8949
61851,1
61851,33794
61851,1073
61851,6874
61851,6
61851,733
61851,592
61851,293
61851,208
61851,380
106935,3793
106935,4963
106935,480
106935,48394
106935,46578
106935,6218
106935,60069
106935,1097
106935,919
106935,6942
101671,5952
101671,2571
101671,318
101671,4306
101671,356
101671,6539
101671,7153
101671,4995
101671,6377
101671,527
53080,5816
53080,3753
53080,78316
53080,4310
53080,597
53080,5952
53080,1380
53080,4993
53080,26528
53080,7444
117307,4993
117307,4973
117307,260
117307,5952
117307,1258
117307,6016
117307,2628
117307,6711
117307,356
117307,593
100513,1089
100513,4973
100513,3949
100513,48394
100513,356
100513,2762
100513,253
100513,46723
100513,32
100513,4306
113352,589
113352,1089
113352,208
113352,8644
113352,60069
113352,1291
113352,924
113352,49272
113352,318
113352,5445
131221,1221
131221,1193
131221,318
131221,54503
131221,3552
131221,6188
131221,3210
131221,778
131221,2571
131221,8641
123996,48516
123996,7361
123996,60069
123996,527
123996,56367
123996,6377
123996,48780
123996,7153
123996,4963
123996,1961
86430,5349
86430,1291
86430,2858
86430,32
86430,8798
86430,32587
86430,4011
86430,4973
86430,1210
86430,7361
57990,2324
57990,7147
57990,3967
57990,8970
57990,4878
57990,2858
57990,3186
57990,2762
57990,4014
57990,36535
28708,4069
28708,5816
28708,31685
28708,6155
28708,2100
28708,4018
28708,4447
28708,56949
28708,4992
28708,5418
34831,1197
34831,457
34831,1225
34831,2571
34831,150
34831,1584
34831,4306
34831,2640
34831,5445
34831,4022
53972,1240
53972,1
53972,3253
53972,4306
53972,1221
53972,2997
53972,231
53972,2580
53972,529
53972,293
5080,4226
5080,44665
5080,1466
5080,2028
5080,1617
5080,293
5080,55765
5080,2231
5080,2011
5080,480
61849,68954
61849,953
61849,919
61849,56367
61849,527
61849,608
61849,63082
61849,7361
61849,2959
61849,58559
62099,2571
62099,7153
62099,593
62099,1193
62099,2762
62099,2858
62099,296
62099,1221
62099,2502
62099,1259
3210,1196
3210,10
3210,5418
3210,783
3210,3623
3210,1027
3210,2085
3210,3745
3210,1370
3210,3717
34884,4226
34884,318
34884,6874
34884,1704
34884,32587
34884,4963
34884,2858
34884,3948
34884,858
34884,33794
135385,608
135385,296
135385,1208
135385,1221
135385,541
135385,318
135385,2959
135385,1304
135385,750
135385,1089
128224,46976
128224,912
128224,35836
128224,39292
128224,1617
128224,4308
128224,2291
128224,1073
128224,150
128224,1240
85768,110
85768,69122
85768,5952
85768,1196
85768,356
85768,3275
85768,2858
85768,858
85768,2028
85768,3578
55883,914
55883,899
55883,1296
55883,3072
55883,26712
55883,40629
55883,969
55883,527
55883,52767
55883,265
27354,1
27354,356
27354,3147
27354,76093
27354,1704
27354,1258
27354,2959
27354,78499
27354,60069
27354,63082
129280,4002
129280,1213
129280,5952
129280,223
129280,4226
129280,592
129280,1278
129280,1258
129280,2987
129280,1215
128468,593
128468,2571
128468,1089
128468,1221
128468,2959
128468,1270
128468,4963
128468,1682
128468,2858
128468,2379
118610,2936
118610,1199
118610,3089
118610,2731
118610,1449
118610,4979
118610,3462
118610,162
118610,2935
118610,1206
17536,1204
17536,7013
17536,923
17536,8874
17536,4641
17536,858
17536,1288
17536,1103
17536,1254
17536,926
41930,1198
41930,1240
41930,1221
41930,2329
41930,1258
41930,4878
41930,1196
41930,3578
41930,7438
41930,1210
26294,59315
26294,260
26294,1196
26294,1198
26294,1240
26294,1200
26294,2000
26294,1527
26294,3703
26294,457
27616,7361
27616,58559
27616,2571
27616,2762
27616,2329
27616,260
27616,364
27616,4226
27616,47
27616,63082
111326,4993
111326,1222
111326,6016
111326,54997
111326,58559
111326,1213
111326,48780
111326,541
111326,5995
111326,110
59139,1198
59139,2797
59139,3675
59139,908
59139,1234
59139,7107
59139,3471
59139,1197
59139,6785
59139,1207
102349,3793
102349,1682
102349,8874
102349,2716
102349,79132
102349,7373
102349,98809
102349,33004
102349,56174
102349,5618
138173,457
138173,2858
138173,6539
138173,1265
138173,2959
138173,4963
138173,1994
138173,50
138173,2291
138173,1345
55940,364
55940,4886
55940,4993
55940,6539
55940,5971
55940,53125
55940,60069
55940,1721
55940,41571
55940,8961
22028,3114
22028,4886
22028,8961
22028,3578
22028,1291
22028,50
22028,2115
22028,72998
22028,68954
22028,2502
60138,27788
60138,34405
60138,48774
60138,81788
60138,5294
60138,6323
60138,86190
60138,41566
60138,1799
60138,53972
55441,4993
55441,5952
55441,7153
55441,1272
55441,54286
55441,2194
55441,1276
55441,1234
55441,3147
55441,2571
36236,2571
36236,6
36236,3147
36236,38061
36236,110
36236,778
36236,58559
36236,648
36236,2231
36236,380
104977,4128
104977,353
104977,6058
104977,4638
104977,3052
104977,2089
104977,2122
104977,3499
104977,2706
104977,2858
126429,6016
126429,55820
126429,3996
126429,58559
126429,1208
126429,39292
126429,50
126429,111
126429,318
126429,33794
38315,589
38315,1198
38315,2858
38315,3578
38315,260
38315,344
38315,1097
38315,1721
38315,150
38315,364
47160,1203
47160,3504
47160,3095
47160,25777
47160,37741
47160,3507
47160,8228
47160,4263
47160,8542
47160,3451
130630,1198
130630,2571
130630,500
130630,8636
130630,3996
130630,6874
130630,8368
130630,2716
130630,1291
130630,1580
101704,32
101704,4306
101704,553
101704,1653
101704,1573
101704,1584
101704,161
101704,4011
101704,440
101704,1485
48606,6539
48606,7361
48606,6953
48606,296
48606,3147
48606,4995
48606,3996
48606,2291
48606,7323
48606,7147
106844,527
106844,858
106844,1199
106844,4973
106844,1219
106844,1079
106844,1193
106844,318
106844,1198
106844,7153
2122,47
2122,2858
2122,2571
2122,2329
2122,4973
2122,593
2122,2324
2122,46578
2122,356
2122,4878
125520,4886
125520,45722
125520,1
125520,1097
125520,3114
125520,364
125520,1997
125520,40815
125520,5349
125520,1291
134934,8958
134934,8961
134934,31685
134934,35836
134934,34162
134934,33166
134934,34048
134934,8798
134934,33493
134934,40815
36866,4571
36866,1584
36866,2021
36866,4121
36866,2571
36866,2174
36866,1196
36866,260
36866,1198
36866,480
8403,1089
8403,858
8403,50
8403,1036
8403,1208
8403,593
8403,5903
8403,7438
8403,6874
8403,908
68011,60069
68011,6365
68011,6539
68011,33794
68011,7153
68011,86332
68011,73017
68011,1198
68011,5459
68011,6537
27793,4306
27793,5418
27793,356
27793,47
27793,33794
27793,4886
27793,59784
27793,7153
27793,527
27793,81845
96774,2762
96774,48516
96774,48738
96774,1617
96774,63082
96774,4226
96774,110
96774,30749
96774,1097
96774,30707
99934,356
99934,4014
99934,527
99934,4973
99934,5989
99934,47610
99934,79132
99934,5995
99934,7143
99934,5952
55975,79132
55975,68358
55975,78499
55975,80549
55975,60069
55975,45517
55975,50872
55975,76093
55975,80463
55975,49272
101656,2959
101656,593
101656,1193
101656,1859
101656,1203
101656,55820
101656,1089
101656,7008
101656,6016
101656,5147
88579,165
88579,48516
88579,318
88579,2571
88579,50
88579,1
88579,648
88579,3578
88579,4963
88579,1580
54753,4226
54753,2571
54753,593
54753,7323
54753,527
54753,541
54753,356
54753,665
54753,1884
54753,6711
61598,50
61598,2571
61598,593
61598,3578
61598,356
61598,2959
61598,150
61598,1961
61598,1291
61598,5952
107710,3578
107710,2959
107710,110
107710,2858
107710,1961
107710,1210
107710,2028
107710,1097
107710,457
107710,4993
30731,86332
30731,88140
30731,44191
30731,79702
30731,42004
30731,96079
30731,91630
30731,31658
30731,37729
30731,91500
18511,296
18511,2858
18511,778
18511,111
18511,4226
18511,318
18511,441
18511,4973
18511,1089
18511,3897
106745,356
106745,2959
106745,2571
106745,4226
106745,593
106745,527
106745,79132
106745,97938
106745,6016
106745,97304
67685,58559
67685,296
67685,7361
67685,6016
67685,356
67685,593
67685,293
67685,1265
67685,3000
67685,527
7163,78499
7163,5952
7163,356
7163,1035
7163,3793
7163,88125
7163,63082
7163,72998
7163,1
7163,4886
135197,480
135197,4306
135197,318
135197,2858
135197,296
135197,3114
135197,2329
135197,35836
135197,56367
135197,52973
58835,858
58835,1208
58835,4973
58835,32
58835,6016
58835,593
58835,8961
58835,1617
58835,8464
58835,260
96822,47
96822,1089
96822,3996
96822,4878
96822,7438
96822,3949
96822,4011
96822,3147
96822,2324
96822,50872
18282,593
18282,1784
18282,318
18282,1968
18282,6711
18282,1097
18282,47
18282,46578
18282,260
18282,587
104048,597
104048,356
104048,2997
104048,593
104048,2762
104048,1393
104048,4246
104048,1961
104048,3897
104048,4027
115716,457
115716,5816
115716,1097
115716,5349
115716,40815
115716,8636
115716,2918
115716,4963
115716,377
115716,589
50898,55820
50898,57669
50898,46578
50898,50872
50898,59315
50898,68358
50898,34162
50898,44195
50898,40819
50898,54272
32319,5952
32319,2959
32319,4995
32319,2329
32319,318
32319,1527
32319,780
32319,7143
32319,1221
32319,33493
71413,2716
71413,3147
71413,1704
71413,50
71413,1527
71413,58559
71413,1356
71413,2000
71413,1136
71413,608
126782,1193
126782,1222
126782,7361
126782,2959
126782,908
126782,4973
126782,527
126782,4226
126782,2762
126782,16
29192,780
29192,2571
29192,4306
29192,150
29192,588
29192,68157
29192,165
29192,79132
29192,1198
29192,2502
48189,1196
48189,589
48189,5952
48189,3578
48189,47
48189,110
48189,2353
48189,7143
48189,3793
48189,480
111412,44191
111412,1222
111412,7153
111412,5995
111412,1193
111412,2762
111412,3147
111412,260
111412,33794
111412,7438
57033,68954
57033,60069
57033,2571
57033,1
57033,59315
57033,8961
57033,1197
57033,79132
57033,3793
57033,5349
619,6218
619,6942
619,4306
619,1784
619,8360
619,1246
619,4246
619,5299
619,3255
619,150
44920,1252
44920,4226
44920,1193
44920,4306
44920,6377
44920,1089
44920,750
44920,1233
44920,590
44920,150
21800,50872
21800,6539
21800,58559
21800,1197
21800,33794
21800,46976
21800,48780
21800,1198
21800,1240
21800,5445
56428,50
56428,527
56428,110
56428,5952
56428,4993
56428,48516
56428,356
56428,2028
56428,1721
56428,593
5288,106487
5288,58559
5288,356
5288,8368
5288,91529
5288,91500
5288,111921
5288,4995
5288,68954
5288,7153
105375,50
105375,48516
105375,2731
105375,111
105375,1222
105375,1086
105375,2019
105375,1276
105375,1204
105375,527
91349,8199
91349,69481
91349,1270
91349,1226
91349,7762
91349,68157
91349,46855
91349,31590
91349,55118
91349,6874
56308,750
56308,2329
56308,1089
56308,2959
56308,1222
56308,3949
56308,46578
56308,4878
56308,111
56308,1193
121684,1527
121684,81591
121684,78499
121684,84944
121684,90866
121684,80463
121684,79702
121684,6874
121684,1704
121684,1265
87171,111
87171,4011
87171,1270
87171,1653
87171,318
87171,2542
87171,7438
87171,2291
87171,68157
87171,1193
93875,1221
93875,457
93875,150
93875,2762
93875,2858
93875,480
93875,1208
93875,1704
93875,293
93875,1089
96848,78499
96848,364
96848,59784
96848,6377
96848,63082
96848,65261
96848,74789
96848,1907
96848,95311
96848,81564
48627,527
48627,8874
48627,7153
48627,318
48627,2028
48627,3481
48627,49272
48627,4027
48627,2291
48627,6539
57106,34405
57106,377
57106,6333
57106,54286
57106,8665
57106,1917
57106,91500
57106,2916
57106,527
57106,7502
99677,109374
99677,923
99677,1227
99677,750
99677,2858
99677,50
99677,1237
99677,48516
99677,3984
99677,4848
80596,457
80596,858
80596,110
80596,2028
80596,593
80596,1246
80596,5989
80596,912
80596,1193
80596,2571
77629,4878
77629,71535
77629,4993
77629,8874
77629,7360
77629,4306
77629,480
77629,318
77629,57274
77629,91529
26264,318
26264,50
26264,1200
26264,4226
26264,1222
26264,778
26264,1221
26264,111
26264,32
26264,48780
47311,47
47311,6377
47311,2762
47311,4886
47311,1136
47311,527
47311,35836
47311,1207
47311,2797
47311,2081
64439,1527
64439,89745
64439,71535
64439,318
64439,7153
64439,4878
64439,5418
64439,1387
64439,6539
64439,1206
15518,47
15518,6539
15518,51255
15518,356
15518,8665
15518,4878
15518,48394
15518,48780
15518,4963
15518,57669
96821,8961
96821,648
96821,356
96821,1527
96821,5952
96821,2916
96821,5418
96821,40815
96821,377
96821,593
39566,2096
39566,2078
39566,4993
39566,4886
39566,588
39566,2018
39566,6539
39566,8360
39566,1032
39566,1
85910,4878
85910,296
85910,46578
85910,34437
85910,101
85910,44633
85910,6016
85910,318
85910,1258
85910,8784
62418,1270
62418,150
62418,3578
62418,736
62418,832
62418,4886
62418,1036
62418,1240
62418,7153
62418,1097
117775,1228
117775,318
117775,2858
117775,1193
117775,908
117775,1208
117775,923
117775,1214
117775,3362
117775,527
43679,33166
43679,8970
43679,39183
43679,33639
43679,33794
43679,34072
43679,2078
43679,8530
43679,8951
43679,8958
8873,32
8873,1265
8873,3578
8873,2028
8873,316
8873,50
8873,296
8873,1610
8873,367
8873,434
50561,608
50561,4226
50561,1258
50561,318
50561,1219
50561,2858
50561,1198
50561,2959
50561,919
50561,50
124469,1206
124469,924
124469,5952
124469,2571
124469,2174
124469,3471
124469,3000
124469,592
124469,2916
124469,296
7062,904
7062,908
7062,911
7062,1269
7062,527
7062,1225
7062,898
7062,953
7062,1252
7062,318
119242,356
119242,4975
119242,3527
119242,1265
119242,5445
119242,33004
119242,1199
119242,648
119242,4370
119242,1923
89721,60684
89721,33794
89721,4995
89721,66097
89721,5445
89721,356
89721,4306
89721,3578
89721,527
89721,6502
111029,858
111029,913
111029,1945
111029,912
111029,1260
111029,7013
111029,3730
111029,6016
111029,1221
111029,2726
131728,37386
131728,33794
131728,5944
131728,33679
131728,7163
131728,34048
131728,8972
131728,6934
131728,6754
131728,7439
58441,2762
58441,356
58441,1206
58441,293
58441,260
58441,32587
58441,110
58441,1210
58441,1584
58441,1258
21191,4973
21191,111
21191,1136
21191,858
21191,1732
21191,1080
21191,47
21191,1222
21191,1196
21191,260
38291,70286
38291,1221
38291,593
38291,6016
38291,2329
38291,56782
38291,778
38291,64614
38291,63082
38291,5954
80678,1196
80678,527
80678,593
80678,1090
80678,1961
80678,2716
80678,590
80678,110
80678,1210
80678,1265
43924,1732
43924,51662
43924,47
43924,595
43924,3949
43924,1214
43924,4306
43924,6188
43924,2706
43924,4027
131762,838
131762,899
131762,2396
131762,1641
131762,1962
131762,2797
131762,1968
131762,8623
131762,2139
131762,2020
133549,1682
133549,2918
133549,858
133549,377
133549,2329
133549,1
133549,4963
133549,2194
133549,293
133549,4306
22901,59141
22901,80917
22901,55280
22901,6643
22901,2970
22901,26400
22901,63072
22901,26172
22901,72171
22901,61678
118419,480
118419,296
118419,318
118419,4993
118419,1
118419,2571
118419,2762
118419,1136
118419,1270
118419,6874
55265,50
55265,32
55265,1
55265,296
55265,377
55265,58559
55265,380
55265,150
55265,33794
55265,592
99061,8961
99061,63082
99061,4027
99061,6377
99061,58559
99061,48516
99061,4973
99061,55820
99061,30749
99061,46578
77948,1204
77948,2932
77948,5878
77948,4027
77948,2997
77948,5060
77948,2762
77948,3006
77948,293
77948,7924
46645,79132
46645,527
46645,2730
46645,89904
46645,3681
46645,60950
46645,1097
46645,364
46645,4878
46645,2324
52280,1610
52280,4993
52280,593
52280,589
52280,1208
52280,2762
52280,1221
52280,4306
52280,6
52280,1222
55299,5952
55299,7153
55299,318
55299,79132
55299,4973
55299,32
55299,7361
55299,1617
55299,1732
55299,1225
123684,3421
123684,296
123684,2959
123684,110
123684,356
123684,260
123684,1196
123684,5952
123684,1210
123684,2502
56226,48516
56226,1196
56226,1210
56226,4973
56226,106920
56226,91658
56226,97304
56226,60069
56226,4886
56226,1732
71521,4011
71521,858
71521,2997
71521,48516
71521,2329
71521,55820
71521,3578
71521,1961
71521,5989
71521,1193
53413,6377
53413,3147
53413,72998
53413,2683
53413,858
53413,733
53413,2858
53413,10
53413,208
53413,70286
82979,1221
82979,2571
82979,2028
82979,593
82979,318
82979,858
82979,1196
82979,1208
82979,4973
82979,46578
119367,33166
119367,36517
119367,46578
119367,48774
119367,48780
119367,26078
119367,8337
119367,26111
119367,46723
119367,88125
137450,2762
137450,778
137450,7153
137450,64614
137450,6016
137450,1221
137450,74458
137450,3949
137450,5989
137450,4995
25330,1219
25330,1704
25330,1
25330,923
25330,1246
25330,3350
25330,1945
25330,1784
25330,954
25330,364
103294,4973
103294,2571
103294,68954
103294,72011
103294,50872
103294,2194
103294,4963
103294,1304
103294,5989
103294,8961
87304,3793
87304,356
87304,4995
87304,1196
87304,2959
87304,2762
87304,5989
87304,4226
87304,4308
87304,527
114876,377
114876,47
114876,1580
114876,6377
114876,3948
114876,780
114876,500
114876,2273
114876,145
114876,2706
73108,6016
73108,2858
73108,2571
73108,55765
73108,4262
73108,2959
73108,55820
73108,1262
73108,44199
73108,5989
55618,2100
55618,377
55618,2470
55618,919
55618,3396
55618,2046
55618,2987
55618,2021
55618,1246
55618,4121
63908,608
63908,1193
63908,318
63908,2959
63908,2571
63908,1704
63908,231
63908,4226
63908,2502
63908,1265
35780,64839
35780,51255
35780,33794
35780,37733
35780,61132
35780,60684
35780,55118
35780,48394
35780,52328
35780,34405
49526,1291
49526,1197
49526,7090
49526,4963
49526,1198
49526,593
49526,8983
49526,3481
49526,8464
49526,5010
17437,1
17437,7153
17437,6378
17437,3624
17437,2028
17437,1097
17437,3948
17437,7438
17437,6874
17437,3916
66821,7361
66821,593
66821,4973
66821,2329
66821,46578
66821,50872
66821,92259
66821,2571
66821,4995
66821,68954
124683,4993
124683,6350
124683,318
124683,32
124683,5952
124683,7153
124683,1270
124683,2502
124683,6283
124683,1073
35376,1197
35376,7361
35376,4306
35376,260
35376,2571
35376,2959
35376,3578
35376,33493
35376,5349
35376,2762
121531,91529
121531,46578
121531,318
121531,2571
121531,74458
121531,595
121531,7361
121531,59315
121531,97913
121531,527
47978,6539
47978,4306
47978,50872
47978,4886
47978,58559
47978,66934
47978,5618
47978,81847
47978,2571
47978,2959
61398,318
61398,593
61398,2959
61398,356
61398,6377
61398,4306
61398,4226
61398,2997
61398,1732
61398,6874
133515,2762
133515,3578
133515,593
133515,293
133515,2231
133515,589
133515,1645
133515,356
133515,4993
133515,1704
8778,4226
8778,47
8778,260
8778,3578
8778,1222
8778,593
8778,1208
8778,50
8778,2762
8778,4306
104727,2571
104727,2762
104727,8360
104727,1380
104727,364
104727,8622
104727,2291
104727,5445
104727,8957
104727,1
102626,2762
102626,32
102626,356
102626,593
102626,2028
102626,589
102626,2858
102626,50
102626,1291
102626,79132
9145,46578
9145,70286
9145,54503
9145,49272
9145,32587
9145,63082
9145,69122
9145,46976
9145,60069
9145,39183
66635,1201
66635,87306
66635,594
66635,102445
66635,70286
66635,50
66635,111364
66635,103042
66635,86332
66635,7438
3409,750
3409,3083
3409,924
3409,5291
3409,1201
3409,923
3409,1204
3409,3067
3409,912
3409,2858
115980,6377
115980,4226
115980,2858
115980,2291
115980,5618
115980,3418
115980,3996
115980,50
115980,4246
115980,1223
6741,1197
6741,4886
6741,56367
6741,50872
6741,6377
6741,60069
6741,46578
6741,8368
6741,318
6741,4973
103081,47
103081,296
103081,2329
103081,3578
103081,110
103081,1196
103081,6377
103081,2918
103081,1210
103081,260
74422,4963
74422,318
74422,79132
74422,6942
74422,4226
74422,48516
74422,69757
74422,44665
74422,1704
74422,49272
9895,589
9895,260
9895,1196
9895,1198
9895,7361
9895,1089
9895,3578
9895,4878
9895,55820
9895,858
103752,6350
103752,6539
103752,1907
103752,5952
103752,76093
103752,81847
103752,1566
103752,58559
103752,3000
103752,1721
91382,4857
91382,2565
91382,73017
91382,1234
91382,539
91382,440
91382,1270
91382,1198
91382,1203
91382,318
44768,4226
44768,593
44768,608
44768,7438
44768,2858
44768,4973
44768,5902
44768,1213
44768,924
44768,3083
95479,8961
95479,6539
95479,69844
95479,6377
95479,3578
95479,72998
95479,54001
95479,5064
95479,5816
95479,2571
136068,541
136068,1196
136068,858
136068,589
136068,527
136068,457
136068,1193
136068,608
136068,1210
136068,60069
49115,2762
49115,1721
49115,1580
49115,4306
49115,2706
49115,6377
49115,344
49115,231
49115,588
49115,377
73800,908
73800,1234
73800,904
73800,1250
73800,750
73800,318
73800,527
73800,912
73800,30749
73800,260
116057,49272
116057,96079
116057,46976
116057,40819
116057,55290
116057,41566
116057,78499
116057,97913
116057,8961
116057,45186
77366,293
77366,4973
77366,541
77366,47
77366,1222
77366,6016
77366,1089
77366,4878
77366,58559
77366,111
38874,34162
38874,2502
38874,356
38874,3052
38874,1617
38874,1221
38874,2918
38874,1101
38874,3107
38874,8972
17856,1213
17856,318
17856,4848
17856,53000
17856,3160
17856,1617
17856,33166
17856,7156
17856,2502
17856,4022
92984,1270
92984,47
92984,318
92984,58559
92984,356
92984,2997
92984,56367
92984,5952
92984,1206
92984,1208
86635,1258
86635,778
86635,32
86635,2858
86635,1197
86635,5669
86635,1089
86635,7438
86635,1732
86635,1198
19455,296
19455,2167
19455,4701
19455,1240
19455,318
19455,33794
19455,4085
19455,7445
19455,8665
19455,1291
12922,2571
12922,593
12922,296
12922,110
12922,1206
12922,2959
12922,858
12922,2858
12922,50
12922,1265
52024,589
52024,1198
52024,1136
52024,2858
52024,4306
52024,4993
52024,1291
52024,3578
52024,480
52024,1270
14976,1196
14976,1275
14976,457
14976,1954
14976,593
14976,2268
14976,1240
14976,1387
14976,2791
14976,1214
54323,1
54323,356
54323,2396
54323,527
54323,920
54323,2324
54323,915
54323,4995
54323,594
54323,4973
3191,4720
3191,5445
3191,6323
3191,2959
3191,1240
3191,7445
3191,1961
3191,253
3191,8644
3191,1200
72341,2858
72341,58559
72341,296
72341,68157
72341,4011
72341,1089
72341,4878
72341,99114
72341,8371
72341,33794
73348,1721
73348,8636
73348,50
73348,919
73348,150
73348,2959
73348,1784
73348,3578
73348,5502
73348,1333
67271,8368
67271,8644
67271,6754
67271,8361
67271,7147
67271,40815
67271,72998
67271,4025
67271,2959
67271,8874
18581,4226
18581,1208
18581,318
18581,1073
18581,4011
18581,593
18581,2542
18581,1213
18581,441
18581,344
113653,3147
113653,46578
113653,1271
113653,7147
113653,4973
113653,1258
113653,1246
113653,919
113653,55247
113653,5528
57654,2194
57654,6539
57654,5349
57654,593
57654,318
57654,356
57654,5049
57654,8636
57654,2944
57654,2949
74144,4973
74144,2571
74144,7361
74144,2959
74144,50
74144,1704
74144,593
74144,954
74144,4226
74144,48394
74386,60069
74386,2571
74386,593
74386,318
74386,44555
74386,2329
74386,6016
74386,70286
74386,293
74386,4011
54211,7438
54211,356
54211,1089
54211,58559
54211,1196
54211,593
54211,6539
54211,33794
54211,5418
54211,32587
99774,5418
99774,1198
99774,593
99774,6365
99774,50
99774,7361
99774,3081
99774,2194
99774,6
99774,111
3478,58559
3478,2571
3478,68358
3478,1663
3478,1291
3478,3703
3478,2918
3478,1270
3478,593
3478,2951
56435,32587
56435,2858
56435,318
56435,1089
56435,593
56435,6539
56435,1214
56435,32
56435,7438
56435,6874
120841,527
120841,608
120841,6942
120841,17
120841,25
120841,1968
120841,337
120841,2324
120841,4034
120841,1193
73959,1291
73959,953
73959,1674
73959,3671
73959,3361
73959,1259
73959,1
73959,5952
73959,4993
73959,1207
8703,111
8703,3081
8703,1921
8703,1645
8703,4720
8703,4878
8703,2455
8703,1213
8703,4262
8703,356
112204,6874
112204,59315
112204,4963
112204,5445
112204,1580
112204,1265
112204,78499
112204,1240
112204,68157
112204,73017
97687,40815
97687,4963
97687,6377
97687,60069
97687,58559
97687,4886
97687,1
97687,356
97687,50872
97687,2355
93532,1036
93532,1663
93532,1291
93532,1210
93532,8961
93532,2918
93532,318
93532,1220
93532,589
93532,671
60759,32
60759,1089
60759,4878
60759,2329
60759,1214
60759,55820
60759,2858
60759,593
60759,58559
60759,50
39976,1210
39976,589
39976,1196
39976,593
39976,296
39976,592
39976,6874
39976,480
39976,3793
39976,780
112814,4963
112814,2762
112814,480
112814,1198
112814,110
112814,4306
112814,33794
112814,4993
112814,48516
112814,588
112762,48738
112762,1196
112762,42418
112762,6552
112762,1284
112762,2288
112762,79132
112762,924
112762,2366
112762,6440
20301,81845
20301,48780
20301,7153
20301,5064
20301,8368
20301,5349
20301,54001
20301,76093
20301,4306
20301,318
15475,58559
15475,78499
15475,4886
15475,2959
15475,40815
15475,5218
15475,73017
15475,356
15475,4993
15475,4896
116104,1580
116104,648
116104,2028
116104,110
116104,4270
116104,1527
116104,8371
116104,3996
116104,3555
116104,150
125563,47
125563,50
125563,4306
125563,5952
125563,4993
125563,527
125563,4973
125563,5971
125563,32
125563,1197
32454,924
32454,527
32454,2762
32454,1265
32454,4034
32454,1
32454,2028
32454,2692
32454,1961
32454,4306
34289,8870
34289,33679
34289,8644
34289,27788
34289,45499
34289,44191
34289,37386
34289,7254
34289,8361
34289,51412
95435,858
95435,50
95435,1198
95435,47
95435,541
95435,2028
95435,480
95435,527
95435,1214
95435,2858
137161,2858
137161,4993
137161,2959
137161,318
137161,4226
137161,6874
137161,32587
137161,1196
137161,7361
137161,5952
93448,48516
93448,50872
93448,260
93448,2959
93448,49530
93448,64614
93448,1196
93448,3793
93448,98809
93448,4896
115267,1371
115267,58559
115267,5445
115267,4896
115267,2571
115267,60069
115267,91500
115267,4995
115267,356
115267,73017
132452,44191
132452,1214
132452,54286
132452,3578
132452,4011
132452,5445
132452,70286
132452,293
132452,1198
132452,72998
39292,2571
39292,1197
39292,364
39292,1210
39292,2291
39292,1270
39292,33493
39292,5349
39292,56367
39292,919
17263,594
17263,6377
17263,3949
17263,7361
17263,296
17263,4306
17263,551
17263,4878
17263,2858
17263,5971
96011,2291
96011,6874
96011,1997
96011,7451
96011,2174
96011,2858
96011,8874
96011,7022
96011,41571
96011,6539
124524,2329
124524,5618
124524,60069
124524,1221
124524,858
124524,2542
124524,4011
124524,1206
124524,6377
124524,1203
115055,46578
115055,56782
115055,48780
115055,48696
115055,55805
115055,56788
115055,55247
115055,44191
115055,49272
115055,48738
18493,76093
18493,4306
18493,60069
18493,4886
18493,6377
18493,5349
18493,8368
18493,40815
18493,86833
18493,2918
38027,79132
38027,2858
38027,47
38027,3578
38027,3147
38027,32
38027,7153
38027,293
38027,1089
38027,4306
10630,6711
10630,2329
10630,44191
10630,69757
10630,2997
10630,48043
10630,79132
10630,6016
10630,318
10630,46976
17813,44191
17813,2571
17813,4973
17813,318
17813,7361
17813,68954
17813,56757
17813,60069
17813,48394
17813,8961
78116,356
78116,2762
78116,47
78116,3147
78116,6539
78116,48780
78116,6377
78116,68954
78116,44191
78116,4963
124591,908
124591,4022
124591,4308
124591,750
124591,910
124591,7147
124591,5618
124591,46578
124591,922
124591,1732
41481,1580
41481,593
41481,2959
41481,608
41481,527
41481,1732
41481,5989
41481,778
41481,70286
41481,1
94975,380
94975,4262
94975,1210
94975,33493
94975,2959
94975,349
94975,165
94975,1258
94975,344
94975,733
33035,318
33035,2502
33035,2028
33035,10
33035,1073
33035,3578
33035,78499
33035,48780
33035,3793
33035,45517
93802,47
93802,32
93802,2858
93802,2959
93802,2571
93802,1089
93802,50
93802,592
93802,1270
93802,1198
123044,1089
123044,5952
123044,2028
123044,4011
123044,527
123044,33794
123044,589
123044,1193
123044,44191
123044,1200
40446,4011
40446,1244
40446,223
40446,912
40446,3160
40446,2542
40446,2502
40446,1247
40446,2324
40446,46976
88745,1210
88745,50
88745,4963
88745,1527
88745,4011
88745,49272
88745,79132
88745,72998
88745,457
88745,60069
4879,5816
4879,318
4879,356
4879,4963
4879,5349
4879,5418
4879,68157
4879,3147
4879,593
4879,41566
106934,4306
106934,6377
106934,27815
106934,68954
106934,4973
106934,78499
106934,58559
106934,63082
106934,356
106934,4995
18989,44191
18989,318
18989,47
18989,1089
18989,1210
18989,8874
18989,49272
18989,1136
18989,541
18989,54995
114477,1291
114477,33794
114477,1196
114477,8961
114477,3996
114477,7090
114477,30707
114477,47
114477,2571
114477,589
61957,260
61957,4306
61957,5445
61957,5952
61957,5349
61957,1722
61957,780
61957,8360
61957,3793
61957,6377
72464,54286
72464,6
72464,454
72464,50
72464,47
72464,5418
72464,49530
72464,296
72464,68159
72464,858
36632,48394
36632,68157
36632,68237
36632,2916
36632,2329
36632,48774
36632,110
36632,356
36632,5349
36632,293
65758,2028
65758,48774
65758,32
65758,4973
65758,2329
65758,1527
65758,50872
65758,589
65758,165
65758,260
80690,8961
80690,3994
80690,6863
80690,2542
80690,4816
80690,4246
80690,4344
80690,3623
80690,150
80690,480
11457,4306
11457,4308
11457,356
11457,500
11457,1961
11457,6377
11457,47
11457,593
11457,2706
11457,4963
53368,50872
53368,6870
53368,56782
53368,1298
53368,46578
53368,27773
53368,6377
53368,60684
53368,63082
53368,5956
106676,33660
106676,54736
106676,2194
106676,4448
106676,16
106676,4776
106676,48304
106676,97923
106676,3386
106676,80906
26277,2329
26277,3949
26277,6870
26277,8798
26277,1784
26277,6502
26277,1387
26277,1343
26277,3481
26277,30812
89794,1197
89794,2396
89794,608
89794,318
89794,4027
89794,527
89794,5952
89794,34
89794,356
89794,4886
31573,55442
31573,96821
31573,109374
31573,61240
31573,76251
31573,69757
31573,2858
31573,79132
31573,101088
31573,5617
62700,8961
62700,34162
62700,45431
62700,40583
62700,30812
62700,39292
62700,27790
62700,8950
62700,47610
62700,32031
86719,2194
86719,16
86719,368
86719,4306
86719,3916
86719,5956
86719,832
86719,6874
86719,253
86719,2012
128236,1197
128236,1198
128236,111
128236,1213
128236,4011
128236,904
128236,778
128236,1732
128236,3897
128236,1252
64779,593
64779,2858
64779,357
64779,3408
64779,364
64779,1198
64779,3418
64779,2959
64779,1704
64779,587
3650,5349
3650,6377
3650,58559
3650,4963
3650,4993
3650,59315
3650,73017
3650,28
3650,79132
3650,91542
37804,33794
37804,5349
37804,2797
37804,3360
37804,1265
37804,1136
37804,2791
37804,150
37804,3897
37804,1617
62298,4226
62298,47
62298,527
62298,541
62298,608
62298,318
62298,1089
62298,1213
62298,2019
62298,750
2966,34162
2966,5299
2966,2396
2966,6942
2966,1136
2966,318
2966,3948
2966,539
2966,56367
2966,1073
83347,527
83347,110
83347,593
83347,4226
83347,4011
83347,48516
83347,3275
83347,44665
83347,54286
83347,4878
113618,4226
113618,150
113618,1
113618,318
113618,2028
113618,5989
113618,364
113618,6870
113618,4034
113618,589
135319,1208
135319,260
135319,2028
135319,858
135319,2959
135319,356
135319,1213
135319,2762
135319,1270
135319,380
110177,68157
110177,2959
110177,58559
110177,68954
110177,50
110177,4226
110177,55820
110177,2810
110177,6711
110177,48780
109463,589
109463,48780
109463,2959
109463,7153
109463,32587
109463,44191
109463,1240
109463,44665
109463,1200
109463,1270
122093,318
122093,912
122093,8665
122093,593
122093,903
122093,969
122093,26614
122093,950
122093,79132
122093,33794
56634,2918
56634,50
56634,79132
56634,58559
56634,1265
56634,47
56634,1682
56634,589
56634,1213
56634,5989
58311,2571
58311,5952
58311,1517
58311,4963
58311,8636
58311,457
58311,6333
58311,2502
58311,480
58311,1580
45322,110
45322,3578
45322,318
45322,33794
45322,8636
45322,6377
45322,5418
45322,4995
45322,3147
45322,50
20356,5418
20356,32587
20356,296
20356,2571
20356,32
20356,50
20356,1270
20356,4963
20356,6874
20356,1198
40420,1270
40420,5349
40420,2081
40420,364
40420,594
40420,3097
40420,110
40420,1269
40420,1097
40420,2208
50499,91529
50499,6333
50499,71535
50499,1210
50499,7438
50499,589
50499,1982
50499,8874
50499,1977
50499,296
97806,296
97806,91542
97806,2706
97806,1527
97806,3578
97806,6365
97806,780
97806,6934
97806,110
97806,72998
15715,2858
15715,441
15715,56715
15715,54503
15715,58559
15715,32587
15715,2918
15715,61024
15715,2395
15715,1197
107372,2571
107372,2959
107372,1221
107372,2858
107372,858
107372,2762
107372,2502
107372,923
107372,30749
107372,904
4429,2858
4429,4226
4429,79132
4429,318
4429,1213
4429,48394
4429,81591
4429,1222
4429,4878
4429,4973
85241,54001
85241,44191
85241,49272
85241,3793
85241,87232
85241,68358
85241,69844
85241,6333
85241,88125
85241,53125
85619,480
85619,541
85619,2329
85619,1206
85619,1580
85619,4306
85619,1
85619,79132
85619,1198
85619,1291
91478,648
91478,1262
91478,54997
91478,480
91478,6539
91478,47610
91478,858
91478,8972
91478,933
91478,98961
62118,58559
62118,1258
62118,32
62118,68237
62118,541
62118,1682
62118,48780
62118,296
62118,1270
62118,1527
5043,2700
5043,2011
5043,5952
5043,3552
5043,1405
5043,4678
5043,2329
5043,47
5043,785
5043,2012
88525,1387
88525,110
88525,1923
88525,2791
88525,4085
88525,34162
88525,1090
88525,608
88525,5952
88525,7153
10774,1278
10774,3360
10774,33660
10774,8949
10774,1231
10774,3421
10774,8958
10774,40819
10774,6565
10774,2502
15387,1230
15387,2959
15387,858
15387,2599
15387,260
15387,2918
15387,1208
15387,4914
15387,4848
15387,50
56755,7153
56755,2571
56755,356
56755,4011
56755,1198
56755,608
56755,4878
56755,858
56755,1258
56755,6377
109058,3578
109058,4226
109058,296
109058,163
109058,6333
109058,2329
109058,5418
109058,1090
109058,541
109058,1610
22192,778
22192,32
22192,356
22192,3949
22192,593
22192,1206
22192,46723
22192,293
22192,1704
22192,4993
115515,260
115515,5418
115515,648
115515,1221
115515,4993
115515,2858
115515,2918
115515,2028
115515,1196
115515,44195
1741,60069
1741,42018
1741,44195
1741,8033
1741,911
1741,47629
1741,42197
1741,48982
1741,49957
1741,37729
48277,293
48277,7361
48277,296
48277,318
48277,48516
48277,68157
48277,32
48277,8950
48277,1193
48277,1258
44813,72998
44813,86332
44813,91529
44813,79132
44813,53996
44813,56174
44813,33794
44813,8644
44813,111759
44813,59369
101871,4973
101871,2762
101871,1617
101871,2571
101871,2959
101871,47
101871,1704
101871,1265
101871,111
101871,527
127624,54001
127624,53125
127624,45720
127624,41566
127624,356
127624,8969
127624,4246
127624,53121
127624,597
127624,4306
84929,35836
84929,6936
84929,3552
84929,52245
84929,33495
84929,33794
84929,2804
84929,54272
84929,45722
84929,33493
41765,356
41765,7361
41765,593
41765,4226
41765,50
41765,2571
41765,318
41765,2329
41765,4306
41765,6874
28672,1210
28672,2959
28672,296
28672,3578
28672,99114
28672,103228
28672,49272
28672,5903
28672,91542
28672,73017
33599,68954
33599,72998
33599,3578
33599,58559
33599,59315
33599,50872
33599,73017
33599,6539
33599,45517
33599,8533
125903,40815
125903,30793
125903,8970
125903,40819
125903,46976
125903,8784
125903,33794
125903,50872
125903,31658
125903,27790
110658,2571
110658,1197
110658,26662
110658,6350
110658,1580
110658,1527
110658,4993
110658,3996
110658,7153
110658,741
43863,296
43863,4306
43863,69757
43863,63082
43863,68954
43863,4226
43863,72998
43863,2571
43863,64957
43863,6377
97664,608
97664,3152
97664,1952
97664,50740
97664,1193
97664,1358
97664,2064
97664,923
97664,904
97664,1276
119446,6539
119446,47
119446,4963
119446,2959
119446,260
119446,1196
119446,5349
119446,1210
119446,3052
119446,8360
32372,2115
32372,1573
32372,380
32372,370
32372,5541
32372,4874
32372,1485
32372,442
32372,6333
32372,2167
33588,1961
33588,356
33588,1721
33588,2396
33588,2918
33588,1265
33588,150
33588,593
33588,1784
33588,4014
85965,4306
85965,2028
85965,3578
85965,316
85965,6377
85965,1136
85965,541
85965,1036
85965,648
85965,1356
12998,7361
12998,4226
12998,2571
12998,2959
12998,296
12998,2858
12998,1197
12998,6874
12998,2028
12998,4027
92737,608
92737,1639
92737,1358
92737,3897
92737,296
92737,1094
92737,1673
92737,2571
92737,593
92737,356
121941,3578
121941,1198
121941,2571
121941,4993
121941,6333
121941,2959
121941,1036
121941,6377
121941,5349
121941,5445
35970,32587
35970,7153
35970,10
35970,8644
35970,296
35970,44665
35970,1485
35970,45722
35970,1917
35970,33166
33450,33794
33450,1265
33450,527
33450,2324
33450,2502
33450,858
33450,1198
33450,1961
33450,1617
33450,1136
121234,32
121234,47
121234,2571
121234,55820
121234,2329
121234,593
121234,2858
121234,648
121234,2716
121234,33794
114990,1240
114990,5952
114990,7153
114990,4993
114990,296
114990,356
114990,70286
114990,1
114990,318
114990,316
118466,7361
118466,608
118466,1198
118466,296
118466,50
118466,356
118466,4993
118466,858
118466,5952
118466,7153
68969,2762
68969,608
68969,541
68969,924
68969,1288
68969,1968
68969,1079
68969,1278
68969,3671
68969,1225
32084,5349
32084,316
32084,6377
32084,8961
32084,4963
32084,1722
32084,3175
32084,6979
32084,5418
32084,30793
134293,1203
134293,608
134293,858
134293,7361
134293,2959
134293,318
134293,2762
134293,908
134293,1221
134293,923
84342,1136
84342,541
84342,1225
84342,2571
84342,6377
84342,7153
84342,5952
84342,3996
84342,1196
84342,260
92472,72998
92472,73017
92472,31878
92472,77561
92472,44665
92472,27773
92472,71535
92472,53972
92472,34319
92472,8983
83684,527
83684,2762
83684,2028
83684,2959
83684,2329
83684,589
83684,58559
83684,293
83684,48738
83684,1961
119806,1580
119806,6539
119806,4226
119806,2028
119806,2762
119806,8961
119806,608
119806,377
119806,6377
119806,1240
55856,6502
55856,3147
55856,527
55856,50
55856,2329
55856,316
55856,3793
55856,648
55856,6947
55856,2167
117273,356
117273,2502
117273,593
117273,6711
117273,296
117273,4306
117273,4027
117273,110
117273,1270
117273,32
41630,1196
41630,1089
41630,68157
41630,50
41630,68954
41630,1732
41630,31878
41630,49272
41630,59784
41630,260
47816,33166
47816,34405
47816,34072
47816,35836
47816,34153
47816,48082
47816,40583
47816,45950
47816,55269
47816,33639
126925,589
126925,2028
126925,4896
126925,3275
126925,2571
126925,3114
126925,3671
126925,53972
126925,150
126925,1197
44271,527
44271,60069
44271,318
44271,54286
44271,1960
44271,50872
44271,2762
44271,1225
44271,2997
44271,44191
11401,1235
11401,1272
11401,1950
11401,3019
11401,1201
11401,79132
11401,1240
11401,2918
11401,2859
11401,1270
72283,318
72283,4226
72283,8874
72283,7361
72283,32587
72283,4878
72283,592
72283,1200
72283,47
72283,1198
42744,47
42744,593
42744,111
42744,58559
42744,1206
42744,4878
42744,56367
42744,48394
42744,608
42744,2997
71734,32
71734,1193
71734,2762
71734,296
71734,293
71734,4226
71734,1682
71734,912
71734,4306
71734,7153
116176,2959
116176,33493
116176,3578
116176,589
116176,8961
116176,296
116176,1240
116176,1214
116176,44191
116176,70286
93386,1172
93386,4995
93386,2028
93386,3578
93386,508
93386,2728
93386,1947
93386,1262
93386,1219
93386,3252
55738,61323
55738,68358
55738,48385
55738,56367
55738,55442
55738,57669
55738,72011
55738,1230
55738,56805
55738,54286
71373,1296
71373,86882
71373,1292
71373,7584
71373,898
71373,1269
71373,44555
71373,926
71373,2359
71373,3967
68787,1527
68787,2329
68787,4878
68787,31410
68787,1676
68787,318
68787,3949
68787,2028
68787,1258
68787,1215
59659,8360
59659,364
59659,4306
59659,4993
59659,3114
59659,3751
59659,2571
59659,5349
59659,1580
59659,480
10550,608
10550,8961
10550,1
10550,356
10550,4963
10550,1923
10550,4993
10550,1210
10550,5952
10550,1097
9093,1096
9093,1193
9093,1304
9093,994
9093,6786
9093,800
9093,4886
9093,3361
9093,1
9093,912
36522,296
36522,356
36522,2571
36522,8665
36522,44665
36522,44199
36522,858
36522,2329
36522,1704
36522,1198
88815,6539
88815,59315
88815,4896
88815,77561
88815,5952
88815,7153
88815,4993
88815,3793
88815,89745
88815,2167
112264,541
112264,5445
112264,8874
112264,4306
112264,1200
112264,60684
112264,2761
112264,2012
112264,32
112264,4878
56866,4963
56866,1704
56866,7153
56866,17
56866,3252
56866,1393
56866,4993
56866,5952
56866,1408
56866,79132
35616,6502
35616,2542
35616,47
35616,2858
35616,33794
35616,5349
35616,293
35616,1214
35616,8665
35616,1222
866,55442
866,81847
866,50872
866,111362
866,97304
866,81845
866,110102
866,87222
866,116797
866,88744
137493,1136
137493,32
137493,1215
137493,1587
137493,1222
137493,6874
137493,3000
137493,7099
137493,2288
137493,32587
44679,593
44679,2959
44679,4878
44679,1441
44679,2291
44679,3081
44679,2858
44679,2174
44679,296
44679,2085
42738,2762
42738,2858
42738,5952
42738,4226
42738,7361
42738,1028
42738,6539
42738,2396
42738,1265
42738,899
44752,2858
44752,318
44752,2571
44752,4011
44752,2959
44752,5952
44752,223
44752,47
44752,2542
44752,32
1705,1203
1705,2571
1705,4878
1705,903
1705,6016
1705,296
1705,1617
1705,33794
1705,2329
1705,5995
54154,4886
54154,6377
54154,1
54154,2797
54154,50872
54154,2683
54154,1907
54154,1380
54154,6539
54154,1032
97865,356
97865,48516
97865,527
97865,1198
97865,2329
97865,6016
97865,1193
97865,1136
97865,2762
97865,60069
18830,106782
18830,59315
18830,89745
18830,91529
18830,88125
18830,76093
18830,84152
18830,72998
18830,112175
18830,104841
38010,356
38010,32587
38010,1148
38010,1089
38010,1206
38010,4963
38010,7438
38010,6377
38010,5218
38010,4306
34954,1036
34954,4848
34954,2455
34954,1261
34954,1676
34954,48774
34954,51255
34954,26840
34954,1196
34954,6
55004,7153
55004,2858
55004,32
55004,541
55004,4878
55004,1089
55004,589
55004,110
55004,1036
55004,778
12040,33794
12040,2858
12040,1090
12040,4848
12040,49272
12040,1237
12040,6874
12040,1921
12040,912
12040,37733
117271,1580
117271,1876
117271,2959
117271,8361
117271,34048
117271,260
117271,3578
117271,2762
117271,7163
117271,4226
45597,58559
45597,356
45597,296
45597,4011
45597,49272
45597,50
45597,44665
45597,44191
45597,3000
45597,48394
26308,5418
26308,1961
26308,593
26308,2115
26308,356
26308,296
26308,2396
26308,2987
26308,3114
26308,5989
118061,1198
118061,50
118061,318
118061,356
118061,7153
118061,2542
118061,858
118061,1036
118061,5989
118061,8961
6815,2858
6815,509
6815,7361
6815,4235
6815,778
6815,1246
6815,2959
6815,33166
6815,5995
6815,904
19221,2959
19221,318
19221,4226
19221,4995
19221,63876
19221,55765
19221,55290
19221,8784
19221,4963
19221,6711
94077,48780
94077,296
94077,48516
94077,44665
94077,4011
94077,49530
94077,89745
94077,68157
94077,59315
94077,96610
38574,480
38574,2959
38574,4306
38574,47382
38574,8533
38574,4018
38574,587
38574,40581
38574,377
38574,53125
129584,3578
129584,2959
129584,1
129584,296
129584,588
129584,50
129584,457
129584,6377
129584,1291
129584,2028
25475,7153
25475,5952
25475,2762
25475,4993
25475,1676
25475,6711
25475,50
25475,293
25475,5418
25475,4226
98812,8368
98812,2858
98812,1270
98812,5613
98812,4896
98812,5816
98812,902
98812,293
98812,1246
98812,718
79039,4993
79039,47
79039,296
79039,2858
79039,2762
79039,318
79039,356
79039,5445
79039,5952
79039,7153
109634,8961
109634,4306
109634,59315
109634,7153
109634,4896
109634,5418
109634,33794
109634,4963
109634,70286
109634,72998
138034,31658
138034,7099
138034,4973
138034,1282
138034,26662
138034,6093
138034,2161
138034,1136
138034,48394
138034,2657
53594,1270
53594,2194
53594,1089
53594,3793
53594,2028
53594,4226
53594,858
53594,4085
53594,6539
53594,163
55363,1073
55363,1580
55363,480
55363,2571
55363,41566
55363,4886
55363,3081
55363,2959
55363,588
55363,1
33933,111
33933,2997
33933,1213
33933,5618
33933,6807
33933,55820
33933,924
33933,1222
33933,912
33933,48385
105675,64614
105675,480
105675,7438
105675,3578
105675,6016
105675,96610
105675,4963
105675,68358
105675,60684
105675,38061
110034,480
110034,1291
110034,1580
110034,34162
110034,593
110034,356
110034,150
110034,527
110034,2194
110034,2791
65391,5418
65391,589
65391,2959
65391,457
65391,2028
65391,4226
65391,8665
65391,1210
65391,110
65391,58559
80144,1219
80144,296
80144,2959
80144,2144
80144,1136
80144,2571
80144,4993
80144,1270
80144,1207
80144,1210
29936,4226
29936,364
29936,480
29936,593
29936,344
29936,1136
29936,1265
29936,2683
29936,50
29936,2028
106410,364
106410,1
106410,8961
106410,54272
106410,110
106410,47
106410,5445
106410,44191
106410,45431
106410,4226
96958,1278
96958,1333
96958,837
96958,2174
96958,235
96958,2052
96958,2644
96958,968
96958,2657
96958,1073
134328,2599
134328,1912
134328,39292
134328,36
134328,6869
134328,8973
134328,5878
134328,2976
134328,42418
134328,247
64394,527
64394,589
64394,2858
64394,858
64394,58559
64394,6016
64394,480
64394,1221
64394,55820
64394,2762
75977,33794
75977,58559
75977,318
75977,5952
75977,4306
75977,4963
75977,1721
75977,7346
75977,2858
75977,31685
80307,48516
80307,33794
80307,5418
80307,64614
80307,593
80307,3578
80307,96079
80307,50
80307,54286
80307,49530
71079,1101
71079,4041
71079,2797
71079,1608
71079,4121
71079,590
71079,597
71079,527
71079,1097
71079,349
949,2858
949,60069
949,741
949,3949
949,47
949,296
949,58559
949,5952
949,7153
949,4993
27882,6377
27882,1580
27882,5952
27882,4886
27882,4447
27882,500
27882,31685
27882,1917
27882,8972
27882,2762
135186,6975
135186,25774
135186,8507
135186,8195
135186,3075
135186,4878
135186,3266
135186,48744
135186,42632
135186,6987
131062,2571
131062,527
131062,608
131062,2997
131062,8961
131062,46578
131062,357
131062,4226
131062,1961
131062,4993
97493,1240
97493,72998
97493,260
97493,480
97493,59315
97493,77561
97493,70286
97493,53996
97493,1097
97493,33493
41329,6502
41329,480
41329,589
41329,2959
41329,527
41329,48516
41329,4993
41329,2918
41329,2762
41329,32
132561,7153
132561,8360
132561,4896
132561,1
132561,5991
132561,1207
132561,8366
132561,914
132561,5816
132561,4308
118266,2571
118266,5952
118266,541
118266,1036
118266,924
118266,2529
118266,2987
118266,1387
118266,1214
118266,1197
112253,780
112253,69122
112253,3578
112253,296
112253,91500
112253,480
112253,72998
112253,44191
112253,63082
112253,33794
6349,318
6349,2571
6349,2997
6349,1196
6349,2232
6349,1258
6349,70
6349,3147
6349,356
6349,3996
53013,1221
53013,318
53013,1961
53013,608
53013,1198
53013,111
53013,357
53013,1148
53013,1265
53013,2329
30528,318
30528,293
30528,48516
30528,4993
30528,7438
30528,33794
30528,6874
30528,2997
30528,1527
30528,5902
83018,541
83018,296
83018,50
83018,4973
83018,2571
83018,4886
83018,1198
83018,6539
83018,1291
83018,2858
67019,2396
67019,34
67019,1183
67019,39
67019,1732
67019,480
67019,265
67019,509
67019,1307
67019,1635
76183,1527
76183,2959
76183,6539
76183,2762
76183,1210
76183,5445
76183,72998
76183,2716
76183,1291
76183,318
57517,1721
57517,480
57517,2762
57517,1097
57517,3578
57517,3527
57517,1954
57517,110
57517,2019
57517,1198
1200,6
1200,48780
1200,5989
1200,40278
1200,54272
1200,1127
1200,3949
1200,3703
1200,6365
1200,110
135434,4993
135434,3793
135434,2716
135434,457
135434,380
135434,527
135434,1200
135434,1527
135434,5445
135434,2959
111841,5952
111841,47
111841,7153
111841,4993
111841,32
111841,1527
111841,32587
111841,2997
111841,50
111841,33794
12317,4235
12317,2997
12317,5878
12317,1206
12317,2731
12317,4034
12317,908
12317,923
12317,1193
12317,1617
17784,3967
17784,1234
17784,590
17784,6787
17784,81845
17784,5377
17784,527
17784,318
17784,150
17784,2944
101589,356
101589,318
101589,5349
101589,110
101589,6377
101589,3793
101589,593
101589,33493
101589,592
101589,2959
1757,2959
1757,541
1757,2997
1757,750
1757,4226
1757,6711
1757,1193
1757,3160
1757,3262
1757,29
95562,2571
95562,2858
95562,593
95562,1645
95562,1580
95562,3578
95562,6539
95562,6155
95562,4447
95562,1246
34723,593
34723,48780
34723,296
34723,2329
34723,4878
34723,4226
34723,32
34723,32587
34723,2502
34723,1089
46283,74458
46283,91529
46283,6333
46283,2959
46283,68319
46283,81834
46283,95167
46283,68358
46283,99114
46283,4896
138083,32587
138083,1222
138083,48516
138083,32
138083,4878
138083,7361
138083,6016
138083,2762
138083,58559
138083,2542
39907,1258
39907,260
39907,1196
39907,1089
39907,2571
39907,32
39907,4226
39907,49272
39907,48394
39907,6874
41443,1210
41443,2329
41443,589
41443,32
41443,318
41443,4011
41443,1201
41443,32587
41443,1089
41443,750
37347,7153
37347,6539
37347,364
37347,2006
37347,2571
37347,5952
37347,5349
37347,6333
37347,3793
37347,1552
115802,588
115802,4306
115802,1193
115802,1089
115802,1036
115802,293
115802,2115
115802,1206
115802,1222
115802,364
99334,1136
99334,1223
99334,3751
99334,97913
99334,6377
99334,551
99334,76093
99334,3114
99334,79091
99334,81847
76727,7451
76727,45722
76727,33679
76727,364
76727,54286
76727,4447
76727,7293
76727,2572
76727,54503
76727,2571
45395,593
45395,5618
45395,4306
45395,8970
45395,318
45395,7323
45395,3996
45395,2329
45395,7090
45395,6953
81986,2918
81986,260
81986,4886
81986,1193
81986,527
81986,4226
81986,608
81986,904
81986,1203
81986,2396
72081,1089
72081,68157
72081,1258
72081,8874
72081,61024
72081,55820
72081,79132
72081,1213
72081,74458
72081,2329
18522,3578
18522,110
18522,1270
18522,1
18522,260
18522,356
18522,296
18522,2804
18522,5418
18522,2959
78828,33794
78828,34162
78828,2571
78828,3578
78828,6378
78828,780
78828,5418
78828,2959
78828,32587
78828,2167
82721,3114
82721,5349
82721,1252
82721,4327
82721,3671
82721,2366
82721,4886
82721,899
82721,7386
82721,4085
64480,589
64480,2918
64480,1
64480,318
64480,110
64480,364
64480,2716
64480,1240
64480,50
64480,1584
110442,858
110442,780
110442,2959
110442,1196
110442,2858
110442,590
110442,1580
110442,2762
110442,1291
110442,7153
60179,4306
60179,5952
60179,7153
60179,1136
60179,54259
60179,4014
60179,2291
60179,7147
60179,33794
60179,50872
4340,7090
4340,1136
4340,8360
4340,4886
4340,1907
4340,318
4340,5064
4340,34405
4340,2028
4340,364
78294,2959
78294,4226
78294,593
78294,1089
78294,2858
78294,3101
78294,1242
78294,54997
78294,1196
78294,1266
21429,318
21429,593
21429,7361
21429,1208
21429,3996
21429,2791
21429,6807
21429,4878
21429,293
21429,1214
9885,4306
9885,7153
9885,1193
9885,74458
9885,32587
9885,72998
9885,1704
9885,2324
9885,64622
9885,7438
45838,858
45838,30825
45838,356
45838,1954
45838,5481
45838,6377
45838,5989
45838,364
45838,3948
45838,597
90850,1213
90850,2692
90850,30810
90850,2580
90850,4239
90850,1343
90850,44943
90850,36276
90850,5388
90850,54503
75596,8961
75596,4995
75596,1304
75596,6377
75596,260
75596,2571
75596,4306
75596,1225
75596,2858
75596,8958
131628,6539
131628,318
131628,58559
131628,56949
131628,49286
131628,76093
131628,4973
131628,81847
131628,6377
131628,2762
52957,58559
52957,81845
52957,85414
52957,76093
52957,3869
52957,74458
52957,69757
52957,76251
52957,69122
52957,68157
71011,2858
71011,593
71011,47
71011,1
71011,1198
71011,104
71011,7360
71011,1291
71011,2683
71011,2291
18821,858
18821,2959
18821,318
18821,4226
18821,110
18821,608
18821,293
18821,380
18821,165
18821,1617
77987,1261
77987,1274
77987,2542
77987,7153
77987,4878
77987,6502
77987,4226
77987,6283
77987,1136
77987,44191
136270,2959
136270,3000
136270,4993
136270,750
136270,318
136270,480
136270,4973
136270,48394
136270,1
136270,7361
133275,32
133275,5669
133275,1193
133275,47
133275,1178
133275,6987
133275,1200
133275,4027
133275,1252
133275,2997
29155,356
29155,2918
29155,2028
29155,8961
29155,1682
29155,5445
29155,364
29155,7153
29155,4993
29155,5349
25733,1196
25733,1210
25733,1198
25733,1291
25733,4993
25733,1215
25733,2700
25733,47
25733,2916
25733,110
23436,6377
23436,3489
23436,7147
23436,3897
23436,364
23436,661
23436,2918
23436,2762
23436,367
23436,8961
119581,296
119581,527
119581,4226
119581,318
119581,1207
119581,858
119581,2918
119581,7361
119581,2804
119581,356
103713,111362
103713,40815
103713,106487
103713,59315
103713,73017
103713,60069
103713,5218
103713,63082
103713,4886
103713,4896
114156,4878
114156,31685
114156,8798
114156,30749
114156,8784
114156,6870
114156,8950
114156,8949
114156,6874
114156,7438
27610,318
27610,2329
27610,6188
27610,60753
27610,3275
27610,27831
27610,69481
27610,59022
27610,4011
27610,50
89770,3578
89770,58559
89770,6942
89770,3897
89770,6016
89770,1059
89770,1641
89770,1200
89770,49272
89770,4963
85411,2028
85411,5952
85411,58559
85411,7153
85411,50
85411,32
85411,3578
85411,2858
85411,1196
85411,79132
108605,68157
108605,74789
108605,3949
108605,72998
108605,3578
108605,1206
108605,5418
108605,68954
108605,5349
108605,57669
10126,1
10126,8961
10126,593
10126,4993
10126,6711
10126,48516
10126,5445
10126,4963
10126,44191
10126,1193
36432,223
36432,1248
36432,930
36432,441
36432,26729
36432,37733
36432,1136
36432,2571
36432,2797
36432,2064
102194,260
102194,7361
102194,356
102194,6874
102194,48780
102194,1265
102194,1210
102194,1196
102194,1682
102194,70286
63391,7361
63391,47
63391,1036
63391,593
63391,5377
63391,1967
63391,1680
63391,2571
63391,1258
63391,2161
106465,40819
106465,56367
106465,44195
106465,81845
106465,45950
106465,39292
106465,37741
106465,56152
106465,72011
106465,52975
94091,1213
94091,1193
94091,6711
94091,111
94091,2395
94091,778
94091,1732
94091,8910
94091,1222
94091,608
45027,1961
45027,2671
45027,2058
45027,8529
45027,380
45027,5418
45027,457
45027,1721
45027,6539
45027,7143
65592,593
65592,4226
65592,8784
65592,30810
65592,8949
65592,2762
65592,2692
65592,1747
65592,7147
65592,2948
67751,1196
67751,1210
67751,19
67751,2716
67751,2571
67751,150
67751,780
67751,377
67751,1240
67751,380
138343,527
138343,1221
138343,593
138343,1997
138343,5995
138343,1704
138343,30707
138343,3499
138343,6711
138343,3147
138280,80463
138280,527
138280,97921
138280,5995
138280,356
138280,98961
138280,96821
138280,58559
138280,5989
138280,64622
63119,70286
63119,53972
63119,54286
63119,71530
63119,60072
63119,34319
63119,66171
63119,60040
63119,8985
63119,6534
89354,2959
89354,858
89354,110
89354,4262
89354,527
89354,1221
89354,50
89354,58559
89354,1201
89354,608
46443,6539
46443,593
46443,3408
46443,296
46443,6874
46443,4993
46443,2329
46443,5679
46443,4022
46443,6377
118213,2028
118213,356
118213,593
118213,64614
118213,33794
118213,527
118213,99114
118213,1222
118213,26007
118213,111759
95912,5952
95912,318
95912,7153
95912,593
95912,6874
95912,54286
95912,1208
95912,7438
95912,1196
95912,293
133530,3793
133530,1704
133530,1
133530,2918
133530,1270
133530,1136
133530,296
133530,5418
133530,6377
133530,1198
1627,39183
1627,8949
1627,48774
1627,36517
1627,40583
1627,37741
1627,38886
1627,45210
1627,41997
1627,1230
61000,32587
61000,31658
61000,46530
61000,38061
61000,46976
61000,45431
61000,37733
61000,37729
61000,44761
61000,33493
58935,480
58935,5445
58935,1210
58935,260
58935,1196
58935,3578
58935,110
58935,7438
58935,4995
58935,4963
78106,2987
78106,750
78106,38038
78106,26662
78106,1
78106,1220
78106,2968
78106,3114
78106,3508
78106,1303
97049,81834
97049,67734
97049,3499
97049,64575
97049,337
97049,1258
97049,74789
97049,1997
97049,74685
97049,1242
20050,6350
20050,6773
20050,62336
20050,1199
20050,7099
20050,2761
20050,541
20050,7361
20050,4973
20050,296
91093,4878
91093,2762
91093,356
91093,7361
91093,5952
91093,2329
91093,4973
91093,858
91093,1073
91093,1210
73445,1198
73445,356
73445,57640
73445,1136
73445,1748
73445,353
73445,2174
73445,4963
73445,52722
73445,46530
133825,3334
133825,1945
133825,3365
133825,3068
133825,8494
133825,1283
133825,3095
133825,2871
133825,7056
133825,7216
45225,110
45225,8644
45225,51662
45225,4306
45225,78499
45225,5418
45225,73017
45225,110102
45225,96079
45225,50872
44446,1777
44446,3916
44446,356
44446,2918
44446,1704
44446,588
44446,8784
44446,1682
44446,8641
44446,6378
40726,79132
40726,58559
40726,69122
40726,74458
40726,99114
40726,7143
40726,318
40726,2571
40726,2959
40726,51662
52169,3448
52169,6979
52169,1584
52169,2763
52169,1580
52169,2321
52169,1610
52169,2716
52169,3039
52169,1356
91080,2011
91080,5618
91080,784
91080,1214
91080,2700
91080,3438
91080,1961
91080,33493
91080,5445
91080,1029
77548,1208
77548,912
77548,260
77548,1136
77548,1213
77548,1210
77548,5060
77548,2194
77548,4327
77548,6808
108400,1214
108400,2712
108400,1219
108400,2186
108400,750
108400,4720
108400,1260
108400,1222
108400,6953
108400,5291
74351,71535
74351,31878
74351,60684
74351,3114
74351,5349
74351,54503
74351,3793
74351,1517
74351,588
74351,6539
128246,44191
128246,1240
128246,6333
128246,2028
128246,54286
128246,5418
128246,2000
128246,51662
128246,593
128246,733
83022,1270
83022,329
83022,2012
83022,1580
83022,33493
83022,5378
83022,2683
83022,3175
83022,5459
83022,2011
73100,1240
73100,1291
73100,260
73100,1196
73100,2193
73100,2918
73100,1200
73100,1257
73100,33794
73100,1215
15108,70286
15108,66097
15108,76093
15108,50872
15108,38061
15108,72011
15108,63859
15108,45517
15108,51255
15108,72998
113343,1270
113343,2959
113343,2571
113343,2762
113343,1136
113343,1097
113343,4973
113343,1197
113343,527
113343,8961
119152,7361
119152,55820
119152,608
119152,6711
119152,48774
119152,2318
119152,56367
119152,1732
119152,33166
119152,36276
29249,48394
29249,34405
29249,1212
29249,44191
29249,40583
29249,912
29249,1248
29249,41997
29249,48516
29249,904
18773,2959
18773,72378
18773,66171
18773,72308
18773,56921
18773,68791
18773,2762
18773,27611
18773,2232
18773,59369
68558,1968
68558,48394
68558,32587
68558,44191
68558,64614
68558,70286
68558,52952
68558,80463
68558,2997
68558,527
83823,60069
83823,59501
83823,45499
83823,77561
83823,97304
83823,81564
83823,51698
83823,53322
83823,87430
83823,45722
108508,6377
108508,1035
108508,1907
108508,4886
108508,1073
108508,4016
108508,919
108508,6785
108508,356
108508,2687
103553,6377
103553,2762
103553,4973
103553,7153
103553,1682
103553,527
103553,1246
103553,4720
103553,1210
103553,7323
84942,47
84942,4306
84942,296
84942,4973
84942,2324
84942,356
84942,1213
84942,2028
84942,4963
84942,3793
7662,2762
7662,6377
7662,3578
7662,4963
7662,6539
7662,47
7662,4226
7662,1961
7662,318
7662,1721
97437,81845
97437,4306
97437,2268
97437,48516
97437,1097
97437,59369
97437,1408
97437,4226
97437,63082
97437,1198
126501,6373
126501,6377
126501,6539
126501,4306
126501,8360
126501,4718
126501,1580
126501,6874
126501,6365
126501,45499
35090,260
35090,588
35090,589
35090,4306
35090,3578
35090,3996
35090,44191
35090,1196
35090,1210
35090,4963
126527,33166
126527,8949
126527,39183
126527,36517
126527,34162
126527,55820
126527,49272
126527,44191
126527,40819
126527,54286
127131,79132
127131,1258
127131,2291
127131,2288
127131,2174
127131,1199
127131,1241
127131,33004
127131,54995
127131,58559
41281,74458
41281,555
41281,8957
41281,58559
41281,4011
41281,288
41281,2231
41281,1240
41281,356
41281,2028
108070,648
108070,5445
108070,1214
108070,1580
108070,3793
108070,1197
108070,1704
108070,1961
108070,2916
108070,1
56568,8961
56568,4886
56568,73017
56568,4963
56568,60069
56568,1198
56568,318
56568,48780
56568,8360
56568,69844
37153,2959
37153,79132
37153,81845
37153,81591
37153,4993
37153,48394
37153,5971
37153,80463
37153,46578
37153,53123
121522,4886
121522,46578
121522,6377
121522,919
121522,2291
121522,588
121522,5299
121522,63082
121522,7361
121522,6863
11867,8638
11867,56367
11867,2396
11867,595
11867,8961
11867,3067
11867,8873
11867,7323
11867,4306
11867,2692
42742,110
42742,1307
42742,1246
42742,150
42742,541
42742,3471
42742,6377
42742,2716
42742,1097
42742,2959
124067,5989
124067,58559
124067,3578
124067,47
124067,527
124067,79132
124067,5816
124067,4896
124067,4226
124067,858
116409,778
116409,5418
116409,2762
116409,593
116409,4034
116409,5956
116409,32587
116409,1625
116409,5673
116409,2890
15423,527
15423,2997
15423,356
15423,357
15423,6711
15423,1784
15423,337
15423,508
15423,5299
15423,4306
63618,1136
63618,33794
63618,3000
63618,6618
63618,1278
63618,4027
63618,1025
63618,1
63618,59315
63618,68358
60818,7361
60818,2291
60818,1221
60818,4995
60818,1580
60818,1704
60818,5418
60818,32587
60818,2716
60818,6377
53329,2028
53329,2858
53329,1923
53329,2916
53329,1213
53329,608
53329,377
53329,293
53329,33794
53329,6874
60822,2571
60822,59315
60822,33794
60822,33493
60822,48774
60822,60684
60822,32587
60822,2959
60822,4878
60822,57368
29056,595
29056,1230
29056,1197
29056,30810
29056,441
29056,33166
29056,527
29056,4577
29056,288
29056,41997
56184,3869
56184,2379
56184,165
56184,8810
56184,34520
56184,1036
56184,4718
56184,4367
56184,33646
56184,3977
81186,909
81186,2726
81186,4426
81186,6774
81186,2551
81186,8195
81186,3362
81186,1198
81186,1288
81186,3152
61737,71530
61737,85414
61737,7827
61737,1584
61737,3702
61737,1917
61737,1573
61737,442
61737,353
61737,4848
115166,500
115166,68954
115166,551
115166,1721
115166,56367
115166,78499
115166,6377
115166,1136
115166,79702
115166,2571
133895,2028
133895,527
133895,6377
133895,6565
133895,4306
133895,1246
133895,8368
133895,1270
133895,457
133895,5989
51438,589
51438,32
51438,1610
51438,733
51438,316
51438,1148
51438,2683
51438,648
51438,1270
51438,1200
94006,356
94006,50872
94006,4973
94006,5218
94006,73017
94006,2396
94006,86882
94006,4995
94006,91542
94006,5995
65969,1291
65969,1
65969,2916
65969,2959
65969,593
65969,377
65969,1584
65969,2174
65969,150
65969,5349
138145,1
138145,780
138145,104
138145,356
138145,6539
138145,1240
138145,3578
138145,344
138145,3114
138145,5418
18322,48774
18322,48516
18322,3949
18322,778
18322,750
18322,1732
18322,68157
18322,3000
18322,2997
18322,2542
52462,44191
52462,46578
52462,55820
52462,8874
52462,30810
52462,8949
52462,48774
52462,39183
52462,34437
52462,8784
36910,356
36910,904
36910,593
36910,2571
36910,5952
36910,260
36910,912
36910,911
36910,68954
36910,48394
38607,46578
38607,318
38607,88810
38607,4886
38607,78499
38607,79132
38607,60069
38607,80463
38607,58559
38607,4995
103859,2571
103859,4226
103859,922
103859,1213
103859,5291
103859,593
103859,2726
103859,527
103859,44555
103859,48516
75509,588
75509,110
75509,2028
75509,780
75509,480
75509,49530
75509,733
75509,51662
75509,44199
75509,86332
71641,2571
71641,1210
71641,7153
71641,8636
71641,6333
71641,1080
71641,296
71641,4973
71641,589
71641,356
92085,1682
92085,1097
92085,1784
92085,84152
92085,89492
92085,91500
92085,84392
92085,72641
92085,97921
92085,150
5507,1527
5507,3578
5507,8644
5507,4306
5507,4896
5507,6539
5507,150
5507,380
5507,2683
5507,1220
126304,4027
126304,3703
126304,7153
126304,1219
126304,5952
126304,4993
126304,589
126304,5464
126304,1227
126304,2571
52410,2028
52410,110
52410,6016
52410,2329
52410,1208
52410,4027
52410,1527
52410,589
52410,2762
52410,16
131372,1270
131372,2762
131372,480
131372,1214
131372,1258
131372,253
131372,296
131372,5952
131372,1
131372,5679
41040,4886
41040,6377
41040,1022
41040,2687
41040,2096
41040,616
41040,2
41040,41566
41040,1270
41040,2087
23646,47
23646,924
23646,8983
23646,5618
23646,48394
23646,4306
23646,4973
23646,33794
23646,60069
23646,5690
50546,50
50546,2959
50546,1136
50546,4886
50546,8961
50546,1
50546,110
50546,33794
50546,3114
50546,47
135789,4306
135789,593
135789,2858
135789,527
135789,5377
135789,1246
135789,8368
135789,2424
135789,1961
135789,1704
56219,589
56219,4886
56219,1580
56219,60069
56219,2000
56219,50872
56219,1240
56219,5418
56219,1197
56219,2011
71750,48394
71750,58559
71750,4995
71750,64614
71750,1198
71750,7361
71750,5995
71750,4878
71750,1580
71750,1270
25175,4878
25175,39183
25175,4979
25175,2692
25175,7438
25175,44191
25175,32587
25175,6874
25175,4641
25175,2395
118152,3147
118152,4022
118152,2918
118152,1393
118152,1961
118152,2797
118152,608
118152,69122
118152,1682
118152,1527
125896,49272
125896,33794
125896,58559
125896,52973
125896,69122
125896,48516
125896,32587
125896,8784
125896,33166
125896,44195
13283,4306
13283,4886
13283,8961
13283,5952
13283,7153
13283,8360
13283,40815
13283,4993
13283,899
13283,6593
125838,47
125838,51255
125838,541
125838,2858
125838,318
125838,593
125838,3996
125838,1517
125838,2716
125838,7981
25250,4878
25250,2762
25250,17
25250,4886
25250,46578
25250,4973
25250,1246
25250,8970
25250,2571
25250,2324
19285,6539
19285,5952
19285,6537
19285,1527
19285,3977
19285,1580
19285,3623
19285,367
19285,648
19285,6377
7016,110
7016,1270
7016,1704
7016,1
7016,318
7016,364
7016,2762
7016,527
7016,3578
7016,6377
264,8368
264,40815
264,6539
264,1136
264,8961
264,5618
264,4973
264,2918
264,1968
264,1265
34501,4306
34501,480
34501,2571
34501,72998
34501,318
34501,2028
34501,33794
34501,49272
34501,7143
34501,8132
43380,2858
43380,1089
43380,4226
43380,2542
43380,33794
43380,57669
43380,8961
43380,7361
43380,1704
43380,165
6838,1213
6838,6539
6838,4226
6838,5995
6838,4011
6838,6874
6838,260
6838,1196
6838,1198
6838,2858
26582,5989
26582,40819
26582,55276
26582,1219
26582,908
26582,7451
26582,2248
26582,593
26582,96610
26582,50
69572,60069
69572,76093
69572,79132
69572,1136
69572,99114
69572,4878
69572,78499
69572,112852
69572,1197
69572,1884
48000,1653
48000,7361
48000,2762
48000,1682
48000,4720
48000,7451
48000,3897
48000,4975
48000,356
48000,4963
43087,1213
43087,4973
43087,2959
43087,904
43087,4226
43087,111
43087,60069
43087,48516
43087,908
43087,260
25826,1198
25826,318
25826,457
25826,1240
25826,1307
25826,589
25826,141
25826,592
25826,1291
25826,1220
27813,40815
27813,318
27813,8360
27813,6385
27813,4370
27813,527
27813,5445
27813,32
27813,41566
27813,4246
120276,4993
120276,27831
120276,55820
120276,4878
120276,8961
120276,3147
120276,4223
120276,7147
120276,51662
120276,54503
10139,1214
10139,593
10139,2947
10139,296
10139,1213
10139,1253
10139,318
10139,1193
10139,3801
10139,1997
68114,60069
68114,58559
68114,1721
68114,56367
68114,41566
68114,40629
68114,3081
68114,4014
68114,44191
68114,5218
15825,260
15825,2617
15825,2502
15825,6377
15825,1
15825,3717
15825,919
15825,5218
15825,8961
15825,500
80359,8961
80359,55820
80359,1136
80359,1196
80359,2571
80359,356
80359,1278
80359,593
80359,50
80359,2795
128582,19
128582,10
128582,356
128582,2916
128582,480
128582,1036
128582,2571
128582,3578
128582,2683
128582,1923
85657,2571
85657,2329
85657,3147
85657,7361
85657,6377
85657,912
85657,3176
85657,111
85657,48516
85657,293
23452,162
23452,2076
23452,4437
23452,910
23452,2010
23452,2648
23452,3504
23452,6639
23452,1285
23452,593
85514,1200
85514,318
85514,593
85514,68157
85514,4262
85514,1080
85514,111
85514,608
85514,1221
85514,44555
41496,1198
41496,7569
41496,1748
41496,1240
41496,1333
41496,908
41496,1288
41496,260
41496,1274
41496,1291
82968,33794
82968,51662
82968,48780
82968,40815
82968,49272
82968,48774
82968,51255
82968,32587
82968,595
82968,364
13379,1197
13379,1136
13379,858
13379,1278
13379,593
13379,3671
13379,2791
13379,3508
13379,1221
13379,33794
116943,3897
116943,1968
116943,2571
116943,5669
116943,79132
116943,8961
116943,3793
116943,527
116943,48780
116943,4720
130746,6942
130746,56949
130746,49286
130746,97921
130746,96821
130746,31685
130746,69757
130746,95167
130746,5218
130746,59369
34350,7153
34350,1250
34350,920
34350,2728
34350,1617
34350,5013
34350,1287
34350,5902
34350,903
34350,150
96334,4993
96334,1198
96334,648
96334,2959
96334,589
96334,1
96334,593
96334,380
96334,2028
96334,592
50003,36517
50003,40583
50003,48516
50003,49272
50003,55276
50003,48738
50003,6787
50003,33794
50003,44555
50003,44199
29143,3089
29143,6016
29143,908
29143,6920
29143,123
29143,2076
29143,1244
29143,5971
29143,7564
29143,296
57647,7438
57647,356
57647,32587
57647,4226
57647,2858
57647,47
57647,2329
57647,4993
57647,3000
57647,1089
51587,377
51587,4776
51587,4344
51587,6059
51587,8529
51587,33679
51587,44199
51587,2858
51587,7143
51587,1270
126515,3114
126515,260
126515,4886
126515,150
126515,2571
126515,6539
126515,356
126515,4963
126515,5349
126515,1073
40141,7361
40141,47
40141,608
40141,2858
40141,4226
40141,4878
40141,175
40141,318
40141,1089
40141,1206
98350,1193
98350,2959
98350,4226
98350,1213
98350,50
98350,1233
98350,608
98350,1219
98350,2858
98350,1945
16227,1732
16227,50
16227,60684
16227,5418
16227,858
16227,4085
16227,1261
16227,2115
16227,370
16227,356
12531,908
12531,913
12531,750
12531,950
12531,608
12531,1234
12531,5120
12531,911
12531,1291
12531,1210
21344,91529
21344,8961
21344,4306
21344,33794
21344,2571
21344,6539
21344,1291
21344,4963
21344,5349
21344,3578
96972,1274
96972,480
96972,33794
96972,7099
96972,2571
96972,2762
96972,2716
96972,5971
96972,31658
96972,32587
126669,356
126669,68954
126669,296
126669,318
126669,69481
126669,97304
126669,69122
126669,64614
126669,593
126669,88129
26893,52328
26893,3949
26893,589
26893,48516
26893,27773
26893,1222
26893,2858
26893,5445
26893,8950
26893,1206
131710,4973
131710,1219
131710,1258
131710,5971
131710,1193
131710,111
131710,5618
131710,1729
131710,2858
131710,778
10568,6383
10568,6548
10568,53322
10568,58025
10568,7143
10568,64030
10568,36519
10568,1527
10568,5903
10568,5507
101900,1214
101900,541
101900,442
101900,293
101900,1676
101900,608
101900,50
101900,2021
101900,2985
101900,590
118818,7361
118818,4226
118818,55269
118818,296
118818,1193
118818,778
118818,48394
118818,32
118818,58559
118818,82459
132797,780
132797,2028
132797,1270
132797,1
132797,4306
132797,72998
132797,500
132797,68358
132797,593
132797,48516
30279,110
30279,6539
30279,5952
30279,2571
30279,4993
30279,7153
30279,2762
30279,356
30279,33794
30279,1198
56138,593
56138,2571
56138,296
56138,1266
56138,6874
56138,4226
56138,3275
56138,356
56138,553
56138,33794
133948,953
133948,1210
133948,1198
133948,2078
133948,1207
133948,954
133948,908
133948,1
133948,1291
133948,81834
768,51255
768,68157
768,79695
768,70286
768,89745
768,72998
768,69122
768,58295
768,99114
768,68791
44728,4235
44728,593
44728,1089
44728,608
44728,7361
44728,7323
44728,318
44728,4226
44728,1247
44728,1211
50594,50
50594,593
50594,2571
50594,4226
50594,6377
50594,4878
50594,356
50594,3147
50594,1259
50594,7147
135544,32
135544,110
135544,6539
135544,1222
135544,2571
135544,1997
135544,1193
135544,5679
135544,8360
135544,1198
40403,40815
40403,4963
40403,1270
40403,5618
40403,8961
40403,45722
40403,54286
40403,2959
40403,73017
40403,5349
84785,8641
84785,44195
84785,551
84785,8874
84785,8376
84785,919
84785,1288
84785,48516
84785,33794
84785,7438
33787,6993
33787,2858
33787,2973
33787,2918
33787,1200
33787,1244
33787,2571
33787,4027
33787,750
33787,1077
135670,1261
135670,1527
135670,8917
135670,48394
135670,60069
135670,1748
135670,68954
135670,1215
135670,480
135670,32587
86471,102445
86471,68358
86471,480
86471,95167
86471,1240
86471,2115
86471,3793
86471,106696
86471,59784
86471,1197
22253,73321
22253,2762
22253,70286
22253,71530
22253,64716
22253,71379
22253,72380
22253,57368
22253,72605
22253,75985
74034,1193
74034,61240
74034,47
74034,88125
74034,1
74034,2028
74034,3147
74034,608
74034,1387
74034,93840
119256,527
119256,4226
119256,2858
119256,1208
119256,1207
119256,1262
119256,1219
119256,44555
119256,5952
119256,2762
79777,4993
79777,50
79777,318
79777,593
79777,49272
79777,44199
79777,2993
79777,2571
79777,4306
79777,1234
135005,1907
135005,79132
135005,69757
135005,5299
135005,63082
135005,3114
135005,76093
135005,46578
135005,1073
135005,4963
16232,7153
16232,3147
16232,2571
16232,318
16232,3578
16232,2028
16232,1097
16232,4995
16232,1721
16232,4226
18611,91542
18611,87232
18611,48780
18611,86190
18611,81845
18611,63876
18611,45499
18611,96079
18611,44199
18611,68954
110278,318
110278,364
110278,32
110278,48774
110278,44191
110278,2761
110278,588
110278,70286
110278,51255
110278,8874
90133,3
90133,317
90133,500
90133,2694
90133,2054
90133,432
90133,1917
90133,3255
90133,333
90133,2706
88194,5952
88194,4993
88194,6377
88194,2571
88194,2762
88194,72998
88194,59315
88194,3793
88194,318
88194,5445
34398,1240
34398,5618
34398,1206
34398,4993
34398,7013
34398,926
34398,3114
34398,50
34398,1260
34398,2186
237,750
237,541
237,50
237,1214
237,1197
237,1193
237,111
237,1208
237,1617
237,29
72922,4306
72922,8636
72922,1215
72922,2329
72922,1676
72922,7361
72922,2011
72922,7373
72922,2115
72922,1089
59316,48774
59316,593
59316,2858
59316,5902
59316,2762
59316,37733
59316,1214
59316,5349
59316,1377
59316,47
78501,1580
78501,1387
78501,50
78501,1136
78501,750
78501,1222
78501,356
78501,1080
78501,2174
78501,2115
30559,110
30559,33794
30559,32
30559,2028
30559,356
30559,318
30559,4963
30559,6874
30559,5418
30559,1961
131910,293
131910,34437
131910,1747
131910,41285
131910,8949
131910,44195
131910,1682
131910,4306
131910,215
131910,5505
15464,60069
15464,858
15464,1291
15464,1201
15464,58559
15464,1198
15464,541
15464,318
15464,33794
15464,1089
125424,3578
125424,32587
125424,1704
125424,44191
125424,2997
125424,47
125424,3052
125424,48385
125424,50
125424,223
128491,593
128491,2762
128491,1210
128491,318
128491,2858
128491,3793
128491,457
128491,377
128491,1721
128491,592
105768,3429
105768,1136
105768,7153
105768,5618
105768,8961
105768,750
105768,2761
105768,2140
105768,1204
105768,318
47543,1222
47543,3949
47543,344
47543,47
47543,4011
47543,288
47543,2762
47543,48516
47543,4262
47543,1961
51570,356
51570,1527
51570,318
51570,5445
51570,329
51570,6874
51570,6377
51570,48394
51570,6539
51570,1198
76031,110
76031,2571
76031,1704
76031,1213
76031,318
76031,593
76031,4239
76031,7361
76031,33166
76031,1221
4951,1198
4951,1287
4951,595
4951,953
4951,911
4951,933
4951,916
4951,4886
4951,1262
4951,1086
52353,356
52353,63082
52353,68954
52353,5816
52353,6942
52353,4993
52353,69757
52353,5989
52353,2324
52353,1246
102815,480
102815,1036
102815,1291
102815,6378
102815,48516
102815,59315
102815,1580
102815,593
102815,34162
102815,49651
39294,1222
39294,4973
39294,1206
39294,4878
39294,2329
39294,58559
39294,293
39294,6016
39294,4239
39294,175
121650,6333
121650,1527
121650,1199
121650,68358
121650,32
121650,8368
121650,51255
121650,5445
121650,31660
121650,799
76394,2762
76394,500
76394,2959
76394,356
76394,1721
76394,1704
76394,364
76394,597
76394,736
76394,39
13244,5679
13244,1407
13244,2161
13244,45081
13244,4030
13244,8947
13244,6952
13244,53125
13244,1033
13244,97188
131644,1206
131644,1193
131644,110
131644,2232
131644,1387
131644,1208
131644,3578
131644,1275
131644,750
131644,1270
66502,110
66502,296
66502,593
66502,2959
66502,1197
66502,2716
66502,58559
66502,150
66502,1265
66502,33794
87165,2959
87165,69122
87165,4262
87165,34162
87165,1213
87165,55820
87165,58559
87165,68952
87165,1753
87165,8641
57124,2571
57124,1193
57124,480
57124,56782
57124,1097
57124,50
57124,111
57124,46578
57124,1247
57124,5902
7993,8961
7993,49272
7993,59315
7993,260
7993,35836
7993,7153
7993,44191
7993,4963
7993,55765
7993,6874
56844,2571
56844,593
56844,4226
56844,50
56844,356
56844,1222
56844,46578
56844,6874
56844,1193
56844,16
37145,37741
37145,44555
37145,96079
37145,86882
37145,97923
37145,53322
37145,36517
37145,1953
37145,105844
37145,31685
15178,4993
15178,7153
15178,5995
15178,4306
15178,6016
15178,50
15178,1089
15178,8981
15178,2762
15178,527
60361,56782
60361,2936
60361,45210
60361,51540
60361,4419
60361,3741
60361,105504
60361,71462
60361,2731
60361,2366
83639,7153
83639,1291
83639,318
83639,50068
83639,4993
83639,33794
83639,2571
83639,1376
83639,48516
83639,3578
48532,4878
48532,79132
48532,5952
48532,7153
48532,6539
48532,1968
48532,78499
48532,69757
48532,81845
48532,71535
118962,1682
118962,2959
118962,1961
118962,1246
118962,6539
118962,7153
118962,592
118962,4886
118962,2716
118962,3081
89514,745
89514,1210
89514,2571
89514,1197
89514,1225
89514,4306
89514,1356
89514,1270
89514,318
89514,50
76333,1610
76333,527
76333,1036
76333,590
76333,1961
76333,1784
76333,1270
76333,2918
76333,589
76333,161
70046,1580
70046,8961
70046,59784
70046,106487
70046,94777
70046,6550
70046,5459
70046,56171
70046,46335
70046,52287
11589,1617
11589,597
11589,4011
11589,1265
11589,2997
11589,46578
11589,1307
11589,357
11589,1270
11589,1784
92889,593
92889,6377
92889,110
92889,5418
92889,780
92889,1270
92889,4995
92889,50
92889,45722
92889,608
131658,108932
131658,858
131658,111362
131658,4886
131658,356
131658,68358
131658,527
131658,6539
131658,296
131658,33794
7714,593
7714,356
7714,1089
7714,1208
7714,48516
7714,5995
7714,50
7714,6807
7714,1210
7714,1198
60460,79132
60460,1193
60460,2858
60460,1682
60460,68237
60460,608
60460,47
60460,109374
60460,44555
60460,99114
100282,1527
100282,7361
100282,4226
100282,1393
100282,32
100282,6870
100282,780
100282,480
100282,36529
100282,7254
124842,2571
124842,1148
124842,2020
124842,2959
124842,3083
124842,1197
124842,1653
124842,4027
124842,4306
124842,5669
61200,908
61200,1204
61200,1233
61200,1208
61200,5995
61200,38038
61200,1276
61200,2019
61200,4406
61200,858
18955,296
18955,7361
18955,6711
18955,2858
18955,8949
18955,7254
18955,4226
18955,4995
18955,3949
18955,4973
118144,1196
118144,1198
118144,1197
118144,6377
118144,2125
118144,73017
118144,4886
118144,914
118144,3578
118144,54001
58618,4993
58618,5952
58618,45722
58618,58559
58618,33794
58618,59315
58618,260
58618,1036
58618,2012
58618,60069
126588,50872
126588,33166
126588,44191
126588,38038
126588,32587
126588,34405
126588,46578
126588,7090
126588,30810
126588,30793
46035,3578
46035,260
46035,1196
46035,1210
46035,733
46035,3527
46035,2617
46035,1198
46035,1291
46035,110
117144,76077
117144,62434
117144,53972
117144,99112
117144,80463
117144,55820
117144,45499
117144,108932
117144,92507
117144,4623
9814,47
9814,1197
9814,3578
9814,1221
9814,1196
9814,2028
9814,318
9814,1270
9814,4226
9814,30749
68942,44694
68942,72720
68942,55052
68942,49961
68942,46578
68942,44195
68942,51705
68942,54796
68942,63082
68942,48516
57056,47
57056,3499
57056,3052
57056,7361
57056,1407
57056,3477
57056,56367
57056,2572
57056,4979
57056,4239
115113,293
115113,318
115113,1270
115113,541
115113,4993
115113,223
115113,4226
115113,32
115113,1240
115113,70286
31990,110
31990,69122
31990,54286
31990,3578
31990,33794
31990,4306
31990,63131
31990,60756
31990,48516
31990,318
131438,60069
131438,71899
131438,6377
131438,296
131438,1193
131438,68954
131438,3949
131438,32
131438,2542
131438,116797
39623,50872
39623,40819
39623,43917
39623,48780
39623,73017
39623,34072
39623,1954
39623,90866
39623,64957
39623,52722
10772,6377
10772,1258
10772,7387
10772,8874
10772,260
10772,1196
10772,50
10772,919
10772,1214
10772,2321
81196,86882
81196,7064
81196,89904
81196,1219
81196,1333
81196,92259
81196,902
81196,4914
81196,34198
81196,91658
18515,48394
18515,6016
18515,714
18515,31658
18515,1273
18515,4873
18515,41997
18515,3067
18515,40583
18515,4914
102950,2716
102950,1527
102950,480
102950,1291
102950,4973
102950,5349
102950,527
102950,1265
102950,608
102950,1222
117164,1198
117164,54001
117164,2571
117164,40815
117164,8368
117164,1073
117164,4306
117164,58559
117164,1527
117164,56757
113803,4027
113803,356
113803,6218
113803,4246
113803,1704
113803,1293
113803,1678
113803,1961
113803,261
113803,2762
45682,2959
45682,2571
45682,1198
45682,527
45682,2028
45682,1196
45682,2329
45682,589
45682,33660
45682,1270
137661,2858
137661,1200
137661,2959
137661,318
137661,47
137661,1221
137661,1222
137661,1089
137661,608
137661,111
89487,1200
89487,6539
89487,1198
89487,110
89487,1270
89487,364
89487,2028
89487,1
89487,318
89487,316
7186,778
7186,593
7186,1221
7186,1193
7186,2762
7186,4993
7186,1222
7186,1258
7186,55820
7186,1206
137874,2959
137874,4886
137874,296
137874,527
137874,6874
137874,1029
137874,2018
137874,1
137874,593
137874,4306
912,318
912,32587
912,4226
912,4011
912,32
912,593
912,1222
912,7153
912,4993
912,44191
104094,4226
104094,1240
104094,589
104094,2268
104094,110
104094,8798
104094,296
104094,1625
104094,150
104094,733
130561,318
130561,2329
130561,44665
130561,1213
130561,5418
130561,1221
130561,33794
130561,59315
130561,2411
130561,48780
114069,527
114069,1193
114069,50
114069,356
114069,1617
114069,1209
114069,4262
114069,2858
114069,1228
114069,2959
29979,593
29979,2010
29979,1260
29979,3462
29979,908
29979,904
29979,6016
29979,1206
29979,1198
29979,1219
108713,593
108713,4226
108713,7099
108713,3000
108713,858
108713,1199
108713,318
108713,608
108713,1089
108713,750
67886,296
67886,48516
67886,2858
67886,318
67886,50
67886,6016
67886,593
67886,2329
67886,47
67886,7361
118311,595
118311,2081
118311,4306
118311,8360
118311,4886
118311,2018
118311,8368
118311,7153
118311,4993
118311,81847
69910,1
69910,1136
69910,54286
69910,471
69910,2700
69910,111
69910,8949
69910,2791
69910,1197
69910,56788
85630,79132
85630,2959
85630,58559
85630,86882
85630,2571
85630,3897
85630,44555
85630,3089
85630,296
85630,527
30109,2028
30109,527
30109,1089
30109,111
30109,4973
30109,1198
30109,912
30109,1247
30109,1219
30109,1207
53596,480
53596,1704
53596,49530
53596,2858
53596,377
53596,33660
53596,44665
53596,30749
53596,1721
53596,1089
115682,2160
115682,6975
115682,7327
115682,2729
115682,1260
115682,1241
115682,8239
115682,8620
115682,154
115682,2731
15881,2571
15881,48780
15881,47
15881,49530
15881,293
15881,55765
15881,70286
15881,30749
15881,2028
15881,4011
80810,527
80810,3147
80810,2762
80810,3578
80810,2571
80810,58559
80810,150
80810,5989
80810,47610
80810,2324
12073,1961
12073,1097
12073,4306
12073,6377
12073,457
12073,588
12073,597
12073,919
12073,4995
12073,1028
2771,1270
2771,1197
2771,2918
2771,2791
2771,8360
2771,5349
2771,3578
2771,318
2771,33493
2771,41569
26213,356
26213,1246
26213,357
26213,1172
26213,2858
26213,1225
26213,1136
26213,318
26213,296
26213,1193
87680,6377
87680,4306
87680,40629
87680,54001
87680,6942
87680,81845
87680,75341
87680,69844
87680,54286
87680,5816
132133,356
132133,1198
132133,50
132133,3949
132133,55820
132133,260
132133,1196
132133,2502
132133,68954
132133,2762
135775,40732
135775,3499
135775,8957
135775,3476
135775,4725
135775,1345
135775,1347
135775,62203
135775,58964
135775,6820
136624,110
136624,5952
136624,595
136624,3147
136624,2028
136624,2081
136624,3114
136624,5816
136624,33166
136624,2087
62507,4306
62507,6016
62507,99114
62507,296
62507,33166
62507,63082
62507,5995
62507,6870
62507,55820
62507,81845
70395,48516
70395,296
70395,356
70395,5445
70395,68157
70395,5971
70395,750
70395,4027
70395,55442
70395,63082
122392,296
122392,593
122392,49530
122392,3147
122392,4995
122392,1221
122392,2959
122392,30707
122392,4720
122392,6016
32185,1209
32185,1250
32185,1210
32185,6711
32185,2997
32185,1240
32185,1183
32185,4848
32185,588
32185,1228
133059,1961
133059,587
133059,1580
133059,1240
133059,589
133059,4963
133059,6539
133059,4995
133059,733
133059,1544
124465,480
124465,7143
124465,8961
124465,1210
124465,474
124465,1
124465,40815
124465,2194
124465,6
124465,48780
20693,4993
20693,5952
20693,6539
20693,1527
20693,223
20693,1080
20693,34405
20693,3578
20693,6874
20693,1240
1202,4993
1202,32
1202,4262
1202,356
1202,1089
1202,1221
1202,48780
1202,7153
1202,3578
1202,778
8894,58559
8894,296
8894,2959
8894,68157
8894,71535
8894,79132
8894,7361
8894,4878
8894,2329
8894,318
76076,1198
76076,858
76076,293
76076,5952
76076,58559
76076,318
76076,32
76076,527
76076,1201
76076,589
126575,594
126575,953
126575,596
126575,1197
126575,4993
126575,7153
126575,1334
126575,40815
126575,5544
126575,2115
44200,7438
44200,4226
44200,6874
44200,2571
44200,1222
44200,1466
44200,1208
44200,3578
44200,4011
44200,48516
39454,4973
39454,2918
39454,1259
39454,4361
39454,1247
39454,357
39454,6807
39454,1080
39454,7361
39454,3967
61232,593
61232,2571
61232,3000
61232,2858
61232,318
61232,58559
61232,31658
61232,5952
61232,7361
61232,1136
76068,6539
76068,1240
76068,1580
76068,2858
76068,2959
76068,10
76068,1270
76068,527
76068,2278
76068,1923
103285,648
103285,339
103285,953
103285,5418
103285,1372
103285,899
103285,539
103285,1610
103285,954
103285,914
116361,8125
116361,71108
116361,8188
116361,8684
116361,6783
116361,95558
116361,6669
116361,56782
116361,4334
116361,6123
126913,2571
126913,7361
126913,58559
126913,4878
126913,2329
126913,2542
126913,47
126913,260
126913,593
126913,858
103540,356
103540,8961
103540,79132
103540,76093
103540,318
103540,63082
103540,4995
103540,4886
103540,1
103540,91529
61198,1036
61198,47
61198,541
61198,32
61198,2028
61198,858
61198,1089
61198,1198
61198,5445
61198,33794
20175,3578
20175,33004
20175,51662
20175,8961
20175,44022
20175,7458
20175,31696
20175,41566
20175,68954
20175,1080
77058,2683
77058,72226
77058,1136
77058,7143
77058,30810
77058,5956
77058,7438
77058,88744
77058,90866
77058,72011
1840,1196
1840,1060
1840,2959
1840,4306
1840,6377
1840,2804
1840,5418
1840,3098
1840,8961
1840,356
95775,318
95775,608
95775,296
95775,4878
95775,1345
95775,1222
95775,1136
95775,858
95775,2871
95775,4226
13057,1
13057,1206
13057,4226
13057,541
13057,1210
13057,2712
13057,1682
13057,49272
13057,1274
13057,8961
123872,81845
123872,55247
123872,88810
123872,593
123872,92259
123872,3897
123872,55280
123872,1246
123872,4226
123872,69757
49999,35957
49999,37727
49999,33646
49999,32298
49999,31696
49999,39231
49999,37386
49999,34334
49999,38798
49999,27821
83142,7153
83142,4993
83142,50
83142,6377
83142,6711
83142,5418
83142,1193
83142,33794
83142,5989
83142,1213
57505,5989
57505,58559
57505,79132
57505,3147
57505,590
57505,1721
57505,293
57505,3949
57505,3252
57505,2324
69596,4993
69596,3396
69596,2858
69596,5650
69596,5952
69596,1673
69596,2791
69596,4321
69596,2161
69596,6874
12363,37741
12363,30749
12363,44709
12363,30707
12363,8970
12363,58295
12363,39183
12363,45950
12363,35836
12363,44195
100722,7361
100722,4963
100722,1221
100722,4306
100722,44199
100722,39292
100722,1704
100722,1210
100722,1196
100722,3147
56720,480
56720,41569
56720,592
56720,3741
56720,1218
56720,2115
56720,1676
56720,7361
56720,3578
56720,908
93354,56145
93354,8874
93354,57368
93354,2455
93354,68952
93354,1345
93354,4105
93354,5679
93354,58559
93354,1215
79918,3503
79918,1237
79918,1244
79918,307
79918,2076
79918,6270
79918,5690
79918,923
79918,4973
79918,7371
15017,60069
15017,59315
15017,2329
15017,32587
15017,318
15017,4011
15017,55820
15017,7438
15017,44195
15017,6874
54113,30810
54113,37733
54113,34437
54113,34542
54113,36517
54113,31878
54113,6645
54113,32587
54113,27773
54113,36529
29666,2716
29666,4306
29666,296
29666,260
29666,6874
29666,1197
29666,4993
29666,7438
29666,588
29666,1580
34724,2028
34724,3578
34724,32587
34724,2329
34724,260
34724,1196
34724,1210
34724,4878
34724,4226
34724,58559
133746,1527
133746,110
133746,1221
133746,1954
133746,2028
133746,527
133746,4973
133746,30707
133746,1227
133746,99114
121751,1673
121751,6440
121751,2730
121751,3868
121751,2160
121751,924
121751,7419
121751,1273
121751,1305
121751,535
32061,608
32061,1961
32061,923
32061,2858
32061,1266
32061,48780
32061,8949
32061,78574
32061,55290
32061,32
10469,908
10469,593
10469,296
10469,1230
10469,912
10469,1213
10469,4226
10469,318
10469,2997
10469,1278
24192,3793
24192,6333
24192,5349
24192,480
24192,45499
24192,6377
24192,41566
24192,59315
24192,110
24192,589
69852,5952
69852,58559
69852,7153
69852,48394
69852,4993
69852,7361
69852,63082
69852,593
69852,2081
69852,1032
65507,2858
65507,2571
65507,31410
65507,32
65507,4011
65507,1222
65507,4878
65507,4993
65507,7361
65507,47
46735,260
46735,1196
46735,356
46735,79132
46735,33794
46735,318
46735,1198
46735,4878
46735,44191
46735,60069
36221,79132
36221,58559
36221,1208
36221,47
36221,6
36221,1270
36221,1387
36221,541
36221,750
36221,1198
103359,260
103359,1080
103359,2571
103359,1136
103359,1732
103359,8874
103359,2174
103359,48394
103359,592
103359,5618
20574,1961
20574,608
20574,2396
20574,5991
20574,50
20574,497
20574,6539
20574,45950
20574,1394
20574,2150
58445,1370
58445,1517
58445,2762
58445,2278
58445,1732
58445,4448
58445,3793
58445,27831
58445,2706
58445,55820
137524,4226
137524,1291
137524,2028
137524,527
137524,1961
137524,357
137524,5445
137524,457
137524,590
137524,587
105964,1232
105964,4928
105964,5291
105964,1206
105964,3415
105964,2731
105964,7234
105964,2160
105964,4848
105964,750
74048,1270
74048,356
74048,1206
74048,480
74048,3481
74048,1961
74048,750
74048,2692
74048,1676
74048,1200
14774,50
14774,1206
14774,1089
14774,1208
14774,2858
14774,1213
14774,6807
14774,1237
14774,1193
14774,3676
14138,1580
14138,68954
14138,60069
14138,6377
14138,4963
14138,589
14138,72998
14138,59784
14138,480
14138,1291
51528,4025
51528,3408
51528,318
51528,1777
51528,8366
51528,2762
51528,3793
51528,1197
51528,27808
51528,1271
5324,2959
5324,32
5324,318
5324,2571
5324,260
5324,1214
5324,47
5324,1196
5324,589
5324,1136
94470,33493
94470,2028
94470,457
94470,1270
94470,589
94470,2194
94470,4886
94470,356
94470,150
94470,2716
105791,6539
105791,44191
105791,2959
105791,356
105791,1036
105791,2858
105791,48516
105791,47
105791,593
105791,2329
28276,1196
28276,5952
28276,3793
28276,2174
28276,2762
28276,2858
28276,33794
28276,367
28276,780
28276,1291
18517,2959
18517,356
18517,5445
18517,2571
18517,7254
18517,7143
18517,4226
18517,296
18517,4995
18517,6539
116913,2329
116913,52973
116913,59369
116913,2858
116913,68157
116913,4886
116913,63131
116913,34162
116913,778
116913,56367
35858,296
35858,2959
35858,1961
35858,1923
35858,58559
35858,1580
35858,1097
35858,4022
35858,34162
35858,2706
77731,5952
77731,47
77731,2959
77731,2571
77731,356
77731,1210
77731,2762
77731,1580
77731,2329
77731,1196
29675,1089
29675,1196
29675,527
29675,7361
29675,1213
29675,1252
29675,912
29675,1198
29675,541
29675,1617
122786,47
122786,1721
122786,4306
122786,2959
122786,2858
122786,1193
122786,527
122786,1136
122786,1080
122786,3147
41946,3256
41946,3101
41946,593
41946,608
41946,1127
41946,1266
41946,1258
41946,2353
41946,1597
41946,111
124003,356
124003,593
124003,1527
124003,4306
124003,6874
124003,480
124003,7438
124003,32587
124003,6283
124003,4993
49361,5049
49361,1032
49361,410
49361,1690
49361,1200
49361,54997
49361,27251
49361,2018
49361,1917
49361,412
39044,318
39044,2028
39044,1210
39044,260
39044,1196
39044,356
39044,5418
39044,2273
39044,4011
39044,1089
13710,1080
13710,7361
13710,1682
13710,551
13710,235
13710,1089
13710,5902
13710,1673
13710,2966
13710,1136
6916,5952
6916,4993
6916,1214
6916,260
6916,3578
6916,541
6916,34405
6916,1215
6916,1291
6916,60069
34278,5971
34278,2959
34278,1237
34278,296
34278,750
34278,541
34278,7099
34278,26578
34278,1274
34278,4848
21024,6539
21024,53125
21024,60126
21024,33679
21024,45499
21024,60040
21024,61248
21024,8644
21024,45722
21024,4963
51241,1198
51241,1200
51241,356
51241,1676
51241,2916
51241,1291
51241,1682
51241,5903
51241,51255
51241,1089
83513,4226
83513,2959
83513,6377
83513,2858
83513,6874
83513,4886
83513,4878
83513,2291
83513,318
83513,3977
121802,50
121802,7361
121802,858
121802,2360
121802,4878
121802,27773
121802,47
121802,593
121802,1175
121802,3000
71849,1193
71849,48516
71849,1196
71849,2028
71849,1221
71849,46976
71849,47423
71849,51662
71849,46723
71849,44195
39842,110
39842,48516
39842,4963
39842,3000
39842,56367
39842,2762
39842,2028
39842,5989
39842,3275
39842,46578
115377,2716
115377,2571
115377,2762
115377,2959
115377,4973
115377,1136
115377,1196
115377,7361
115377,589
115377,527
126954,8368
126954,33679
126954,49272
126954,33493
126954,45722
126954,54286
126954,32587
126954,33004
126954,8644
126954,37386
19986,50872
19986,4306
19986,4878
19986,1265
19986,1136
19986,364
19986,1
19986,8961
19986,1968
19986,4979
124020,4963
124020,4226
124020,10
124020,1704
124020,356
124020,2683
124020,2762
124020,608
124020,1240
124020,49272
4281,4011
4281,48516
4281,3897
4281,4226
4281,3481
4281,6870
4281,68157
4281,63082
4281,55247
4281,2918
113382,480
113382,2947
113382,3578
113382,260
113382,1036
113382,5989
113382,1291
113382,48516
113382,4995
113382,49272
71671,1275
71671,541
71671,2716
71671,79702
71671,1784
71671,2692
71671,593
71671,367
71671,1580
71671,79091
100346,593
100346,1089
100346,2502
100346,2997
100346,778
100346,223
100346,1136
100346,750
100346,3481
100346,4027
32503,296
32503,69844
32503,63082
32503,40815
32503,49530
32503,7143
32503,4995
32503,3916
32503,5349
32503,7445
131427,79132
131427,76093
131427,364
131427,68954
131427,1197
131427,87232
131427,2137
131427,91500
131427,60069
131427,1907
22865,593
22865,457
22865,50
22865,1291
22865,296
22865,110
22865,5418
22865,58559
22865,912
22865,59315
73248,55820
73248,69757
73248,68157
73248,69122
73248,750
73248,64620
73248,55247
73248,4973
73248,44195
73248,778
8373,99114
8373,2959
8373,96610
8373,2571
8373,58559
8373,91529
8373,92259
8373,4995
8373,3578
8373,7502
81700,2858
81700,527
81700,2571
81700,2959
81700,7502
81700,4993
81700,4226
81700,6016
81700,58559
81700,1089
138164,1136
138164,6773
138164,30810
138164,293
138164,6867
138164,55247
138164,1089
138164,50011
138164,8254
138164,4995
69068,480
69068,6539
69068,1240
69068,1197
69068,457
69068,356
69068,7438
69068,3508
69068,590
69068,1208
41975,5989
41975,62
41975,1197
41975,1682
41975,110
41975,33166
41975,3578
41975,34072
41975,36517
41975,2686
74487,7254
74487,47
74487,2858
74487,99114
74487,68157
74487,1089
74487,48997
74487,8950
74487,7361
74487,2291
104142,59369
104142,51662
104142,70286
104142,7254
104142,5418
104142,44665
104142,56174
104142,60684
104142,48774
104142,69122
31988,34162
31988,40819
31988,44191
31988,8970
31988,32587
31988,8917
31988,33679
31988,45447
31988,46970
31988,8368
120726,8798
120726,7143
120726,5956
120726,4995
120726,3147
120726,4034
120726,7445
120726,4963
120726,2231
120726,3994
53888,79132
53888,30707
53888,81845
53888,34162
53888,89492
53888,56367
53888,55820
53888,41285
53888,49530
53888,45950
131805,2959
131805,593
131805,344
131805,5952
131805,58559
131805,33794
131805,51662
131805,858
131805,1320
131805,457
93851,4246
93851,778
93851,3186
93851,39183
93851,1193
93851,6016
93851,1059
93851,1968
93851,4011
93851,6874
70346,48516
70346,67665
70346,40819
70346,60684
70346,53024
70346,77658
70346,84944
70346,54997
70346,6667
70346,27329
70592,2571
70592,1210
70592,589
70592,4226
70592,7361
70592,1200
70592,50
70592,48394
70592,1204
70592,1090
39606,480
39606,4886
39606,69122
39606,5349
39606,72998
39606,8636
39606,7153
39606,3578
39606,2571
39606,5418
71325,60069
71325,50872
71325,56367
71325,37741
71325,8949
71325,63082
71325,2859
71325,72226
71325,77455
71325,78499
30902,318
30902,1193
30902,48516
30902,50
30902,2329
30902,1222
30902,1206
30902,2019
30902,750
30902,260
112491,6365
112491,296
112491,1
112491,593
112491,32
112491,60069
112491,2115
112491,6874
112491,2012
112491,4886
73523,6711
73523,4886
73523,4641
73523,6620
73523,6377
73523,318
73523,8949
73523,3897
73523,31878
73523,7090
2393,293
2393,592
2393,296
2393,33794
2393,527
2393,590
2393,2858
2393,318
2393,3994
2393,58559
46402,47
46402,2571
46402,1200
46402,58559
46402,48780
46402,296
46402,1258
46402,26614
46402,50
46402,4226
112527,4878
112527,47
112527,7361
112527,1196
112527,2028
112527,1291
112527,46578
112527,1193
112527,2762
112527,51255
19730,150
19730,47
19730,4886
19730,32
19730,4306
19730,1196
19730,4993
19730,380
19730,648
19730,3793
70307,318
70307,1704
70307,7147
70307,1197
70307,5989
70307,597
70307,6539
70307,3408
70307,339
70307,595
99233,150
99233,2762
99233,1210
99233,2858
99233,648
99233,260
99233,110
99233,1580
99233,1909
99233,590
122106,59315
122106,6377
122106,1270
122106,780
122106,87232
122106,8636
122106,68358
122106,356
122106,3578
122106,73017
108145,2716
108145,1136
108145,2858
108145,47
108145,593
108145,5952
108145,110
108145,344
108145,480
108145,50
85912,5349
85912,33493
85912,69122
85912,8361
85912,50872
85912,5418
85912,69757
85912,34319
85912,68358
85912,8665
88624,7139
88624,5525
88624,59018
88624,5377
88624,58047
88624,70293
88624,69757
88624,838
88624,8530
88624,48516
114950,4306
114950,6377
114950,70286
114950,74458
114950,2502
114950,1036
114950,4993
114950,2028
114950,57669
114950,5952
3667,58559
3667,55276
3667,48385
3667,51540
3667,44555
3667,48780
3667,46578
3667,44199
3667,52973
3667,54503
55316,5445
55316,7361
55316,4878
55316,296
55316,8368
55316,318
55316,32
55316,6377
55316,1270
55316,1682
114867,6539
114867,356
114867,50
114867,541
114867,1136
114867,4963
114867,1580
114867,2959
114867,480
114867,1240
87446,47
87446,527
87446,608
87446,68157
87446,4011
87446,4226
87446,3578
87446,1617
87446,4973
87446,58559
111693,2571
111693,2959
111693,5952
111693,48516
111693,6874
111693,2028
111693,589
111693,1222
111693,2291
111693,1193
72334,296
72334,51662
72334,2571
72334,1682
72334,5903
72334,51540
72334,59369
72334,32
72334,52604
72334,68157
121238,48394
121238,68954
121238,296
121238,4993
121238,27611
121238,70286
121238,55820
121238,4226
121238,50
121238,2329
11078,32
11078,58559
11078,318
11078,589
11078,165
11078,2571
11078,858
11078,2762
11078,49272
11078,8874
88850,858
88850,1270
88850,1580
88850,480
88850,1198
88850,4973
88850,47
88850,590
88850,1036
88850,364
87287,34048
87287,44191
87287,48516
87287,30793
87287,8957
87287,31878
87287,51255
87287,45499
87287,34319
87287,33166
15634,47
15634,318
15634,27773
15634,5618
15634,7361
15634,55820
15634,48516
15634,32
15634,593
15634,44555
53702,1210
53702,500
53702,5349
53702,1682
53702,1196
53702,4973
53702,1641
53702,1393
53702,4720
53702,33794
35966,2959
35966,1
35966,2324
35966,1961
35966,527
35966,3882
35966,5015
35966,2329
35966,1258
35966,5225
67415,7361
67415,4306
67415,3949
67415,8360
67415,7153
67415,593
67415,30793
67415,7147
67415,2232
67415,5952
76307,1258
76307,47
76307,1682
76307,1240
76307,3527
76307,3147
76307,58559
76307,48780
76307,33794
76307,1089
39647,40629
39647,34072
39647,30749
39647,41997
39647,36517
39647,34162
39647,36527
39647,30707
39647,8958
39647,8970
77374,1206
77374,318
77374,1222
77374,4239
77374,97
77374,175
77374,2329
77374,858
77374,7361
77374,5577
55321,6016
55321,2959
55321,7361
55321,55820
55321,4973
55321,56367
55321,912
55321,77455
55321,55269
55321,904
30418,58559
30418,72998
30418,79132
30418,69406
30418,69757
30418,44193
30418,56367
30418,8533
30418,68135
30418,7444
61196,47
61196,2858
61196,2329
61196,1358
61196,2959
61196,337
61196,5989
61196,3418
61196,1673
61196,4226
61384,91529
61384,318
61384,8874
61384,50
61384,99114
61384,89745
61384,48516
61384,1193
61384,112852
61384,2762
82801,34405
82801,8798
82801,30793
82801,33437
82801,31658
82801,7438
82801,8985
82801,8961
82801,40815
82801,7090
138202,3578
138202,1527
138202,8644
138202,318
138202,6365
138202,7438
138202,4995
138202,380
138202,1246
138202,44191
71647,1198
71647,589
71647,1258
71647,58559
71647,2762
71647,2571
71647,527
71647,293
71647,33794
71647,54286
64401,3793
64401,260
64401,2762
64401,1196
64401,593
64401,34405
64401,1200
64401,6377
64401,1210
64401,58559
71036,1222
71036,4878
71036,2716
71036,2542
71036,48516
71036,3578
71036,44195
71036,1215
71036,608
71036,56782
107830,36529
107830,32
107830,4226
107830,48516
107830,293
107830,2959
107830,1213
107830,2858
107830,55765
107830,4878
116524,72998
116524,5971
116524,68358
116524,4886
116524,60069
116524,4973
116524,48394
116524,44191
116524,595
116524,480
77106,32587
77106,33794
77106,44191
77106,5995
77106,48394
77106,2762
77106,1196
77106,7361
77106,64614
77106,3949
59254,50872
59254,4886
59254,79132
59254,73017
59254,8665
59254,58559
59254,59315
59254,7153
59254,81847
59254,49272
61328,32587
61328,296
61328,51255
61328,4993
61328,33794
61328,6539
61328,6502
61328,70286
61328,44191
61328,35836
50050,1210
50050,260
50050,7361
50050,1136
50050,8360
50050,6377
50050,296
50050,6807
50050,4886
50050,2232
99414,2329
99414,4878
99414,81591
99414,50
99414,93840
99414,356
99414,64614
99414,68954
99414,47
99414,97938
24560,593
24560,4993
24560,2858
24560,318
24560,78499
24560,6016
24560,1198
24560,356
24560,1193
24560,1089
117906,7438
117906,50
117906,6874
117906,2028
117906,32587
117906,1196
117906,2542
117906,33437
117906,6539
117906,6378
239,2
239,56152
239,31658
239,6333
239,3793
239,616
239,45517
239,33794
239,2571
239,3483
57387,5445
57387,3949
57387,1527
57387,1206
57387,5903
57387,2028
57387,1682
57387,541
57387,72998
57387,110
104944,318
104944,4306
104944,46578
104944,4308
104944,1031
104944,527
104944,8368
104944,7147
104944,4519
104944,3114
83440,1732
83440,1193
83440,1222
83440,31658
83440,593
83440,3949
83440,70286
83440,4226
83440,5669
83440,3000
90854,916
90854,1
90854,2565
90854,4306
90854,953
90854,2081
90854,919
90854,539
90854,932
90854,7
123440,356
123440,6188
123440,8644
123440,7445
123440,318
123440,2329
123440,5502
123440,34162
123440,48516
123440,3916
113444,74458
113444,778
113444,50
113444,8950
113444,3275
113444,32587
113444,2542
113444,6502
113444,45728
113444,3147
133695,2571
133695,778
133695,4226
133695,593
133695,1222
133695,541
133695,48774
133695,1617
133695,111
133695,6874
87914,1210
87914,480
87914,1278
87914,1387
87914,3448
87914,2115
87914,2470
87914,780
87914,8961
87914,1307
131100,1210
131100,2858
131100,296
131100,2268
131100,2028
131100,1073
131100,1060
131100,1220
131100,2599
131100,4973
52088,33166
52088,527
52088,55820
52088,6377
52088,49272
52088,32587
52088,3996
52088,17
52088,4878
52088,30707
46391,1258
46391,924
46391,49272
46391,111
46391,2329
46391,1208
46391,58559
46391,4963
46391,38061
46391,1653
72387,2081
72387,1197
72387,4306
72387,4993
72387,5952
72387,3255
72387,6377
72387,4896
72387,6942
72387,1088
43052,79132
43052,4993
43052,5952
43052,7153
43052,68157
43052,3578
43052,296
43052,31410
43052,7502
43052,49530
115761,51662
115761,2329
115761,165
115761,59315
115761,1198
115761,1221
115761,1291
115761,3578
115761,50
115761,1136
81063,4306
81063,2997
81063,608
81063,2571
81063,2858
81063,4973
81063,4993
81063,1270
81063,1196
81063,2028
27751,6711
27751,25
27751,593
27751,1092
27751,296
27751,7361
27751,5893
27751,3101
27751,3993
27751,4226
119386,648
119386,1954
119386,1080
119386,1221
119386,4306
119386,5418
119386,780
119386,1220
119386,377
119386,58559
35956,4085
35956,1291
35956,296
35956,1213
35956,1090
35956,1089
35956,356
35956,2716
35956,3421
35956,6377
89386,858
89386,79132
89386,58559
89386,356
89386,2571
89386,1240
89386,2858
89386,2329
89386,1208
89386,4878
26522,2571
26522,7153
26522,5952
26522,1101
26522,527
26522,780
26522,2115
26522,590
26522,1961
26522,380
37077,223
37077,1197
37077,7361
37077,5445
37077,7147
37077,2355
37077,1682
37077,63082
37077,5418
37077,2572
131502,2959
131502,480
131502,1
131502,79132
131502,2628
131502,364
131502,60069
131502,3793
131502,59315
131502,2012
51353,58559
51353,48774
51353,296
51353,4973
51353,6502
51353,46578
51353,2329
51353,70286
51353,4011
51353,1196
95536,349
95536,3147
95536,1387
95536,1682
95536,3255
95536,590
95536,2278
95536,1777
95536,6333
95536,595
28188,1527
28188,2858
28188,2028
28188,480
28188,2762
28188,2959
28188,48780
28188,1240
28188,49272
28188,260
131042,4306
131042,356
131042,4014
131042,150
131042,953
131042,1
131042,594
131042,1682
131042,3996
131042,3100
32538,4878
32538,74458
32538,296
32538,3147
32538,318
32538,7361
32538,68157
32538,6539
32538,593
32538,99114
32124,593
32124,2858
32124,5618
32124,6874
32124,1258
32124,6502
32124,32
32124,541
32124,1748
32124,3000
11980,110
11980,2858
11980,46578
11980,1704
11980,858
11980,1193
11980,49530
11980,63082
11980,1617
11980,2959
19387,2329
19387,356
19387,1213
19387,2028
19387,47
19387,1258
19387,589
19387,2571
19387,1270
19387,1358
26146,54503
26146,48780
26146,2571
26146,47
26146,71535
26146,69122
26146,74458
26146,8641
26146,58998
26146,67087
116615,2918
116615,608
116615,1259
116615,3751
116615,4306
116615,2692
116615,1225
116615,1210
116615,1748
116615,2987
58557,589
58557,5349
58557,296
58557,1961
58557,2502
58557,5989
58557,364
58557,3996
58557,1225
58557,2324
88168,500
88168,2355
88168,46578
88168,79132
88168,356
88168,5218
88168,594
88168,1968
88168,1197
88168,63082
51848,1225
51848,750
51848,1193
51848,858
51848,1610
51848,1198
51848,2819
51848,1080
51848,1136
51848,1307
100144,32
100144,2571
100144,2959
100144,1214
100144,1208
100144,1200
100144,62434
100144,1376
100144,4878
100144,61024
108084,2858
108084,7438
108084,1961
108084,4306
108084,1208
108084,1097
108084,50
108084,1732
108084,27773
108084,5218
70773,593
70773,50
70773,47
70773,48516
70773,2959
70773,318
70773,4262
70773,2329
70773,3578
70773,1089
96989,8961
96989,2572
96989,6333
96989,1022
96989,588
96989,4306
96989,8636
96989,4886
96989,6377
96989,2081
20805,5952
20805,593
20805,110
20805,49272
20805,70286
20805,5418
20805,59315
20805,6874
20805,33794
20805,72998
19042,1291
19042,1210
19042,6373
19042,8644
19042,1240
19042,1036
19042,1370
19042,480
19042,3785
19042,98809
43810,318
43810,858
43810,750
43810,3897
43810,1136
43810,1197
43810,593
43810,608
43810,1225
43810,2502
17328,7361
17328,33166
17328,37729
17328,7438
17328,41569
17328,38061
17328,8910
17328,40819
17328,38038
17328,2291
11619,47
11619,356
11619,4306
11619,4226
11619,6539
11619,58559
11619,4995
11619,33794
11619,4878
11619,2762
84208,356
84208,2571
84208,1221
84208,81845
84208,1250
84208,1207
84208,1234
84208,1266
84208,1233
84208,296
122379,150
122379,8665
122379,1198
122379,1234
122379,81845
122379,1784
122379,1246
122379,1270
122379,7669
122379,260
66279,70286
66279,91529
66279,2858
66279,750
66279,1213
66279,56782
66279,4011
66279,1222
66279,54503
66279,32
136074,88140
136074,69122
136074,59315
136074,59369
136074,101864
136074,97923
136074,95510
136074,84152
136074,6383
136074,93510
80479,59018
80479,66762
80479,36535
80479,59118
80479,64622
80479,95558
80479,4963
80479,47491
80479,32460
80479,4995
135656,1961
135656,527
135656,1213
135656,41285
135656,1732
135656,50
135656,39183
135656,4979
135656,1208
135656,4034
33544,1527
33544,2959
33544,32
33544,70286
33544,7254
33544,58559
33544,79357
33544,48774
33544,7827
33544,94864
57782,589
57782,1234
57782,6539
57782,4306
57782,1291
57782,541
57782,296
57782,1136
57782,110
57782,593
111107,1196
111107,1210
111107,2571
111107,5952
111107,3578
111107,110
111107,3671
111107,2115
111107,1036
111107,3033
76247,741
76247,4011
76247,2762
76247,1036
76247,48394
76247,1127
76247,1270
76247,1
76247,527
76247,5418
76572,2858
76572,1641
76572,6874
76572,1270
76572,318
76572,2291
76572,6377
76572,509
76572,1923
76572,1240
53144,2858
53144,147
53144,1089
53144,4896
53144,551
53144,353
53144,33672
53144,4878
53144,32587
53144,593
111792,593
111792,2959
111792,4226
111792,32
111792,59315
111792,1270
111792,47
111792,32587
111792,5445
111792,58559
121318,1214
121318,33794
121318,50
121318,44191
121318,32587
121318,2502
121318,1748
121318,3275
121318,593
121318,51255
3575,58559
3575,1213
3575,111
3575,110
3575,33166
3575,6942
3575,3147
3575,1393
3575,2571
3575,4262
123825,4226
123825,541
123825,3147
123825,79132
123825,296
123825,480
123825,1036
123825,1240
123825,150
123825,1270
67574,2329
67574,1704
67574,2502
67574,33166
67574,8376
67574,2858
67574,593
67574,7147
67574,480
67574,1682
46154,1704
46154,5989
46154,356
46154,593
46154,480
46154,1393
46154,8360
46154,586
46154,457
46154,1270
4900,77561
4900,6539
4900,5418
4900,68319
4900,80463
4900,5445
4900,4226
4900,780
4900,49272
4900,5349
109520,1210
109520,7153
109520,33794
109520,48516
109520,457
109520,32
109520,480
109520,858
109520,150
109520,8636
45294,2959
45294,2762
45294,4226
45294,1240
45294,59315
45294,1580
45294,32
45294,51662
45294,593
45294,7361
8508,858
8508,33794
8508,1240
8508,904
8508,750
8508,2329
8508,1080
8508,1201
8508,1270
8508,3996
29041,47
29041,2291
29041,593
29041,4878
29041,2571
29041,6874
29041,253
29041,4886
29041,6377
29041,1261
30735,4306
30735,7361
30735,1270
30735,593
30735,4226
30735,3578
30735,5445
30735,1580
30735,1210
30735,1196
95938,1200
95938,2571
95938,3527
95938,6333
95938,1320
95938,457
95938,1198
95938,6365
95938,8636
95938,1653
126525,858
126525,1198
126525,1196
126525,527
126525,110
126525,838
126525,908
126525,2858
126525,4973
126525,296
77884,2068
77884,5489
77884,1997
77884,968
77884,3424
77884,1211
77884,1199
77884,2644
77884,4034
77884,7361
82211,30707
82211,44191
82211,33493
82211,48780
82211,48516
82211,7802
82211,8784
82211,44199
82211,4553
82211,2118
77936,2858
77936,1721
77936,527
77936,70286
77936,1380
77936,8961
77936,587
77936,648
77936,260
77936,2329
70591,8665
70591,4306
70591,3034
70591,1196
70591,45517
70591,2804
70591,49272
70591,3508
70591,260
70591,31193
62146,150
62146,2716
62146,32
62146,1198
62146,2028
62146,296
62146,527
62146,3578
62146,1240
62146,1
109178,44191
109178,70286
109178,33794
109178,72998
109178,51662
109178,5952
109178,7153
109178,4993
109178,2959
109178,81845
138392,6539
138392,4306
138392,1197
138392,608
138392,7438
138392,32587
138392,380
138392,588
138392,1136
138392,5418
49596,1580
49596,1704
49596,7153
49596,1198
49596,296
49596,593
49596,1196
49596,1210
49596,2502
49596,1517
30371,2959
30371,260
30371,457
30371,589
30371,4993
30371,2762
30371,2858
30371,6377
30371,1704
30371,1210
36994,2329
36994,2959
36994,1210
36994,750
36994,3578
36994,2985
36994,110
36994,593
36994,592
36994,6874
23309,33794
23309,74458
23309,7438
23309,47
23309,5952
23309,7361
23309,44665
23309,3147
23309,2542
23309,1136
35486,47
35486,58559
35486,5618
35486,356
35486,70286
35486,2502
35486,1206
35486,2716
35486,1089
35486,1
120798,3101
120798,2423
120798,2795
120798,1208
120798,4085
120798,474
120798,1276
120798,1036
120798,1784
120798,4008
17979,51662
17979,33794
17979,58559
17979,5418
17979,59369
17979,47099
17979,48516
17979,47610
17979,36529
17979,4995
89793,750
89793,2997
89793,7361
89793,1136
89793,6874
89793,924
89793,1354
89793,3160
89793,2692
89793,31658
75115,2959
75115,608
75115,68237
75115,48774
75115,593
75115,6377
75115,4973
75115,1732
75115,3114
75115,47
83973,87232
83973,33794
83973,318
83973,2959
83973,110
83973,7143
83973,51662
83973,3793
83973,99114
83973,44191
10196,260
10196,5618
10196,72998
10196,68157
10196,76093
10196,6539
10196,1210
10196,73017
10196,296
10196,3147
126817,47
126817,5952
126817,2028
126817,48516
126817,4011
126817,4226
126817,49530
126817,74458
126817,110
126817,293
56729,1704
56729,4306
56729,590
56729,3578
56729,1270
56729,780
56729,912
56729,6377
56729,3147
56729,1610
93469,68358
93469,589
93469,1240
93469,356
93469,2716
93469,318
93469,69122
93469,2115
93469,4878
93469,51662
42570,5952
42570,7153
42570,2959
42570,2571
42570,4226
42570,58559
42570,6365
42570,4011
42570,99114
42570,7254
108308,45722
108308,7438
108308,6874
108308,31696
108308,34048
108308,36529
108308,46530
108308,8371
108308,6377
108308,45447
15009,593
15009,480
15009,296
15009,589
15009,110
15009,2762
15009,1196
15009,260
15009,1210
15009,47
104887,2959
104887,3949
104887,3089
104887,1228
104887,2858
104887,6711
104887,1276
104887,55820
104887,858
104887,1189
31894,1214
31894,296
31894,2959
31894,32587
31894,1089
31894,6502
31894,32
31894,968
31894,1732
31894,47
35621,2762
35621,318
35621,4993
35621,778
35621,4011
35621,260
35621,7153
35621,5952
35621,3949
35621,1196
24385,356
24385,4306
24385,2959
24385,2571
24385,8961
24385,318
24385,110
24385,5952
24385,1270
24385,7153
88070,2858
88070,4226
88070,47
88070,6874
88070,2959
88070,4306
88070,32587
88070,5608
88070,4963
88070,648
2511,7153
2511,2467
2511,527
2511,2871
2511,4855
2511,5952
2511,1303
2511,1036
2511,4995
2511,3147
112120,1210
112120,1136
112120,47200
112120,48774
112120,51255
112120,6539
112120,4027
112120,8644
112120,33493
112120,89745
117729,1036
117729,1210
117729,2571
117729,480
117729,1196
117729,2028
117729,2011
117729,1197
117729,1
117729,1240
37694,780
37694,5445
37694,364
37694,6378
37694,3916
37694,2353
37694,5299
37694,62
37694,33660
37694,3996
53330,1206
53330,2716
53330,4306
53330,1270
53330,1220
53330,356
53330,1288
53330,2987
53330,8961
53330,1089
28826,3793
28826,318
28826,3578
28826,480
28826,2959
28826,1580
28826,4306
28826,5378
28826,4993
28826,3114
106827,912
106827,1212
106827,910
106827,928
106827,1198
106827,942
106827,899
106827,1250
106827,1252
106827,908
22338,111
22338,1213
22338,924
22338,858
22338,2959
22338,99114
22338,1221
22338,5971
22338,541
22338,1193
97419,5952
97419,32
97419,1210
97419,47
97419,44191
97419,7438
97419,33794
97419,7153
97419,2716
97419,110
29922,110
29922,79132
29922,2762
29922,3275
29922,1193
29922,1221
29922,7438
29922,54286
29922,49530
29922,4993
57284,88140
57284,2571
57284,589
57284,68358
57284,98809
57284,1196
57284,260
57284,106487
57284,33794
57284,77561
92621,2391
92621,2186
92621,1673
92621,1265
92621,111
92621,46578
92621,3424
92621,1214
92621,4027
92621,2160
121070,7099
121070,4993
121070,7669
121070,79132
121070,68954
121070,60069
121070,1907
121070,30816
121070,7153
121070,17
76738,608
76738,356
76738,5952
76738,1704
76738,593
76738,296
76738,50
76738,318
76738,2329
76738,2997
112260,4993
112260,7153
112260,3949
112260,858
112260,48394
112260,2858
112260,2329
112260,527
112260,5952
112260,30749
84163,1244
84163,4914
84163,2502
84163,2732
84163,1265
84163,750
84163,5902
84163,1206
84163,5135
84163,1197
15701,63072
15701,55908
15701,68237
15701,33004
15701,7323
15701,7254
15701,51255
15701,72998
15701,316
15701,65037
102920,3000
102920,1032
102920,595
102920,919
102920,2291
102920,588
102920,1206
102920,48394
102920,531
102920,4886
111067,2571
111067,70286
111067,7458
111067,8874
111067,318
111067,59315
111067,1089
111067,68358
111067,1222
111067,6874
32222,39292
32222,2571
32222,3996
32222,1225
32222,50872
32222,1079
32222,141
32222,34
32222,590
32222,1282
8025,54286
8025,59315
8025,36529
8025,48780
8025,4878
8025,8874
8025,7361
8025,47
8025,38061
8025,99114
129583,41285
129583,63113
129583,102125
129583,60684
129583,60072
129583,78105
129583,56757
129583,30793
129583,53464
129583,50912
2945,48516
2945,59315
2945,32587
2945,54259
2945,46976
2945,30793
2945,33679
2945,34405
2945,50872
2945,48780
86100,4306
86100,110
86100,2762
86100,5989
86100,4995
86100,30707
86100,49530
86100,47
86100,593
86100,2671
61661,49530
61661,51935
61661,56156
61661,51662
61661,58103
61661,56174
61661,59016
61661,6548
61661,60072
61661,53972
118180,1210
118180,4306
118180,260
118180,2571
118180,1270
118180,588
118180,40815
118180,6377
118180,4886
118180,1265
50943,55118
50943,41569
50943,57669
50943,48738
50943,58998
50943,68358
50943,32587
50943,55290
50943,58295
50943,51662
7423,106782
7423,593
7423,81591
7423,97921
7423,92259
7423,94959
7423,81562
7423,106916
7423,84152
7423,104879
76906,1222
76906,541
76906,5291
76906,593
76906,858
76906,58559
76906,608
76906,48774
76906,1219
76906,8950
89748,58559
89748,68237
89748,2997
89748,6502
89748,8910
89748,68157
89748,318
89748,2858
89748,79702
89748,1682
40307,1291
40307,1197
40307,6377
40307,1136
40307,7153
40307,33794
40307,8360
40307,1527
40307,593
40307,2140
96372,912
96372,4973
96372,26939
96372,1617
96372,34437
96372,51540
96372,1266
96372,88129
96372,1225
96372,923
120757,318
120757,4226
120757,46578
120757,5878
120757,593
120757,3160
120757,39183
120757,356
120757,8973
120757,2692
104286,60069
104286,4306
104286,112852
104286,59315
104286,356
104286,89745
104286,8644
104286,71535
104286,8874
104286,50872
117978,47
117978,1199
117978,2997
117978,1212
117978,1252
117978,111
117978,908
117978,924
117978,858
117978,1222
117305,318
117305,32
117305,858
117305,4226
117305,1682
117305,5952
117305,3949
117305,32587
117305,58559
117305,1721
85472,2571
85472,8368
85472,58559
85472,593
85472,4973
85472,54259
85472,54001
85472,40815
85472,7147
85472,1198
66910,778
66910,1961
66910,3578
66910,1291
66910,593
66910,33794
66910,1208
66910,457
66910,6
66910,733
71771,2959
71771,593
71771,356
71771,6377
71771,2571
71771,56145
71771,7361
71771,2355
71771,1580
71771,71379
80082,4226
80082,541
80082,1610
80082,1527
80082,3578
80082,593
80082,6874
80082,1580
80082,1089
80082,608
86825,541
86825,2716
86825,480
86825,3578
86825,1240
86825,318
86825,2628
86825,110
86825,5952
86825,4993
101508,47
101508,5952
101508,1210
101508,2858
101508,1291
101508,2571
101508,1270
101508,4993
101508,4886
101508,3114
129574,2716
129574,260
129574,4370
129574,2916
129574,1376
129574,4446
129574,3300
129574,59315
129574,1748
129574,8371
58607,4226
58607,2762
58607,356
58607,58559
58607,745
58607,78499
58607,1198
58607,780
58607,1580
58607,4306
104194,46578
104194,2959
104194,58559
104194,31658
104194,2571
104194,48516
104194,3000
104194,51255
104194,4226
104194,44191
29756,5418
29756,32587
29756,8984
29756,7361
29756,4226
29756,44665
29756,54286
29756,4878
29756,3578
29756,48780
82566,26776
82566,68954
82566,76093
82566,59784
82566,8360
82566,7099
82566,2571
82566,46578
82566,5690
82566,2762
32091,899
32091,6273
32091,942
32091,929
32091,7943
32091,1
32091,1938
32091,2726
32091,6660
32091,318
71992,36517
71992,44555
71992,8949
71992,89492
71992,1960
71992,51884
71992,1953
71992,446
71992,1945
71992,33154
96592,2716
96592,296
96592,858
96592,1270
96592,6874
96592,318
96592,593
96592,1198
96592,2858
96592,608
42854,858
42854,589
42854,1270
42854,593
42854,4011
42854,110
42854,1222
42854,1196
42854,4878
42854,1240
59027,4226
59027,1089
59027,2858
59027,110
59027,2571
59027,2028
59027,858
59027,7022
59027,32587
59027,32
127770,7153
127770,8961
127770,1197
127770,1210
127770,1196
127770,59315
127770,1610
127770,1278
127770,1240
127770,5952
10457,59315
10457,32587
10457,33794
10457,318
10457,50
10457,68157
10457,1221
10457,4993
10457,60069
10457,48780
48197,5418
48197,7153
48197,2706
48197,48516
48197,356
48197,6539
48197,145
48197,49530
48197,733
48197,367
128816,44191
128816,858
128816,46578
128816,5952
128816,50
128816,2502
128816,1732
128816,7361
128816,4995
128816,1193
68641,356
68641,4226
68641,318
68641,608
68641,39183
68641,2291
68641,5992
68641,50
68641,3556
68641,55820
108237,4878
108237,68157
108237,78499
108237,318
108237,4226
108237,63082
108237,60069
108237,1193
108237,1089
108237,1
77059,48385
77059,49272
77059,318
77059,2028
77059,593
77059,2959
77059,4011
77059,54503
77059,356
77059,41997
97735,1270
97735,1527
97735,1682
97735,1198
97735,4308
97735,4973
97735,4993
97735,2959
97735,7367
97735,4963
87999,4973
87999,2997
87999,2124
87999,4014
87999,33794
87999,337
87999,6502
87999,4027
87999,1282
87999,1259
32274,904
32274,2571
32274,4034
32274,4993
32274,912
32274,1094
32274,1537
32274,2959
32274,1225
32274,5952
94980,2997
94980,541
94980,1218
94980,3000
94980,2692
94980,2571
94980,2542
94980,1748
94980,2502
94980,5618
124307,4226
124307,6502
124307,1270
124307,47
124307,1197
124307,480
124307,1258
124307,1097
124307,2762
124307,1387
133424,4226
133424,2329
133424,1210
133424,1089
133424,2012
133424,4993
133424,2700
133424,3253
133424,7153
133424,318
137247,47
137247,6377
137247,2858
137247,1923
137247,3578
137247,296
137247,586
137247,110
137247,1917
137247,5952
43,8961
43,5952
43,4993
43,7153
43,4973
43,4963
43,17
43,49272
43,3996
43,1197
58577,1968
58577,1270
58577,1073
58577,3033
58577,1198
58577,3253
58577,2716
58577,2012
58577,1101
58577,2987
85150,2762
85150,4306
85150,1210
85150,2571
85150,1197
85150,593
85150,6377
85150,150
85150,527
85150,457
112313,1270
112313,4993
112313,2918
112313,7361
112313,608
112313,4027
112313,1136
112313,4973
112313,7153
112313,6539
27584,8636
27584,480
27584,1
27584,3793
27584,33794
27584,8368
27584,6333
27584,70286
27584,77561
27584,68358
98038,1206
98038,1222
98038,778
98038,4878
98038,56782
98038,7438
98038,2997
98038,27773
98038,5956
98038,2918
47168,47
47168,3578
47168,48516
47168,5952
47168,4226
47168,8665
47168,47610
47168,4776
47168,7445
47168,44665
83374,5618
83374,8961
83374,60069
83374,2571
83374,72998
83374,63082
83374,73017
83374,56367
83374,81591
83374,595
128323,32
128323,96610
128323,49530
128323,51662
128323,85414
128323,47610
128323,8529
128323,7147
128323,1721
128323,106918
39972,4886
39972,4306
39972,60069
39972,7361
39972,7323
39972,55442
39972,750
39972,6016
39972,4226
39972,6711
51784,1258
51784,318
51784,1213
51784,27773
51784,1036
51784,1748
51784,1214
51784,5954
51784,6796
51784,3020
60054,55442
60054,31658
60054,72226
60054,61240
60054,4979
60054,55269
60054,4878
60054,4144
60054,58559
60054,26776
18066,8984
18066,6378
18066,2762
18066,33679
18066,2671
18066,44191
18066,4973
18066,30793
18066,7293
18066,500
106068,7387
106068,31696
106068,7373
106068,1200
106068,2028
106068,551
106068,6755
106068,40732
106068,1682
106068,3033
114547,1097
114547,587
114547,2020
114547,2324
114547,1225
114547,1339
114547,2739
114547,1263
114547,3342
114547,1293
119115,2959
119115,1197
119115,4306
119115,1291
119115,5952
119115,2571
119115,541
119115,2762
119115,588
119115,780
46069,364
46069,60069
46069,8961
46069,50872
46069,4973
46069,26662
46069,6350
46069,2081
46069,48780
46069,46948
126822,1682
126822,50
126822,7438
126822,4878
126822,293
126822,2916
126822,7090
126822,741
126822,49272
126822,4973
50473,356
50473,527
50473,50
50473,1089
50473,260
50473,109374
50473,109487
50473,608
50473,111759
50473,111
28467,318
28467,7445
28467,8369
28467,37475
28467,44199
28467,1784
28467,6887
28467,7143
28467,43917
28467,53129
90295,6377
90295,44191
90295,6333
90295,4963
90295,34319
90295,3793
90295,34405
90295,45499
90295,45722
90295,49272
17930,4226
17930,318
17930,1732
17930,4011
17930,44195
17930,46578
17930,4878
17930,1089
17930,41285
17930,364
118861,260
118861,858
118861,55820
118861,70286
118861,750
118861,56782
118861,6016
118861,82459
118861,4973
118861,1213
137893,51662
137893,111
137893,48780
137893,4226
137893,2959
137893,4306
137893,1339
137893,48304
137893,1097
137893,1219
106378,318
106378,2858
106378,3967
106378,5992
106378,6953
106378,4878
106378,3147
106378,3897
106378,337
106378,6552
43251,4963
43251,1198
43251,48516
43251,68358
43251,150
43251,55765
43251,5989
43251,54997
43251,47099
43251,4226
24813,318
24813,593
24813,908
24813,2858
24813,912
24813,356
24813,923
24813,3176
24813,902
24813,1193
23983,2858
23983,2762
23983,2571
23983,1210
23983,2959
23983,32
23983,1196
23983,593
23983,3578
23983,1682
19049,68157
19049,3967
19049,55247
19049,8873
19049,7361
19049,356
19049,79132
19049,64622
19049,8533
19049,41285
85407,923
85407,50
85407,2028
85407,858
85407,8961
85407,1214
85407,1617
85407,30707
85407,356
85407,1213
49896,1198
49896,4973
49896,6502
49896,81845
49896,2997
49896,1079
49896,293
49896,608
49896,48774
49896,1270
28843,2329
28843,3578
28843,2858
28843,150
28843,63082
28843,527
28843,49530
28843,47
28843,72641
28843,4226
68978,4306
68978,778
68978,47
68978,1682
68978,2858
68978,2571
68978,4973
68978,2291
68978,6377
68978,4226
104306,260
104306,1196
104306,4226
104306,1961
104306,527
104306,2762
104306,1704
104306,5989
104306,5418
104306,1036
109918,260
109918,296
109918,1136
109918,70286
109918,79132
109918,68954
109918,4226
109918,1196
109918,51255
109918,1
26789,1210
26789,1199
26789,1214
26789,48774
26789,3527
26789,4878
26789,2959
26789,68237
26789,3702
26789,5445
113220,32587
113220,4963
113220,79132
113220,5445
113220,589
113220,2502
113220,4011
113220,85414
113220,2858
113220,54286
128404,47
128404,6539
128404,318
128404,58559
128404,49272
128404,54286
128404,527
128404,110
128404,2762
128404,3147
15208,16
15208,778
15208,1090
15208,48780
15208,6
15208,1729
15208,589
15208,7387
15208,6953
15208,4034
9129,8950
9129,1228
9129,4878
9129,527
9129,2997
9129,912
9129,714
9129,923
9129,48774
9129,2324
81652,5445
81652,8360
81652,597
81652,2115
81652,3147
81652,527
81652,1240
81652,3408
81652,1213
81652,7438
91139,858
91139,81845
91139,318
91139,593
91139,1234
91139,1296
91139,4995
91139,2324
91139,1219
91139,1959
110696,50872
110696,4886
110696,6377
110696,318
110696,5349
110696,912
110696,1721
110696,59315
110696,48780
110696,1580
19197,59501
19197,2081
19197,2137
19197,81847
19197,7386
19197,45517
19197,8961
19197,56152
19197,588
19197,52722
16000,1704
16000,296
16000,356
16000,318
16000,46976
16000,33166
16000,858
16000,7438
16000,49530
16000,3147
22077,2571
22077,5995
22077,1035
22077,5349
22077,8360
22077,318
22077,4308
22077,7143
22077,4963
22077,2762
134836,7361
134836,1653
134836,4306
134836,296
134836,4370
134836,2762
134836,316
134836,7438
134836,4886
134836,6539
82421,4306
82421,912
82421,4973
82421,8961
82421,7153
82421,4995
82421,5989
82421,3996
82421,6787
82421,1136
61035,4226
61035,96610
61035,2571
61035,80463
61035,98809
61035,541
61035,89745
61035,318
61035,96079
61035,593
43744,296
43744,1240
43744,318
43744,364
43744,1527
43744,2683
43744,10
43744,1097
43744,1206
43744,4995
18280,593
18280,1079
18280,3087
18280,2406
18280,2599
18280,3396
18280,4306
18280,3421
18280,1080
18280,7147
77564,7361
77564,5225
77564,6711
77564,2908
77564,8873
77564,2997
77564,8638
77564,7158
77564,7256
77564,7156
107933,4226
107933,7361
107933,908
107933,8970
107933,33660
107933,36517
107933,8645
107933,40629
107933,608
107933,2324
110182,6711
110182,593
110182,47
110182,4878
110182,555
110182,2571
110182,858
110182,1219
110182,7438
110182,592
135325,79132
135325,63082
135325,88125
135325,40815
135325,71535
135325,69844
135325,49530
135325,59315
135325,33660
135325,8533
65564,1206
65564,924
65564,1136
65564,1198
65564,1304
65564,1208
65564,1732
65564,296
65564,904
65564,1080
737,6377
737,2993
737,3639
737,5418
737,4886
737,2949
737,7569
737,8636
737,3624
737,6539
41860,4993
41860,5952
41860,4886
41860,4016
41860,5444
41860,2006
41860,5507
41860,2273
41860,7143
41860,2571
37484,1219
37484,912
37484,903
37484,1198
37484,1617
37484,515
37484,5013
37484,2396
37484,4027
37484,923
27052,8645
27052,8873
27052,2248
27052,8784
27052,6385
27052,1968
27052,8366
27052,6796
27052,7802
27052,3210
32738,79132
32738,6874
32738,4226
32738,750
32738,1265
32738,4973
32738,1089
32738,293
32738,5445
32738,48780
133925,68358
133925,51255
133925,51540
133925,49272
133925,4995
133925,3020
133925,1221
133925,1682
133925,4874
133925,377
7057,750
7057,1252
7057,923
7057,4973
7057,608
7057,8949
7057,1221
7057,1219
7057,904
7057,4226
117437,356
117437,7361
117437,3052
117437,46578
117437,595
117437,1073
117437,4027
117437,60069
117437,778
117437,68954
125432,356
125432,5952
125432,648
125432,33794
125432,4995
125432,5064
125432,7458
125432,733
125432,4223
125432,33679
122177,593
122177,2997
122177,7361
122177,79132
122177,2858
122177,608
122177,1961
122177,6711
122177,3160
122177,4995
1825,47999
1825,1193
1825,318
1825,60069
1825,5137
1825,37240
1825,8622
1825,58559
1825,5445
1825,55071
55837,1198
55837,2001
55837,356
55837,1036
55837,2762
55837,541
55837,1127
55837,593
55837,858
55837,2028
29458,1073
29458,39
29458,3255
29458,2395
29458,1968
29458,2918
29458,2144
29458,1235
29458,899
29458,918
74601,70286
74601,58559
74601,79132
74601,5952
74601,4993
74601,3578
74601,2858
74601,296
74601,2329
74601,6874
127392,318
127392,5952
127392,4993
127392,296
127392,7153
127392,6365
127392,8784
127392,5445
127392,1704
127392,44191
101687,2959
101687,7361
101687,1206
101687,296
101687,77455
101687,1732
101687,61240
101687,1193
101687,70286
101687,1089
32395,318
32395,296
32395,50
32395,48516
32395,4226
32395,2502
32395,6
32395,16
32395,4011
32395,1968
39284,4262
39284,1214
39284,3421
39284,1200
39284,35836
39284,8874
39284,293
39284,1073
39284,1215
39284,44191
46115,858
46115,924
46115,551
46115,6377
46115,318
46115,2762
46115,1682
46115,1198
46115,1079
46115,4848
38252,31658
38252,260
38252,48394
38252,58559
38252,8368
38252,63082
38252,6377
38252,527
38252,33794
38252,1291
62133,6539
62133,260
62133,2028
62133,34162
62133,1270
62133,5952
62133,2762
62133,4571
62133,1240
62133,4262
83495,2571
83495,745
83495,8961
83495,1214
83495,1212
83495,527
83495,593
83495,4993
83495,68954
83495,4327
59971,904
59971,1954
59971,64839
59971,111
59971,4022
59971,1222
59971,923
59971,88129
59971,920
59971,1252
95273,589
95273,7153
95273,5952
95273,4878
95273,2716
95273,1682
95273,1265
95273,1222
95273,1136
95273,6377
11529,4226
11529,4011
11529,48516
11529,7153
11529,293
11529,2329
11529,7361
11529,4963
11529,49530
11529,91658
15839,2329
15839,58559
15839,68157
15839,47200
15839,293
15839,36529
15839,57669
15839,58295
15839,64969
15839,51255
79011,33004
79011,45722
79011,8874
79011,44191
79011,51662
79011,46578
79011,40815
79011,54286
79011,6874
79011,37729
48819,3793
48819,6539
48819,1270
48819,589
48819,1210
48819,2571
48819,5952
48819,4993
48819,1580
48819,1240
17683,54286
17683,4973
17683,48516
17683,55290
17683,908
17683,1252
17683,1617
17683,904
17683,58559
17683,52967
93756,541
93756,2959
93756,58559
93756,2021
93756,72998
93756,2002
93756,34405
93756,1197
93756,1291
93756,1198
45904,4963
45904,76251
45904,48774
45904,7438
45904,6874
45904,68157
45904,6539
45904,2329
45904,54286
45904,3275
12353,6711
12353,4973
12353,593
12353,1059
12353,778
12353,6539
12353,1246
12353,1291
12353,1704
12353,1210
2019,2858
2019,608
2019,1136
2019,2396
2019,923
2019,235
2019,1073
2019,778
2019,7361
2019,1265
15871,1258
15871,2502
15871,593
15871,2997
15871,79132
15871,1265
15871,3160
15871,3481
15871,3949
15871,48516
51815,33794
51815,7153
51815,4993
51815,2028
51815,356
51815,318
51815,3578
51815,110
51815,4963
51815,1196
122777,1197
122777,6377
122777,588
122777,6539
122777,364
122777,480
122777,87232
122777,3114
122777,68954
122777,2571
9869,527
9869,4993
9869,2329
9869,2762
9869,4226
9869,50
9869,2571
9869,6874
9869,2918
9869,110
117672,356
117672,1380
117672,4246
117672,357
117672,4018
117672,1270
117672,1569
117672,2918
117672,1
117672,6377
116570,97921
116570,74458
116570,50
116570,1617
116570,69481
116570,1704
116570,2918
116570,30810
116570,89864
116570,1580
110077,1527
110077,150
110077,3793
110077,3578
110077,1610
110077,648
110077,4886
110077,2916
110077,110
110077,33794
102974,1036
102974,3275
102974,44665
102974,49530
102974,32587
102974,6
102974,36529
102974,6874
102974,50
102974,32
44304,2571
44304,1240
44304,2916
44304,541
44304,2716
44304,1372
44304,780
44304,316
44304,1214
44304,2393
51182,1197
51182,8961
51182,2762
51182,780
51182,500
51182,8368
51182,78499
51182,68954
51182,4022
51182,59315
121775,6377
121775,8961
121775,110
121775,40815
121775,6807
121775,296
121775,7090
121775,4973
121775,1080
121775,1517
97945,8368
97945,1136
97945,5816
97945,356
97945,5952
97945,4995
97945,1485
97945,5445
97945,1080
97945,370
48026,7153
48026,608
48026,4993
48026,2571
48026,1617
48026,750
48026,1387
48026,4034
48026,1200
48026,2194
21075,110
21075,48394
21075,4995
21075,6377
21075,364
21075,72998
21075,6539
21075,44191
21075,34405
21075,1136
63302,260
63302,318
63302,150
63302,380
63302,593
63302,1210
63302,1196
63302,1438
63302,1291
63302,5952
129200,50
129200,2959
129200,593
129200,1201
129200,1193
129200,2762
129200,1258
129200,4262
129200,2324
129200,1214
116987,91658
116987,81591
116987,72998
116987,81845
116987,68157
116987,5992
116987,5816
116987,54001
116987,4973
116987,96079
131464,260
131464,296
131464,1210
131464,3578
131464,356
131464,58559
131464,47
131464,380
131464,49272
131464,51662
120644,8961
120644,5349
120644,1617
120644,2791
120644,1580
120644,780
120644,4886
120644,1721
120644,7153
120644,6539
75220,47
75220,2571
75220,3996
75220,356
75220,4226
75220,33794
75220,55820
75220,49530
75220,30749
75220,1610
79372,318
79372,2571
79372,60069
79372,4226
79372,63082
79372,68157
79372,7099
79372,99114
79372,8961
79372,44555
86619,6874
86619,7153
86619,5952
86619,4993
86619,1527
86619,47
86619,32
86619,32587
86619,520
86619,733
43317,72011
43317,2700
43317,6863
43317,3246
43317,48774
43317,5673
43317,923
43317,1645
43317,8917
43317,71282
63728,48780
63728,4973
63728,4963
63728,4995
63728,2762
63728,1704
63728,7153
63728,1617
63728,1
63728,32
85594,7361
85594,318
85594,60069
85594,48738
85594,48780
85594,46578
85594,527
85594,59784
85594,356
85594,51471
116439,56367
116439,54272
116439,60069
116439,7254
116439,5618
116439,72998
116439,45720
116439,45447
116439,4973
116439,81845
20032,110
20032,50
20032,47
20032,356
20032,2329
20032,3793
20032,4226
20032,48516
20032,527
20032,4886
86185,6365
86185,1210
86185,1196
86185,110
86185,4306
86185,6539
86185,1291
86185,5418
86185,5378
86185,5349
77999,3160
77999,74458
77999,5445
77999,4973
77999,4878
77999,7147
77999,356
77999,5902
77999,51255
77999,1210
54210,318
54210,593
54210,1732
54210,3578
54210,2329
54210,1136
54210,6874
54210,1682
54210,4973
54210,2762
63027,1580
63027,3114
63027,1
63027,3175
63027,6377
63027,4306
63027,4886
63027,5349
63027,2012
63027,4016
67065,4995
67065,2959
67065,356
67065,32587
67065,47
67065,2194
67065,293
67065,30749
67065,1262
67065,1196
29040,2291
29040,8641
29040,3552
29040,2329
29040,1197
29040,34162
29040,3052
29040,2795
29040,4734
29040,457
53902,73017
53902,364
53902,58559
53902,44191
53902,53125
53902,78105
53902,33794
53902,480
53902,78637
53902,86880
86766,316
86766,2762
86766,110
86766,588
86766,2571
86766,380
86766,1073
86766,6539
86766,253
86766,539
14438,1193
14438,318
14438,296
14438,2858
14438,541
14438,48516
14438,44555
14438,1214
14438,47
14438,2329
57175,356
57175,6016
57175,4973
57175,3949
57175,2858
57175,50
57175,4878
57175,2762
57175,48394
57175,293
112406,1097
112406,1968
112406,1193
112406,1961
112406,1777
112406,2011
112406,3526
112406,1203
112406,1228
112406,908
29072,110
29072,4973
29072,5989
29072,30749
29072,2858
29072,296
29072,5995
29072,527
29072,44199
29072,60069
9737,6539
9737,480
9737,316
9737,1275
9737,2916
9737,2470
9737,1136
9737,2012
9737,5218
9737,6365
63457,110
63457,318
63457,165
63457,48385
63457,6016
63457,1704
63457,4776
63457,6874
63457,5445
63457,1917
102242,593
102242,4226
102242,6016
102242,924
102242,7361
102242,48774
102242,1258
102242,33794
102242,6333
102242,293
122797,150
122797,608
122797,1240
122797,1213
122797,296
122797,165
122797,6
122797,457
122797,6874
122797,778
131266,7153
131266,54001
131266,4886
131266,40815
131266,58559
131266,1
131266,588
131266,60069
131266,59315
131266,45722
8976,318
8976,2571
8976,2959
8976,48394
8976,3275
8976,3578
8976,4878
8976,3949
8976,527
8976,4973
75117,27803
75117,2858
75117,1193
75117,293
75117,1225
75117,30707
75117,63082
75117,2329
75117,92259
75117,71033
91300,32587
91300,30793
91300,33493
91300,4993
91300,40815
91300,4308
91300,7373
91300,45722
91300,8368
91300,5349
15401,60069
15401,68954
15401,364
15401,6377
15401,6539
15401,97304
15401,527
15401,5418
15401,1704
15401,76251
60270,2186
60270,926
60270,750
60270,930
60270,954
60270,3435
60270,2208
60270,951
60270,916
60270,3469
98,4226
98,260
98,2959
98,7153
98,4993
98,318
98,5618
98,6539
98,74458
98,4878
23358,60069
23358,68954
23358,80549
23358,76093
23358,69757
23358,81591
23358,41566
23358,80860
23358,78499
23358,72737
59203,2959
59203,296
59203,1193
59203,1198
59203,4973
59203,2571
59203,608
59203,1291
59203,32
59203,50
137125,1198
137125,8368
137125,1214
137125,1097
137125,2959
137125,356
137125,593
137125,527
137125,4306
137125,40815
76741,1387
76741,58559
76741,48516
76741,1193
76741,33794
76741,1617
76741,79132
76741,2997
76741,2028
76741,4993
76495,4973
76495,44555
76495,1193
76495,1206
76495,3578
76495,590
76495,2329
76495,1258
76495,6016
76495,1213
46086,1230
46086,4191
46086,1225
46086,6620
46086,1942
46086,4419
46086,7419
46086,7089
46086,8094
46086,3105
79993,60069
79993,79132
79993,318
79993,2997
79993,4011
79993,1193
79993,7438
79993,51255
79993,68237
79993,48394
91737,50
91737,527
91737,48516
91737,3578
91737,7153
91737,6539
91737,26614
91737,33794
91737,68157
91737,260
84948,32587
84948,8961
84948,8983
84948,42004
84948,33493
84948,45186
84948,48780
84948,46578
84948,47610
84948,33615
132706,32
132706,47
132706,6874
132706,33794
132706,3275
132706,2918
132706,733
132706,593
132706,6539
132706,1220
63295,44555
63295,41285
63295,37741
63295,8958
63295,8949
63295,55276
63295,80463
63295,41997
63295,30749
63295,46976
49363,7361
49363,5418
49363,44191
49363,81845
49363,648
49363,475
49363,6365
49363,1527
49363,780
49363,4262
75195,1
75195,4447
75195,1259
75195,4246
75195,3948
75195,3039
75195,380
75195,2420
75195,4886
75195,1291
130455,1198
130455,5952
130455,4993
130455,356
130455,2959
130455,4226
130455,2858
130455,47
130455,1196
130455,1193
83437,150
83437,1307
83437,2572
83437,377
83437,1721
83437,457
83437,1265
83437,1270
83437,2762
83437,588
78357,3147
78357,1
78357,6377
78357,5218
78357,8368
78357,5445
78357,780
78357,2028
78357,5989
78357,4728
23229,1580
23229,780
23229,318
23229,1
23229,1036
23229,260
23229,2716
23229,1240
23229,1196
23229,500
42851,1608
42851,589
42851,356
42851,318
42851,4022
42851,1917
42851,165
42851,7143
42851,1573
42851,8644
97214,2762
97214,8961
97214,2081
97214,899
97214,4993
97214,4016
97214,4027
97214,7153
97214,500
97214,141
98420,34162
98420,33660
98420,1200
98420,6377
98420,30707
98420,3255
98420,4262
98420,49272
98420,96079
98420,111
10724,3578
10724,59315
10724,79132
10724,68157
10724,318
10724,3793
10724,6539
10724,2762
10724,778
10724,1221
79672,1262
79672,4993
79672,1196
79672,110
79672,364
79672,1721
79672,1272
79672,2762
79672,593
79672,589
5423,1198
5423,1196
5423,1200
5423,110
5423,457
5423,49530
5423,4226
5423,1214
5423,27611
5423,98961
112761,780
112761,318
112761,73017
112761,5989
112761,3793
112761,2706
112761,54503
112761,3948
112761,63082
112761,44199
57663,3949
57663,2908
57663,4848
57663,4973
57663,1206
57663,5992
57663,593
57663,63876
57663,48774
57663,1235
76201,47
76201,4011
76201,2542
76201,1203
76201,608
76201,750
76201,55820
76201,1732
76201,1208
76201,31410
71936,1270
71936,1278
71936,1097
71936,4306
71936,3671
71936,1663
71936,1610
71936,1240
71936,6377
71936,1282
6691,1197
6691,2762
6691,356
6691,2571
6691,33794
6691,1580
6691,3578
6691,1198
6691,1
6691,4306
15243,1240
15243,589
15243,592
15243,6365
15243,2167
15243,356
15243,2617
15243,1198
15243,780
15243,2762
56951,296
56951,3911
56951,2997
56951,63082
56951,48385
56951,5377
56951,1968
56951,44195
56951,54503
56951,1136
20661,5679
20661,1219
20661,7438
20661,6874
20661,1682
20661,4993
20661,4720
20661,2291
20661,3793
20661,608
51039,608
51039,4979
51039,4027
51039,51255
51039,3897
51039,94959
51039,8874
51039,29
51039,1732
51039,2692
117516,778
117516,1206
117516,2657
117516,1339
117516,7147
117516,8874
117516,2336
117516,5952
117516,7153
117516,4993
84386,589
84386,1197
84386,8961
84386,8865
84386,911
84386,2640
84386,4896
84386,8636
84386,1200
84386,1356
23534,7153
23534,1270
23534,2858
23534,58559
23534,32
23534,2762
23534,1580
23534,110
23534,380
23534,1197
63924,1136
63924,60069
63924,1197
63924,4878
63924,1
63924,914
63924,54190
63924,899
63924,2959
63924,7361
25802,6539
25802,8961
25802,2571
25802,7361
25802,4027
25802,608
25802,2028
25802,527
25802,3897
25802,750
25570,35836
25570,5620
25570,597
25570,56367
25570,4823
25570,7293
25570,539
25570,5377
25570,3916
25570,3255
76224,1961
76224,4973
76224,2028
76224,2959
76224,296
76224,33794
76224,8798
76224,293
76224,4034
76224,33660
123601,1260
123601,1635
123601,1251
123601,1212
123601,778
123601,4027
123601,154
123601,1089
123601,260
123601,26131
48233,380
48233,457
48233,593
48233,318
48233,32
48233,1527
48233,296
48233,527
48233,1704
48233,50
41795,40819
41795,8949
41795,150
41795,1961
41795,1276
41795,1247
41795,1193
41795,30749
41795,37741
41795,858
12710,51662
12710,4226
12710,608
12710,2987
12710,5669
12710,50872
12710,293
12710,8368
12710,4011
12710,46578
117406,2571
117406,912
117406,1198
117406,260
117406,590
117406,3681
117406,527
117406,3578
117406,914
117406,1291
14528,8360
14528,1580
14528,8984
14528,2502
14528,5064
14528,3301
14528,53972
14528,7445
14528,1393
14528,34162
102280,47
102280,3578
102280,4973
102280,4995
102280,6377
102280,356
102280,2329
102280,4226
102280,110
102280,4886
17918,1201
17918,1212
17918,1997
17918,356
17918,3730
17918,1641
17918,1263
17918,1204
17918,2985
17918,910
107095,318
107095,2959
107095,59315
107095,48780
107095,7361
107095,48774
107095,260
107095,44191
107095,1198
107095,68358
7191,33794
7191,1193
7191,5952
7191,318
7191,7361
7191,1252
7191,1214
7191,1221
7191,2947
7191,1291
37631,60069
37631,68954
37631,4886
37631,6539
37631,5299
37631,1197
37631,4993
37631,4447
37631,5218
37631,8368
36161,2858
36161,1961
36161,1206
36161,1221
36161,541
36161,1222
36161,1263
36161,5147
36161,1784
36161,2791
52175,1080
52175,4226
52175,593
52175,3996
52175,1258
52175,356
52175,2692
52175,509
52175,1291
52175,1249
40610,318
40610,110
40610,1
40610,3578
40610,1073
40610,2716
40610,44191
40610,377
40610,648
40610,1923
44423,296
44423,2571
44423,47
44423,2762
44423,318
44423,3147
44423,64614
44423,527
44423,2858
44423,58559
24945,85414
24945,8798
24945,77561
24945,2028
24945,1210
24945,6
24945,50
24945,105213
24945,63113
24945,56367
104323,46578
104323,2291
104323,51255
104323,4306
104323,46976
104323,48394
104323,44195
104323,2716
104323,551
104323,1
51633,39183
51633,1307
51633,3897
51633,562
51633,5377
51633,2599
51633,1968
51633,2918
51633,38886
51633,42004
124948,2858
124948,79132
124948,527
124948,1704
124948,63082
124948,2571
124948,1269
124948,71033
124948,898
124948,50
33287,59315
33287,58559
33287,31696
33287,51662
33287,33493
33287,54286
33287,8810
33287,34405
33287,33166
33287,45499
63635,608
63635,2329
63635,50
63635,7361
63635,318
63635,2858
63635,1704
63635,4235
63635,110
63635,81845
106037,1198
106037,8874
106037,58559
106037,47
106037,4226
106037,1373
106037,3578
106037,1270
106037,527
106037,1222
131787,49530
131787,48516
131787,2706
131787,55765
131787,32
131787,49272
131787,36529
131787,4995
131787,5218
131787,7143
41207,4973
41207,54286
41207,3793
41207,48774
41207,48780
41207,6539
41207,111759
41207,109487
41207,68157
41207,858
59328,79132
59328,296
59328,3578
59328,33794
59328,59315
59328,54286
59328,1036
59328,318
59328,89745
59328,68358
92790,7438
92790,2028
92790,1198
92790,4973
92790,5618
92790,2762
92790,260
92790,48738
92790,32
92790,1136
53720,1193
53720,1221
53720,2951
53720,4011
53720,1258
53720,908
53720,68237
53720,541
53720,431
53720,3006
4362,1580
4362,1210
4362,356
4362,1196
4362,110
4362,733
4362,1270
4362,2683
4362,2826
4362,165
84033,1270
84033,1222
84033,49272
84033,858
84033,4226
84033,1208
84033,1580
84033,1221
84033,4886
84033,457
61951,34150
61951,33794
61951,58559
61951,49793
61951,49272
61951,46976
61951,60069
61951,33679
61951,51471
61951,32598
62314,6874
62314,1199
62314,1089
62314,4226
62314,79132
62314,1201
62314,27773
62314,57669
62314,1274
62314,3328
120609,7361
120609,48394
120609,4896
120609,27660
120609,551
120609,5971
120609,4848
120609,61240
120609,52885
120609,4973
80573,1704
80573,318
80573,593
80573,4995
80573,1961
80573,4973
80573,2959
80573,1721
80573,1380
80573,1
88915,318
88915,79132
88915,2329
88915,35836
88915,4226
88915,2502
88915,59315
88915,67087
88915,4878
88915,44195
26857,6377
26857,4886
26857,780
26857,8644
26857,4963
26857,1527
26857,1923
26857,5459
26857,586
26857,4993
84450,2716
84450,1580
84450,1291
84450,592
84450,858
84450,1089
84450,1036
84450,145
84450,356
84450,1377
50913,7361
50913,588
50913,1
50913,8961
50913,50872
50913,1035
50913,48394
50913,2959
50913,2396
50913,3114
51179,318
51179,32587
51179,356
51179,54286
51179,4011
51179,4226
51179,49272
51179,19
51179,6365
51179,60069
123310,858
123310,1580
123310,4226
123310,296
123310,2762
123310,5989
123310,457
123310,150
123310,1
123310,8961
77525,52722
77525,33794
77525,32596
77525,49272
77525,42738
77525,45517
77525,39435
77525,53125
77525,45722
77525,51575
127234,480
127234,1
127234,6539
127234,364
127234,2115
127234,318
127234,5349
127234,3793
127234,8360
127234,8961
116755,1210
116755,1270
116755,608
116755,527
116755,2028
116755,2502
116755,30749
116755,3996
116755,1961
116755,1
71921,33794
71921,32587
71921,858
71921,50
71921,1210
71921,260
71921,4011
71921,1196
71921,4995
71921,30749
24042,541
24042,904
24042,2571
24042,5952
24042,7153
24042,4993
24042,919
24042,1263
24042,4306
24042,1884
37708,608
37708,296
37708,858
37708,1732
37708,55820
37708,101
37708,6993
37708,1095
37708,2997
37708,593
46395,91500
46395,99114
46395,58559
46395,1136
46395,1258
46395,110102
46395,76093
46395,541
46395,59315
46395,260
135399,6539
135399,1197
135399,2761
135399,78499
135399,914
135399,4886
135399,3088
135399,837
135399,838
135399,1198
29811,26662
29811,52885
29811,1198
29811,2571
29811,6350
29811,541
29811,2959
29811,1197
29811,2140
29811,32
57184,260
57184,6539
57184,593
57184,4011
57184,318
57184,2571
57184,49272
57184,2542
57184,1527
57184,1704
14440,81417
14440,81562
14440,89864
14440,356
14440,90376
14440,84952
14440,27700
14440,84152
14440,1721
14440,8783
16404,44191
16404,34437
16404,49272
16404,58559
16404,39292
16404,60069
16404,54286
16404,8949
16404,33166
16404,55820
40932,588
40932,356
40932,4306
40932,4886
40932,4963
40932,2572
40932,1777
40932,1968
40932,1393
40932,1704
58531,608
58531,2571
58531,2959
58531,31658
58531,527
58531,1193
58531,1247
58531,1198
58531,99114
58531,1136
10809,1036
10809,61132
10809,5349
10809,2502
10809,44665
10809,356
10809,111
10809,4993
10809,1210
10809,68157
85892,1089
85892,7438
85892,593
85892,2571
85892,32
85892,3949
85892,318
85892,778
85892,2762
85892,1682
3748,3578
3748,110
3748,3717
3748,2115
3748,588
3748,5064
3748,2011
3748,1597
3748,4299
3748,1917
55021,6874
55021,318
55021,1198
55021,1270
55021,2000
55021,6539
55021,1527
55021,3793
55021,33493
55021,457
57623,1036
57623,593
57623,733
57623,5064
57623,2918
57623,4963
57623,2797
57623,2174
57623,1101
57623,2000
28059,4306
28059,8961
28059,1197
28059,6377
28059,3635
28059,2948
28059,7570
28059,2989
28059,7569
28059,2949
83855,44555
83855,55276
83855,81845
83855,57669
83855,40583
83855,91658
83855,912
83855,46578
83855,2396
83855,61323
57709,4306
57709,1198
57709,3000
57709,4226
57709,5971
57709,1136
57709,1089
57709,1197
57709,44191
57709,588
50543,3035
50543,6870
50543,1276
50543,1250
50543,3811
50543,1272
50543,7132
50543,48516
50543,30812
50543,26111
127811,63082
127811,750
127811,1213
127811,111
127811,68157
127811,56782
127811,1682
127811,7153
127811,55247
127811,1073
1494,1954
1494,3552
1494,1240
1494,1387
1494,50
1494,1997
1494,110
1494,4002
1494,2959
1494,32
87439,593
87439,33794
87439,2762
87439,7153
87439,6874
87439,4993
87439,5349
87439,588
87439,586
87439,5952
11005,8961
11005,1
11005,592
11005,1197
11005,8784
11005,21
11005,50
11005,2502
11005,1198
11005,2396
70483,8961
70483,356
70483,50
70483,1193
70483,1196
70483,260
70483,47
70483,55820
70483,5952
70483,4993
99202,158
99202,2080
99202,2081
99202,6377
99202,236
99202,3996
99202,410
99202,4886
99202,7154
99202,5218
33462,1198
33462,4973
33462,593
33462,648
33462,3147
33462,592
33462,8360
33462,595
33462,318
33462,586
4581,50
4581,858
4581,1246
4581,8970
4581,7361
4581,356
4581,110
4581,3481
4581,1961
4581,1527
72821,316
72821,6539
72821,1610
72821,110
72821,165
72821,4886
72821,2716
72821,2628
72821,2762
72821,3578
42844,2762
42844,110
42844,1704
42844,457
42844,1961
42844,1784
42844,30707
42844,1101
42844,8665
42844,2918
13899,8368
13899,8961
13899,54286
13899,56367
13899,63082
13899,45517
13899,33794
13899,40819
13899,8360
13899,34405
109965,60069
109965,912
109965,745
109965,1148
109965,3751
109965,8665
109965,33493
109965,750
109965,8961
109965,48780
13716,58559
13716,356
13716,480
13716,260
13716,1580
13716,35836
13716,34162
13716,2502
13716,1270
13716,296
20750,1094
20750,7137
20750,36
20750,1961
20750,4034
20750,3418
20750,7361
20750,7156
20750,300
20750,778
57591,593
57591,318
57591,480
57591,110
57591,3578
57591,2028
57591,50
57591,344
57591,648
57591,380
116523,4226
116523,32
116523,296
116523,2762
116523,2959
116523,608
116523,318
116523,541
116523,527
116523,33794
136648,1206
136648,593
136648,2858
136648,858
136648,7361
136648,6711
136648,50
136648,1193
136648,924
136648,3996
102243,6377
102243,318
102243,68358
102243,79132
102243,4886
102243,76093
102243,590
102243,150
102243,1610
102243,7502
80715,1240
80715,1197
80715,1
80715,110
80715,2571
80715,3578
80715,6539
80715,608
80715,1233
80715,1304
37915,527
37915,318
37915,50
37915,7153
37915,2959
37915,356
37915,4306
37915,912
37915,1203
37915,5952
109943,2959
109943,47
109943,3499
109943,7361
109943,1089
109943,1
109943,2396
109943,8961
109943,6711
109943,6870
43709,4878
43709,1214
43709,2700
43709,1136
43709,6502
43709,318
43709,7153
43709,60684
43709,293
43709,6874
71362,2571
71362,593
71362,32
71362,2329
71362,2858
71362,111
71362,608
71362,2997
71362,924
71362,318
82459,1721
82459,3147
82459,5445
82459,49272
82459,1270
82459,55247
82459,1732
82459,1222
82459,589
82459,45928
84843,1136
84843,593
84843,54286
84843,59315
84843,68954
84843,2502
84843,63082
84843,81932
84843,858
84843,46578
132717,2329
132717,7361
132717,2959
132717,296
132717,46578
132717,46723
132717,7034
132717,4226
132717,527
132717,308
48036,97306
48036,68157
48036,73017
48036,59315
48036,104241
48036,99114
48036,44191
48036,4963
48036,56174
48036,106487
110071,2122
110071,33085
110071,6040
110071,8815
110071,2279
110071,34143
110071,6250
110071,26693
110071,1327
110071,1342
93672,1198
93672,8984
93672,5445
93672,1291
93672,49272
93672,8644
93672,5872
93672,49278
93672,8961
93672,2959
114710,527
114710,2571
114710,1193
114710,2858
114710,3949
114710,2329
114710,5952
114710,7153
114710,110
114710,778
15844,32587
15844,3868
15844,2502
15844,48385
15844,1270
15844,27773
15844,1089
15844,70286
15844,1206
15844,6755
137131,4226
137131,50
137131,1288
137131,1198
137131,4979
137131,3481
137131,1500
137131,1060
137131,3897
137131,2174
19417,1210
19417,6539
19417,58559
19417,50
19417,5952
19417,2571
19417,318
19417,457
19417,33794
19417,2959
38730,457
38730,2268
38730,1597
38730,593
38730,3256
38730,454
38730,1620
38730,2058
38730,2819
38730,356
35522,2716
35522,79132
35522,2916
35522,50
35522,32
35522,1266
35522,33794
35522,1625
35522,6
35522,32587
73428,1954
73428,1193
73428,1265
73428,3671
73428,1258
73428,1214
73428,1276
73428,1291
73428,541
73428,3508
58,1674
58,3418
58,50
58,2762
58,593
58,608
58,4995
58,150
58,1293
58,1186
35735,1213
35735,924
35735,6774
35735,2159
35735,1193
35735,2488
35735,3075
35735,1245
35735,1077
35735,1214
76086,32587
76086,6539
76086,4226
76086,1200
76086,1214
76086,3703
76086,1676
76086,1206
76086,1721
76086,6874
114222,1222
114222,293
114222,318
114222,68157
114222,50
114222,1198
114222,2028
114222,6016
114222,2858
114222,1240
86832,48394
86832,2571
86832,296
86832,2858
86832,356
86832,2329
86832,7153
86832,593
86832,551
86832,54190
103530,5952
103530,1721
103530,32
103530,296
103530,1252
103530,7438
103530,6874
103530,5349
103530,1240
103530,150
57566,8970
57566,41566
57566,44195
57566,8784
57566,33004
57566,31685
57566,33679
57566,45722
57566,33794
57566,8464
131308,4973
131308,4993
131308,60069
131308,2329
131308,1089
131308,7361
131308,293
131308,2762
131308,318
131308,1198
76607,588
76607,2918
76607,1028
76607,1197
76607,1393
76607,4022
76607,1682
76607,79132
76607,3114
76607,1961
100040,3114
100040,8961
100040,500
100040,780
100040,2571
100040,2762
100040,1721
100040,48
100040,5218
100040,1380
38319,318
38319,79132
38319,356
38319,344
38319,54503
38319,296
38319,2502
38319,42011
38319,5449
38319,6539
13983,2571
13983,3175
13983,912
13983,32
13983,26614
13983,8961
13983,1214
13983,589
13983,48774
13983,56921
39243,2571
39243,4034
39243,1617
39243,2959
39243,1198
39243,1259
39243,3006
39243,58559
39243,8961
39243,44195
1573,1961
1573,4995
1573,318
1573,5225
1573,50
1573,33903
1573,27803
1573,6874
1573,293
1573,7438
40178,2571
40178,4011
40178,1221
40178,47
40178,858
40178,1222
40178,111
40178,593
40178,68157
40178,1201
98500,318
98500,527
98500,1193
98500,1704
98500,50
98500,1263
98500,2871
98500,111
98500,3104
98500,55820
105898,4963
105898,79132
105898,36529
105898,44191
105898,81229
105898,34319
105898,2571
105898,5989
105898,5418
105898,7438
93808,2858
93808,5013
93808,6932
93808,40815
93808,3160
93808,4226
93808,41285
93808,6711
93808,2959
93808,2076
107442,1240
107442,47
107442,2959
107442,2916
107442,2858
107442,318
107442,1704
107442,5445
107442,2028
107442,4963
70525,4973
70525,47610
70525,2959
70525,4226
70525,7254
70525,63082
70525,5445
70525,296
70525,33794
70525,6874
112338,4306
112338,2081
112338,595
112338,6377
112338,260
112338,1196
112338,1101
112338,5991
112338,1
112338,5418
38094,33794
38094,457
38094,1610
38094,589
38094,4993
38094,588
38094,3175
38094,2115
38094,1374
38094,1036
32289,54001
32289,58559
32289,2657
32289,8360
32289,52973
32289,6942
32289,7451
32289,7147
32289,7361
32289,1367
11615,2959
11615,2716
11615,1265
11615,1196
11615,5673
11615,2918
11615,1
11615,592
11615,318
11615,46976
84648,58559
84648,32
84648,593
84648,858
84648,356
84648,1214
84648,3578
84648,2762
84648,68157
84648,99114
91685,1213
91685,48516
91685,7361
91685,4011
91685,55820
91685,2542
91685,16
91685,79132
91685,1258
91685,2692
37444,1270
37444,593
37444,5349
37444,4993
37444,2762
37444,32587
37444,2858
37444,2716
37444,356
37444,1198
111586,2716
111586,3578
111586,1200
111586,1214
111586,32
111586,1265
111586,590
111586,4226
111586,4993
111586,7153
93781,3578
93781,457
93781,110
93781,1610
93781,912
93781,1304
93781,150
93781,1617
93781,1213
93781,5060
5900,527
5900,1961
5900,4973
5900,1222
5900,858
5900,7153
5900,5952
5900,1221
5900,55820
5900,6711
76250,2762
76250,4226
76250,1196
76250,593
76250,2959
76250,1210
76250,1
76250,150
76250,50
76250,527
63849,1270
63849,480
63849,648
63849,780
63849,588
63849,231
63849,1198
63849,4963
63849,4886
63849,8961
66092,110102
66092,1197
66092,593
66092,911
66092,2959
66092,541
66092,922
66092,260
66092,79132
66092,915
59346,56757
59346,2762
59346,44191
59346,6539
59346,68954
59346,91500
59346,318
59346,54503
59346,91658
59346,45722
109442,95167
109442,96079
109442,60069
109442,85414
109442,97913
109442,89492
109442,90866
109442,34405
109442,80463
109442,98961
49976,68954
49976,5952
49976,588
49976,4306
49976,595
49976,1
49976,60069
49976,7153
49976,3114
49976,480
76612,32587
76612,33794
76612,858
76612,4306
76612,4226
76612,589
76612,44191
76612,1089
76612,1196
76612,260
120832,50
120832,2329
120832,296
120832,1704
120832,356
120832,2997
120832,4878
120832,3949
120832,68157
120832,32
81954,2858
81954,296
81954,1136
81954,1089
81954,2997
81954,4979
81954,7361
81954,1080
81954,2395
81954,593
12798,7361
12798,527
12798,5995
12798,1207
12798,858
12798,2959
12798,2502
12798,1617
12798,30749
12798,1094
45261,7153
45261,589
45261,1580
45261,648
45261,858
45261,318
45261,2959
45261,4963
45261,1721
45261,3147
137189,608
137189,2858
137189,1193
137189,2571
137189,296
137189,318
137189,1221
137189,1089
137189,6016
137189,750
116190,2571
116190,590
116190,1196
116190,4993
116190,47
116190,4226
116190,1210
116190,3578
116190,2959
116190,50
136195,593
136195,1200
136195,296
136195,68358
136195,541
136195,4993
136195,904
136195,858
136195,33794
136195,2329
129546,48394
129546,6377
129546,58559
129546,2762
129546,7147
129546,1265
129546,4993
129546,68954
129546,7153
129546,59315
136426,34048
136426,1214
136426,6874
136426,33493
136426,99114
136426,3578
136426,4973
136426,60684
136426,68157
136426,8644
60928,1682
60928,318
60928,4306
60928,2959
60928,1961
60928,1625
60928,780
60928,1721
60928,1580
60928,1917
116019,527
116019,750
116019,1089
116019,2571
116019,318
116019,5952
116019,4993
116019,1201
116019,32587
116019,1193
134998,79132
134998,2858
134998,58559
134998,48516
134998,356
134998,1196
134998,1387
134998,4262
134998,1222
134998,55820
99523,88810
99523,68954
99523,79132
99523,30707
99523,82459
99523,8949
99523,33493
99523,41566
99523,81834
99523,27808
132579,260
132579,1210
132579,5952
132579,4993
132579,1
132579,51662
132579,3793
132579,780
132579,1196
132579,480
16938,54997
16938,2470
16938,34048
16938,434
16938,8644
16938,2105
16938,1127
16938,2094
16938,6534
16938,3703
53518,2959
53518,1240
53518,260
53518,4993
53518,2571
53518,1387
53518,1219
53518,1210
53518,858
53518,110
20715,2571
20715,1089
20715,4226
20715,1213
20715,2959
20715,1240
20715,1276
20715,527
20715,111
20715,7361
61055,4306
61055,68954
61055,79091
61055,5952
61055,81847
61055,8961
61055,8368
61055,73017
61055,4896
61055,81845
26238,4306
26238,1197
26238,916
26238,480
26238,3175
26238,62
26238,4014
26238,7
26238,260
26238,1196
32952,1968
32952,3703
32952,1663
32952,3996
32952,1268
32952,1285
32952,1206
32952,541
32952,1101
32952,1197
36013,32
36013,5418
36013,260
36013,7438
36013,6874
36013,5989
36013,7143
36013,4306
36013,1036
36013,1213
45695,8665
45695,50
45695,2762
45695,1704
45695,3793
45695,1198
45695,4226
45695,53125
45695,7445
45695,53322
69494,49272
69494,44195
69494,54259
69494,33004
69494,45517
69494,48394
69494,44191
69494,54272
69494,48774
69494,54286
45588,1307
45588,905
45588,919
45588,539
45588,913
45588,1296
45588,955
45588,1269
45588,597
45588,3996
61331,780
61331,51255
61331,51662
61331,6934
61331,3578
61331,32587
61331,49272
61331,5952
61331,7153
61331,8644
38835,6867
38835,30749
38835,46578
38835,40819
38835,1203
38835,750
38835,8530
38835,38038
38835,6218
38835,53123
3386,49272
3386,68791
3386,48780
3386,68358
3386,53972
3386,84152
3386,96079
3386,102445
3386,87520
3386,106489
53017,6874
53017,8917
53017,4963
53017,2959
53017,58998
53017,57640
53017,59615
53017,6754
53017,3617
53017,45499
115070,1291
115070,2959
115070,1
115070,2716
115070,110
115070,589
115070,588
115070,380
115070,165
115070,1214
5128,2858
5128,480
5128,1704
5128,597
5128,6365
5128,4022
5128,2916
5128,349
5128,1265
5128,6874
110066,72641
110066,17
110066,1962
110066,73
110066,2324
110066,1035
110066,4857
110066,2501
110066,7669
110066,3105
29786,2571
29786,356
29786,4973
29786,1073
29786,1265
29786,7153
29786,4993
29786,2997
29786,4226
29786,47
128723,2019
128723,4308
128723,527
128723,3996
128723,912
128723,8368
128723,4886
128723,7361
128723,41566
128723,110
109409,1198
109409,48394
109409,2571
109409,750
109409,2291
109409,6807
109409,1079
109409,7123
109409,1320
109409,3910
38670,7153
38670,33679
38670,39231
38670,47610
38670,46578
38670,36517
38670,44665
38670,8969
38670,27821
38670,4993
51432,5618
51432,1265
51432,589
51432,27773
51432,3000
51432,541
51432,1240
51432,1261
51432,4886
51432,31878
9565,60069
9565,6539
9565,5418
9565,4993
9565,91529
9565,89745
9565,78499
9565,4226
9565,5445
9565,6377
116505,7361
116505,3481
116505,50
116505,8961
116505,1148
116505,4226
116505,8949
116505,8784
116505,3996
116505,2858
116900,7044
116900,2455
116900,1206
116900,2551
116900,296
116900,608
116900,2712
116900,1673
116900,3499
116900,1982
136278,6377
136278,4963
136278,356
136278,5418
136278,7153
136278,68358
136278,4896
136278,54286
136278,79132
136278,953
108323,1214
108323,608
108323,356
108323,110
108323,260
108323,4011
108323,32
108323,457
108323,1221
108323,527
38893,47
38893,2028
38893,527
38893,296
38893,593
38893,1210
38893,7153
38893,4306
38893,6539
38893,3527
136447,7153
136447,4993
136447,5952
136447,1246
136447,497
136447,4014
136447,6539
136447,150
136447,8970
136447,1296
85490,44665
85490,2329
85490,356
85490,81834
85490,40815
85490,4886
85490,73017
85490,4896
85490,50
85490,7143
15988,1
15988,110
15988,4995
15988,3147
15988,2762
15988,3578
15988,953
15988,1704
15988,457
15988,2501
132254,4886
132254,1265
132254,1097
132254,1270
132254,318
132254,4995
132254,1784
132254,150
132254,593
132254,2716
88761,1
88761,1580
88761,356
88761,1210
88761,480
88761,4993
88761,2571
88761,260
88761,2716
88761,1270
122299,2915
122299,3707
122299,2712
122299,1194
122299,5110
122299,1805
122299,5151
122299,47640
122299,6188
122299,6957
43724,31658
43724,56367
43724,50872
43724,7153
43724,40815
43724,1704
43724,1136
43724,3000
43724,4993
43724,4896
132958,349
132958,1036
132958,593
132958,2028
132958,356
132958,590
132958,1101
132958,1954
132958,1387
132958,1097
64968,111
64968,79132
64968,608
64968,4973
64968,2959
64968,5995
64968,1225
64968,1222
64968,1208
64968,6016
12227,1198
12227,1197
12227,4878
12227,1265
12227,2918
12227,5445
12227,745
12227,1704
12227,54286
12227,58559
5239,7153
5239,2599
5239,2571
5239,39
5239,4993
5239,1639
5239,3114
5239,1
5239,1380
5239,457
7891,91529
7891,44191
7891,7147
7891,6333
7891,73017
7891,68954
7891,5903
7891,1291
7891,76093
7891,86332
73857,1288
73857,8961
73857,6377
73857,903
73857,3334
73857,7584
73857,6218
73857,1238
73857,3435
73857,3418
31732,60069
31732,110
31732,2959
31732,318
31732,2571
31732,44191
31732,3000
31732,260
31732,1196
31732,3578
134202,296
134202,32
134202,4993
134202,5952
134202,1610
134202,1617
134202,3147
134202,33794
134202,1214
134202,593
129225,3000
129225,4993
129225,1270
129225,7153
129225,7438
129225,6874
129225,1222
129225,6
129225,5952
129225,3996
902,593
902,47
902,2762
902,3114
902,1527
902,5418
902,4226
902,1196
902,4995
902,4993
38600,1198
38600,1270
38600,8961
38600,110
38600,480
38600,1580
38600,364
38600,72998
38600,5349
38600,527
138414,2959
138414,68237
138414,8874
138414,1136
138414,108932
138414,4878
138414,1196
138414,4226
138414,91529
138414,48394
83380,1291
83380,1198
83380,1
83380,47
83380,33794
83380,6874
83380,1682
83380,1097
83380,4027
83380,1580
49214,32587
49214,5669
49214,5995
49214,4226
49214,778
49214,60069
49214,50872
49214,30793
49214,41285
49214,44694
104590,5971
104590,4878
104590,2959
104590,37729
104590,30793
104590,1441
104590,4973
104590,1032
104590,2329
104590,6874
18083,8961
18083,4226
18083,6874
18083,1
18083,5418
18083,4022
18083,33166
18083,7361
18083,3499
18083,1961
30002,1196
30002,1200
30002,1214
30002,2329
30002,1089
30002,5952
30002,1215
30002,47
30002,6502
30002,1210
122431,480
122431,1221
122431,1136
122431,111
122431,260
122431,1617
122431,1213
122431,356
122431,1252
122431,47
57040,356
57040,1732
57040,6539
57040,7361
57040,318
57040,4226
57040,58559
57040,1704
57040,4973
57040,7147
64988,912
64988,1527
64988,1682
64988,2028
64988,47
64988,527
64988,1393
64988,2987
64988,1961
64988,750
74473,2762
74473,48394
74473,4973
74473,902
74473,3967
74473,778
74473,1193
74473,6377
74473,4886
74473,5952
104503,59315
104503,2959
104503,33794
104503,68237
104503,6333
104503,48774
104503,60684
104503,4226
104503,49278
104503,6537
71728,2762
71728,4886
71728,6377
71728,588
71728,231
71728,1777
71728,5299
71728,1380
71728,587
71728,2797
48973,1291
48973,527
48973,6539
48973,6377
48973,588
48973,4963
48973,110
48973,1580
48973,4973
48973,4995
131808,63082
131808,30749
131808,2028
131808,50
131808,593
131808,296
131808,2019
131808,2324
131808,1207
131808,69757
1619,2502
1619,4963
1619,780
1619,1704
1619,104
1619,1580
1619,231
1619,2571
1619,457
1619,1968
15319,2858
15319,296
15319,1193
15319,2329
15319,48780
15319,1625
15319,4226
15319,4995
15319,4720
15319,47610
14130,7153
14130,5952
14130,32
14130,2028
14130,2762
14130,48516
14130,589
14130,480
14130,780
14130,4011
78977,593
78977,541
78977,47
78977,1258
78977,1221
78977,912
78977,1225
78977,48394
78977,2571
78977,1213
95614,1136
95614,2324
95614,6807
95614,7323
95614,48385
95614,46723
95614,32
95614,1080
95614,527
95614,2329
91252,2762
91252,3793
91252,4963
91252,68358
91252,4993
91252,589
91252,2028
91252,48516
91252,480
91252,527
29616,541
29616,1258
29616,4226
29616,1136
29616,1196
29616,4973
29616,7361
29616,2700
29616,5618
29616,29
90601,7361
90601,6711
90601,1208
90601,1213
90601,3160
90601,1673
90601,5902
90601,46578
90601,1394
90601,2502
11437,47
11437,593
11437,110
11437,2959
11437,318
11437,4995
11437,5349
11437,527
11437,1240
11437,3996
48114,60069
48114,2959
48114,60684
48114,2571
48114,103228
48114,57368
48114,68157
48114,51255
48114,73017
48114,94864
38198,1704
38198,47
38198,1193
38198,1291
38198,4027
38198,7361
38198,1923
38198,58559
38198,5989
38198,1617
11435,26614
11435,72998
11435,49272
11435,4005
11435,3256
11435,3681
11435,2278
11435,1249
11435,6365
11435,5418
85113,5995
85113,6016
85113,8949
85113,30749
85113,4226
85113,7323
85113,30812
85113,34072
85113,7090
85113,6711
126459,60069
126459,58559
126459,91500
126459,54259
126459,77561
126459,33794
126459,7153
126459,53125
126459,49272
126459,76093
9763,608
9763,4973
9763,1193
9763,46578
9763,2858
9763,6787
9763,1207
9763,37741
9763,56367
9763,6852
133170,4886
133170,8961
133170,589
133170,110
133170,2028
133170,2571
133170,3578
133170,33794
133170,780
133170,593
7978,2881
7978,2058
7978,3717
7978,50
7978,110
7978,5064
7978,3298
7978,8961
7978,628
7978,6879
118067,46976
118067,60069
118067,68954
118067,6773
118067,66097
118067,70293
118067,46578
118067,8368
118067,745
118067,54259
84872,2858
84872,35836
84872,44195
84872,4226
84872,1233
84872,69481
84872,48516
84872,56788
84872,1136
84872,55820
28965,53996
28965,56174
28965,2571
28965,318
28965,51662
28965,2959
28965,55820
28965,4306
28965,56587
28965,59315
97628,541
97628,1214
97628,2160
97628,2186
97628,1617
97628,2010
97628,3996
97628,5902
97628,928
97628,1175
90442,4306
90442,364
90442,4246
90442,597
90442,3408
90442,33166
90442,1
90442,4963
90442,6155
90442,1721
21556,91529
21556,2959
21556,74458
21556,58559
21556,4896
21556,59315
21556,69844
21556,56174
21556,296
21556,3578
122160,8376
122160,8961
122160,6565
122160,30822
122160,34150
122160,6863
122160,51255
122160,34048
122160,33679
122160,8644
62033,50
62033,2571
62033,1210
62033,1198
62033,356
62033,1240
62033,589
62033,592
62033,593
62033,380
34180,4499
34180,2502
34180,3552
34180,6188
34180,4011
34180,7325
34180,2918
34180,8972
34180,33004
34180,2301
89462,2858
89462,47
89462,1222
89462,4993
89462,1136
89462,1193
89462,68157
89462,589
89462,2700
89462,1240
35674,32587
35674,5349
35674,1527
35674,1610
35674,2028
35674,47
35674,2617
35674,4223
35674,41569
35674,593
89067,750
89067,47
89067,1193
89067,3949
89067,1208
89067,2571
89067,46578
89067,6953
89067,1213
89067,5608
76927,1136
76927,31658
76927,7361
76927,5971
76927,5618
76927,2692
76927,6350
76927,4878
76927,60069
76927,6773
72492,79132
72492,46578
72492,778
72492,356
72492,81845
72492,2571
72492,593
72492,1206
72492,7669
72492,858
104073,47
104073,593
104073,59315
104073,1222
104073,1214
104073,2959
104073,48516
104073,3578
104073,1213
104073,4226
135223,3949
135223,750
135223,1213
135223,7361
135223,968
135223,1219
135223,1200
135223,1387
135223,260
135223,2997
31701,44665
31701,2571
31701,110
31701,51255
31701,6502
31701,48774
31701,6874
31701,1222
31701,356
31701,2858
6303,1214
6303,924
6303,260
6303,1196
6303,150
6303,3471
6303,1240
6303,1193
6303,1206
6303,1258
77016,1197
77016,7153
77016,4993
77016,48394
77016,4226
77016,4973
77016,7361
77016,48774
77016,5952
77016,903
53818,2918
53818,260
53818,4896
53818,1198
53818,40815
53818,51255
53818,68954
53818,356
53818,8874
53818,2791
40288,2959
40288,3785
40288,4896
40288,8528
40288,3617
40288,60756
40288,7317
40288,4974
40288,34162
40288,6934
20043,1200
20043,1214
20043,7387
20043,1219
20043,1089
20043,1221
20043,2459
20043,608
20043,1263
20043,1193
38249,54001
38249,356
38249,5349
38249,50872
38249,500
38249,6378
38249,31685
38249,5989
38249,8644
38249,4993
137214,2571
137214,2959
137214,47
137214,2858
137214,527
137214,2028
137214,858
137214,79132
137214,1222
137214,2329
131703,356
131703,33166
131703,2858
131703,1721
131703,5989
131703,1961
131703,2302
131703,2804
131703,62
131703,8622
67925,1036
67925,480
67925,2571
67925,541
67925,858
67925,2710
67925,4878
67925,2329
67925,19
67925,6774
20283,1270
20283,2571
20283,589
20283,1240
20283,316
20283,296
20283,480
20283,380
20283,6303
20283,457
84152,6377
84152,53993
84152,65088
84152,7316
84152,56941
84152,53121
84152,7173
84152,50872
84152,43930
84152,5620
80539,4306
80539,6874
80539,68157
80539,48394
80539,1732
80539,32
80539,5617
80539,57669
80539,5989
80539,7438
46242,47
46242,318
46242,70286
46242,72998
46242,6874
46242,5146
46242,367
46242,2761
46242,1197
46242,4226
67709,8464
67709,745
67709,290
67709,5669
67709,46578
67709,2618
67709,1193
67709,45928
67709,2762
67709,1961
25476,4896
25476,5952
25476,7153
25476,260
25476,44191
25476,5418
25476,4993
25476,35836
25476,2959
25476,1136
132884,903
132884,8961
132884,2529
132884,954
132884,953
132884,1254
132884,6947
132884,3088
132884,3435
132884,1207
35981,110
35981,1198
35981,8636
35981,750
35981,1213
35981,47
35981,3793
35981,1089
35981,1136
35981,5349
112873,110
112873,44665
112873,208
112873,49278
112873,316
112873,34048
112873,6934
112873,231
112873,6378
112873,1923
50083,356
50083,3578
50083,780
50083,5418
50083,4306
50083,8665
50083,5349
50083,40815
50083,54286
50083,68954
121509,48516
121509,33794
121509,2858
121509,2571
121509,6016
121509,1089
121509,1258
121509,27773
121509,54503
121509,4011
29292,1962
29292,1198
29292,1345
29292,150
29292,1994
29292,4306
29292,230
29292,3386
29292,597
29292,8961
112319,1198
112319,60069
112319,87306
112319,1270
112319,2617
112319,4638
112319,3175
112319,56174
112319,88140
112319,2761
75463,33794
75463,4963
75463,32587
75463,593
75463,1089
75463,296
75463,1270
75463,778
75463,318
75463,57669
112703,4344
112703,296
112703,68319
112703,44022
112703,1370
112703,36519
112703,4226
112703,8984
112703,33493
112703,74458
127531,68157
127531,2571
127531,593
127531,1258
127531,63082
127531,57669
127531,48774
127531,56782
127531,55290
127531,55814
10678,7027
10678,553
10678,2288
10678,3020
10678,2871
10678,1120
10678,1221
10678,3114
10678,2797
10678,1245
59536,5952
59536,4993
59536,7153
59536,1198
59536,76093
59536,2571
59536,3000
59536,78499
59536,1291
59536,79132
121087,4226
121087,1240
121087,316
121087,8644
121087,6377
121087,150
121087,260
121087,208
121087,377
121087,1682
76610,1291
76610,2683
76610,6377
76610,231
76610,1917
76610,6365
76610,1527
76610,1101
76610,2858
76610,6874
133076,6539
133076,47
133076,1682
133076,2174
133076,1089
133076,7361
133076,1732
133076,1198
133076,5445
133076,1206
61394,49272
61394,58559
61394,59315
61394,1272
61394,54272
61394,56788
61394,56782
61394,48780
61394,63062
61394,63082
126683,296
126683,2858
126683,2959
126683,7361
126683,4973
126683,2502
126683,4979
126683,4011
126683,4226
126683,47
90617,3702
90617,1206
90617,741
90617,72998
90617,2455
90617,5903
90617,27611
90617,68358
90617,2009
90617,2288
72186,2329
72186,296
72186,47
72186,596
72186,2683
72186,3275
72186,8961
72186,1089
72186,2078
72186,2987
103482,2571
103482,2959
103482,79132
103482,318
103482,4886
103482,63082
103482,60069
103482,78499
103482,1198
103482,88125
42160,1
42160,1136
42160,2959
42160,364
42160,1073
42160,520
42160,1197
42160,4886
42160,8961
42160,4306
60756,318
60756,51662
60756,59315
60756,46578
60756,2571
60756,48780
60756,35836
60756,2502
60756,68358
60756,8784
14958,1089
14958,1
14958,593
14958,318
14958,2571
14958,4886
14958,6333
14958,223
14958,1127
14958,1215
82778,6874
82778,60069
82778,7438
82778,293
82778,31410
82778,48780
82778,1291
82778,1198
82778,4011
82778,6502
136810,480
136810,1210
136810,356
136810,1198
136810,1
136810,318
136810,457
136810,150
136810,110
136810,2571
101928,47
101928,50
101928,733
101928,292
101928,593
101928,296
101928,1036
101928,4262
101928,165
101928,380
49412,3578
49412,6016
49412,2571
49412,1210
49412,47
49412,2028
49412,318
49412,48394
49412,110
49412,1270
2177,1252
2177,1212
2177,922
2177,930
2177,2186
2177,36517
2177,41285
2177,4914
2177,5013
2177,50
119027,55820
119027,32587
119027,2329
119027,6539
119027,778
119027,293
119027,49272
119027,73017
119027,47
119027,858
88883,318
88883,593
88883,58559
88883,2762
88883,4901
88883,527
88883,1246
88883,8132
88883,329
88883,33794
127256,42004
127256,47099
127256,50514
127256,90866
127256,36535
127256,51931
127256,103980
127256,107141
127256,93740
127256,58154
50406,32587
50406,4226
50406,2571
50406,1732
50406,1625
50406,110
50406,48516
50406,79132
50406,1222
50406,4011
123011,3730
123011,2571
123011,2313
123011,1203
123011,1266
123011,5147
123011,110
123011,1387
123011,590
123011,589
41909,858
41909,46578
41909,4973
41909,25
41909,4848
41909,7438
41909,1784
41909,5954
41909,31410
41909,1222
116689,858
116689,4306
116689,7361
116689,4993
116689,1246
116689,1265
116689,608
116689,2716
116689,1961
116689,589
14535,527
14535,2959
14535,2762
14535,165
14535,33794
14535,588
14535,58559
14535,1580
14535,780
14535,6874
63063,6539
63063,5952
63063,1291
63063,1704
63063,260
63063,32
63063,4886
63063,6377
63063,3471
63063,2502
86405,780
86405,4262
86405,5010
86405,7143
86405,56174
86405,480
86405,72998
86405,48780
86405,733
86405,3147
47748,2762
47748,356
47748,7153
47748,1198
47748,2028
47748,4995
47748,457
47748,648
47748,1
47748,8961
125231,318
125231,589
125231,165
125231,527
125231,2028
125231,1258
125231,7153
125231,4993
125231,260
125231,1270
109033,72998
109033,2959
109033,7361
109033,63082
109033,79132
109033,5618
109033,318
109033,74789
109033,66097
109033,48780
111440,6874
111440,111
111440,7361
111440,541
111440,4306
111440,2291
111440,293
111440,318
111440,1136
111440,3160
98763,4022
98763,2291
98763,1682
98763,5218
98763,6539
98763,500
98763,480
98763,41566
98763,4720
98763,45722
98514,592
98514,1391
98514,745
98514,1136
98514,4306
98514,1291
98514,480
98514,750
98514,2700
98514,59784
49443,1196
49443,260
49443,527
49443,2329
49443,4973
49443,6016
49443,1214
49443,293
49443,4993
49443,1198
133766,4226
133766,1193
133766,593
133766,111
133766,2571
133766,318
133766,3949
133766,147
133766,6016
133766,110
99004,4306
99004,2571
99004,318
99004,4226
99004,1682
99004,1270
99004,55442
99004,4235
99004,46578
99004,293
58377,593
58377,296
58377,527
58377,1307
58377,1247
58377,923
58377,356
58377,1080
58377,2858
58377,1225
129184,2028
129184,72998
129184,2571
129184,56339
129184,2745
129184,74458
129184,7256
129184,2871
129184,68954
129184,2151
63881,51662
63881,59315
63881,3147
63881,33794
63881,7153
63881,8665
63881,60069
63881,32587
63881,589
63881,49272
117963,318
117963,2959
117963,6539
117963,3578
117963,4306
117963,780
117963,72998
117963,68954
117963,3114
117963,593
119003,1
119003,260
119003,377
119003,500
119003,454
119003,1196
119003,2571
119003,110
119003,5816
119003,3578
130398,74458
130398,7143
130398,5010
130398,6
130398,3752
130398,165
130398,59315
130398,8958
130398,293
130398,8528
138376,60069
138376,2858
138376,58559
138376,356
138376,480
138376,7361
138376,6377
138376,33794
138376,7153
138376,5952
14402,318
14402,296
14402,733
14402,6377
14402,344
14402,71535
14402,5989
14402,1089
14402,3114
14402,2683
27967,58559
27967,68157
27967,4995
27967,4963
27967,1704
27967,44195
27967,46976
27967,61323
27967,8984
27967,44191
54696,541
54696,593
54696,2858
54696,527
54696,1214
54696,2762
54696,58559
54696,1089
54696,6874
54696,1527
77832,2572
77832,58803
77832,2959
77832,4792
77832,58559
77832,68554
77832,344
77832,1200
77832,4370
77832,2858
131602,1240
131602,1270
131602,2028
131602,541
131602,4993
131602,1200
131602,3527
131602,1208
131602,590
131602,3578
30841,903
30841,904
30841,1333
30841,1278
30841,908
30841,3435
30841,8482
30841,1230
30841,7831
30841,905
111553,6377
111553,595
111553,588
111553,4993
111553,1961
111553,2396
111553,1197
111553,1265
111553,68954
111553,5952
13055,608
13055,750
13055,296
13055,4973
13055,1265
13055,1136
13055,912
13055,527
13055,79132
13055,541
1145,608
1145,2571
1145,1213
1145,1089
1145,1219
1145,1258
1145,1193
1145,527
1145,4993
1145,4878
28989,593
28989,4973
28989,318
28989,2329
28989,293
28989,44191
28989,1136
28989,1527
28989,5608
28989,58559
5963,1704
5963,6874
5963,2762
5963,1206
5963,1213
5963,750
5963,6870
5963,1732
5963,4034
5963,4235
131480,1203
131480,903
131480,913
131480,1254
131480,7132
131480,1262
131480,745
131480,1283
131480,1136
131480,3362
102638,6377
102638,92259
102638,106782
102638,85414
102638,4886
102638,106489
102638,81847
102638,64957
102638,7254
102638,103141
16532,2329
16532,296
16532,1196
16532,2291
16532,5669
16532,7438
16532,6874
16532,1089
16532,6502
16532,3174
43037,296
43037,2571
43037,33794
43037,4011
43037,44665
43037,1197
43037,2542
43037,49272
43037,1732
43037,1089
105718,3481
105718,2959
105718,9010
105718,4014
105718,4641
105718,4226
105718,4823
105718,40819
105718,46976
105718,215
79628,608
79628,923
79628,47
79628,858
79628,593
79628,1221
79628,318
79628,4973
79628,4848
79628,6016
84716,7147
84716,74458
84716,97938
84716,93510
84716,97921
84716,527
84716,1246
84716,50
84716,104879
84716,102445
110673,47
110673,356
110673,593
110673,50
110673,1089
110673,4226
110673,1193
110673,110
110673,1221
110673,1210
14842,2019
14842,903
14842,1212
14842,4298
14842,908
14842,904
14842,50
14842,55820
14842,4973
14842,6016
56028,1270
56028,6787
56028,1208
56028,3421
56028,2791
56028,32
56028,1127
56028,3911
56028,3363
56028,4995
56530,2959
56530,2908
56530,356
56530,88810
56530,4878
56530,2571
56530,5225
56530,67255
56530,46723
56530,5992
70420,4963
70420,318
70420,3147
70420,3948
70420,4022
70420,527
70420,2762
70420,1307
70420,593
70420,8464
122270,1206
122270,2959
122270,318
122270,1
122270,6377
122270,7153
122270,60069
122270,2571
122270,78499
122270,551
53242,1136
53242,4993
53242,1214
53242,31658
53242,260
53242,1270
53242,7153
53242,27773
53242,1197
53242,5952
13550,32
13550,2858
13550,2959
13550,527
13550,50
13550,1198
13550,1196
13550,260
13550,31658
13550,47
41439,2376
41439,7570
41439,33166
41439,7445
41439,6213
41439,1385
41439,2803
41439,2058
41439,1615
41439,49272
49776,6783
49776,40583
49776,34437
49776,39292
49776,39183
49776,38886
49776,47629
49776,2731
49776,41285
49776,8785
36886,541
36886,7438
36886,1193
36886,4878
36886,1288
36886,356
36886,6796
36886,33794
36886,60069
36886,1270
61588,58559
61588,2959
61588,112556
61588,6016
61588,99114
61588,858
61588,27773
61588,68157
61588,55820
61588,48516
92363,76093
92363,4306
92363,6377
92363,58559
92363,5618
92363,59315
92363,7361
92363,4973
92363,68954
92363,1197
8556,4226
8556,50
8556,1222
8556,7153
8556,2571
8556,1258
8556,1210
8556,2028
8556,3578
8556,589
86477,2762
86477,6874
86477,356
86477,47
86477,541
86477,3578
86477,2959
86477,318
86477,110
86477,7438
98645,2858
98645,2571
98645,2959
98645,70286
98645,32
98645,47
98645,4973
98645,3949
98645,608
98645,6620
88608,6377
88608,2167
88608,293
88608,364
88608,4226
88608,8874
88608,3081
88608,520
88608,1258
88608,53519
88332,588
88332,364
88332,1136
88332,2571
88332,2959
88332,8784
88332,4963
88332,318
88332,1073
88332,480
101683,32
101683,318
101683,293
101683,3578
101683,858
101683,2028
101683,1221
101683,2762
101683,541
101683,1961
15961,1198
15961,1136
15961,50
15961,2571
15961,1197
15961,3039
15961,260
15961,1196
15961,593
15961,541
111383,2858
111383,5989
111383,4308
111383,6942
111383,4306
111383,1704
111383,2571
111383,3147
111383,539
111383,5952
74507,6539
74507,3578
74507,110
74507,356
74507,1527
74507,253
74507,1270
74507,364
74507,1721
74507,1196
136336,356
136336,1213
136336,923
136336,750
136336,2997
136336,1097
136336,919
136336,8961
136336,1204
136336,6787
11165,589
11165,1682
11165,509
11165,590
11165,1219
11165,1193
11165,8622
11165,1035
11165,1250
11165,508
41433,32
41433,3578
41433,5349
41433,55908
41433,4963
41433,2232
41433,8636
41433,47610
41433,6537
41433,2028
110119,1222
110119,527
110119,1136
110119,318
110119,2858
110119,1258
110119,3996
110119,8961
110119,1214
110119,4973
13564,59315
13564,293
13564,76251
13564,165
13564,54997
13564,6539
13564,54286
13564,69481
13564,4027
13564,111
123264,1219
123264,1022
123264,922
123264,951
123264,4993
123264,902
123264,1212
123264,930
123264,1104
123264,1287
55843,1208
55843,1089
55843,2858
55843,223
55843,593
55843,7361
55843,8949
55843,46578
55843,6993
55843,1222
19865,1210
19865,5989
19865,48394
19865,4022
19865,1196
19865,2087
19865,594
19865,6874
19865,8961
19865,3751
7601,77561
7601,8665
7601,5418
7601,50872
7601,110102
7601,88163
7601,6539
7601,4886
7601,4963
7601,106487
58081,5952
58081,4993
58081,7153
58081,47
58081,2028
58081,50
58081,59315
58081,293
58081,72998
58081,51662
105871,4886
105871,551
105871,2355
105871,2791
105871,1485
105871,1097
105871,2959
105871,4246
105871,2096
105871,4993
30282,1214
30282,1270
30282,2571
30282,1198
30282,35836
30282,750
30282,2997
30282,2858
30282,541
30282,1200
94827,1222
94827,74458
94827,1393
94827,2353
94827,4034
94827,51540
94827,61323
94827,1912
94827,6708
94827,3006
45619,5445
45619,2115
45619,1302
45619,8783
45619,648
45619,5378
45619,6879
45619,4995
45619,8781
45619,349
48145,5445
48145,2716
48145,3578
48145,457
48145,1625
48145,2502
48145,480
48145,592
48145,33794
48145,5989
71025,1136
71025,2028
71025,33794
71025,1196
71025,2502
71025,1610
71025,7143
71025,1704
71025,7147
71025,1396
98594,527
98594,780
98594,1291
98594,1196
98594,260
98594,1210
98594,2959
98594,59315
98594,2012
98594,4963
36641,8874
36641,1073
36641,608
36641,1884
36641,2858
36641,1206
36641,919
36641,32
36641,1136
36641,1729
96168,2571
96168,56174
96168,58559
96168,2329
96168,51255
96168,6539
96168,93510
96168,54001
96168,48385
96168,1580
23337,6711
23337,1732
23337,50
23337,2918
23337,593
23337,260
23337,111
23337,223
23337,1136
23337,1259
521,32
521,1206
521,59315
521,541
521,49272
521,3578
521,44191
521,593
521,1210
521,4963
38191,1197
38191,32
38191,68358
38191,4306
38191,1527
38191,6377
38191,593
38191,51255
38191,2858
38191,2329
67497,58559
67497,79132
67497,3578
67497,318
67497,7153
67497,4993
67497,4963
67497,1198
67497,54286
67497,2028
113917,1393
113917,7361
113917,1704
113917,2502
113917,8784
113917,40583
113917,6711
113917,4034
113917,1682
113917,8376
37914,589
37914,953
37914,1206
37914,2797
37914,1240
37914,364
37914,3033
37914,7147
37914,3671
37914,1089
98480,5989
98480,2268
98480,3039
98480,356
98480,8961
98480,2501
98480,6565
98480,1207
98480,8636
98480,2081
121415,1198
121415,91500
121415,81834
121415,33794
121415,1270
121415,1291
121415,8368
121415,49272
121415,3793
121415,5349
95752,4226
95752,5418
95752,150
95752,1270
95752,2571
95752,1198
95752,1961
95752,527
95752,380
95752,1580
96715,91077
96715,80489
96715,96610
96715,55820
96715,81932
96715,78574
96715,68157
96715,79132
96715,74458
96715,38061
133714,1961
133714,4226
133714,4973
133714,457
133714,1097
133714,1265
133714,1270
133714,8970
133714,6539
133714,858
125826,500
125826,4886
125826,8360
125826,35836
125826,1270
125826,588
125826,5502
125826,41566
125826,2355
125826,4022
80920,72998
80920,2401
80920,84392
80920,4406
80920,112556
80920,104879
80920,91630
80920,1262
80920,260
80920,6787
59973,1580
59973,260
59973,1036
59973,592
59973,380
59973,588
59973,1214
59973,1270
59973,2762
59973,1261
54939,8961
54939,2581
54939,6539
54939,1270
54939,4700
54939,48
54939,4886
54939,2572
54939,2571
54939,1
16130,1210
16130,1196
16130,260
16130,1
16130,3793
16130,4306
16130,1270
16130,3114
16130,1197
16130,364
13886,1240
13886,1206
13886,1961
13886,1136
13886,2329
13886,593
13886,4226
13886,44191
13886,1214
13886,6377
77509,54001
77509,69844
77509,5816
77509,4896
77509,2
77509,79139
77509,45722
77509,59501
77509,588
77509,6377
1338,1198
1338,260
1338,1196
1338,1097
1338,590
1338,1270
1338,1200
1338,1387
1338,1961
1338,3527
48215,2571
48215,46578
48215,3000
48215,2959
48215,48394
48215,6620
48215,7438
48215,2692
48215,1223
48215,30749
37452,165
37452,356
37452,6539
37452,367
37452,1721
37452,110
37452,59784
37452,4963
37452,318
37452,1923
101939,318
101939,6942
101939,2502
101939,8784
101939,46578
101939,6377
101939,4226
101939,1247
101939,60069
101939,53123
103906,79132
103906,68954
103906,33794
103906,96079
103906,6539
103906,1566
103906,108932
103906,81591
103906,2571
103906,6711
73848,3527
73848,1388
73848,2001
73848,1370
73848,832
73848,474
73848,1801
73848,1221
73848,1994
73848,1196
134183,1732
134183,608
134183,7147
134183,32587
134183,7361
134183,1682
134183,1222
134183,7371
134183,6539
134183,1961
27844,356
27844,3578
27844,1
27844,5349
27844,7153
27844,2571
27844,3114
27844,1291
27844,1580
27844,4963
117754,8961
117754,6539
117754,260
117754,1291
117754,1148
117754,318
117754,1610
117754,2716
117754,3114
117754,3578
61917,110
61917,1193
61917,3578
61917,4226
61917,6539
61917,7147
61917,8874
61917,1500
61917,1221
61917,7361
58202,8528
58202,69122
58202,50872
58202,60684
58202,2700
58202,1193
58202,45517
58202,54001
58202,231
58202,2683
51254,858
51254,593
51254,1704
51254,318
51254,110
51254,58559
51254,527
51254,1136
51254,2959
51254,3363
122871,1
122871,316
122871,7293
122871,6754
122871,34150
122871,33679
122871,7454
122871,1028
122871,59784
122871,50872
98378,4306
98378,1198
98378,318
98378,58559
98378,1136
98378,356
98378,593
98378,2858
98378,3275
98378,6874
96110,588
96110,364
96110,2571
96110,1270
96110,50
96110,527
96110,457
96110,2268
96110,4022
96110,3793
92314,3114
92314,8961
92314,4306
92314,4886
92314,2571
92314,1197
92314,59315
92314,1721
92314,72998
92314,58559
11093,7153
11093,5418
11093,4022
11093,35836
11093,6874
11093,56174
11093,6539
11093,5349
11093,4993
11093,4963
60529,4306
60529,356
60529,5445
60529,2028
60529,364
60529,33493
60529,4995
60529,1580
60529,110
60529,4310
36239,4226
36239,1784
36239,3897
36239,3481
36239,2918
36239,1097
36239,2395
36239,337
36239,1259
36239,2028
56588,60069
56588,2858
56588,4973
56588,6870
56588,2762
56588,48394
56588,3462
56588,924
56588,923
56588,922
18932,2502
18932,1097
18932,223
18932,70286
18932,8874
18932,3911
18932,68954
18932,8961
18932,4306
18932,1968
71769,44191
71769,6539
71769,2396
71769,63082
71769,54259
71769,76093
71769,2858
71769,5903
71769,5989
71769,3147
107479,2571
107479,1207
107479,750
107479,903
107479,50
107479,2959
107479,2329
107479,745
107479,1213
107479,923
129055,5816
129055,6377
129055,51662
129055,2571
129055,1073
129055,480
129055,2572
129055,8957
129055,46578
129055,44191
50754,47
50754,1198
50754,593
50754,33794
50754,1291
50754,3793
50754,318
50754,2115
50754,2329
50754,1127
89749,2291
89749,2657
89749,260
89749,74789
89749,54259
89749,7147
89749,7099
89749,2125
89749,7361
89749,5971
135987,7254
135987,356
135987,51662
135987,2329
135987,48516
135987,63082
135987,64614
135987,81847
135987,96610
135987,4963
58969,2858
58969,2959
58969,593
58969,1221
58969,7361
58969,923
58969,79132
58969,58559
58969,1136
58969,2329
66778,527
66778,2858
66778,2959
66778,2762
66778,2028
66778,3578
66778,5952
66778,1961
66778,428
66778,4995
4358,37386
4358,34048
4358,43936
4358,59784
4358,47200
4358,53996
4358,37729
4358,6966
4358,6957
4358,6863
2908,69757
2908,593
2908,74458
2908,63082
2908,296
2908,2571
2908,4226
2908,6377
2908,50872
2908,6874
61215,8949
61215,56367
61215,63082
61215,48516
61215,44555
61215,40629
61215,41285
61215,33166
61215,8966
61215,34072
109505,2959
109505,296
109505,1213
109505,1263
109505,260
109505,3681
109505,1227
109505,1193
109505,1222
109505,50
5004,48516
5004,296
5004,6539
5004,68157
5004,4226
5004,68358
5004,8874
5004,6874
5004,50872
5004,356
106796,59315
106796,72998
106796,8368
106796,79132
106796,44191
106796,3578
106796,4306
106796,74458
106796,5989
106796,47610
131137,1220
131137,141
131137,1265
131137,1307
131137,2797
131137,2987
131137,8610
131137,6807
131137,2716
131137,3911
6490,260
6490,1223
6490,6016
6490,1213
6490,47
6490,1136
6490,4973
6490,48516
6490,1193
6490,78499
128541,7438
128541,1517
128541,1407
128541,33834
128541,1241
128541,6618
128541,7235
128541,7373
128541,8917
128541,6537
40261,8665
40261,318
40261,32587
40261,4855
40261,2288
40261,353
40261,2858
40261,4262
40261,1197
40261,1610
67997,55276
67997,78039
67997,88129
67997,55290
67997,55280
67997,27831
67997,52952
67997,38061
67997,55765
67997,33166
117355,60069
117355,904
117355,1265
117355,56367
117355,1206
117355,922
117355,4873
117355,7438
117355,6874
117355,924
46291,296
46291,2329
46291,778
46291,27803
46291,1704
46291,5225
46291,1682
46291,44555
46291,27846
46291,79132
118247,6874
118247,32587
118247,58559
118247,48780
118247,2997
118247,4995
118247,750
118247,60069
118247,3996
118247,68237
68976,1704
68976,110
68976,356
68976,1198
68976,1262
68976,912
68976,969
68976,1203
68976,1231
68976,1213
91120,457
91120,1653
91120,1258
91120,4034
91120,293
91120,4027
91120,1527
91120,4306
91120,1197
91120,2174
1626,1089
1626,1961
1626,1704
1626,4995
1626,2028
1626,111
1626,2324
1626,1206
1626,1198
1626,2692
45693,7361
45693,46322
45693,2291
45693,2959
45693,7147
45693,4370
45693,44191
45693,48394
45693,48780
45693,3972
4658,5952
4658,4993
4658,2959
4658,88125
4658,81834
4658,72226
4658,8910
4658,44191
4658,60069
4658,96821
68021,7361
68021,32587
68021,35836
68021,8784
68021,8961
68021,7451
68021,30749
68021,27801
68021,2571
68021,5903
90255,2858
90255,318
90255,296
90255,48385
90255,356
90255,7361
90255,4011
90255,44195
90255,4878
90255,527
51742,2571
51742,1732
51742,8961
51742,2291
51742,750
51742,1682
51742,8949
51742,778
51742,1246
51742,1196
82110,5299
82110,92259
82110,2424
82110,6377
82110,63082
82110,1
82110,88810
82110,112556
82110,4014
82110,72998
61411,2858
61411,47
61411,356
61411,2329
61411,527
61411,296
61411,2959
61411,6016
61411,50
61411,110
106585,2762
106585,1270
106585,1136
106585,318
106585,1704
106585,1198
106585,919
106585,81845
106585,79132
106585,2571
67996,50872
67996,5971
67996,52435
67996,48385
67996,65261
67996,68954
67996,26776
67996,49272
67996,25923
67996,7064
28665,1193
28665,1219
28665,6874
28665,1258
28665,527
28665,2571
28665,68157
28665,593
28665,60069
28665,2762
107068,6539
107068,5952
107068,54503
107068,48516
107068,51662
107068,5816
107068,4878
107068,2762
107068,6874
107068,593
395,2
395,1380
395,74789
395,919
395,1967
395,724
395,68319
395,1073
395,4878
395,158
68301,539
68301,356
68301,81845
68301,364
68301,6942
68301,597
68301,8533
68301,50872
68301,500
68301,79132
84306,1035
84306,8961
84306,912
84306,3996
84306,6377
84306,2324
84306,1136
84306,1197
84306,953
84306,4886
137800,2716
137800,2571
137800,2402
137800,1291
137800,434
137800,1320
137800,1587
137800,1265
137800,2527
137800,6979
25832,356
25832,1193
25832,3949
25832,6016
25832,593
25832,858
25832,2692
25832,1247
25832,2997
25832,608
20054,4886
20054,296
20054,2716
20054,6539
20054,1036
20054,733
20054,33794
20054,2797
20054,6333
20054,1101
101712,1240
101712,356
101712,4993
101712,2716
101712,1356
101712,318
101712,1580
101712,480
101712,593
101712,47
45685,2959
45685,924
45685,3328
45685,3000
45685,5618
45685,1258
45685,1884
45685,26713
45685,7844
45685,741
59104,97304
59104,86882
59104,1213
59104,6874
59104,94677
59104,95441
59104,1078
59104,5989
59104,106489
59104,95201
67567,4993
67567,2762
67567,150
67567,1704
67567,608
67567,1206
67567,2028
67567,1193
67567,1617
67567,1968
60020,56367
60020,72011
60020,81845
60020,80463
60020,55118
60020,55253
60020,88129
60020,39183
60020,44191
60020,98961
33736,79132
33736,50872
33736,46578
33736,76093
33736,54286
33736,82459
33736,46976
33736,51698
33736,56152
33736,52241
25955,1258
25955,3362
25955,592
25955,3196
25955,318
25955,4085
25955,2983
25955,6787
25955,7834
25955,480
48082,5618
48082,7153
48082,7981
48082,26776
48082,31658
48082,7022
48082,2571
48082,6350
48082,5959
48082,2028
46137,923
46137,562
46137,1104
46137,535
46137,2132
46137,904
46137,1719
46137,4979
46137,750
46137,903
81516,6539
81516,54286
81516,912
81516,527
81516,1193
81516,296
81516,1704
81516,4306
81516,4963
81516,49530
37024,5445
37024,4226
37024,47
37024,1270
37024,1196
37024,32
37024,4995
37024,780
37024,1527
37024,1721
88563,2762
88563,1704
88563,1210
88563,5952
88563,1270
88563,1617
88563,1265
88563,3897
88563,2949
88563,2716
125171,1136
125171,223
125171,2657
125171,2502
125171,1639
125171,1196
125171,1089
125171,2858
125171,356
125171,2918
18348,4995
18348,1210
18348,6333
18348,5349
18348,4027
18348,1278
18348,3578
18348,1028
18348,1022
18348,8636
94336,58559
94336,527
94336,912
94336,48516
94336,44555
94336,924
94336,318
94336,1276
94336,1252
94336,923
103675,1580
103675,8961
103675,2959
103675,1197
103675,3671
103675,1265
103675,3033
103675,480
103675,1517
103675,4963
100560,1097
100560,150
100560,81845
100560,318
100560,1198
100560,1307
100560,2571
100560,1035
100560,1961
100560,80463
72777,1197
72777,1073
72777,58047
72777,2144
72777,33669
72777,5378
72777,56949
72777,2572
72777,62155
72777,33493
100367,104374
100367,87306
100367,1704
100367,96079
100367,72998
100367,102125
100367,63082
100367,86882
100367,101864
100367,104841
650,6711
650,1199
650,6807
650,2858
650,223
650,2997
650,6440
650,1288
650,2692
650,7147
65871,1213
65871,7361
65871,367
65871,593
65871,6016
65871,50
65871,64957
65871,58803
65871,1089
65871,51086
28913,3396
28913,595
28913,4886
28913,589
28913,33794
28913,1073
28913,3793
28913,4963
28913,1282
28913,2080
19574,318
19574,2245
19574,48516
19574,2028
19574,1784
19574,37741
19574,3006
19574,4034
19574,349
19574,3578
89108,1270
89108,1198
89108,589
89108,6539
89108,1196
89108,3527
89108,480
89108,1374
89108,1200
89108,1214
73916,55282
73916,53000
73916,1320
73916,2329
73916,785
73916,555
73916,333
73916,160
73916,2699
73916,145
56417,1610
56417,4306
56417,1197
56417,4993
56417,2571
56417,6377
56417,588
56417,5418
56417,364
56417,380
91356,2918
91356,1197
91356,1307
91356,457
91356,1225
91356,3361
91356,6218
91356,5060
91356,3359
91356,2067
27531,593
27531,2959
27531,260
27531,3949
27531,2329
27531,47
27531,4262
27531,551
27531,33794
27531,4226
51765,318
51765,1200
51765,1208
51765,296
51765,2248
51765,1249
51765,1213
51765,3421
51765,2571
51765,32
123589,4226
123589,2502
123589,356
123589,4878
123589,1682
123589,1136
123589,4979
123589,47
123589,44191
123589,593
86754,316
86754,46948
86754,2761
86754,4973
86754,296
86754,27660
86754,1073
86754,1028
86754,356
86754,318
47836,5952
47836,2028
47836,4993
47836,1097
47836,1270
47836,2916
47836,2115
47836,380
47836,1580
47836,4963
135418,223
135418,4734
135418,57368
135418,2329
135418,68237
135418,69122
135418,60072
135418,1377
135418,57669
135418,45728
83863,31685
83863,3408
83863,4022
83863,350
83863,4014
83863,648
83863,500
83863,1573
83863,6539
83863,357
43719,4306
43719,1
43719,1270
43719,2762
43719,2571
43719,593
43719,318
43719,6539
43719,110
43719,79132
115977,1247
115977,780
115977,454
115977,1608
115977,4306
115977,648
115977,920
115977,364
115977,1250
115977,1270
13846,1198
13846,593
13846,47
13846,32
13846,296
13846,608
13846,110
13846,3949
13846,1206
13846,55820
75801,4226
75801,2858
75801,1258
75801,1527
75801,457
75801,2012
75801,32
75801,5445
75801,6333
75801,1136
60387,7254
60387,593
60387,2762
60387,3949
60387,1748
60387,8914
60387,8950
60387,1625
60387,1682
60387,1645
62478,296
62478,68954
62478,56367
62478,8961
62478,48394
62478,59315
62478,2858
62478,2329
62478,356
62478,2571
78488,4979
78488,296
78488,48394
78488,2657
78488,4641
78488,1206
78488,7099
78488,2692
78488,223
78488,1279
138436,1198
138436,1080
138436,48780
138436,68358
138436,1291
138436,1210
138436,8874
138436,4878
138436,44191
138436,593
82506,2571
82506,593
82506,318
82506,4027
82506,1240
82506,2028
82506,1580
82506,1266
82506,527
82506,1219
116231,4878
116231,4226
116231,318
116231,293
116231,69757
116231,4011
116231,1197
116231,2918
116231,48394
116231,2502
53816,527
53816,1527
53816,318
53816,4226
53816,2692
53816,1271
53816,3949
53816,58559
53816,5445
53816,720
117190,8961
117190,5971
117190,5291
117190,76093
117190,78499
117190,66934
117190,260
117190,81845
117190,89745
117190,2019
38139,590
38139,4034
38139,1222
38139,1258
38139,1246
38139,527
38139,3578
38139,32
38139,337
38139,1307
5488,2324
5488,7153
5488,7323
5488,8368
5488,27815
5488,527
5488,50872
5488,81845
5488,8873
5488,46578
30503,27831
30503,858
30503,47
30503,2762
30503,1527
30503,47200
30503,6539
30503,73017
30503,7254
30503,8644
99993,4995
99993,7153
99993,4973
99993,318
99993,47
99993,1721
99993,48516
99993,6539
99993,2324
99993,597
45580,480
45580,4226
45580,70286
45580,593
45580,32587
45580,44191
45580,1580
45580,780
45580,1610
45580,4995
128669,110
128669,1
128669,3578
128669,6539
128669,8636
128669,5445
128669,2762
128669,150
128669,364
128669,318
31182,8961
31182,4886
31182,5349
31182,1219
31182,1674
31182,1580
31182,2396
31182,6787
31182,903
31182,1225
2219,4973
2219,106782
2219,296
2219,441
2219,112556
2219,1193
2219,94959
2219,97921
2219,7361
2219,106100
120398,6377
120398,1210
120398,1196
120398,3578
120398,589
120398,356
120398,2502
120398,45499
120398,2959
120398,8360
86479,46578
86479,2329
86479,2858
86479,364
86479,318
86479,58998
86479,1923
86479,1968
86479,1704
86479,8784
1601,50
1601,4226
1601,2959
1601,47
1601,318
1601,7361
1601,953
1601,1197
1601,2918
1601,3897
73145,6016
73145,7153
73145,608
73145,541
73145,2329
73145,58559
73145,1617
73145,5952
73145,858
73145,1172
25371,32
25371,1274
25371,541
25371,5618
25371,260
25371,7361
25371,4226
25371,6711
25371,924
25371,2571
98591,318
98591,593
98591,2959
98591,4226
98591,7153
98591,2324
98591,2997
98591,3114
98591,364
98591,1270
85649,3030
85649,599
85649,3741
85649,3730
85649,111
85649,908
85649,904
85649,1212
85649,923
85649,7116
36686,1485
36686,356
36686,8529
36686,41566
36686,2797
36686,30822
36686,5378
36686,500
36686,3753
36686,27808
16533,101739
16533,94780
16533,7454
16533,3826
16533,92420
16533,42723
16533,1573
16533,110
16533,60037
16533,2722
3523,80463
3523,48394
3523,5618
3523,4878
3523,69712
3523,69122
3523,67734
3523,80969
3523,81834
3523,68954
95497,81591
95497,4306
95497,2959
95497,1968
95497,3186
95497,2321
95497,2
95497,1580
95497,736
95497,7153
73896,1198
73896,58559
73896,33794
73896,2991
73896,2993
73896,3984
73896,1196
73896,260
73896,318
73896,3638
20320,4226
20320,608
20320,2997
20320,4034
20320,1208
20320,778
20320,260
20320,1961
20320,1222
20320,3052
45860,1961
45860,1
45860,1265
45860,380
45860,150
45860,5952
45860,296
45860,329
45860,587
45860,1704
46144,356
46144,1704
46144,1923
46144,2683
46144,4886
46144,1246
46144,8961
46144,2502
46144,4027
46144,8528
971,1199
971,1208
971,1266
971,2571
971,33794
971,1466
971,8917
971,3253
971,2291
971,4941
108375,593
108375,4306
108375,1265
108375,1641
108375,68954
108375,1196
108375,858
108375,260
108375,6539
108375,4995
132603,1682
132603,908
132603,33166
132603,72011
132603,90746
132603,3681
132603,2019
132603,551
132603,80489
132603,2951
105352,8961
105352,1
105352,4886
105352,7143
105352,7458
105352,5989
105352,4310
105352,1917
105352,1580
105352,480
79366,44665
79366,53996
79366,80463
79366,33437
79366,42738
79366,32587
79366,56174
79366,51540
79366,69122
79366,48783
38669,8961
38669,1
38669,260
38669,7361
38669,3000
38669,3114
38669,1196
38669,4226
38669,480
38669,923
92710,2858
92710,48780
92710,1198
92710,4995
92710,1208
92710,5995
92710,49530
92710,1089
92710,68157
92710,1266
21811,33794
21811,70286
21811,72998
21811,47
21811,76251
21811,3578
21811,480
21811,60069
21811,2329
21811,7022
20806,31658
20806,7153
20806,7361
20806,4878
20806,44191
20806,48394
20806,46976
20806,5952
20806,66097
20806,8368
116406,4896
116406,4886
116406,2396
116406,4246
116406,4014
116406,4963
116406,5349
116406,3751
116406,5816
116406,1
21199,32
21199,589
21199,260
21199,3000
21199,648
21199,1610
21199,4306
21199,7099
21199,1
21199,5971
136101,32587
136101,50
136101,1222
136101,4776
136101,2329
136101,377
136101,3578
136101,3020
136101,431
136101,1466
59496,54503
59496,48385
59496,40732
59496,53000
59496,48304
59496,49910
59496,52281
59496,55245
59496,51086
59496,53972
3649,56367
3649,2329
3649,2291
3649,46578
3649,4226
3649,296
3649,3556
3649,7147
3649,3186
3649,48082
133354,6539
133354,364
133354,5952
133354,4993
133354,2959
133354,8368
133354,5816
133354,4995
133354,2762
133354,527
72654,1721
72654,1136
72654,63082
72654,318
72654,356
72654,2329
72654,1028
72654,1097
72654,1032
72654,2918
4063,1089
4063,2329
4063,8368
4063,2858
4063,48394
4063,61240
4063,88129
4063,1
4063,76093
4063,78499
115620,48780
115620,59315
115620,50160
115620,72998
115620,54001
115620,41566
115620,34405
115620,33493
115620,73017
115620,51471
87559,1233
87559,969
87559,903
87559,1207
87559,6791
87559,912
87559,904
87559,342
87559,1219
87559,3101
121633,7361
121633,47
121633,593
121633,1258
121633,32587
121633,1682
121633,2997
121633,2174
121633,3949
121633,5445
23124,33794
23124,541
23124,6934
23124,1200
23124,6502
23124,101864
23124,1721
23124,68319
23124,30707
23124,2012
4826,4226
4826,1580
4826,296
4826,1240
4826,1197
4826,1196
4826,318
4826,2762
4826,1374
4826,34405
59733,4226
59733,4306
59733,4993
59733,1196
59733,50
59733,1242
59733,2959
59733,457
59733,30749
59733,608
76233,2858
76233,1193
76233,318
76233,50
76233,4973
76233,4226
76233,3949
76233,32587
76233,5952
76233,541
1816,58559
1816,44665
1816,2959
1816,48516
1816,50
1816,7502
1816,36529
1816,79132
1816,5418
1816,1036
45198,608
45198,4226
45198,7361
45198,318
45198,778
45198,1089
45198,4011
45198,858
45198,750
45198,1732
130819,49272
130819,41997
130819,30707
130819,40583
130819,39183
130819,56788
130819,55765
130819,55276
130819,33660
130819,41566
48463,7438
48463,40815
48463,296
48463,44191
48463,6874
48463,30793
48463,33679
48463,49272
48463,47
48463,527
1925,6539
1925,608
1925,858
1925,165
1925,4306
1925,1961
1925,1221
1925,380
1925,541
1925,6874
71979,4973
71979,4144
71979,3083
71979,4993
71979,7361
71979,6016
71979,7323
71979,97
71979,2360
71979,31658
15551,2918
15551,2791
15551,3039
15551,1288
15551,3361
15551,1276
15551,1923
15551,8623
15551,1663
15551,471
94331,5952
94331,7153
94331,2078
94331,4993
94331,318
94331,1968
94331,2174
94331,2640
94331,5816
94331,6979
69492,4995
69492,527
69492,1222
69492,150
69492,3147
69492,46578
69492,593
69492,2329
69492,1136
69492,858
121196,7293
121196,72998
121196,588
121196,1321
121196,7444
121196,1032
121196,89745
121196,4792
121196,1917
121196,2141
19163,1527
19163,6539
19163,6874
19163,6377
19163,58295
19163,4995
19163,364
19163,45186
19163,6754
19163,54997
26071,8961
26071,2028
26071,4886
26071,73017
26071,44199
26071,69844
26071,8972
26071,53996
26071,8360
26071,7143
94330,56367
94330,4963
94330,49272
94330,33794
94330,6870
94330,48780
94330,44199
94330,49530
94330,8949
94330,1961
111317,39292
111317,36517
111317,33660
111317,37733
111317,40819
111317,8949
111317,34153
111317,38886
111317,8645
111317,8970
137283,1291
137283,3793
137283,3052
137283,5349
137283,8368
137283,6333
137283,4973
137283,2571
137283,1527
137283,2273
118327,2571
118327,3948
118327,733
118327,480
118327,1645
118327,2706
118327,356
118327,2012
118327,37720
118327,2011
77260,2762
77260,4226
77260,2959
77260,2028
77260,1207
77260,912
77260,6016
77260,1213
77260,1221
77260,1247
101096,55820
101096,50
101096,356
101096,318
101096,1089
101096,608
101096,68157
101096,1036
101096,1704
101096,58559
97871,1291
97871,953
97871,1196
97871,260
97871,2396
97871,150
97871,7121
97871,1210
97871,905
97871,1304
45794,110
45794,1208
45794,2762
45794,4235
45794,527
45794,1193
45794,3362
45794,778
45794,293
45794,27773
132509,318
132509,106920
132509,74458
132509,91500
132509,69757
132509,589
132509,112852
132509,3481
132509,778
132509,57669
44615,70286
44615,68358
44615,68157
44615,32587
44615,60069
44615,44199
44615,31878
44615,54503
44615,48780
44615,54997
49239,58559
49239,46578
49239,1967
49239,1080
49239,4878
49239,6807
49239,61240
49239,44195
49239,8983
49239,7090
77543,1892
77543,3082
77543,1722
77543,3639
77543,3984
77543,7569
77543,5266
77543,3274
77543,5872
77543,3203
56781,6942
56781,595
56781,2763
56781,6218
56781,6378
56781,5816
56781,356
56781,4896
56781,539
56781,838
48937,48394
48937,1208
48937,57669
48937,4963
48937,4878
48937,56782
48937,41997
48937,30707
48937,527
48937,1617
93552,30803
93552,2571
93552,318
93552,82667
93552,27317
93552,4640
93552,47
93552,33896
93552,27397
93552,260
56429,7153
56429,733
56429,5952
56429,47
56429,2028
56429,1704
56429,4995
56429,4963
56429,648
56429,1036
4600,59315
4600,63113
4600,55995
4600,54736
4600,53996
4600,48774
4600,68791
4600,71135
4600,63072
4600,79132
61610,44195
61610,46578
61610,79132
61610,48516
61610,51255
61610,32587
61610,50872
61610,71535
61610,49272
61610,5418
18968,48780
18968,49272
18968,61132
18968,49278
18968,60074
18968,46976
18968,8972
18968,55765
18968,55290
18968,8961
25290,2959
25290,4027
25290,1136
25290,1265
25290,4973
25290,50
25290,260
25290,1197
25290,7361
25290,541
9389,3996
9389,1193
9389,1960
9389,1252
9389,1945
9389,55820
9389,6787
9389,1234
9389,1956
9389,3471
110346,364
110346,2137
110346,6377
110346,4246
110346,91500
110346,106487
110346,39
110346,2087
110346,594
110346,1022
122055,41863
122055,39292
122055,34271
122055,4103
122055,8340
122055,44195
122055,3671
122055,2019
122055,2366
122055,2921
78789,2959
78789,1258
78789,968
78789,68237
78789,2997
78789,260
78789,1206
78789,1982
78789,2291
78789,1200
94096,364
94096,2080
94096,1073
94096,595
94096,1028
94096,356
94096,4995
94096,1282
94096,8970
94096,8368
36427,2959
36427,3481
36427,1089
36427,2797
36427,6385
36427,5902
36427,8949
36427,36
36427,3408
36427,1193
32298,6377
32298,2762
32298,4963
32298,4995
32298,593
32298,4306
32298,89745
32298,7143
32298,99114
32298,68358
93624,2858
93624,2959
93624,50
93624,2571
93624,84772
93624,4226
93624,79132
93624,81562
93624,81591
93624,81845
99091,593
99091,1097
99091,1240
99091,500
99091,910
99091,1080
99091,1079
99091,2997
99091,1136
99091,356
115430,78499
115430,38038
115430,2571
115430,750
115430,1223
115430,3751
115430,26776
115430,318
115430,79132
115430,71899
190,4226
190,5952
190,4993
190,63082
190,60069
190,7153
190,296
190,50
190,356
190,2762
56149,50
56149,47
56149,4226
56149,318
56149,356
56149,4235
56149,1213
56149,2324
56149,5952
56149,4993
6453,1258
6453,2858
6453,296
6453,541
6453,111
6453,2762
6453,2712
6453,260
6453,1136
6453,356
18395,2028
18395,1961
18395,356
18395,4995
18395,1962
18395,457
18395,1610
18395,858
18395,97304
18395,2762
5044,1296
5044,6377
5044,4306
5044,260
5044,5952
5044,6539
5044,8961
5044,1
5044,4886
5044,356
4851,6874
4851,5349
4851,70286
4851,104841
4851,7254
4851,7438
4851,6333
4851,106489
4851,88125
4851,86332
14217,6016
14217,1089
14217,5971
14217,3000
14217,6874
14217,33794
14217,32
14217,356
14217,527
14217,5669
34758,8910
34758,44195
34758,30810
34758,51662
34758,34405
34758,69481
34758,63082
34758,3676
34758,39183
34758,8950
30248,89745
30248,76093
30248,58559
30248,4896
30248,60069
30248,4886
30248,81847
30248,5816
30248,50872
30248,3578
1746,3462
1746,2208
1746,3739
1746,4298
1746,8618
1746,2927
1746,6982
1746,910
1746,44555
1746,913
94999,6377
94999,33794
94999,40815
94999,8636
94999,2571
94999,8528
94999,4306
94999,6936
94999,30810
94999,6188
97642,593
97642,1197
97642,1617
97642,1225
97642,1252
97642,5952
97642,6662
97642,1266
97642,1222
97642,1210
62569,44191
62569,8961
62569,3578
62569,2858
62569,296
62569,858
62569,1270
62569,6539
62569,1240
62569,1291
75502,7438
75502,32
75502,6874
75502,1080
75502,57669
75502,1
75502,2997
75502,2692
75502,7147
75502,4963
83557,527
83557,4014
83557,4306
83557,2324
83557,55052
83557,1682
83557,44555
83557,47099
83557,2858
83557,2762
28916,3676
28916,858
28916,3503
28916,1178
28916,4914
28916,5489
28916,1251
28916,2970
28916,32892
28916,2571
138068,318
138068,4963
138068,47
138068,260
138068,2959
138068,1240
138068,50
138068,110
138068,6874
138068,4226
60890,63082
60890,2858
60890,69757
60890,364
60890,4226
60890,4306
60890,296
60890,46578
60890,4995
60890,48780
58102,48516
58102,48780
58102,32587
58102,73017
58102,44195
58102,4226
58102,68358
58102,50
58102,4878
58102,1732
42924,357
42924,3100
42924,1958
42924,1968
42924,1246
42924,4361
42924,2312
42924,17
42924,1961
42924,1296
106537,2762
106537,318
106537,60069
106537,1580
106537,58559
106537,1527
106537,1265
106537,72998
106537,68954
106537,32
102532,54272
102532,2791
102532,61132
102532,58162
102532,1288
102532,3253
102532,55830
102532,750
102532,180
102532,1968
97948,3977
97948,318
97948,4369
97948,1645
97948,1291
97948,1036
97948,165
97948,110
97948,4447
97948,3717
98953,2763
98953,318
98953,4223
98953,6947
98953,5952
98953,7153
98953,54997
98953,59369
98953,33162
98953,73017
52869,2571
52869,4878
52869,2762
52869,1682
52869,5445
52869,6874
52869,2858
52869,56367
52869,58559
52869,7153
84579,1210
84579,2959
84579,2858
84579,780
84579,648
84579,377
84579,1
84579,4226
84579,590
84579,48516
38219,58559
38219,32587
38219,70286
38219,2571
38219,608
38219,1884
38219,5673
38219,223
38219,1258
38219,1193
108117,2716
108117,1197
108117,356
108117,318
108117,1704
108117,527
108117,2571
108117,2115
108117,919
108117,1
130273,2762
130273,1219
130273,1203
130273,904
130273,356
130273,7293
130273,4720
130273,7254
130273,4963
130273,56174
35558,589
35558,318
35558,2410
35558,1997
35558,1240
35558,480
35558,1266
35558,1198
35558,1200
35558,1587
129695,32587
129695,48774
129695,2541
129695,7438
129695,2718
129695,44195
129695,56367
129695,2502
129695,6711
129695,296
113542,6333
113542,2580
113542,2571
113542,3275
113542,6502
113542,2026
113542,1653
113542,2596
113542,2502
113542,33794
38644,318
38644,2329
38644,32587
38644,47
38644,2291
38644,1721
38644,6377
38644,6711
38644,4308
38644,4963
21139,6711
21139,50
21139,296
21139,318
21139,2692
21139,2762
21139,6874
21139,4011
21139,3897
21139,7090
23647,4886
23647,2918
23647,1704
23647,296
23647,595
23647,2706
23647,4226
23647,593
23647,778
23647,4973
129983,7361
129983,48780
129983,55820
129983,48394
129983,33794
129983,6502
129983,8874
129983,58559
129983,32587
129983,2959
7882,110
7882,3578
7882,60069
7882,2762
7882,5445
7882,2115
7882,6539
7882,780
7882,59315
7882,71535
45418,7153
45418,4993
45418,2716
45418,780
45418,5952
45418,223
45418,2502
45418,3052
45418,1625
45418,104
57275,4447
57275,586
57275,4306
57275,500
57275,595
57275,364
57275,597
57275,588
57275,3114
57275,39
94902,317
94902,2054
94902,586
94902,1485
94902,4025
94902,3793
94902,356
94902,33615
94902,597
94902,2617
80221,1213
80221,377
80221,4239
80221,1219
80221,51662
80221,32
80221,2692
80221,8981
80221,63082
80221,49272
451,32
451,3949
451,608
451,1199
451,7361
451,5618
451,33880
451,1921
451,1639
451,46578
115429,47
115429,32
115429,293
115429,318
115429,3949
115429,4878
115429,593
115429,27773
115429,16
115429,48385
50500,587
50500,110
50500,2959
50500,1580
50500,231
50500,527
50500,2028
50500,380
50500,648
50500,5952
43129,318
43129,32587
43129,79132
43129,2542
43129,296
43129,74458
43129,778
43129,69122
43129,4226
43129,4262
49044,5952
49044,110
49044,296
49044,2858
49044,2762
49044,364
49044,1270
49044,1073
49044,1246
49044,2571
32686,94959
32686,109374
32686,7361
32686,106100
32686,1244
32686,55269
32686,6711
32686,79132
32686,4973
32686,924
54749,2762
54749,356
54749,780
54749,1527
54749,4306
54749,318
54749,296
54749,1580
54749,648
54749,4226
36329,1088
36329,110
36329,539
36329,1
36329,2915
36329,3448
36329,3408
36329,2145
36329,7293
36329,1240
122792,3949
122792,1729
122792,2291
122792,6874
122792,2762
122792,1464
122792,235
122792,33794
122792,1200
122792,589
42663,1210
42663,3000
42663,2997
42663,1221
42663,1193
42663,32
42663,4973
42663,4878
42663,46578
42663,55820
131493,595
131493,4973
131493,1032
131493,44694
131493,27815
131493,356
131493,2087
131493,5618
131493,4886
131493,2096
24422,356
24422,349
24422,1214
24422,539
24422,1653
24422,4963
24422,1197
24422,5418
24422,2115
24422,1265
109006,2571
109006,356
109006,2762
109006,33794
109006,4963
109006,4027
109006,56367
109006,1193
109006,4993
109006,527
46744,34072
46744,34437
46744,41997
46744,33639
46744,26242
46744,42418
46744,26131
46744,44195
46744,40278
46744,27790
89688,1222
89688,32
89688,4973
89688,47
89688,2762
89688,1258
89688,4993
89688,2028
89688,110
89688,1682
18505,49272
18505,55820
18505,44191
18505,50
18505,48516
18505,7361
18505,5418
18505,296
18505,6016
18505,32587
81293,47
81293,2858
81293,2572
81293,54503
81293,2329
81293,551
81293,4306
81293,49272
81293,1265
81293,1967
129031,1580
129031,4886
129031,6377
129031,8360
129031,48385
129031,5299
129031,364
129031,2355
129031,4963
129031,5991
52001,2762
52001,1
52001,150
52001,780
52001,593
52001,377
52001,380
52001,733
52001,364
52001,1527
130544,7153
130544,296
130544,46578
130544,6874
130544,51662
130544,4993
130544,3793
130544,34319
130544,7090
130544,5952
34381,527
34381,1258
34381,3578
34381,1997
34381,3114
34381,2918
34381,1193
34381,1222
34381,1036
34381,50
127176,5989
127176,1721
127176,253
127176,589
127176,2959
127176,318
127176,7347
127176,3499
127176,56587
127176,296
101354,1136
101354,6539
101354,2716
101354,3793
101354,60069
101354,1527
101354,7361
101354,1704
101354,588
101354,2291
29448,6539
29448,33794
29448,356
29448,32587
29448,2762
29448,3578
29448,1270
29448,296
29448,8961
29448,46578
100674,150
100674,54286
100674,1201
100674,1291
100674,457
100674,480
100674,4963
100674,6539
100674,1302
100674,7502
37141,32587
37141,296
37141,7438
37141,2959
37141,2571
37141,47
37141,6711
37141,5952
37141,7153
37141,4993
82222,32
82222,6874
82222,47
82222,110
82222,6016
82222,260
82222,2028
82222,1196
82222,3578
82222,4306
137012,1210
137012,6539
137012,7153
137012,5952
137012,4886
137012,2571
137012,260
137012,4306
137012,1196
137012,2762
137622,7361
137622,4973
137622,318
137622,1704
137622,6377
137622,7153
137622,5952
137622,4993
137622,81845
137622,1246
81741,4226
81741,608
81741,4973
81741,44555
81741,858
81741,47
81741,7361
81741,111
81741,58559
81741,1221
20796,3000
20796,55442
20796,66097
20796,79132
20796,44191
20796,4306
20796,88125
20796,68954
20796,91529
20796,2959
118063,2571
118063,2278
118063,54286
118063,5418
118063,7153
118063,1408
118063,54997
118063,8665
118063,48516
118063,293
36337,68157
36337,1240
36337,589
36337,3147
36337,60684
36337,1210
36337,36529
36337,5418
36337,64614
36337,1291
109814,40819
109814,63082
109814,30707
109814,1193
109814,5995
109814,64614
109814,80463
109814,40629
109814,1096
109814,1203
3968,1198
3968,2329
3968,6870
3968,2571
3968,527
3968,5294
3968,1213
3968,8798
3968,628
3968,5445
20868,68157
20868,2571
20868,48516
20868,7153
20868,59369
20868,49530
20868,55765
20868,50
20868,70286
20868,71535
67804,51662
67804,6377
67804,7361
67804,356
67804,4993
67804,44191
67804,2571
67804,4306
67804,64957
67804,5349
4844,6365
4844,58559
4844,4896
4844,44191
4844,68319
4844,33794
4844,76251
4844,5219
4844,2959
4844,36529
82747,2762
82747,356
82747,318
82747,1258
82747,293
82747,5952
82747,30803
82747,1237
82747,5291
82747,2843
91487,480
91487,318
91487,2858
91487,1923
91487,1485
91487,6874
91487,1407
91487,5445
91487,3578
91487,6281
101806,780
101806,6539
101806,47
101806,593
101806,1240
101806,8665
101806,4226
101806,5989
101806,1
101806,1584
41706,5060
41706,1208
41706,7084
41706,608
41706,1963
41706,2010
41706,923
41706,7063
41706,1136
41706,5339
77526,79132
77526,2762
77526,457
77526,3147
77526,1270
77526,2268
77526,260
77526,4963
77526,3360
77526,1090
50684,7361
50684,3730
50684,923
50684,1248
50684,7013
50684,5618
50684,913
50684,6380
50684,8228
50684,2289
120493,58559
120493,68358
120493,56949
120493,49649
120493,4270
120493,56775
120493,59315
120493,34334
120493,1556
120493,34150
107036,4993
107036,2571
107036,3793
107036,592
107036,589
107036,1
107036,5349
107036,2762
107036,4963
107036,260
71747,6874
71747,1193
71747,2329
71747,4226
71747,7361
71747,5418
71747,2762
71747,2502
71747,7438
71747,6711
131114,4226
131114,7361
131114,5952
131114,48394
131114,5618
131114,6874
131114,1206
131114,32
131114,2997
131114,3996
33979,2858
33979,1198
33979,3114
33979,593
33979,2959
33979,33493
33979,3578
33979,3996
33979,527
33979,3147
24416,2571
24416,6942
24416,2959
24416,2692
24416,6874
24416,72011
24416,69757
24416,50872
24416,56941
24416,2671
136593,2959
136593,4993
136593,2571
136593,4973
136593,8961
136593,1073
136593,1206
136593,8622
136593,46578
136593,32587
122110,3793
122110,7438
122110,6874
122110,110
122110,4963
122110,2762
122110,33493
122110,260
122110,1210
122110,4226
65444,3578
65444,2571
65444,1270
65444,2028
65444,3386
65444,3147
65444,1610
65444,4995
65444,480
65444,1213
25431,44199
25431,51662
25431,318
25431,2028
25431,858
25431,4011
25431,8798
25431,1682
25431,4816
25431,527
51072,356
51072,2571
51072,50
51072,593
51072,527
51072,858
51072,2959
51072,1196
51072,953
51072,296
101506,296
101506,1073
101506,4027
101506,608
101506,1089
101506,1304
101506,4011
101506,2997
101506,1278
101506,1136
5290,5349
5290,3578
5290,7143
5290,6378
5290,5952
5290,110
5290,4993
5290,5010
5290,5989
5290,5630
38381,1291
38381,1198
38381,733
38381,1370
38381,7153
38381,1221
38381,588
38381,1206
38381,592
38381,5418
28940,527
28940,912
28940,48516
28940,1193
28940,913
28940,904
28940,1252
28940,1262
28940,30749
28940,1250
29115,6218
29115,5669
29115,76251
29115,8917
29115,67997
29115,2599
29115,69757
29115,86833
29115,8973
29115,48394
115649,32
115649,593
115649,296
115649,48774
115649,2502
115649,4993
115649,34405
115649,5903
115649,33794
115649,1197
28343,5952
28343,1206
28343,1732
28343,4011
28343,1222
28343,2571
28343,7438
28343,50
28343,3160
28343,6711
112680,33794
112680,46976
112680,1206
112680,6874
112680,51662
112680,33166
112680,2762
112680,6188
112680,38886
112680,5989
14101,7438
14101,6874
14101,1
14101,2959
14101,480
14101,296
14101,4993
14101,1982
14101,1261
14101,1198
25903,47
25903,50
25903,2959
25903,2571
25903,4226
25903,858
25903,1222
25903,293
25903,260
25903,30803
86714,58559
86714,70286
86714,480
86714,72998
86714,1580
86714,2571
86714,59315
86714,356
86714,68358
86714,8644
101666,7153
101666,4993
101666,4973
101666,1246
101666,920
101666,4995
101666,5952
101666,1721
101666,3147
101666,4306
55498,7143
55498,2571
55498,6539
55498,151
55498,1339
55498,7162
55498,1721
55498,589
55498,1027
55498,7318
84890,79132
84890,3578
84890,91485
84890,318
84890,73017
84890,49272
84890,4387
84890,2058
84890,54775
84890,111759
58921,1198
58921,1210
58921,58559
58921,5952
58921,44191
58921,1222
58921,1193
58921,4886
58921,6874
58921,1206
109499,2959
109499,260
109499,3996
109499,4963
109499,592
109499,8368
109499,5418
109499,4027
109499,55820
109499,2115
128028,1682
128028,6711
128028,4878
128028,293
128028,924
128028,750
128028,1080
128028,57669
128028,4873
128028,63082
48473,2959
48473,2762
48473,5952
48473,1215
48473,1278
48473,2329
48473,968
48473,1208
48473,1193
48473,5294
108192,4226
108192,527
108192,1704
108192,780
108192,480
108192,4306
108192,1097
108192,1240
108192,858
108192,380
83403,79132
83403,593
83403,1222
83403,68157
83403,2028
83403,3949
83403,1213
83403,55820
83403,1704
83403,1136
98108,48780
98108,44191
98108,4226
98108,1527
98108,1270
98108,1196
98108,47
98108,480
98108,2706
98108,1580
109564,7153
109564,260
109564,150
109564,1196
109564,4993
109564,593
109564,356
109564,5952
109564,4306
109564,4973
68914,62374
68914,63859
68914,72998
68914,62849
68914,4226
68914,6
68914,7153
68914,4993
68914,5952
68914,60040
40426,4306
40426,356
40426,296
40426,2571
40426,2028
40426,318
40426,593
40426,110
40426,1704
40426,104
12128,68954
12128,53322
12128,54272
12128,91529
12128,45447
12128,45722
12128,91542
12128,69122
12128,88125
12128,81834
11594,52973
11594,4306
11594,377
11594,56367
11594,2683
11594,2706
11594,35836
11594,4816
11594,1923
11594,59315
95872,2858
95872,8644
95872,27611
95872,47
95872,3949
95872,593
95872,27773
95872,2692
95872,1089
95872,1193
37744,1097
37744,110
37744,2670
37744,969
37744,3035
37744,3471
37744,1231
37744,1302
37744,3066
37744,8337
24369,3793
24369,648
24369,733
24369,110
24369,1210
24369,2716
24369,44191
24369,5445
24369,1961
24369,2174
83450,7153
83450,527
83450,904
83450,5971
83450,1206
83450,912
83450,5952
83450,1089
83450,2324
83450,750
19494,60069
19494,1197
19494,44191
19494,4993
19494,2571
19494,2959
19494,4878
19494,4226
19494,296
19494,480
120940,5283
120940,58559
120940,52973
120940,2706
120940,5449
120940,7153
120940,63131
120940,47518
120940,56775
120940,2571
84826,318
84826,924
84826,1196
84826,1193
84826,589
84826,1240
84826,1266
84826,480
84826,3147
84826,1
1370,47
1370,593
1370,296
1370,110
1370,1196
1370,356
1370,3578
1370,46578
1370,48780
1370,1
33179,8961
33179,2571
33179,3793
33179,5349
33179,33493
33179,480
33179,648
33179,6333
33179,41566
33179,6934
33281,2987
33281,1136
33281,110
33281,2858
33281,593
33281,4886
33281,457
33281,165
33281,2115
33281,2291
61347,26662
61347,4963
61347,2571
61347,7669
61347,81845
61347,356
61347,4973
61347,364
61347,44191
61347,48394
101392,7323
101392,30749
101392,750
101392,8645
101392,5225
101392,6711
101392,6867
101392,5477
101392,1225
101392,7361
95913,1250
95913,5152
95913,1233
95913,150
95913,5010
95913,8045
95913,8337
95913,6441
95913,5899
95913,760
108198,111
108198,858
108198,1208
108198,2951
108198,50
108198,2959
108198,608
108198,2019
108198,750
108198,1252
12971,2959
12971,58559
12971,858
12971,81845
12971,63082
12971,527
12971,47099
12971,69122
12971,2571
12971,81591
9510,527
9510,7153
9510,2571
9510,59315
9510,3578
9510,1198
9510,589
9510,72998
9510,1291
9510,50
505,54503
505,7361
505,60069
505,2502
505,1732
505,4306
505,4993
505,46578
505,69757
505,480
129107,50
129107,4226
129107,593
129107,47
129107,70286
129107,68237
129107,7361
129107,6016
129107,1136
129107,318
119455,1370
119455,91630
119455,33679
119455,1552
119455,6378
119455,96861
119455,8972
119455,1573
119455,733
119455,37727
65133,8961
65133,4226
65133,296
65133,2571
65133,3578
65133,50
65133,4306
65133,48394
65133,3793
65133,4886
44104,58559
44104,648
44104,356
44104,2990
44104,1580
44104,6377
44104,33794
44104,2028
44104,318
44104,79132
58021,58559
58021,44191
58021,70286
58021,48394
58021,8464
58021,33166
58021,31878
58021,50872
58021,54503
58021,30810
47622,33794
47622,1
47622,6539
47622,1682
47622,4022
47622,4306
47622,480
47622,63082
47622,6377
47622,110
116686,7153
116686,6377
116686,1073
116686,356
116686,2571
116686,260
116686,4306
116686,4886
116686,2858
116686,2762
4931,2571
4931,1196
4931,55820
4931,750
4931,5481
4931,54272
4931,1206
4931,1291
4931,61323
4931,4226
86744,750
86744,924
86744,608
86744,858
86744,1198
86744,260
86744,5291
86744,908
86744,1219
86744,919
66482,44555
66482,98809
66482,4262
66482,57669
66482,3578
66482,750
66482,56782
66482,6539
66482,70286
66482,74458
29409,1265
29409,1210
29409,1200
29409,1374
29409,4886
29409,2997
29409,1288
29409,1223
29409,32
29409,2791
106601,316
106601,1580
106601,6539
106601,5816
106601,4896
106601,520
106601,1527
106601,2006
106601,2987
106601,592
19213,47
19213,8961
19213,7438
19213,1527
19213,32587
19213,4011
19213,1136
19213,3578
19213,6539
19213,4886
79745,1721
79745,8360
79745,165
79745,5989
79745,2762
79745,53322
79745,19
79745,8529
79745,31685
79745,6539
47824,58559
47824,5349
47824,88125
47824,356
47824,1036
47824,81834
47824,8636
47824,79132
47824,1198
47824,110
133850,527
133850,4878
133850,1704
133850,4993
133850,541
133850,58559
133850,48385
133850,5989
133850,54503
133850,7153
105413,1
105413,58559
105413,4886
105413,5618
105413,72998
105413,33794
105413,1198
105413,40815
105413,81834
105413,3114
31053,1198
31053,5445
31053,3793
31053,47
31053,32
31053,1291
31053,592
31053,593
31053,1527
31053,51662
117133,2858
117133,858
117133,750
117133,2918
117133,318
117133,1387
117133,1252
117133,38061
117133,34405
117133,3996
38383,27815
38383,27803
38383,30749
38383,44555
38383,36535
38383,3155
38383,60647
38383,4022
38383,63082
38383,41285
101557,2858
101557,4963
101557,4226
101557,2028
101557,48516
101557,34162
101557,59315
101557,593
101557,3916
101557,527
23066,2028
23066,2858
23066,110
23066,2324
23066,3147
23066,4973
23066,30707
23066,1408
23066,30749
23066,6870
123732,111
123732,1198
123732,46578
123732,110
123732,6874
123732,364
123732,58559
123732,1240
123732,1136
123732,51662
77965,49272
77965,54503
77965,57528
77965,52973
77965,57640
77965,48516
77965,37733
77965,54997
77965,45728
77965,44828
1052,8128
1052,3152
1052,1111
1052,8197
1052,3011
1052,1964
1052,3347
1052,1948
1052,2349
1052,2919
76629,58559
76629,2571
76629,1089
76629,50
76629,2959
76629,32587
76629,2502
76629,57669
76629,4027
76629,356
72852,296
72852,318
72852,32
72852,4226
72852,5418
72852,8957
72852,5294
72852,4993
72852,2329
72852,1215
63266,4011
63266,1961
63266,1270
63266,508
63266,3578
63266,30707
63266,32587
63266,1784
63266,30749
63266,778
56662,79132
56662,40815
56662,89745
56662,3114
56662,91630
56662,3984
56662,88125
56662,1580
56662,81834
56662,8644
3113,858
3113,1732
3113,50
3113,4226
3113,1222
3113,7361
3113,1206
3113,778
3113,47
3113,318
63363,589
63363,2762
63363,356
63363,1527
63363,1214
63363,7438
63363,1097
63363,48394
63363,293
63363,5952
5219,8961
5219,58559
5219,356
5219,3114
5219,6377
5219,364
5219,81834
5219,1022
5219,79132
5219,45499
14644,1
14644,6377
14644,4963
14644,5349
14644,53996
14644,68358
14644,2706
14644,2762
14644,1573
14644,54001
59721,2959
59721,5952
59721,1246
59721,1961
59721,4995
59721,1089
59721,4011
59721,3147
59721,260
59721,1196
112130,2683
112130,344
112130,6502
112130,2572
112130,4718
112130,1517
112130,2716
112130,72998
112130,5810
112130,88812
64152,58559
64152,2959
64152,2617
64152,2115
64152,50872
64152,1136
64152,4963
64152,2291
64152,2985
64152,1682
113772,72011
113772,1262
113772,6942
113772,1304
113772,49272
113772,1220
113772,357
113772,2396
113772,1307
113772,64614
48274,110
48274,296
48274,3578
48274,1210
48274,32
48274,1198
48274,5952
48274,1291
48274,2329
48274,356
104703,4226
104703,47
104703,2858
104703,480
104703,589
104703,7153
104703,1198
104703,2028
104703,4306
104703,7438
39277,318
39277,48516
39277,48394
39277,46578
39277,1732
39277,4226
39277,4963
39277,7153
39277,4993
39277,44191
77460,58559
77460,49272
77460,2529
77460,1197
77460,68358
77460,1234
77460,96079
77460,7502
77460,73017
77460,59369
9275,2858
9275,7153
9275,4226
9275,50
9275,110
9275,4306
9275,8961
9275,778
9275,527
9275,70286
65237,54503
65237,8644
65237,60069
65237,8961
65237,480
65237,4993
65237,5218
65237,367
65237,3114
65237,32587
131196,4226
131196,32
131196,4993
131196,4973
131196,1274
131196,924
131196,1196
131196,5952
131196,32587
131196,1089
2529,296
2529,6539
2529,1097
2529,8641
2529,30825
2529,5810
2529,3785
2529,2700
2529,63131
2529,45672
100541,60069
100541,2959
100541,2571
100541,6502
100541,72998
100541,356
100541,74458
100541,1527
100541,81845
100541,4993
3733,6874
3733,2858
3733,527
3733,318
3733,2959
3733,253
3733,4306
3733,1089
3733,1
3733,4226
1758,60069
1758,2329
1758,4226
1758,6016
1758,2710
1758,4878
1758,1193
1758,589
1758,2683
1758,6874
123763,68157
123763,6016
123763,2959
123763,63082
123763,1580
123763,48780
123763,6378
123763,480
123763,6874
123763,318
110938,4306
110938,8360
110938,33615
110938,6377
110938,4963
110938,5479
110938,49272
110938,5010
110938,8961
110938,48414
23542,260
23542,110
23542,2028
23542,527
23542,7438
23542,1196
23542,4963
23542,3578
23542,4995
23542,4973
96735,588
96735,4718
96735,364
96735,216
96735,5283
96735,3617
96735,333
96735,480
96735,3438
96735,1210
50838,6212
50838,2431
50838,1271
50838,7444
50838,339
50838,49910
50838,5525
50838,5214
50838,1888
50838,2739
123683,91500
123683,72731
123683,6539
123683,8368
123683,68954
123683,80549
123683,68135
123683,4306
123683,106487
123683,56949
105849,1
105849,4886
105849,6377
105849,40815
105849,8368
105849,1196
105849,6350
105849,1210
105849,3114
105849,7099
43005,6874
43005,1213
43005,2571
43005,3949
43005,2858
43005,4878
43005,2692
43005,2997
43005,527
43005,4993
95190,5952
95190,318
95190,5418
95190,4226
95190,3578
95190,4011
95190,6016
95190,88129
95190,91630
95190,4963
3215,58559
3215,5952
3215,7153
3215,4896
3215,40815
3215,78499
3215,81591
3215,4963
3215,5816
3215,4306
16536,6377
16536,59315
16536,2959
16536,318
16536,74458
16536,81591
16536,364
16536,69757
16536,48780
16536,68358
93729,48516
93729,53322
93729,56174
93729,296
93729,5785
93729,58559
93729,593
93729,2762
93729,60756
93729,55241
115013,45722
115013,1
115013,595
115013,4963
115013,51662
115013,60040
115013,3793
115013,37830
115013,3578
115013,53996
62955,593
62955,778
62955,2542
62955,4226
62955,50
62955,27773
62955,68157
62955,1466
62955,6874
62955,1208
40985,55820
40985,55247
40985,1704
40985,296
40985,4995
40985,3897
40985,32587
40985,44195
40985,4011
40985,6016
57964,5349
57964,1036
57964,50
57964,3793
57964,5445
57964,110
57964,1
57964,3052
57964,47
57964,7438
18807,780
18807,5445
18807,2571
18807,34048
18807,2011
18807,58559
18807,2959
18807,60684
18807,3300
18807,8371
32128,6377
32128,1704
32128,1240
32128,593
32128,5989
32128,2918
32128,1265
32128,2716
32128,5418
32128,32
2728,4878
2728,2959
2728,4886
2728,364
2728,1682
2728,34
2728,1097
2728,79132
2728,296
2728,6807
26671,2762
26671,593
26671,1258
26671,4995
26671,3408
26671,1517
26671,1333
26671,919
26671,356
26671,318
115631,30793
115631,40815
115631,40819
115631,4787
115631,3244
115631,30707
115631,8464
115631,8784
115631,26680
115631,5618
13770,1203
13770,1276
13770,913
13770,1198
13770,858
13770,2944
13770,457
13770,940
13770,1208
13770,2067
2222,356
2222,5418
2222,8807
2222,1198
2222,3552
2222,1291
2222,1197
2222,7143
2222,33493
2222,5010
45511,7143
45511,3300
45511,4019
45511,6365
45511,6595
45511,4963
45511,6934
45511,6333
45511,31685
45511,6754
2051,48082
2051,48774
2051,356
2051,48780
2051,42004
2051,7371
2051,47610
2051,527
2051,33794
2051,1961
56167,59315
56167,1200
56167,80489
56167,81788
56167,6
56167,6333
56167,3793
56167,32
56167,74795
56167,67255
129387,3052
129387,589
129387,6874
129387,3578
129387,33794
129387,8360
129387,1240
129387,1036
129387,5418
129387,47
22594,1210
22594,3578
22594,110
22594,50
22594,589
22594,2762
22594,356
22594,293
22594,1240
22594,76251
90204,2329
90204,364
90204,5445
90204,7445
90204,1270
90204,47099
90204,3980
90204,49530
90204,8644
90204,260
125971,3801
125971,942
125971,1198
125971,1193
125971,593
125971,930
125971,457
125971,1949
125971,1208
125971,905
45321,4306
45321,50
45321,5377
45321,4326
45321,8665
45321,5989
45321,628
45321,457
45321,2268
45321,6708
30478,260
30478,3578
30478,1240
30478,593
30478,2918
30478,527
30478,3552
30478,1610
30478,1266
30478,1210
30269,541
30269,4878
30269,7438
30269,16
30269,480
30269,2700
30269,7090
30269,1884
30269,7156
30269,1968
73079,3996
73079,1097
73079,908
73079,1079
73079,912
73079,527
73079,34
73079,904
73079,590
73079,356
102032,3556
102032,2599
102032,33880
102032,3535
102032,5902
102032,2291
102032,6711
102032,47
102032,8981
102032,2502
9608,1193
9608,904
9608,50
9608,1284
9608,1198
9608,903
9608,32
9608,47
9608,2571
9608,1206
25346,8784
25346,6711
25346,1193
25346,48082
25346,4306
25346,337
25346,4308
25346,596
25346,3052
25346,2857
14616,81847
14616,595
14616,34405
14616,8961
14616,3793
14616,1291
14616,1688
14616,45722
14616,1907
14616,44191
113946,2028
113946,318
113946,110
113946,1552
113946,7445
113946,1573
113946,1917
113946,50
113946,2762
113946,6
39033,68157
39033,79132
39033,50
39033,1089
39033,1193
39033,48394
39033,81591
39033,1222
39033,55247
39033,56367
77784,1580
77784,2762
77784,377
77784,1196
77784,1210
77784,780
77784,588
77784,500
77784,1721
77784,1610
102998,4878
102998,2716
102998,296
102998,2011
102998,32
102998,7361
102998,589
102998,1206
102998,79132
102998,8874
45078,4306
45078,2918
45078,2706
45078,6377
45078,180
45078,3114
45078,104
45078,7153
45078,2502
45078,2571
11547,32
11547,2997
11547,318
11547,4226
11547,32587
11547,1193
11547,58559
11547,56367
11547,48394
11547,1089
50410,593
50410,1206
50410,1089
50410,2959
50410,296
50410,55820
50410,1198
50410,4993
50410,56782
50410,3676
11439,48516
11439,80463
11439,60069
11439,356
11439,4226
11439,2762
11439,2502
11439,1197
11439,4993
11439,46976
28572,2858
28572,56367
28572,7361
28572,63082
28572,63876
28572,527
28572,46578
28572,2324
28572,71579
28572,54190
135191,1270
135191,589
135191,1198
135191,1210
135191,59315
135191,1374
135191,1610
135191,3578
135191,1653
135191,1036
33642,60069
33642,527
33642,2571
33642,593
33642,1288
33642,2762
33642,50
33642,1270
33642,541
33642,79132
137850,541
137850,1206
137850,4027
137850,1230
137850,1617
137850,4973
137850,3751
137850,50872
137850,4226
137850,1198
106502,3793
106502,1197
106502,4993
106502,318
106502,1136
106502,3996
106502,593
106502,1265
106502,44195
106502,7147
937,293
937,318
937,47
937,2329
937,2571
937,58559
937,27831
937,36529
937,49530
937,4963
43082,1225
43082,1252
43082,912
43082,1208
43082,318
43082,1288
43082,50
43082,111
43082,5952
43082,2571
136954,1221
136954,1214
136954,7153
136954,4027
136954,5902
136954,2997
136954,111
136954,6016
136954,4878
136954,1197
131481,1206
131481,593
131481,50
131481,47
131481,4878
131481,318
131481,32587
131481,356
131481,4262
131481,1196
112295,1210
112295,44191
112295,8961
112295,2959
112295,45722
112295,50872
112295,70286
112295,1136
112295,318
112295,480
43350,8961
43350,30707
43350,7361
43350,4973
43350,50
43350,5952
43350,6385
43350,34153
43350,5995
43350,1704
27629,1240
27629,32
27629,2762
27629,480
27629,593
27629,527
27629,150
27629,590
27629,364
27629,50
74204,593
74204,296
74204,2997
74204,608
74204,1270
74204,1
74204,1265
74204,2858
74204,1198
74204,2762
5279,318
5279,356
5279,377
5279,296
5279,380
5279,69122
5279,2329
5279,104
5279,2858
5279,2502
154,593
154,318
154,8949
154,1617
154,5418
154,2997
154,5989
154,2762
154,32
154,46578
65539,50
65539,1036
65539,858
65539,165
65539,1278
65539,2795
65539,2268
65539,4963
65539,1923
65539,1597
83553,8167
83553,6412
83553,3801
83553,951
83553,7056
83553,46803
83553,8228
83553,25866
83553,25870
83553,5604
6369,2470
6369,1371
6369,1275
6369,8633
6369,2528
6369,8371
6369,4545
6369,2916
6369,3698
6369,2322
35977,33794
35977,1
35977,2571
35977,7361
35977,2502
35977,2918
35977,1580
35977,1270
35977,1196
35977,1682
54805,356
54805,4973
54805,8949
54805,72998
54805,63082
54805,60069
54805,33166
54805,3578
54805,8368
54805,30707
110443,1200
110443,2407
110443,1376
110443,5952
110443,69844
110443,88125
110443,6333
110443,72998
110443,2455
110443,4896
79646,2028
79646,356
79646,6333
79646,34162
79646,33166
79646,7143
79646,780
79646,2329
79646,50
79646,1036
100522,3578
100522,55820
100522,8784
100522,2762
100522,7323
100522,4022
100522,6953
100522,49530
100522,6874
100522,357
133031,6539
133031,4886
133031,33794
133031,3578
133031,5952
133031,296
133031,3793
133031,47
133031,1197
133031,858
90790,5816
90790,50872
90790,1291
90790,78499
90790,4306
90790,91500
90790,89745
90790,3114
90790,1278
90790,40815
49317,6016
49317,32
49317,49272
49317,48780
49317,54286
49317,3578
49317,2019
49317,32587
49317,110
49317,5418
74553,2797
74553,1101
74553,2716
74553,1291
74553,590
74553,2571
74553,4022
74553,110
74553,2302
74553,480
77527,1244
77527,44694
77527,608
77527,2997
77527,3083
77527,38886
77527,912
77527,4979
77527,1193
77527,56367
40752,2571
40752,2959
40752,1213
40752,150
40752,1276
40752,1036
40752,47
40752,1617
40752,1263
40752,4855
76829,111362
76829,4226
76829,111759
76829,2858
76829,3578
76829,318
76829,50
76829,109374
76829,104841
76829,110102
123915,1196
123915,8961
123915,1234
123915,1080
123915,527
123915,608
123915,923
123915,1265
123915,318
123915,541
93762,6711
93762,32
93762,7147
93762,1288
93762,1639
93762,2321
93762,1673
93762,4128
93762,4641
93762,2395
47297,1197
47297,1198
47297,88125
47297,49272
47297,68954
47297,8961
47297,2993
47297,79132
47297,4896
47297,59315
87561,74458
87561,96737
87561,44195
87561,54881
87561,69481
87561,6333
87561,85414
87561,63082
87561,1079
87561,61236
91587,1208
91587,2571
91587,1260
91587,1196
91587,260
91587,2010
91587,1206
91587,1213
91587,1200
91587,5952
70701,4886
70701,3408
70701,150
70701,52287
70701,1721
70701,4022
70701,6753
70701,539
70701,480
70701,318
106649,4226
106649,6874
106649,2011
106649,1127
106649,50
106649,1676
106649,329
106649,6377
106649,2628
106649,4886
137842,3082
137842,2571
137842,5872
137842,32587
137842,6539
137842,1732
137842,1884
137842,163
137842,1527
137842,4993
35069,2716
35069,3793
35069,4306
35069,1270
35069,1291
35069,480
35069,1584
35069,5349
35069,356
35069,1136
60140,1
60140,81847
60140,73017
60140,98809
60140,2959
60140,1270
60140,70599
60140,1265
60140,1527
60140,7669
87335,318
87335,908
87335,593
87335,903
87335,260
87335,1247
87335,8154
87335,356
87335,1200
87335,293
112231,750
112231,480
112231,1240
112231,589
112231,32
112231,1732
112231,1265
112231,50
112231,4226
112231,6874
39700,48516
39700,858
39700,1213
39700,1258
39700,296
39700,50
39700,2329
39700,2959
39700,4226
39700,4235
52780,2571
52780,63082
52780,858
52780,55820
52780,30707
52780,109374
52780,99114
52780,1222
52780,115569
52780,1617
103434,1193
103434,99114
103434,1343
103434,6874
103434,91529
103434,5349
103434,89745
103434,1209
103434,79132
103434,32
375,21
375,34162
375,46578
375,141
375,6711
375,4979
375,33166
375,1244
375,357
375,4246
137375,1197
137375,32587
137375,1270
137375,2291
137375,5349
137375,1208
137375,858
137375,64839
137375,6502
137375,1923
68567,3147
68567,59315
68567,457
68567,68358
68567,296
68567,527
68567,1240
68567,3527
68567,5418
68567,48780
118469,1370
118469,3578
118469,1240
118469,8636
118469,33794
118469,480
118469,4270
118469,53972
118469,87232
118469,780
65903,68954
65903,8533
65903,911
65903,81845
65903,1947
65903,56152
65903,539
65903,2671
65903,56367
65903,2572
23270,1036
23270,2959
23270,1210
23270,5418
23270,4993
23270,296
23270,51662
23270,457
23270,593
23270,2762
19303,903
19303,1086
19303,933
19303,898
19303,911
19303,318
19303,1234
19303,6639
19303,902
19303,58559
137417,293
137417,780
137417,7361
137417,7147
137417,1884
137417,4878
137417,2174
137417,1073
137417,4022
137417,2716
71399,5952
71399,7153
71399,356
71399,4993
71399,8368
71399,4995
71399,44191
71399,1580
71399,6377
71399,4963
78389,54286
78389,49272
78389,8961
78389,56367
78389,6377
78389,54259
78389,49530
78389,8665
78389,2542
78389,4973
1686,648
1686,733
1686,2115
1686,1197
1686,1580
1686,2716
1686,4306
1686,2762
1686,2273
1686,8636
17482,110
17482,1704
17482,2762
17482,1221
17482,1265
17482,4993
17482,457
17482,5952
17482,7153
17482,32
3402,1307
3402,6539
3402,1198
3402,527
3402,589
3402,8961
3402,34
3402,5816
3402,6377
3402,2762
3549,2858
3549,2762
3549,296
3549,4226
3549,2959
3549,47
3549,4720
3549,318
3549,7361
3549,924
47084,1
47084,6539
47084,60069
47084,58559
47084,3578
47084,5989
47084,593
47084,5349
47084,68954
47084,5445
121873,5418
121873,356
121873,56367
121873,63082
121873,1196
121873,1732
121873,296
121873,44191
121873,1265
121873,68157
126943,858
126943,541
126943,318
126943,1617
126943,2028
126943,2762
126943,527
126943,912
126943,26614
126943,1193
86245,1197
86245,4963
86245,1270
86245,46976
86245,7361
86245,58998
86245,1527
86245,8874
86245,2918
86245,6539
85547,32587
85547,1291
85547,3527
85547,47
85547,1198
85547,44665
85547,4878
85547,5903
85547,2762
85547,1222
136595,223
136595,1
136595,6539
136595,1265
136595,5445
136595,30812
136595,8949
136595,5464
136595,37733
136595,3911
10042,6539
10042,2571
10042,2028
10042,79132
10042,110
10042,2324
10042,33794
10042,2762
10042,318
10042,6333
59477,5294
59477,4878
59477,7361
59477,2762
59477,1240
59477,2716
59477,2797
59477,6323
59477,2288
59477,799
49998,2918
49998,1663
49998,1198
49998,3552
49998,296
49998,1197
49998,1193
49998,1220
49998,2791
49998,924
119875,1214
119875,6016
119875,2959
119875,1233
119875,48516
119875,527
119875,541
119875,4226
119875,58559
119875,8874
32340,2716
32340,33794
32340,1287
32340,1204
32340,34405
32340,3972
32340,4306
32340,1253
32340,3300
32340,50
117671,4973
117671,2762
117671,4995
117671,1
117671,2804
117671,1610
117671,590
117671,2918
117671,3996
117671,2324
21347,47
21347,56367
21347,318
21347,2858
21347,60950
21347,1213
21347,593
21347,46578
21347,1193
21347,1265
69888,58559
69888,953
69888,48394
69888,1193
69888,89745
69888,1267
69888,1200
69888,3088
69888,1252
69888,1260
109987,1193
109987,2542
109987,1213
109987,58559
109987,48516
109987,1203
109987,55765
109987,527
109987,68157
109987,64620
35309,923
35309,4034
35309,3996
35309,50
35309,4226
35309,3006
35309,6870
35309,2571
35309,4993
35309,1212
5774,50
5774,47
5774,6016
5774,1193
5774,2012
5774,32
5774,4011
5774,2997
5774,6874
5774,5608
67058,1196
67058,2762
67058,1214
67058,2571
67058,318
67058,2959
67058,593
67058,2716
67058,55820
67058,1291
132244,110
132244,3578
132244,4226
132244,4027
132244,50
132244,2858
132244,2918
132244,1200
132244,1193
132244,47
122635,2571
122635,58559
122635,2959
122635,68954
122635,8961
122635,56367
122635,296
122635,2762
122635,70286
122635,593
71737,2571
71737,593
71737,3949
71737,1213
71737,54503
71737,48516
71737,778
71737,6440
71737,48394
71737,858
47039,356
47039,2858
47039,4878
47039,318
47039,1210
47039,858
47039,72998
47039,81834
47039,1221
47039,68157
5741,7153
5741,1213
5741,1221
5741,858
5741,2571
5741,150
5741,110
5741,4022
5741,49272
5741,733
5809,2858
5809,1748
5809,4226
5809,1214
5809,5445
5809,1527
5809,2997
5809,48774
5809,1198
5809,4973
30184,3000
30184,8874
30184,1222
30184,750
30184,31878
30184,541
30184,2761
30184,111
30184,293
30184,1200
136050,733
136050,8360
136050,2268
136050,2797
136050,2918
136050,539
136050,3147
136050,62
136050,2420
136050,586
49194,357
49194,8665
49194,2424
49194,4823
49194,6711
49194,8949
49194,1704
49194,4246
49194,296
49194,1208
56494,7147
56494,2081
56494,6936
56494,50685
56494,6539
56494,1968
56494,2144
56494,837
56494,919
56494,4973
1500,296
1500,2959
1500,1213
1500,4226
1500,745
1500,1201
1500,37741
1500,1208
1500,38061
1500,608
62145,58559
62145,5952
62145,4993
62145,1089
62145,4011
62145,4226
62145,1193
62145,1732
62145,3578
62145,527
3490,46578
3490,1206
3490,68157
3490,2997
3490,1136
3490,33794
3490,527
3490,6
3490,4226
3490,2028
54684,47
54684,4226
54684,1213
54684,165
54684,1527
54684,648
54684,293
54684,1089
54684,4262
54684,3578
39964,5989
39964,4993
39964,2716
39964,33493
39964,592
39964,8636
39964,5952
39964,6377
39964,6539
39964,33794
85127,4973
85127,608
85127,4878
85127,750
85127,42632
85127,6711
85127,1732
85127,8950
85127,4011
85127,48394
136511,4993
136511,59369
136511,7445
136511,593
136511,8665
136511,49272
136511,47610
136511,6333
136511,47
136511,1704
35358,2762
35358,593
35358,356
35358,47
35358,1258
35358,37729
35358,1206
35358,1136
35358,1210
35358,1270
58192,4011
58192,47
58192,318
58192,2858
58192,593
58192,1208
58192,1732
58192,4993
58192,356
58192,527
107385,539
107385,1097
107385,527
107385,1265
107385,590
107385,589
107385,8961
107385,1036
107385,780
107385,1210
13757,69757
13757,46578
13757,40819
13757,7034
13757,63082
13757,44694
13757,8970
13757,4741
13757,8784
13757,48780
125364,6378
125364,4896
125364,54001
125364,8644
125364,4886
125364,6377
125364,45499
125364,7458
125364,3717
125364,8983
136965,54286
136965,318
136965,33794
136965,2028
136965,44191
136965,2762
136965,2329
136965,6539
136965,593
136965,4963
18398,50068
18398,2571
18398,7361
18398,1884
18398,293
18398,778
18398,4995
18398,6874
18398,58559
18398,1206
12267,60069
12267,33794
12267,63082
12267,296
12267,356
12267,74458
12267,48780
12267,3147
12267,4993
12267,4963
115884,260
115884,110
115884,1196
115884,50
115884,3578
115884,33794
115884,6874
115884,32
115884,8961
115884,6934
37703,1196
37703,33794
37703,68358
37703,54286
37703,5989
37703,260
37703,59315
37703,5064
37703,1197
37703,1704
127971,4422
127971,3949
127971,5056
127971,6858
127971,8656
127971,1260
127971,6214
127971,8684
127971,1809
127971,1464
62151,2028
62151,296
62151,7153
62151,527
62151,4995
62151,4886
62151,3147
62151,7361
62151,1721
62151,1961
53703,110
53703,4993
53703,7153
53703,5952
53703,1198
53703,79132
53703,318
53703,3578
53703,1136
53703,1
47288,47
47288,55820
47288,48516
47288,60069
47288,33154
47288,1193
47288,32
47288,858
47288,1732
47288,3504
94256,8961
94256,588
94256,78499
94256,364
94256,6377
94256,4993
94256,7361
94256,356
94256,5349
94256,44191
62883,551
62883,7099
62883,1270
62883,6350
62883,3000
62883,588
62883,8961
62883,356
62883,318
62883,8636
119479,1097
119479,356
119479,509
119479,2028
119479,1258
119479,587
119479,588
119479,1580
119479,1721
119479,1387
129438,2529
129438,50
129438,913
129438,33493
129438,33794
129438,1262
129438,1253
129438,1265
129438,590
129438,1035
71295,8961
71295,3578
71295,7153
71295,1270
71295,4306
71295,2502
71295,356
71295,1136
71295,7143
71295,110
56387,858
56387,527
56387,2762
56387,1961
56387,1258
56387,5445
56387,5418
56387,4306
56387,2115
56387,1682
51113,1527
51113,318
51113,296
51113,1210
51113,1196
51113,49272
51113,588
51113,1291
51113,47
51113,50
77645,648
77645,480
77645,2762
77645,110
77645,4306
77645,1
77645,1210
77645,2028
77645,33794
77645,2858
117176,54503
117176,7361
117176,56367
117176,8784
117176,337
117176,34162
117176,69757
117176,58998
117176,5989
117176,3897
127793,76093
127793,34405
127793,8665
127793,1097
127793,8961
127793,2716
127793,8368
127793,79132
127793,1307
127793,44191
75683,593
75683,47
75683,527
75683,8798
75683,8950
75683,64614
75683,3275
75683,44665
75683,608
75683,293
82202,593
82202,8798
82202,91529
82202,99114
82202,2194
82202,96079
82202,457
82202,4776
82202,4027
82202,1266
123034,593
123034,1213
123034,48516
123034,1221
123034,589
123034,68157
123034,1291
123034,2028
123034,60069
123034,2858
59100,5952
59100,1961
59100,2762
59100,1136
59100,4027
59100,110
59100,1197
59100,3578
59100,1198
59100,10
75833,288
75833,1923
75833,1968
75833,2959
75833,1206
75833,3210
75833,1673
75833,2700
75833,3639
75833,1036
50749,7502
50749,5995
50749,1527
50749,2019
50749,457
50749,5445
50749,6
50749,48394
50749,1287
50749,1610
95723,60069
95723,1198
95723,1291
95723,318
95723,1485
95723,6365
95723,673
95723,2617
95723,1097
95723,380
47941,2028
47941,150
47941,81845
47941,593
47941,457
47941,480
47941,1625
47941,2858
47941,2324
47941,1961
98369,6874
98369,2571
98369,5690
98369,4226
98369,2997
98369,260
98369,7438
98369,3556
98369,1210
98369,356
28195,54272
28195,33896
28195,60069
28195,55442
28195,68157
28195,26840
28195,80219
28195,61236
28195,33834
28195,65261
105171,1610
105171,4963
105171,296
105171,253
105171,380
105171,150
105171,733
105171,1101
105171,2716
105171,1923
138186,1213
138186,5989
138186,2858
138186,92259
138186,4262
138186,1732
138186,30707
138186,81845
138186,68237
138186,46578
82825,541
82825,47
82825,1196
82825,1036
82825,1240
82825,3527
82825,2115
82825,593
82825,1258
82825,2028
90883,58559
90883,92259
90883,293
90883,49530
90883,72998
90883,68954
90883,49272
90883,4963
90883,48780
90883,7147
48577,858
48577,47
48577,1089
48577,7361
48577,4226
48577,1219
48577,3996
48577,2019
48577,3949
48577,1206
131067,333
131067,2918
131067,35836
131067,3948
131067,8641
131067,3421
131067,2502
131067,3916
131067,6539
131067,4489
2120,1682
2120,4963
2120,32
2120,2916
2120,1
2120,318
2120,6539
2120,293
2120,1653
2120,3578
16955,527
16955,3418
16955,5060
16955,1952
16955,1079
16955,2064
16955,1240
16955,3019
16955,541
16955,1674
26883,81845
26883,79132
26883,296
26883,58559
26883,2858
26883,306
26883,46578
26883,81591
26883,68954
26883,44555
28486,1196
28486,8874
28486,5618
28486,260
28486,4993
28486,1200
28486,5782
28486,6874
28486,6283
28486,7090
72154,158
72154,7701
72154,2379
72154,552
72154,3825
72154,4018
72154,1569
72154,6266
72154,432
72154,2100
81175,2762
81175,1259
81175,4886
81175,318
81175,1247
81175,1961
81175,356
81175,4896
81175,457
81175,1203
134791,2959
134791,68157
134791,318
134791,3578
134791,32587
134791,5903
134791,44191
134791,34405
134791,79132
134791,5418
2959,1527
2959,2115
2959,2502
2959,1732
2959,32
2959,3052
2959,2028
2959,2762
2959,1517
2959,2987
66368,4979
66368,296
66368,6874
66368,7438
66368,7361
66368,32587
66368,5902
66368,48385
66368,162
66368,4878
27199,2762
27199,1291
27199,2571
27199,2959
27199,1089
27199,2502
27199,3578
27199,527
27199,1079
27199,32
1516,2115
1516,8961
1516,2028
1516,1610
1516,1200
1516,8636
1516,318
1516,1197
1516,2194
1516,6539
65971,79132
65971,63082
65971,7153
65971,4896
65971,58559
65971,318
65971,4993
65971,45720
65971,1
65971,80463
60223,296
60223,4034
60223,1784
60223,597
60223,527
60223,2571
60223,5995
60223,4022
60223,50
60223,587
101968,8961
101968,46578
101968,41566
101968,8784
101968,44761
101968,37733
101968,7361
101968,8376
101968,3508
101968,5782
78011,1080
78011,55820
78011,4878
78011,1199
78011,1196
78011,924
78011,1732
78011,3996
78011,260
78011,60069
37893,4973
37893,608
37893,910
37893,1203
37893,2329
37893,7361
37893,1747
37893,2959
37893,4226
37893,345
102383,44022
102383,4023
102383,1835
102383,587
102383,356
102383,5218
102383,165
102383,500
102383,4306
102383,2431
97157,68358
97157,2959
97157,4226
97157,2571
97157,33794
97157,68237
97157,50
97157,48780
97157,4973
97157,48394
129053,593
129053,296
129053,2959
129053,50
129053,2329
129053,2858
129053,4995
129053,1653
129053,1265
129053,780
104319,2762
104319,1270
104319,1
104319,858
104319,68954
104319,44191
104319,2028
104319,593
104319,1136
104319,59315
82131,47
82131,356
82131,32
82131,2502
82131,7361
82131,1210
82131,54503
82131,32587
82131,33794
82131,924
116861,88125
116861,102125
116861,96079
116861,1198
116861,5952
116861,99114
116861,858
116861,1262
116861,1196
116861,260
56863,1089
56863,50
56863,356
56863,593
56863,1265
56863,2571
56863,903
56863,318
56863,1923
56863,2762
36681,1968
36681,2321
36681,1196
36681,2918
36681,919
36681,2657
36681,2300
36681,5060
36681,527
36681,1207
118154,1732
118154,68157
118154,27773
118154,4226
118154,4878
118154,58559
118154,2395
118154,2329
118154,318
118154,50
131234,68954
131234,1580
131234,2858
131234,1961
131234,2762
131234,367
131234,648
131234,1265
131234,5445
131234,3252
40661,356
40661,2762
40661,318
40661,4993
40661,5952
40661,4306
40661,6377
40661,2571
40661,1
40661,1198
123224,260
123224,912
123224,59315
123224,8368
123224,49272
123224,73017
123224,1196
123224,54001
123224,102125
123224,318
113248,95
113248,648
113248,356
113248,3256
113248,1097
113248,2916
113248,364
113248,2716
113248,1265
113248,3793
78369,1136
78369,60069
78369,58559
78369,55820
78369,2571
78369,64614
78369,541
78369,1193
78369,1732
78369,48394
102747,47
102747,2329
102747,778
102747,6016
102747,7361
102747,2692
102747,593
102747,32
102747,4878
102747,608
48887,51662
48887,40815
48887,72998
48887,44191
48887,70286
48887,8961
48887,77561
48887,26614
48887,34405
48887,7143
92174,945
92174,899
92174,1296
92174,1269
92174,904
92174,2067
92174,905
92174,1284
92174,4973
92174,903
102421,1380
102421,527
102421,1
102421,8961
102421,40819
102421,2797
102421,1207
102421,6863
102421,4886
102421,8360
44745,1073
44745,2571
44745,7153
44745,480
44745,6539
44745,2291
44745,5349
44745,780
44745,1527
44745,2321
80122,1784
80122,6377
80122,2028
80122,2858
80122,541
80122,1291
80122,480
80122,44555
80122,288
80122,6874
18692,5445
18692,1213
18692,32587
18692,593
18692,293
18692,7371
18692,1198
18692,1265
18692,5995
18692,2890
64604,1704
64604,4306
64604,2858
64604,5418
64604,110
64604,318
64604,597
64604,1270
64604,364
64604,1088
46428,1247
46428,1961
46428,1265
46428,3360
46428,608
46428,1307
46428,919
46428,2028
46428,593
46428,46578
982,6711
982,175
982,1466
982,1128
982,5500
982,6890
982,2110
982,4027
982,1228
982,2174
19522,40583
19522,48738
19522,69481
19522,48394
19522,49530
19522,64575
19522,73017
19522,55247
19522,50068
19522,27721
48544,46976
48544,5952
48544,4993
48544,4306
48544,1682
48544,5989
48544,53322
48544,2291
48544,597
48544,4226
55147,1370
55147,110
55147,53519
55147,4306
55147,592
55147,353
55147,163
55147,6502
55147,253
55147,1196
21600,6016
21600,2959
21600,2858
21600,1089
21600,111
21600,1221
21600,296
21600,2571
21600,1228
21600,903
43213,1
43213,54286
43213,1136
43213,1196
43213,33794
43213,5989
43213,2028
43213,6711
43213,55247
43213,1222
13263,1387
13263,68954
13263,527
13263,88810
13263,6979
13263,90866
13263,1293
13263,3498
13263,1080
13263,94070
97034,2329
97034,356
97034,1193
97034,48516
97034,110
97034,1090
97034,1136
97034,3552
97034,7438
97034,3578
72872,5418
72872,1265
72872,54286
72872,2396
72872,3671
72872,551
72872,44191
72872,40629
72872,46578
72872,76251
36442,1198
36442,592
36442,1240
36442,1270
36442,2762
36442,47
36442,5952
36442,2858
36442,2028
36442,527
43019,1265
43019,47997
43019,84954
43019,6979
43019,1136
43019,68358
43019,33004
43019,80906
43019,7361
43019,1682
24907,1213
24907,296
24907,1198
24907,2716
24907,1197
24907,1617
24907,5464
24907,1089
24907,7438
24907,6874
47866,1682
47866,27266
47866,68358
47866,1240
47866,589
47866,27523
47866,1214
47866,44191
47866,296
47866,4973
15698,7147
15698,296
15698,3578
15698,4878
15698,1721
15698,33794
15698,1197
15698,1704
15698,6874
15698,48780
109990,5952
109990,527
109990,36529
109990,49530
109990,51662
109990,5989
109990,59369
109990,3949
109990,3275
109990,6502
10516,3077
10516,750
10516,44555
10516,608
10516,1148
10516,4226
10516,5618
10516,1186
10516,296
10516,1249
30219,30749
30219,50
30219,4226
30219,44555
30219,318
30219,527
30219,1252
30219,2858
30219,1221
30219,1204
106120,81834
106120,1197
106120,17
106120,6942
106120,59315
106120,2918
106120,7361
106120,5377
106120,4878
106120,4226
116217,1213
116217,318
116217,41997
116217,2762
116217,47
116217,527
116217,33794
116217,3578
116217,1704
116217,4963
89604,2115
89604,1210
89604,223
89604,111
89604,1193
89604,1527
89604,1199
89604,1220
89604,3471
89604,2692
53352,4226
53352,780
53352,1
53352,165
53352,1265
53352,253
53352,150
53352,590
53352,10
53352,539
79823,32587
79823,778
79823,110
79823,2329
79823,46578
79823,64620
79823,33166
79823,46976
79823,54503
79823,4963
90037,4011
90037,7361
90037,2959
90037,356
90037,1089
90037,2542
90037,2997
90037,1206
90037,2329
90037,7323
17938,50
17938,356
17938,4995
17938,2571
17938,7438
17938,6874
17938,8376
17938,4816
17938,2762
17938,32587
38221,1200
38221,4855
38221,2288
38221,6796
38221,441
38221,34437
38221,30820
38221,592
38221,30810
38221,6870
46875,50
46875,2571
46875,7361
46875,3949
46875,7153
46875,4993
46875,2762
46875,4011
46875,6502
46875,3996
33799,5349
33799,6934
33799,733
33799,51662
33799,296
33799,5903
33799,48774
33799,46976
33799,8961
33799,6539
47919,858
47919,50
47919,527
47919,2571
47919,904
47919,2959
47919,5618
47919,608
47919,44555
47919,7926
46368,318
46368,50
46368,1203
46368,296
46368,7361
46368,2959
46368,608
46368,1252
46368,4226
46368,5291
52056,1222
52056,1036
52056,32587
52056,1240
52056,1270
52056,8636
52056,5349
52056,4816
52056,6365
52056,8874
15578,1222
15578,7153
15578,858
15578,58559
15578,1036
15578,356
15578,110
15578,2402
15578,2716
15578,2683
126659,2762
126659,47
126659,2329
126659,48394
126659,39183
126659,3949
126659,4308
126659,4306
126659,46578
126659,318
116643,1
116643,318
116643,4973
116643,40819
116643,2762
116643,912
116643,3147
116643,54286
116643,2324
116643,2947
90418,7153
90418,2571
90418,1198
90418,296
90418,1196
90418,318
90418,750
90418,2858
90418,7361
90418,1252
55285,8972
55285,50872
55285,34405
55285,45517
55285,38038
55285,8636
55285,44191
55285,59615
55285,46972
55285,8827
81101,33794
81101,6539
81101,58559
81101,59315
81101,54286
81101,5418
81101,3578
81101,69844
81101,4896
81101,87232
42701,608
42701,2329
42701,2571
42701,318
42701,2858
42701,4973
42701,593
42701,1198
42701,2997
42701,4878
81224,1206
81224,48516
81224,2571
81224,58559
81224,593
81224,111
81224,1201
81224,527
81224,79132
81224,1136
64890,79132
64890,58998
64890,5989
64890,4963
64890,67087
64890,106782
64890,91077
64890,105504
64890,111921
64890,8533
62904,6286
62904,1079
62904,1281
62904,1333
62904,3160
62904,7361
62904,4226
62904,1199
62904,1258
62904,1223
91377,5952
91377,480
91377,1210
91377,58559
91377,1240
91377,4226
91377,33794
91377,4878
91377,60069
91377,541
77524,79132
77524,44191
77524,4226
77524,32
77524,2762
77524,356
77524,1270
77524,1198
77524,5445
77524,34405
134299,1682
134299,2700
134299,2987
134299,4226
134299,6863
134299,1206
134299,1032
134299,8917
134299,1967
134299,2355
74274,79132
74274,1197
74274,2762
74274,72998
74274,8961
74274,72641
74274,3578
74274,58559
74274,593
74274,97921
112917,593
112917,780
112917,110
112917,1198
112917,1136
112917,150
112917,1270
112917,2028
112917,1580
112917,1291
69464,40819
69464,6942
69464,8360
69464,33166
69464,6218
69464,5991
69464,5989
69464,36517
69464,8665
69464,7361
104189,1210
104189,541
104189,1196
104189,1198
104189,1197
104189,7153
104189,4993
104189,2716
104189,904
104189,969
1001,4027
1001,6377
1001,593
1001,296
1001,2791
1001,6539
1001,924
1001,2788
1001,2096
1001,364
109076,59315
109076,48394
109076,2959
109076,79132
109076,7361
109076,33794
109076,296
109076,4878
109076,60069
109076,46578
107168,150
107168,356
107168,1270
107168,5618
107168,1527
107168,2716
107168,1580
107168,457
107168,588
107168,1610
79367,356
79367,58559
79367,2706
79367,8368
79367,78499
79367,68954
79367,8528
79367,52973
79367,64969
79367,59315
98607,1907
98607,4963
98607,8376
98607,7293
98607,500
98607,4025
98607,4816
98607,7361
98607,597
98607,33794
116366,6377
116366,231
116366,4993
116366,4963
116366,380
116366,5952
116366,7153
116366,1380
116366,2028
116366,4886
117537,592
117537,2858
117537,1080
117537,6807
117537,356
117537,1201
117537,1333
117537,903
117537,4878
117537,1676
107882,69844
107882,4306
107882,54001
107882,27706
107882,6377
107882,2316
107882,1073
107882,74789
107882,46972
107882,66097
136892,318
136892,50
136892,750
136892,293
136892,593
136892,79132
136892,77455
136892,1213
136892,1198
136892,778
70630,3147
70630,4226
70630,4995
70630,2858
70630,4973
70630,296
70630,5989
70630,81845
70630,527
70630,2329
80671,1
80671,4306
80671,1704
80671,1136
80671,2324
80671,1265
80671,6377
80671,1247
80671,356
80671,1307
101088,1
101088,1198
101088,32
101088,318
101088,2571
101088,2683
101088,858
101088,1580
101088,32587
101088,6377
110901,50
110901,480
110901,457
110901,4963
110901,2571
110901,2762
110901,54286
110901,7153
110901,1704
110901,1
51258,2706
51258,47
51258,1580
51258,1
51258,39
51258,4239
51258,7438
51258,480
51258,4011
51258,377
12999,356
12999,2571
12999,7293
12999,5679
12999,4720
12999,4973
12999,4886
12999,68135
12999,49286
12999,64969
56421,4995
56421,2762
56421,593
56421,2324
56421,356
56421,296
56421,79132
56421,32
56421,47
56421,6377
80987,1028
80987,48516
80987,46578
80987,54503
80987,253
80987,1246
80987,2329
80987,2291
80987,4993
80987,7153
62435,356
62435,4995
62435,73323
62435,527
62435,46723
62435,55814
62435,2324
62435,27815
62435,7323
62435,55247
122989,2716
122989,1214
122989,1196
122989,589
122989,1527
122989,1375
122989,2997
122989,1188
122989,5410
122989,6303
1226,2571
1226,4993
1226,260
1226,1291
1226,1270
1226,7153
1226,2115
1226,34405
1226,480
1226,68358
23971,2329
23971,858
23971,1387
23971,3578
23971,4226
23971,4022
23971,1206
23971,367
23971,58559
23971,589
108445,50
108445,2858
108445,2959
108445,2571
108445,4973
108445,7361
108445,1645
108445,6016
108445,110
108445,1961
77137,1240
77137,2617
77137,2115
77137,50872
77137,1580
77137,3578
77137,8665
77137,318
77137,72998
77137,3624
101629,1136
101629,2959
101629,2571
101629,750
101629,318
101629,4226
101629,260
101629,778
101629,527
101629,50
33081,480
33081,1198
33081,2959
33081,1923
33081,49272
33081,2762
33081,3578
33081,1073
33081,2858
33081,1721
111869,1127
111869,2959
111869,588
111869,1073
111869,1923
111869,2997
111869,2858
111869,377
111869,380
111869,1089
91212,1196
91212,318
91212,4973
91212,4226
91212,7361
91212,1193
91212,1210
91212,750
91212,2028
91212,1206
62973,2329
62973,6539
62973,32587
62973,4022
62973,4011
62973,2947
62973,1876
62973,1213
62973,293
62973,4226
73984,3578
73984,1036
73984,3481
73984,1527
73984,1198
73984,4011
73984,6539
73984,1200
73984,150
73984,3897
7434,40583
7434,44199
7434,50068
7434,39292
7434,30707
7434,59810
7434,96610
7434,8798
7434,64983
7434,8207
94883,2858
94883,1270
94883,1527
94883,2762
94883,8961
94883,1265
94883,589
94883,3751
94883,6377
94883,6874
126288,7361
126288,4973
126288,3996
126288,54286
126288,4034
126288,5952
126288,56367
126288,48738
126288,8961
126288,2858
66263,90866
66263,33493
66263,81564
66263,73017
66263,80463
66263,91658
66263,88163
66263,72011
66263,58559
66263,95167
66705,1213
66705,68954
66705,750
66705,30749
66705,68157
66705,7361
66705,44555
66705,60069
66705,1196
66705,55820
63828,91529
63828,82459
63828,56367
63828,51540
63828,44199
63828,104879
63828,7361
63828,90866
63828,2160
63828,8957
131470,7361
131470,924
131470,1333
131470,2288
131470,1206
131470,296
131470,903
131470,1265
131470,4848
131470,2959
125206,5952
125206,4993
125206,110
125206,2762
125206,3578
125206,6539
125206,1246
125206,26614
125206,2959
125206,4973
73116,260
73116,858
73116,2858
73116,50
73116,48516
73116,356
73116,1196
73116,480
73116,2716
73116,1210
89245,1210
89245,1527
89245,8371
89245,1214
89245,50
89245,32587
89245,37386
89245,3578
89245,1200
89245,780
120886,595
120886,318
120886,1206
120886,919
120886,356
120886,2502
120886,1097
120886,1193
120886,4226
120886,1219
17107,1210
17107,527
17107,608
17107,1214
17107,5952
17107,7361
17107,1
17107,4226
17107,750
17107,908
40876,4306
40876,2959
40876,60069
40876,1197
40876,68954
40876,318
40876,8961
40876,79132
40876,4878
40876,6539
135765,1222
135765,55820
135765,57669
135765,3272
135765,2403
135765,4027
135765,68157
135765,1090
135765,70728
135765,589
39710,2000
39710,1101
39710,8529
39710,4023
39710,454
39710,165
39710,2324
39710,1573
39710,500
39710,1485
115701,5418
115701,50872
115701,2329
115701,6365
115701,3578
115701,1196
115701,593
115701,4306
115701,4995
115701,2028
120941,81847
120941,68954
120941,54001
120941,80549
120941,76093
120941,69406
120941,56949
120941,80463
120941,72998
120941,88163
88859,589
88859,1
88859,6377
88859,4886
88859,780
88859,1210
88859,356
88859,2762
88859,2716
88859,5445
10314,2762
10314,377
10314,784
10314,5445
10314,2716
10314,8644
10314,53000
10314,1552
10314,6016
10314,4963
44814,2706
44814,58559
44814,4022
44814,5989
44814,51662
44814,4011
44814,48516
44814,1580
44814,344
44814,3897
96109,54286
96109,55820
96109,4262
96109,36529
96109,4963
96109,62849
96109,5989
96109,68237
96109,1258
96109,8957
100807,44191
100807,47
100807,6539
100807,4993
100807,2762
100807,88125
100807,4878
100807,356
100807,3793
100807,318
117933,33794
117933,589
117933,1732
117933,778
117933,2997
117933,66934
117933,1214
117933,34405
117933,1682
117933,44191
56500,79132
56500,8528
56500,54272
56500,78499
56500,96110
56500,6539
56500,33615
56500,109487
56500,71264
56500,58998
43321,79132
43321,2959
43321,750
43321,99114
43321,296
43321,2571
43321,1089
43321,55820
43321,1732
43321,8950
92013,1208
92013,1215
92013,344
92013,35836
92013,32
92013,4571
92013,1732
92013,2791
92013,2858
92013,3897
20129,2571
20129,2329
20129,1206
20129,4226
20129,4878
20129,29
20129,27773
20129,47
20129,318
20129,293
111139,58347
111139,30793
111139,55267
111139,56367
111139,47610
111139,45668
111139,49286
111139,68358
111139,47629
111139,17
111331,858
111331,356
111331,527
111331,589
111331,1198
111331,1196
111331,480
111331,2028
111331,150
111331,2959
69066,1196
69066,7090
69066,318
69066,7153
69066,5618
69066,7361
69066,551
69066,1193
69066,608
69066,1210
54513,1580
54513,1610
54513,3039
54513,3510
54513,3578
54513,4963
54513,539
54513,6979
54513,8623
54513,50872
3469,1210
3469,1240
3469,3578
3469,589
3469,2329
3469,30707
3469,4306
3469,1197
3469,1387
3469,2716
30410,1201
30410,1258
30410,1200
30410,1198
30410,1527
30410,3471
30410,2716
30410,2959
30410,1219
30410,3578
60349,7153
60349,2571
60349,2762
60349,4878
60349,2329
60349,30793
60349,7438
60349,6874
60349,8464
60349,60069
115555,1136
115555,50
115555,1704
115555,1193
115555,1923
115555,2329
115555,589
115555,1240
115555,32587
115555,1258
10055,39183
10055,3083
10055,37741
10055,49272
10055,34072
10055,42004
10055,26599
10055,43333
10055,34162
10055,53894
46202,2353
46202,367
46202,95
46202,380
46202,1393
46202,33679
46202,762
46202,648
46202,1721
46202,170
122279,1089
122279,7153
122279,4878
122279,1210
122279,318
122279,1206
122279,59315
122279,64957
122279,3949
122279,1193
119774,1213
119774,6016
119774,741
119774,1617
119774,260
119774,318
119774,4993
119774,3030
119774,48516
119774,110
103350,1073
103350,1380
103350,47629
103350,2396
103350,1193
103350,1293
103350,4361
103350,953
103350,1674
103350,1271
114010,32
114010,2571
114010,223
114010,3996
114010,4027
114010,1240
114010,2115
114010,4306
114010,919
114010,4896
21228,912
21228,914
21228,954
21228,2359
21228,1203
21228,1307
21228,4995
21228,356
21228,1197
21228,17
77791,6539
77791,68954
77791,111759
77791,3793
77791,49272
77791,96079
77791,110102
77791,296
77791,1196
77791,260
119428,1704
119428,2858
119428,2571
119428,4995
119428,1961
119428,457
119428,6377
119428,1246
119428,1358
119428,500
125053,593
125053,356
125053,4886
125053,7361
125053,527
125053,588
125053,2502
125053,919
125053,364
125053,2396
92776,2700
92776,5110
92776,223
92776,52973
92776,1517
92776,3552
92776,1194
92776,356
92776,296
92776,6377
104942,150
104942,59315
104942,33794
104942,54259
104942,5380
104942,5064
104942,1204
104942,4857
104942,60069
104942,1
84551,88129
84551,115569
84551,72998
84551,33794
84551,59315
84551,3578
84551,5903
84551,48774
84551,64614
84551,80463
9134,1032
9134,3000
9134,64575
9134,2139
9134,1022
9134,1907
9134,2081
9134,1033
9134,31658
9134,1282
39372,3359
39372,4117
39372,2917
39372,6867
39372,357
39372,3471
39372,7478
39372,1265
39372,904
39372,3703
26445,7099
26445,7361
26445,2858
26445,4979
26445,6711
26445,4878
26445,778
26445,7438
26445,6874
26445,4993
17660,296
17660,2502
17660,2329
17660,4226
17660,1214
17660,33794
17660,260
17660,1196
17660,47
17660,48394
22688,1246
22688,318
22688,2858
22688,1500
22688,2336
22688,527
22688,1196
22688,1680
22688,4246
22688,7162
110587,33794
110587,608
110587,1266
110587,858
110587,1198
110587,318
110587,1304
110587,4327
110587,38038
110587,908
101441,33794
101441,44191
101441,8361
101441,6539
101441,53125
101441,6874
101441,6754
101441,60040
101441,51086
101441,31696
72684,356
72684,1617
72684,608
72684,318
72684,110
72684,1265
72684,4034
72684,1584
72684,1136
72684,47
121626,4226
121626,55820
121626,16
121626,111
121626,1258
121626,48516
121626,593
121626,47
121626,608
121626,1089
53381,4226
53381,1265
53381,318
53381,32
53381,50
53381,733
53381,1917
53381,2012
53381,527
53381,457
128656,54272
128656,45720
128656,5952
128656,2959
128656,68319
128656,60074
128656,4995
128656,8972
128656,6155
128656,2617
127816,858
127816,33794
127816,2028
127816,527
127816,356
127816,318
127816,1200
127816,4011
127816,457
127816,8360
101645,1196
101645,260
101645,48780
101645,4995
101645,6365
101645,1584
101645,150
101645,858
101645,1682
101645,89745
64204,59315
64204,2858
64204,318
64204,4973
64204,2571
64204,4226
64204,48394
64204,4306
64204,63082
64204,7147
119169,2858
119169,7438
119169,6874
119169,1206
119169,44191
119169,356
119169,7361
119169,7022
119169,858
119169,2997
55786,32
55786,1206
55786,541
55786,3578
55786,4993
55786,858
55786,2762
55786,1208
55786,7153
55786,5952
60888,7099
60888,48394
60888,8961
60888,4446
60888,741
60888,48774
60888,4993
60888,5952
60888,54001
60888,5690
62675,72641
62675,2291
62675,34162
62675,67087
62675,58998
62675,46578
62675,44191
62675,5349
62675,4878
62675,48780
92912,4973
92912,6874
92912,4963
92912,527
92912,3081
92912,1527
92912,4720
92912,2329
92912,7143
92912,4886
74828,7361
74828,4226
74828,32587
74828,2571
74828,296
74828,48394
74828,924
74828,31658
74828,1732
74828,2858
90474,2858
90474,48780
90474,111759
90474,58559
90474,318
90474,6016
90474,4878
90474,72998
90474,356
90474,99114
119331,58559
119331,2571
119331,5349
119331,6365
119331,106487
119331,6539
119331,5816
119331,4896
119331,2959
119331,6934
1525,59315
1525,7361
1525,110
1525,1240
1525,32587
1525,8874
1525,3793
1525,1265
1525,1221
1525,44191
103864,7361
103864,4878
103864,6016
103864,8874
103864,70286
103864,4963
103864,1222
103864,2692
103864,1676
103864,1200
47973,4306
47973,8360
47973,8368
47973,4963
47973,7444
47973,8533
47973,3882
47973,4025
47973,6218
47973,31685
121389,2000
121389,2959
121389,72998
121389,73017
121389,77561
121389,79132
121389,49272
121389,59369
121389,6539
121389,44191
98479,60069
98479,908
98479,8644
98479,49272
98479,4896
98479,59501
98479,56152
98479,1240
98479,1246
98479,50601
14948,500
14948,5943
14948,1307
14948,5620
14948,2724
14948,2671
14948,62553
14948,72641
14948,1124
14948,586
65529,608
65529,4973
65529,1673
65529,56367
65529,5528
65529,46723
65529,37741
65529,6953
65529,1089
65529,1246
72891,58559
72891,1213
72891,4226
72891,6016
72891,1527
72891,480
72891,5995
72891,48516
72891,3949
72891,1704
121488,1036
121488,1387
121488,1258
121488,33794
121488,2571
121488,3868
121488,296
121488,356
121488,4993
121488,5349
67640,2115
67640,2716
67640,1307
67640,588
67640,356
67640,1500
67640,5349
67640,110
67640,4014
67640,1097
42239,7361
42239,2329
42239,2959
42239,1258
42239,32
42239,79132
42239,81562
42239,44555
42239,4973
42239,608
7557,2329
7557,1206
7557,8874
7557,589
7557,1884
7557,293
7557,1200
7557,1215
7557,50
7557,1339
14949,7419
14949,1206
14949,922
14949,6711
14949,2973
14949,1333
14949,903
14949,535
14949,750
14949,1247
136135,8961
136135,6539
136135,58559
136135,63082
136135,78499
136135,69844
136135,1196
136135,1
136135,59315
136135,5816
70768,1253
70768,48394
70768,296
70768,1653
70768,904
70768,750
70768,1921
70768,2329
70768,593
70768,4235
89742,1240
89742,457
89742,1270
89742,589
89742,1136
89742,356
89742,1036
89742,3793
89742,1663
89742,593
25995,150
25995,5445
25995,50
25995,356
25995,296
25995,4993
25995,2858
25995,2959
25995,47
25995,1961
11081,2160
11081,7063
11081,1258
11081,599
11081,968
11081,1982
11081,4914
11081,1965
11081,3067
11081,8154
67443,38061
67443,40583
67443,36517
67443,37741
67443,37729
67443,45722
67443,53972
67443,48304
67443,38038
67443,46530
68262,356
68262,588
68262,2918
68262,1247
68262,4306
68262,56367
68262,597
68262,2706
68262,7361
68262,1035
120780,48516
120780,750
120780,68157
120780,1252
120780,296
120780,1213
120780,81591
120780,924
120780,111
120780,1204
89815,50
89815,2571
89815,1036
89815,457
89815,1240
89815,1200
89815,79132
89815,54997
89815,541
89815,3275
88335,1296
88335,6791
88335,47629
88335,1643
88335,2359
88335,1131
88335,4857
88335,3260
88335,272
88335,720
13702,2762
13702,3793
13702,4886
13702,1196
13702,1210
13702,2628
13702,586
13702,110
13702,2617
13702,5418
75453,318
75453,4886
75453,1721
75453,593
75453,364
75453,2571
75453,3578
75453,7438
75453,5218
75453,1961
136908,500
136908,1586
136908,2125
136908,2081
136908,33679
136908,1088
136908,6539
136908,95
136908,48
136908,3452
69890,7361
69890,5952
69890,2571
69890,1203
69890,2329
69890,1221
69890,88125
69890,356
69890,33794
69890,1196
104907,1961
104907,318
104907,1
104907,50
104907,1923
104907,1270
104907,1784
104907,1485
104907,377
104907,2028
63186,54001
63186,6539
63186,41566
63186,1136
63186,44191
63186,86332
63186,50872
63186,4816
63186,69844
63186,81834
12753,34323
12753,8874
12753,40732
12753,7235
12753,33683
12753,36529
12753,8906
12753,1884
12753,7360
12753,37729
35035,4226
35035,4878
35035,72998
35035,1682
35035,4995
35035,5445
35035,5903
35035,1527
35035,47
35035,48394
132495,47
132495,1136
132495,589
132495,2716
132495,318
132495,356
132495,1240
132495,1036
132495,1270
132495,2329
133689,1214
133689,1270
133689,589
133689,318
133689,6377
133689,2571
133689,91529
133689,3578
133689,72998
133689,76093
98188,110
98188,1704
98188,527
98188,1198
98188,1247
98188,356
98188,296
98188,457
98188,49272
98188,5952
48344,72998
48344,49272
48344,56782
48344,47610
48344,68157
48344,34437
48344,36517
48344,34319
48344,51540
48344,36529
42367,1210
42367,356
42367,6874
42367,4306
42367,4878
42367,3147
42367,1200
42367,1036
42367,4963
42367,1291
36938,1073
36938,595
36938,2
36938,37729
36938,6377
36938,74789
36938,2291
36938,1377
36938,76093
36938,6888
94996,2959
94996,59315
94996,5349
94996,48780
94996,110
94996,1704
94996,2028
94996,5989
94996,47610
94996,73017
62379,48385
62379,588
62379,6539
62379,2683
62379,44191
62379,1073
62379,5349
62379,8464
62379,2572
62379,1
6647,3408
6647,3916
6647,364
6647,110
6647,4995
6647,6942
6647,1198
6647,4246
6647,1197
6647,500
90713,541
90713,2028
90713,527
90713,858
90713,7153
90713,1214
90713,318
90713,50
90713,457
90713,150
4563,81845
4563,52767
4563,54001
4563,90866
4563,6787
4563,80463
4563,68954
4563,5816
4563,7156
4563,8970
18059,79132
18059,2571
18059,2959
18059,48516
18059,593
18059,1208
18059,4993
18059,2858
18059,1222
18059,608
33724,4886
33724,480
33724,4226
33724,1210
33724,356
33724,592
33724,2762
33724,1291
33724,8636
33724,1240
122500,60069
122500,4226
122500,2918
122500,6016
122500,7438
122500,6874
122500,4306
122500,50
122500,49272
122500,69757
1206,4718
1206,6377
1206,69
1206,223
1206,2918
1206,47
1206,2571
1206,5283
1206,2423
1206,1517
76262,356
76262,2028
76262,858
76262,904
76262,608
76262,1617
76262,1207
76262,5995
76262,1961
76262,1272
33645,1
33645,588
33645,260
33645,33794
33645,33493
33645,5349
33645,50872
33645,339
33645,8636
33645,6942
91046,4720
91046,356
91046,4306
91046,39
91046,2571
91046,4014
91046,6377
91046,2858
91046,318
91046,588
72253,1682
72253,1704
72253,4226
72253,58559
72253,1213
72253,3578
72253,47
72253,1193
72253,1089
72253,1653
33886,98809
33886,2571
33886,104841
33886,91500
33886,91529
33886,105504
33886,72998
33886,102903
33886,99114
33886,356
97816,1219
97816,608
97816,1193
97816,2858
97816,923
97816,318
97816,1197
97816,1225
97816,1230
97816,7361
82372,46578
82372,56367
82372,296
82372,6711
82372,778
82372,4226
82372,2329
82372,2291
82372,7147
82372,1206
80572,2083
80572,750
80572,2949
80572,2788
80572,8623
80572,1278
80572,1250
80572,1372
80572,914
80572,3524
132212,1136
132212,32
132212,2762
132212,8491
132212,6874
132212,1197
132212,3362
132212,8961
132212,32587
132212,909
106619,6874
106619,47
106619,356
106619,1291
106619,6711
106619,4306
106619,1682
106619,8961
106619,6377
106619,3147
101390,1193
101390,5618
101390,6016
101390,2959
101390,48394
101390,2692
101390,2571
101390,527
101390,55820
101390,1136
34071,1198
34071,780
34071,33794
34071,1270
34071,1580
34071,1527
34071,85414
34071,6333
34071,34048
34071,68954
18910,293
18910,356
18910,1673
18910,608
18910,3160
18910,593
18910,1208
18910,1732
18910,2502
18910,30749
37075,30707
37075,48516
37075,55765
37075,54503
37075,40819
37075,33660
37075,33794
37075,55820
37075,54286
37075,63082
42634,50
42634,6874
42634,47
42634,79132
42634,48516
42634,3949
42634,7438
42634,2858
42634,293
42634,44195
96687,293
96687,968
96687,589
96687,1200
96687,1387
96687,2985
96687,29
96687,6874
96687,1748
96687,1213
61895,47
61895,4226
61895,356
61895,2571
61895,2959
61895,1089
61895,3897
61895,780
61895,231
61895,480
76279,1193
76279,1288
76279,3671
76279,56367
76279,1225
76279,1219
76279,1247
76279,2859
76279,2908
76279,858
116420,858
116420,904
116420,1136
116420,296
116420,1197
116420,2571
116420,2858
116420,3996
116420,1203
116420,1196
23851,46578
23851,1721
23851,7147
23851,4447
23851,8970
23851,49286
23851,46976
23851,40629
23851,2959
23851,2396
113773,1968
113773,1961
113773,1258
113773,356
113773,1246
113773,1206
113773,2291
113773,2144
113773,2420
113773,1073
130320,1198
130320,5952
130320,4878
130320,6377
130320,1193
130320,44191
130320,8950
130320,50872
130320,778
130320,2194
53858,27846
53858,8464
53858,7361
53858,40278
53858,30812
53858,318
53858,7156
53858,2918
53858,8966
53858,6796
53433,150
53433,1246
53433,457
53433,4995
53433,2918
53433,1968
53433,4361
53433,3114
53433,590
53433,6218
54014,6377
54014,2918
54014,919
54014,2291
54014,2572
54014,4886
54014,58559
54014,1513
54014,54001
54014,588
126034,8636
126034,6333
126034,5349
126034,59315
126034,4886
126034,3578
126034,5816
126034,3972
126034,1907
126034,5971
70834,41566
70834,40815
70834,4306
70834,50601
70834,4886
70834,30793
70834,8360
70834,661
70834,56152
70834,8961
102018,750
102018,1175
102018,4878
102018,25771
102018,912
102018,4973
102018,7044
102018,5269
102018,1235
102018,3949
15779,47
15779,79132
15779,55820
15779,6016
15779,80862
15779,527
15779,77455
15779,4848
15779,6890
15779,1206
113610,2871
113610,1219
113610,1333
113610,2662
113610,2916
113610,8207
113610,3871
113610,3468
113610,150
113610,110
69491,6874
69491,32587
69491,1089
69491,55765
69491,68157
69491,59315
69491,1732
69491,49530
69491,1222
69491,33794
86585,7153
86585,1265
86585,1101
86585,1220
86585,4306
86585,1208
86585,8528
86585,6377
86585,47
86585,6365
101835,68157
101835,87232
101835,5618
101835,76093
101835,48774
101835,7361
101835,78499
101835,5971
101835,296
101835,76251
351,2959
351,2571
351,296
351,1136
351,5618
351,7153
351,260
351,593
351,4878
351,2997
22602,7254
22602,2762
22602,6377
22602,1206
22602,1246
22602,508
22602,260
22602,293
22602,1784
22602,6323
66201,1210
66201,5902
66201,8798
66201,5147
66201,924
66201,2019
66201,5673
66201,594
66201,1221
66201,1258
33053,296
33053,2571
33053,3996
33053,5418
33053,2959
33053,1196
33053,2858
33053,3000
33053,8636
33053,3578
110456,1089
110456,4011
110456,32
110456,5618
110456,47
110456,110
110456,356
110456,593
110456,5952
110456,527
77590,7438
77590,7153
77590,6874
77590,2716
77590,5816
77590,44191
77590,318
77590,780
77590,2502
77590,253
88892,4226
88892,5952
88892,2959
88892,4306
88892,380
88892,6874
88892,2762
88892,6539
88892,1270
88892,150
49221,44191
49221,59315
49221,68157
49221,1732
49221,51255
49221,1222
49221,7438
49221,2918
49221,750
49221,223
56249,2087
56249,2687
56249,595
56249,58559
56249,2090
56249,5444
56249,2085
56249,81847
56249,356
56249,59784
55186,7153
55186,6539
55186,4993
55186,4886
55186,8961
55186,6377
55186,1968
55186,5952
55186,46578
55186,5816
52213,924
52213,58559
52213,1291
52213,1198
52213,3793
52213,1374
52213,79132
52213,1748
52213,318
52213,1136
3384,1213
3384,110
3384,2959
3384,3578
3384,1036
3384,1193
3384,58559
3384,1580
3384,5418
3384,1196
59731,1
59731,1682
59731,480
59731,6350
59731,86332
59731,367
59731,71057
59731,2762
59731,37386
59731,7454
49754,480
49754,1690
49754,39446
49754,6754
49754,53125
49754,56145
49754,7360
49754,27839
49754,8861
49754,6820
133447,593
133447,296
133447,4973
133447,2997
133447,7361
133447,6377
133447,1193
133447,527
133447,778
133447,1258
81120,593
81120,1240
81120,36529
81120,3578
81120,778
81120,110
81120,1617
81120,1201
81120,4011
81120,924
70362,318
70362,904
70362,1228
70362,1276
70362,926
70362,903
70362,913
70362,1254
70362,1207
70362,1304
4439,318
4439,356
4439,597
4439,1721
4439,54286
4439,56367
4439,4019
4439,1784
4439,47099
4439,527
97410,8361
97410,2
97410,74458
97410,1073
97410,47
97410,5679
97410,8644
97410,736
97410,68237
97410,551
20308,58559
20308,5010
20308,49530
20308,54736
20308,6378
20308,51935
20308,733
20308,2028
20308,33794
20308,1036
134279,318
134279,8783
134279,1682
134279,4022
134279,1704
134279,5995
134279,110
134279,364
134279,7143
134279,4975
23280,2762
23280,3578
23280,48516
23280,47
23280,858
23280,6539
23280,68157
23280,1222
23280,527
23280,6377
74628,32031
74628,8907
74628,42738
74628,27837
74628,33162
74628,27808
74628,33679
74628,34319
74628,37386
74628,30894
109428,70
109428,1391
109428,2167
109428,2717
109428,5378
109428,1370
109428,165
109428,1206
109428,316
109428,1215
86741,8644
86741,58559
86741,48394
86741,52722
86741,68954
86741,33794
86741,46976
86741,54259
86741,8665
86741,59501
68116,4226
68116,593
68116,32
68116,50
68116,3578
68116,1704
68116,48516
68116,110
68116,480
68116,589
87264,318
87264,296
87264,593
87264,2858
87264,608
87264,1673
87264,2571
87264,1198
87264,356
87264,778
99300,50
99300,5445
99300,1240
99300,1090
99300,8798
99300,1961
99300,32587
99300,4963
99300,33794
99300,5010
12041,1221
12041,858
12041,3508
12041,2028
12041,1610
12041,1201
12041,4027
12041,1242
12041,3361
12041,608
3026,58559
3026,56174
3026,4226
3026,65642
3026,32213
3026,79132
3026,6333
3026,7361
3026,68952
3026,27773
12207,7438
12207,3578
12207,318
12207,2028
12207,2959
12207,7153
12207,4034
12207,1617
12207,32587
12207,5445
129650,63082
129650,32587
129650,5445
129650,5816
129650,1721
129650,60074
129650,70286
129650,69122
129650,2762
129650,364
4027,858
4027,4226
4027,2571
4027,1198
4027,260
4027,50
4027,750
4027,2762
4027,1206
4027,2329
29133,60069
29133,4226
29133,2858
29133,56367
29133,46723
29133,53123
29133,5995
29133,48780
29133,5952
29133,58559
63978,2762
63978,356
63978,17
63978,1197
63978,7361
63978,1136
63978,597
63978,527
63978,110
63978,1784
62744,913
62744,4973
62744,44555
62744,1203
62744,858
62744,2203
62744,2186
62744,1193
62744,950
62744,2935
93134,3147
93134,4235
93134,4878
93134,778
93134,527
93134,7438
93134,6874
93134,3949
93134,111
93134,1682
117562,2762
117562,8961
117562,110
117562,4993
117562,588
117562,4963
117562,2628
117562,480
117562,597
117562,296
62116,2858
62116,2571
62116,318
62116,2959
62116,58559
62116,6539
62116,5989
62116,2762
62116,5995
62116,527
29987,1206
29987,608
29987,2858
29987,750
29987,4878
29987,6016
29987,593
29987,3949
29987,1258
29987,1193
24319,527
24319,912
24319,1203
24319,1097
24319,916
24319,1270
24319,1947
24319,4886
24319,1029
24319,586
111414,5816
111414,4896
111414,6188
111414,8961
111414,356
111414,364
111414,4306
111414,7293
111414,2502
111414,31685
86176,527
86176,1073
86176,1961
86176,69122
86176,1580
86176,4995
86176,1259
86176,1213
86176,4226
86176,33166
75364,2959
75364,60069
75364,1
75364,51662
75364,260
75364,1210
75364,58998
75364,110
75364,1291
75364,318
9501,51662
9501,593
9501,1198
9501,318
9501,8360
9501,1097
9501,48385
9501,150
9501,344
9501,6539
68537,589
68537,2762
68537,47
68537,1265
68537,1210
68537,593
68537,4993
68537,1196
68537,1198
68537,1291
21393,1193
21393,4226
21393,1233
21393,527
21393,2858
21393,50
21393,908
21393,6016
21393,858
21393,1148
97744,2762
97744,3949
97744,81591
97744,356
97744,54503
97744,56757
97744,1967
97744,48774
97744,40732
97744,1235
67870,1193
67870,48516
67870,111
67870,5995
67870,33166
67870,55118
67870,6787
67870,4326
67870,3499
67870,49961
81345,26242
81345,27873
81345,5483
81345,1889
81345,27790
81345,6774
81345,5418
81345,8665
81345,7001
81345,7124
134645,39183
134645,56367
134645,47610
134645,49824
134645,50872
134645,36517
134645,45720
134645,539
134645,42018
134645,33493
11265,32587
11265,4973
11265,4878
11265,3481
11265,2542
11265,8784
11265,3949
11265,2329
11265,1732
11265,3160
53477,2571
53477,480
53477,1291
53477,3578
53477,356
53477,1221
53477,1610
53477,1704
53477,457
53477,1250
123577,4963
123577,5418
123577,296
123577,7153
123577,54286
123577,2028
123577,2329
123577,51255
123577,8665
123577,2858
83459,47
83459,1198
83459,50
83459,223
83459,296
83459,1210
83459,58559
83459,5418
83459,44191
83459,4226
92293,1291
92293,1196
92293,4306
92293,1198
92293,33794
92293,7438
92293,6874
92293,293
92293,4011
92293,1089
9573,4226
9573,1222
9573,2858
9573,6874
9573,4011
9573,778
9573,4848
9573,81591
9573,288
9573,79132
40398,4306
40398,5952
40398,7153
40398,4993
40398,81847
40398,6539
40398,79132
40398,1
40398,364
40398,91529
51492,908
51492,4973
51492,318
51492,1225
51492,7361
51492,46578
51492,1235
51492,1193
51492,1211
51492,924
35787,1197
35787,296
35787,1196
35787,2300
35787,2657
35787,25937
35787,4993
35787,2863
35787,26133
35787,26084
105588,1953
105588,1343
105588,5266
105588,380
105588,6537
105588,1690
105588,6663
105588,4803
105588,1128
105588,7076
118894,296
118894,2858
118894,345
118894,778
118894,1175
118894,1136
118894,5617
118894,2115
118894,2021
118894,1210
87296,783
87296,4016
87296,1566
87296,2078
87296,588
87296,48
87296,1210
87296,6539
87296,1907
87296,1148
60316,32587
60316,296
60316,46578
60316,44555
60316,3160
60316,4235
60316,1682
60316,81591
60316,2997
60316,6016
97142,2329
97142,48394
97142,7361
97142,79132
97142,58559
97142,8874
97142,4226
97142,74458
97142,71535
97142,68157
4464,296
4464,2959
4464,46578
4464,68157
4464,7147
4464,778
4464,7323
4464,2858
4464,63876
4464,4011
135543,2571
135543,79132
135543,5952
135543,4993
135543,76093
135543,68954
135543,7153
135543,4886
135543,111759
135543,99114
77354,1256
77354,1258
77354,4034
77354,3629
77354,6985
77354,55820
77354,1732
77354,928
77354,7748
77354,1
44703,2959
44703,4878
44703,7254
44703,1704
44703,47
44703,48780
44703,2762
44703,4226
44703,7361
44703,1961
82526,541
82526,1214
82526,59315
82526,1036
82526,260
82526,50
82526,1262
82526,318
82526,1278
82526,1210
86589,50
86589,2329
86589,1265
86589,7361
86589,1
86589,4027
86589,608
86589,2144
86589,58559
86589,7438
95070,2571
95070,80463
95070,4979
95070,5989
95070,69122
95070,1222
95070,1270
95070,923
95070,3949
95070,4878
129548,2571
129548,50
129548,457
129548,318
129548,1198
129548,912
129548,2028
129548,1307
129548,527
129548,1197
135597,2288
135597,3706
135597,47
135597,2117
135597,3081
135597,1090
135597,551
135597,4226
135597,3272
135597,2232
87586,30707
87586,39292
87586,2336
87586,1962
87586,70293
87586,37741
87586,515
87586,53894
87586,3148
87586,7698
121319,33166
121319,1221
121319,4226
121319,6016
121319,1617
121319,7361
121319,912
121319,4973
121319,4235
121319,39292
113147,3147
113147,6539
113147,1610
113147,1035
113147,736
113147,4022
113147,2268
113147,1704
113147,1721
113147,161
664,8972
664,33794
664,8984
664,46970
664,34162
664,33679
664,8501
664,8623
664,30825
664,8340
18947,2762
18947,2959
18947,110
18947,7361
18947,3578
18947,8961
18947,1193
18947,306
18947,48516
18947,32
101033,1198
101033,1200
101033,1291
101033,858
101033,1682
101033,2762
101033,3147
101033,318
101033,3527
101033,5378
71688,37729
71688,1136
71688,1175
71688,5952
71688,7153
71688,4993
71688,5618
71688,48394
71688,1884
71688,541
38265,1291
38265,2003
38265,1240
38265,356
38265,1954
38265,2409
38265,1485
38265,1097
38265,1036
38265,110
66152,1214
66152,1200
66152,2858
66152,32
66152,6502
66152,2174
66152,344
66152,1127
66152,296
66152,6957
79902,8957
79902,30825
79902,3968
79902,8860
79902,4890
79902,1588
79902,4499
79902,2794
79902,5308
79902,7004
135138,1073
135138,1500
135138,2797
135138,2174
135138,2161
135138,1136
135138,593
135138,1732
135138,4027
135138,1259
70433,4226
70433,778
70433,589
70433,2329
70433,4973
70433,1270
70433,1200
70433,3996
70433,3481
70433,5377
77124,150
77124,1097
77124,1784
77124,1375
77124,1957
77124,6539
77124,8636
77124,3108
77124,1271
77124,497
129222,94864
129222,593
129222,6539
129222,48385
129222,86880
129222,84152
129222,91500
129222,59315
129222,4226
129222,33794
85446,2959
85446,4306
85446,6333
85446,8665
85446,73017
85446,45722
85446,356
85446,87232
85446,527
85446,8636
53940,5952
53940,1198
53940,1
53940,2762
53940,780
53940,56775
53940,588
53940,4973
53940,49272
53940,6539
30680,6711
30680,4979
30680,40815
30680,902
30680,1206
30680,4878
30680,296
30680,2395
30680,1193
30680,50912
111863,1210
111863,81847
111863,1196
111863,5952
111863,7153
111863,4306
111863,4993
111863,1291
111863,34405
111863,318
126676,4306
126676,1270
126676,110
126676,5952
126676,588
126676,648
126676,8961
126676,48394
126676,592
126676,44191
8178,357
8178,1246
8178,457
8178,3578
8178,6539
8178,3252
8178,1784
8178,339
8178,2028
8178,150
85920,1244
85920,2858
85920,2571
85920,3481
85920,7438
85920,4878
85920,32587
85920,4973
85920,4881
85920,1221
64690,32
64690,2762
64690,480
64690,2959
64690,593
64690,1210
64690,5952
64690,8961
64690,3996
64690,5971
19046,2959
19046,858
19046,527
19046,1206
19046,1258
19046,2571
19046,1193
19046,924
19046,930
19046,50
85145,1198
85145,2762
85145,593
85145,318
85145,1527
85145,4306
85145,356
85145,4886
85145,296
85145,1136
16545,70286
16545,296
16545,4993
16545,58559
16545,68954
16545,4011
16545,858
16545,1089
16545,5952
16545,2858
16419,1704
16419,356
16419,2762
16419,780
16419,33794
16419,457
16419,553
16419,6333
16419,6377
16419,1265
74457,1029
74457,2081
74457,2085
74457,919
74457,4993
74457,914
74457,68954
74457,1028
74457,1367
74457,7153
36320,47
36320,61240
36320,1219
36320,2176
36320,2160
36320,74458
36320,1333
36320,2918
36320,1968
36320,54503
18527,32
18527,356
18527,1291
18527,1210
18527,2571
18527,592
18527,589
18527,1221
18527,1197
18527,1073
5763,8961
5763,91500
5763,7451
5763,4016
5763,54001
5763,69122
5763,46578
5763,79132
5763,69844
5763,216
124126,608
124126,750
124126,72226
124126,2997
124126,57669
124126,5825
124126,6016
124126,1213
124126,1732
124126,1204
106665,55820
106665,296
106665,589
106665,56367
106665,2329
106665,4226
106665,60069
106665,33794
106665,4993
106665,4306
90918,33794
90918,106487
90918,96079
90918,92259
90918,101864
90918,68954
90918,104374
90918,102445
90918,47610
90918,105504
104705,1210
104705,32
104705,296
104705,60069
104705,33794
104705,2762
104705,6377
104705,1961
104705,49272
104705,4011
2544,58559
2544,2858
2544,589
2544,1961
2544,1097
2544,608
2544,2542
2544,4027
2544,3996
2544,6539
121907,6539
121907,1265
121907,33004
121907,4246
121907,1641
121907,31878
121907,592
121907,33794
121907,7153
121907,4993
24404,3578
24404,44972
24404,356
24404,48780
24404,48516
24404,110
24404,8533
24404,48997
24404,49530
24404,2571
69021,78499
69021,30812
69021,72011
69021,56782
69021,48516
69021,48774
69021,7361
69021,40819
69021,82459
69021,33166
100254,6874
100254,2959
100254,2716
100254,527
100254,6
100254,2949
100254,60069
100254,589
100254,4085
100254,910
115536,50
115536,47
115536,70286
115536,1213
115536,4878
115536,48394
115536,1206
115536,2329
115536,48780
115536,1200
24985,356
24985,55820
24985,44191
24985,30810
24985,2395
24985,4226
24985,4963
24985,48516
24985,1089
24985,2329
23808,318
23808,8961
23808,296
23808,4886
23808,4306
23808,364
23808,1197
23808,1136
23808,8360
23808,6333
59310,44191
59310,1221
59310,7361
59310,1089
59310,47
59310,6016
59310,46723
59310,2762
59310,3147
59310,44195
95904,915
95904,2946
95904,3549
95904,918
95904,1210
95904,4356
95904,902
95904,1219
95904,73854
95904,6662
26651,56367
26651,33649
26651,8529
26651,7155
26651,33679
26651,27846
26651,31410
26651,8916
26651,6887
26651,8622
52242,91529
52242,44191
52242,1196
52242,6377
52242,1
52242,72998
52242,63082
52242,260
52242,106920
52242,296
121597,1213
121597,908
121597,4855
121597,1136
121597,2019
121597,7153
121597,318
121597,6874
121597,1270
121597,2858
87353,780
87353,648
87353,2628
87353,2028
87353,589
87353,318
87353,5445
87353,6377
87353,1517
87353,8360
97512,7438
97512,32587
97512,26242
97512,33493
97512,2944
97512,8983
97512,31878
97512,1200
97512,2366
97512,41569
50732,58559
50732,5349
50732,8636
50732,8368
50732,7153
50732,40815
50732,6365
50732,54001
50732,7438
50732,6934
65816,6377
65816,4896
65816,8360
65816,2273
65816,8636
65816,3977
65816,5299
65816,4306
65816,1907
65816,5349
32768,296
32768,44191
32768,32
32768,4223
32768,802
32768,46976
32768,1302
32768,5956
32768,1580
32768,1240
87801,4226
87801,50
87801,3578
87801,48516
87801,1221
87801,2858
87801,6874
87801,1213
87801,4262
87801,344
5946,50
5946,1198
5946,480
5946,593
5946,5816
5946,6539
5946,527
5946,72998
5946,4963
5946,59315
120573,1196
120573,858
120573,2762
120573,47
120573,1617
120573,457
120573,58559
120573,1210
120573,1193
120573,2997
42648,63082
42648,3578
42648,50
42648,7323
42648,1704
42648,33166
42648,86781
42648,3949
42648,4973
42648,7502
75693,104374
75693,69122
75693,89745
75693,84374
75693,99114
75693,89864
75693,97304
75693,106782
75693,34162
75693,96610
87488,3959
87488,2716
87488,1580
87488,8636
87488,1376
87488,1198
87488,1200
87488,6239
87488,592
87488,8644
29881,81834
29881,71535
29881,54503
29881,318
29881,1097
29881,91500
29881,87232
29881,8641
29881,86833
29881,70286
35960,50
35960,2571
35960,1193
35960,2019
35960,1251
35960,923
35960,7327
35960,527
35960,7361
35960,3949
81773,1704
81773,6863
81773,30749
81773,2571
81773,4776
81773,8464
81773,4027
81773,33166
81773,780
81773,8961
2930,45499
2930,68791
2930,60074
2930,96610
2930,95510
2930,45186
2930,96079
2930,63113
2930,49272
2930,7163
31294,4306
31294,912
31294,1086
31294,3147
31294,5989
31294,1704
31294,4973
31294,63082
31294,969
31294,2176
65180,68358
65180,59315
65180,48394
65180,91500
65180,60069
65180,2890
65180,46578
65180,51255
65180,1171
65180,44195
62584,6650
62584,1253
62584,5604
62584,38038
62584,910
62584,5618
62584,7099
62584,7064
62584,3819
62584,745
37253,5903
37253,1240
37253,58559
37253,6365
37253,3527
37253,1997
37253,88744
37253,91500
37253,589
37253,7454
15033,223
15033,2762
15033,4963
15033,253
15033,2502
15033,1032
15033,2174
15033,1206
15033,1196
15033,5349
87329,4226
87329,296
87329,4973
87329,2959
87329,3949
87329,7438
87329,2858
87329,32587
87329,33166
87329,2997
104140,2571
104140,1262
104140,904
104140,1214
104140,1228
104140,1258
104140,1223
104140,32
104140,5995
104140,1276
102192,1198
102192,110
102192,1210
102192,4993
102192,7153
102192,1291
102192,260
102192,1580
102192,4886
102192,3948
100345,110
100345,2028
100345,2858
100345,2762
100345,1036
100345,2959
100345,3147
100345,597
100345,4226
100345,590
45814,356
45814,1208
45814,3253
45814,4011
45814,48385
45814,61323
45814,2278
45814,2571
45814,5989
45814,2011
29252,4973
29252,55052
29252,63082
29252,527
29252,4995
29252,2858
29252,1088
29252,40629
29252,49530
29252,902
2245,595
2245,8970
2245,2762
2245,3578
2245,48
2245,2324
2245,5989
2245,1704
2245,6942
2245,588
55183,32
55183,7438
55183,3949
55183,110
55183,2028
55183,4848
55183,1921
55183,1193
55183,6711
55183,288
112438,527
112438,60069
112438,2858
112438,4973
112438,150
112438,2762
112438,4226
112438,364
112438,7361
112438,39183
36652,2959
36652,33794
36652,1704
36652,588
36652,4306
36652,356
36652,8784
36652,1197
36652,150
36652,527
40984,608
40984,1136
40984,7153
40984,4993
40984,3000
40984,1203
40984,527
40984,1221
40984,4878
40984,741
54206,1148
54206,2858
54206,4973
54206,2997
54206,296
54206,2692
54206,342
54206,4226
54206,593
54206,608
59093,1682
59093,4246
59093,593
59093,1784
59093,1193
59093,1206
59093,2671
59093,1923
59093,3081
59093,2571
72359,923
72359,8656
72359,26150
72359,7396
72359,2068
72359,111
72359,4928
72359,26587
72359,858
72359,1244
34152,1291
34152,1198
34152,1682
34152,5418
34152,377
34152,7153
34152,5349
34152,4993
34152,457
34152,5952
135570,648
135570,733
135570,4022
135570,8665
135570,6377
135570,5349
135570,48780
135570,7143
135570,48774
135570,5989
2260,7153
2260,318
2260,593
2260,56367
2260,3996
2260,1270
2260,2918
2260,5816
2260,8636
2260,5952
68253,8784
68253,5299
68253,5377
68253,8622
68253,33639
68253,45950
68253,6218
68253,44195
68253,34072
68253,3948
32237,3785
32237,8957
32237,1015
32237,53000
32237,7293
32237,56176
32237,7254
32237,39715
32237,56949
32237,8533
1590,68954
1590,7099
1590,60069
1590,296
1590,5971
1590,1274
1590,1222
1590,1258
1590,5690
1590,1261
114043,1200
114043,1968
114043,608
114043,4993
114043,68358
114043,150
114043,1242
114043,39292
114043,1954
114043,44195
135530,2539
135530,55805
135530,5481
135530,5900
135530,43936
135530,48142
135530,55363
135530,4958
135530,101
135530,4844
66063,1291
66063,1196
66063,260
66063,296
66063,32587
66063,32
66063,1517
66063,1676
66063,47
66063,5418
125133,1198
125133,1136
125133,1196
125133,2571
125133,750
125133,150
125133,318
125133,1270
125133,480
125133,2959
47767,593
47767,7728
47767,50
47767,1208
47767,720
47767,930
47767,527
47767,1219
47767,7056
47767,1942
97658,4306
97658,2918
97658,1291
97658,1198
97658,953
97658,2502
97658,4002
97658,318
97658,480
97658,68358
30210,1036
30210,1291
30210,33794
30210,3275
30210,98809
30210,1136
30210,2762
30210,91542
30210,1240
30210,77561
110972,6377
110972,150
110972,5445
110972,457
110972,5464
110972,6333
110972,1961
110972,4995
110972,1
110972,2268
107124,6874
107124,1221
107124,2329
107124,1089
107124,318
107124,5995
107124,111
107124,6711
107124,27773
107124,32587
14742,4973
14742,296
14742,2858
14742,1247
14742,1394
14742,923
14742,1704
14742,1961
14742,908
14742,50
66247,46578
66247,63082
66247,6711
66247,527
66247,55247
66247,27803
66247,55052
66247,4014
66247,64622
66247,40819
102249,33794
102249,30749
102249,5989
102249,527
102249,8798
102249,1704
102249,7445
102249,508
102249,7147
102249,8873
108357,2571
108357,1288
108357,4878
108357,541
108357,48774
108357,4993
108357,68237
108357,6711
108357,50
108357,32587
112234,8798
112234,296
112234,593
112234,73023
112234,96811
112234,68157
112234,55820
112234,55118
112234,2858
112234,78088
3324,593
3324,318
3324,260
3324,541
3324,58559
3324,50
3324,4226
3324,48394
3324,32587
3324,741
121492,2762
121492,380
121492,377
121492,318
121492,750
121492,1580
121492,608
121492,1258
121492,1961
121492,480
11152,30707
11152,30822
11152,33166
11152,33794
11152,31685
11152,8970
11152,37741
11152,30749
11152,33679
11152,34072
15564,33794
15564,520
15564,58559
15564,6539
15564,86332
15564,7153
15564,2716
15564,87232
15564,54001
15564,2571
56779,2762
56779,527
56779,110
56779,593
56779,2858
56779,5952
56779,58559
56779,3147
56779,5995
56779,1206
110975,527
110975,5952
110975,6539
110975,1961
110975,2571
110975,3114
110975,1704
110975,5816
110975,2028
110975,953
44429,3578
44429,1580
44429,1
44429,593
44429,260
44429,2959
44429,3996
44429,912
44429,1210
44429,1196
811,1221
811,318
811,7361
811,6874
811,1
811,527
811,3996
811,2997
811,6016
811,750
15480,595
15480,5218
15480,110
15480,6377
15480,588
15480,2671
15480,2028
15480,3147
15480,4246
15480,593
88242,1580
88242,1923
88242,3897
88242,4963
88242,2028
88242,593
88242,589
88242,3793
88242,8636
88242,4034
106547,293
106547,3578
106547,1732
106547,4963
106547,44191
106547,5418
106547,54286
106547,2115
106547,48394
106547,1208
103385,25805
103385,8785
103385,32525
103385,7748
103385,2937
103385,904
103385,8684
103385,5291
103385,8338
103385,2972
24034,6711
24034,2395
24034,6993
24034,55442
24034,2858
24034,924
24034,1206
24034,5298
24034,2959
24034,86320
83899,1210
83899,296
83899,2716
83899,480
83899,2762
83899,47
83899,1193
83899,1079
83899,377
83899,1682
32116,2571
32116,608
32116,69481
32116,6016
32116,1036
32116,48516
32116,1196
32116,70286
32116,1953
32116,293
96742,364
96742,6155
96742,50872
96742,5218
96742,72998
96742,72407
96742,58047
96742,45668
96742,81847
96742,5620
12214,4226
12214,5995
12214,2329
12214,318
12214,5878
12214,4995
12214,7361
12214,44555
12214,110
12214,2908
108076,50
108076,1036
108076,1240
108076,51662
108076,70286
108076,5445
108076,4226
108076,1221
108076,58559
108076,165
40579,3147
40579,1246
40579,1961
40579,3578
40579,1259
40579,2762
40579,36
40579,356
40579,296
40579,2858
56305,4993
56305,1222
56305,2858
56305,110
56305,4011
56305,1610
56305,1258
56305,1266
56305,4878
56305,457
108442,3578
108442,70286
108442,527
108442,4973
108442,2028
108442,260
108442,5903
108442,32
108442,92259
108442,4993
106897,32
106897,3246
106897,2502
106897,1215
106897,2028
106897,47
106897,1266
106897,288
106897,3476
106897,1259
84759,1036
84759,50
84759,2762
84759,3552
84759,296
84759,2858
84759,527
84759,4995
84759,1961
84759,260
80495,111
80495,2858
80495,2329
80495,1704
80495,47
80495,1252
80495,1201
80495,1617
80495,4226
80495,64614
43119,296
43119,2959
43119,1198
43119,50
43119,293
43119,3578
43119,2329
43119,260
43119,1196
43119,70286
2392,589
2392,2571
2392,32
2392,2858
2392,356
2392,2959
2392,1198
2392,2716
2392,1270
2392,4993
25422,296
25422,2959
25422,3578
25422,2858
25422,356
25422,5418
25422,593
25422,4239
25422,55765
25422,68157
106672,2571
106672,1210
106672,260
106672,54259
106672,2622
106672,17
106672,59315
106672,68358
106672,68954
106672,1278
58404,527
58404,2762
58404,1270
58404,1580
58404,59315
58404,8961
58404,6539
58404,4963
58404,50
58404,2628
106278,1230
106278,1247
106278,1079
106278,3448
106278,6807
106278,4034
106278,2997
106278,3471
106278,2391
106278,2396
73310,3578
73310,110
73310,589
73310,1233
73310,541
73310,480
73310,318
73310,3654
73310,1374
73310,1610
22161,608
22161,1213
22161,4226
22161,1193
22161,1247
22161,541
22161,6331
22161,296
22161,1945
22161,3730
18642,50
18642,47
18642,58559
18642,296
18642,48516
18642,356
18642,293
18642,1682
18642,3949
18642,593
99720,80463
99720,48780
99720,2959
99720,6016
99720,49272
99720,68157
99720,96079
99720,63082
99720,73017
99720,858
94700,91630
94700,79132
94700,60069
94700,33794
94700,49272
94700,72641
94700,97304
94700,30707
94700,34048
94700,8961
126994,296
126994,8874
126994,593
126994,74458
126994,93840
126994,96610
126994,4878
126994,7254
126994,58559
126994,48780
12335,4993
12335,34405
12335,1200
12335,60684
12335,7153
12335,6365
12335,3527
12335,27611
12335,3300
12335,51662
4323,1198
4323,1291
4323,6377
4323,8360
4323,2628
4323,3578
4323,1101
4323,539
4323,1961
4323,4886
30671,356
30671,1374
30671,4306
30671,8636
30671,1097
30671,6539
30671,588
30671,953
30671,3147
30671,1396
17880,1270
17880,589
17880,5816
17880,356
17880,3793
17880,2716
17880,588
17880,8368
17880,296
17880,4306
55762,5952
55762,70286
55762,55820
55762,1222
55762,3703
55762,48780
55762,1199
55762,42718
55762,1221
55762,2288
20445,4878
20445,2959
20445,899
20445,79132
20445,910
20445,94959
20445,1235
20445,593
20445,1198
20445,260
53489,2571
53489,1136
53489,1196
53489,356
53489,318
53489,1197
53489,3552
53489,1270
53489,608
53489,2329
113176,4388
113176,42011
113176,53464
113176,45672
113176,3785
113176,48520
113176,33499
113176,27839
113176,46335
113176,53993
113421,750
113421,1136
113421,2858
113421,1193
113421,608
113421,1199
113421,1206
113421,1276
113421,1219
113421,1201
41146,88129
41146,97304
41146,99114
41146,81591
41146,296
41146,92259
41146,84954
41146,1252
41146,82459
41146,84152
11355,79132
11355,858
11355,1208
11355,47
11355,4226
11355,50
11355,55247
11355,3147
11355,5995
11355,7361
62482,858
62482,593
62482,555
62482,3949
62482,1206
62482,6
62482,2542
62482,3481
62482,750
62482,2716
110300,50
110300,59315
110300,1258
110300,364
110300,44191
110300,46578
110300,48774
110300,68237
110300,1203
110300,1291
96610,58559
96610,69122
96610,85414
96610,6377
96610,356
96610,84152
96610,97921
96610,48780
96610,80549
96610,59784
68036,60069
68036,1198
68036,1213
68036,7361
68036,4973
68036,593
68036,1214
68036,68157
68036,356
68036,99114
55722,3198
55722,30707
55722,39292
55722,46578
55722,3551
55722,33166
55722,6787
55722,44555
55722,8645
55722,4427
42976,2571
42976,47
42976,296
42976,68157
42976,3275
42976,49272
42976,54286
42976,44191
42976,2858
42976,3949
113246,899
113246,7084
113246,946
113246,1237
113246,5147
113246,2571
113246,954
113246,608
113246,7056
113246,25750
126652,81591
126652,47
126652,7153
126652,4993
126652,364
126652,480
126652,4973
126652,597
126652,73017
126652,293
6971,4993
6971,79132
6971,296
6971,58559
6971,1136
6971,7153
6971,1262
6971,1222
6971,1291
6971,33794
112977,51255
112977,48394
112977,68237
112977,750
112977,72226
112977,59387
112977,48774
112977,63082
112977,5971
112977,8874
85152,4993
85152,1291
85152,2762
85152,480
85152,593
85152,293
85152,1240
85152,1222
85152,1265
85152,858
91498,3578
91498,589
91498,110
91498,858
91498,590
91498,296
91498,457
91498,608
91498,912
91498,1136
51786,1704
51786,356
51786,908
51786,898
51786,2762
51786,8961
51786,1197
51786,1234
51786,3097
51786,1203
27252,780
27252,356
27252,1198
27252,1580
27252,2762
27252,4874
27252,1265
27252,53972
27252,2353
27252,1597
37221,4246
37221,4963
37221,318
37221,1682
37221,1307
37221,4973
37221,377
37221,2959
37221,2396
37221,296
132379,527
132379,110
132379,2571
132379,6377
132379,593
132379,1198
132379,3147
132379,318
132379,8360
132379,4973
2345,2959
2345,1136
2345,5952
2345,7361
2345,4878
2345,2571
2345,33493
2345,2502
2345,318
2345,32587
131241,7153
131241,380
131241,1221
131241,1527
131241,2502
131241,1127
131241,4022
131241,3897
131241,6711
131241,1573
128590,6874
128590,47
128590,3949
128590,55820
128590,6711
128590,1213
128590,1089
128590,593
128590,1206
128590,54503
82349,1200
82349,1225
82349,2011
82349,3701
82349,2329
82349,35347
82349,344
82349,5049
82349,3897
82349,5945
59117,590
59117,150
59117,2858
59117,1265
59117,1214
59117,1246
59117,2959
59117,508
59117,541
59117,2028
69543,599
69543,1673
69543,3089
69543,2160
69543,7361
69543,6023
69543,26094
69543,1266
69543,7063
69543,2997
50621,2858
50621,593
50621,296
50621,1193
50621,1208
50621,1089
50621,903
50621,541
50621,1281
50621,4226
77194,2028
77194,589
77194,480
77194,1917
77194,3527
77194,1240
77194,1036
77194,1590
77194,2916
77194,1196
126720,2959
126720,296
126720,2997
126720,5902
126720,1288
126720,2599
126720,1732
126720,30810
126720,592
126720,6620
19135,32587
19135,2959
19135,48774
19135,54503
19135,48516
19135,4011
19135,38061
19135,3275
19135,55118
19135,46578
15868,2959
15868,587
15868,2571
15868,6377
15868,3147
15868,7361
15868,46578
15868,58559
15868,4973
15868,2028
23684,2618
23684,1193
23684,2858
23684,1213
23684,778
23684,63082
23684,342
23684,111
23684,47
23684,6870
114053,1527
114053,3081
114053,1079
114053,1291
114053,2021
114053,3740
114053,1136
114053,2716
114053,6662
114053,30793
33498,58559
33498,1210
33498,588
33498,260
33498,41566
33498,81847
33498,72998
33498,594
33498,2762
33498,2081
59312,33794
59312,5418
59312,356
59312,457
59312,3578
59312,110
59312,6874
59312,318
59312,165
59312,150
58648,4881
58648,8983
58648,6286
58648,26776
58648,2184
58648,6927
58648,7090
58648,910
58648,8783
58648,6281
14469,527
14469,2571
14469,4226
14469,2762
14469,3147
14469,110
14469,1625
14469,1265
14469,5989
14469,1246
21896,8961
21896,527
21896,5418
21896,33794
21896,110
21896,6377
21896,4963
21896,8970
21896,6942
21896,1704
116603,2716
116603,1206
116603,4226
116603,6874
116603,32587
116603,1200
116603,7361
116603,4011
116603,1198
116603,2997
125386,5618
125386,2291
125386,4370
125386,7147
125386,4973
125386,4306
125386,778
125386,1391
125386,592
125386,1089
62299,47
62299,6377
62299,593
62299,3897
62299,4226
62299,1089
62299,2918
62299,39183
62299,3911
62299,1258
39107,1213
39107,5060
39107,4327
39107,3198
39107,30707
39107,3681
39107,2313
39107,1219
39107,1200
39107,912
46338,56367
46338,1210
46338,81591
46338,2997
46338,2571
46338,55269
46338,51255
46338,71535
46338,5902
46338,99114
97236,5952
97236,4993
97236,7153
97236,1225
97236,1234
97236,48780
97236,1291
97236,2692
97236,2858
97236,33794
29882,2762
29882,593
29882,608
29882,457
29882,296
29882,380
29882,1270
29882,4963
29882,1617
29882,1265
43422,858
43422,1136
43422,1247
43422,1230
43422,2571
43422,926
43422,1199
43422,912
43422,2731
43422,1196
58630,5445
58630,6539
58630,1214
58630,1198
58630,1291
58630,316
58630,5418
58630,150
58630,780
58630,32587
78181,5952
78181,4993
78181,54286
78181,4878
78181,56174
78181,68237
78181,316
78181,31658
78181,6539
78181,1175
124641,4896
124641,5299
124641,500
124641,1580
124641,5349
124641,104
124641,41566
124641,1777
124641,4308
124641,5952
25254,1036
25254,2000
25254,1201
25254,2571
25254,480
25254,2012
25254,1370
25254,858
25254,1214
25254,1
100412,590
100412,1270
100412,165
100412,1193
100412,1704
100412,380
100412,750
100412,111
100412,480
100412,3996
38293,8360
38293,1617
38293,2396
38293,1270
38293,1961
38293,1
38293,2355
38293,8368
38293,3114
38293,2115
75093,296
75093,3147
75093,1259
75093,1974
75093,2174
75093,4865
75093,5679
75093,5294
75093,79132
75093,4437
100528,6970
100528,3307
100528,5135
100528,3629
100528,3022
100528,908
100528,2936
100528,909
100528,5525
100528,7297
51539,318
51539,4226
51539,7153
51539,58559
51539,4306
51539,33794
51539,1136
51539,6377
51539,4973
51539,4011
1616,293
1616,923
1616,778
1616,2997
1616,2329
1616,4027
1616,1617
1616,6711
1616,1203
1616,1212
128315,4306
128315,597
128315,356
128315,4995
128315,2858
128315,5377
128315,1704
128315,2571
128315,6539
128315,50872
50341,1220
50341,1198
50341,47
50341,1213
50341,7076
50341,1240
50341,318
50341,235
50341,50
50341,7894
23770,593
23770,1198
23770,32
23770,648
23770,50
23770,1291
23770,1036
23770,165
23770,457
23770,1240
127559,30749
127559,37741
127559,39183
127559,56367
127559,8638
127559,8645
127559,8873
127559,46723
127559,8949
127559,47629
119272,6377
119272,110
119272,2762
119272,1240
119272,296
119272,145
119272,1036
119272,527
119272,648
119272,48516
125522,1291
125522,457
125522,318
125522,50
125522,110
125522,480
125522,590
125522,1270
125522,1213
125522,1221
49712,296
49712,608
49712,1961
49712,356
49712,3147
49712,2858
49712,4022
49712,590
49712,1259
49712,858
134419,1214
134419,2716
134419,6377
134419,6539
134419,30793
134419,2700
134419,2291
134419,37729
134419,1387
134419,33493
59998,56367
59998,500
59998,1721
59998,58559
59998,1265
59998,1704
59998,4993
59998,6942
59998,2572
59998,7153
120961,2144
120961,81834
120961,5418
120961,88810
120961,88163
120961,4025
120961,2762
120961,5816
120961,4246
120961,4963
66984,1196
66984,32
66984,58559
66984,2959
66984,2918
66984,59315
66984,780
66984,4993
66984,1036
66984,7153
38264,79132
38264,34405
38264,70286
38264,79702
38264,81847
38264,72998
38264,8874
38264,44191
38264,98809
38264,111362
63135,79132
63135,5618
63135,69951
63135,91542
63135,73017
63135,79702
63135,8874
63135,77561
63135,48394
63135,76093
39582,3578
39582,1196
39582,7361
39582,780
39582,3897
39582,2321
39582,2997
39582,457
39582,8961
39582,1265
57841,1136
57841,58559
57841,8874
57841,68157
57841,32587
57841,1210
57841,1089
57841,2858
57841,61240
57841,7153
88032,5418
88032,608
88032,2716
88032,3578
88032,2571
88032,1610
88032,1288
88032,6188
88032,5010
88032,4963
63109,40815
63109,2424
63109,1265
63109,4308
63109,1073
63109,6539
63109,2011
63109,62
63109,1680
63109,1569
40466,2571
40466,7361
40466,81845
40466,4973
40466,106920
40466,6539
40466,55247
40466,73017
40466,56367
40466,97752
6314,40819
6314,8972
6314,8784
6314,44191
6314,45722
6314,8970
6314,8961
6314,41569
6314,46578
6314,8983
2447,3897
2447,500
2447,5299
2447,7147
2447,4995
2447,2762
2447,3408
2447,45722
2447,2959
2447,1704
19202,1732
19202,1240
19202,1682
19202,2028
19202,1196
19202,5989
19202,2012
19202,1517
19202,2011
19202,33166
83556,60943
83556,54997
83556,97923
83556,55290
83556,82534
83556,64034
83556,78574
83556,45210
83556,72733
83556,107069
14920,1197
14920,8961
14920,593
14920,527
14920,318
14920,356
14920,2762
14920,6377
14920,910
14920,1203
50276,2762
50276,296
50276,2858
50276,79132
50276,44555
50276,1193
50276,2028
50276,58559
50276,7502
50276,5418
48541,47
48541,6016
48541,608
48541,593
48541,1213
48541,4878
48541,2692
48541,1732
48541,8158
48541,3897
6554,2997
6554,2571
6554,608
6554,5618
6554,46578
6554,296
6554,8784
6554,55820
6554,2019
6554,2692
3785,2858
3785,593
3785,1196
3785,3814
3785,32291
3785,52
3785,5348
3785,356
3785,1701
3785,5445
10143,4306
10143,588
10143,595
10143,364
10143,34162
10143,1777
10143,2762
10143,4963
10143,104
10143,1393
131046,908
131046,2571
131046,296
131046,969
131046,903
131046,1267
131046,260
131046,745
131046,1207
131046,2959
74060,1210
74060,3578
74060,5952
74060,7153
74060,1200
74060,457
74060,4034
74060,1208
74060,590
74060,6502
61115,44199
61115,40583
61115,41285
61115,8949
61115,26350
61115,42418
61115,8491
61115,44191
61115,26349
61115,7013
14271,1073
14271,4878
14271,4896
14271,2959
14271,6377
14271,2657
14271,1136
14271,296
14271,4306
14271,2987
109656,78499
109656,3247
109656,79091
109656,2431
109656,72641
109656,12
109656,4621
109656,58559
109656,79132
109656,8961
105331,49272
105331,59315
105331,32587
105331,34162
105331,54286
105331,589
105331,5989
105331,51662
105331,6502
105331,70286
52485,2716
52485,6377
52485,1270
52485,32
52485,6874
52485,4995
52485,4034
52485,1387
52485,597
52485,2683
94750,1061
94750,39
94750,3274
94750,4351
94750,5612
94750,3408
94750,2771
94750,6436
94750,1343
94750,44974
77892,2528
77892,2662
77892,1240
77892,1023
77892,1136
77892,1234
77892,1233
77892,908
77892,3930
77892,2054
70327,318
70327,1291
70327,296
70327,6874
70327,1214
70327,47
70327,7438
70327,527
70327,3793
70327,858
102837,2115
102837,46578
102837,1198
102837,318
102837,4886
102837,6874
102837,4027
102837,33794
102837,2396
102837,31658
118776,2858
118776,2028
118776,1193
118776,608
118776,1246
118776,750
118776,4226
118776,1961
118776,1136
118776,1610
21889,296
21889,356
21889,4306
21889,8784
21889,4979
21889,6539
21889,50
21889,223
21889,35836
21889,1580
127795,2571
127795,2858
127795,1222
127795,2959
127795,1732
127795,48780
127795,4262
127795,55820
127795,1221
127795,1259
137046,1201
137046,1089
137046,1258
137046,293
137046,1208
137046,1260
137046,6920
137046,6530
137046,714
137046,1269
107616,2571
107616,4306
107616,1721
107616,8368
107616,364
107616,2858
107616,597
107616,527
107616,2762
107616,19
15580,56174
15580,68954
15580,2028
15580,52973
15580,4306
15580,71535
15580,48774
15580,89864
15580,98809
15580,60684
108473,1682
108473,593
108473,4262
108473,780
108473,1197
108473,1653
108473,4034
108473,1923
108473,344
108473,6365
40092,2858
40092,2959
40092,364
40092,318
40092,63082
40092,5952
40092,7361
40092,2028
40092,4306
40092,5995
128913,778
128913,99114
128913,63082
128913,1193
128913,1089
128913,293
128913,4993
128913,32
128913,608
128913,1213
93710,48516
93710,109374
93710,53123
93710,56367
93710,94959
93710,64620
93710,38038
93710,55280
93710,48780
93710,59018
80196,6711
80196,4979
80196,8961
80196,46578
80196,1732
80196,5618
80196,39183
80196,50872
80196,48394
80196,48385
83575,480
83575,4963
83575,8644
83575,6378
83575,5010
83575,6874
83575,33679
83575,54503
83575,5502
83575,6502
71442,527
71442,2858
71442,3471
71442,593
71442,913
71442,296
71442,39292
71442,1617
71442,3176
71442,1208
111335,39183
111335,7438
111335,44694
111335,33166
111335,2858
111335,48696
111335,49272
111335,6874
111335,55290
111335,6016
85360,750
85360,50
85360,2858
85360,5902
85360,1265
85360,318
85360,235
85360,924
85360,1214
85360,7438
92644,2762
92644,457
92644,527
92644,2329
92644,69122
92644,32587
92644,3147
92644,64614
92644,1213
92644,1610
45394,593
45394,2959
45394,1197
45394,6539
45394,1270
45394,4306
45394,3578
45394,1
45394,2762
45394,59315
65403,7361
65403,1219
65403,1206
65403,4979
65403,4226
65403,5902
65403,1193
65403,2997
65403,6874
65403,35836
45829,33493
45829,8961
45829,318
45829,7438
45829,6874
45829,7153
45829,4226
45829,3793
45829,5349
45829,50
95703,50
95703,1617
95703,608
95703,457
95703,150
95703,2396
95703,300
95703,5747
95703,4027
95703,2599
14867,5445
14867,1206
14867,4995
14867,2542
14867,1240
14867,589
14867,3081
14867,527
14867,2028
14867,48394
50108,4226
50108,7438
50108,6874
50108,3578
50108,1210
50108,8984
50108,4306
50108,80463
50108,45722
50108,49272
92831,318
92831,356
92831,3681
92831,3578
92831,48516
92831,6539
92831,2028
92831,5418
92831,593
92831,296
7954,32
7954,7158
7954,6796
7954,5319
7954,7445
7954,23
7954,7139
7954,4641
7954,64839
7954,608
93937,1
93937,780
93937,1270
93937,597
93937,527
93937,2959
93937,1393
93937,4306
93937,457
93937,47
123174,6539
123174,7438
123174,2762
123174,260
123174,3996
123174,1200
123174,318
123174,5378
123174,1198
123174,4995
13460,356
13460,1196
13460,2762
13460,1198
13460,296
13460,32
13460,919
13460,541
13460,2997
13460,1580
8287,2959
8287,97304
8287,356
8287,92259
8287,106920
8287,527
8287,2571
8287,104841
8287,91529
8287,81845
19517,527
19517,7153
19517,4995
19517,3967
19517,8961
19517,590
19517,2324
19517,2396
19517,4014
19517,8360
91850,6286
91850,2692
91850,4226
91850,1136
91850,2571
91850,1080
91850,32
91850,6016
91850,541
91850,2997
115364,53125
115364,41566
115364,45722
115364,1188
115364,36401
115364,1275
115364,4225
115364,68358
115364,42738
115364,56171
116839,2329
116839,4226
116839,2959
116839,750
116839,608
116839,2858
116839,4878
116839,593
116839,541
116839,4848
101296,2959
101296,60069
101296,8961
101296,88125
101296,59315
101296,6377
101296,49272
101296,5349
101296,2571
101296,80463
98277,4226
98277,1270
98277,1968
98277,50
98277,2291
98277,82459
98277,61240
98277,4022
98277,2918
98277,2115
56130,36529
56130,41569
56130,41997
56130,30810
56130,8983
56130,33493
56130,8961
56130,8874
56130,42738
56130,40583
5854,2858
5854,293
5854,2762
5854,480
5854,165
5854,1291
5854,1527
5854,1196
5854,6874
5854,648
90157,2125
90157,54259
90157,58559
90157,4993
90157,44191
90157,7361
90157,7153
90157,8961
90157,1907
90157,2096
97804,1394
97804,2916
97804,3949
97804,1968
97804,1884
97804,1036
97804,4878
97804,2997
97804,1201
97804,104841
119117,110
119117,63082
119117,3147
119117,6539
119117,296
119117,4306
119117,72998
119117,3578
119117,4973
119117,1682
84061,4226
84061,3168
84061,47
84061,26729
84061,34542
84061,1189
84061,7361
84061,1299
84061,1201
84061,1304
8601,8464
8601,337
8601,1193
8601,1265
8601,106438
8601,3451
8601,2291
8601,2324
8601,4014
8601,357
2816,47
2816,1682
2816,296
2816,1
2816,589
2816,1196
2816,1080
2816,593
2816,356
2816,7153
91271,32
91271,2858
91271,3578
91271,2329
91271,318
91271,48516
91271,592
91271,1240
91271,50
91271,52281
35678,318
35678,3578
35678,4226
35678,4963
35678,68157
35678,49272
35678,7361
35678,1682
35678,47
35678,593
75752,1089
75752,79132
75752,3578
75752,480
75752,4262
75752,3916
75752,1265
75752,99114
75752,4226
75752,2762
69883,2858
69883,7361
69883,50
69883,47
69883,3949
69883,293
69883,593
69883,1617
69883,4235
69883,3578
78091,3996
78091,110
78091,356
78091,480
78091,1722
78091,5349
78091,6377
78091,1
78091,296
78091,2028
125296,2329
125296,4995
125296,318
125296,356
125296,858
125296,2291
125296,509
125296,1094
125296,1729
125296,3176
78223,47
78223,3504
78223,2076
78223,1193
78223,58559
78223,2858
78223,1203
78223,293
78223,55820
78223,48516
102699,364
102699,296
102699,1246
102699,32
102699,1968
102699,50
102699,4022
102699,47
102699,608
102699,6874
36107,3462
36107,608
36107,1263
36107,296
36107,318
36107,2019
36107,541
36107,778
36107,3681
36107,1250
33472,7153
33472,318
33472,33794
33472,527
33472,356
33472,110
33472,47
33472,53322
33472,3578
33472,59315
102025,8684
102025,6660
102025,26366
102025,26729
102025,25856
102025,26208
102025,8338
102025,52435
102025,1189
102025,46855
88054,91529
88054,87232
88054,103253
88054,76251
88054,103249
88054,94864
88054,86332
88054,72998
88054,95441
88054,2571
135831,1923
135831,608
135831,8360
135831,4034
135831,1094
135831,6711
135831,3481
135831,1101
135831,6708
135831,235
11412,593
11412,2959
11412,87232
11412,50
11412,318
11412,1266
11412,48774
11412,8961
11412,6
11412,1089
52301,7153
52301,5952
52301,4993
52301,356
52301,110
52301,1250
52301,318
52301,1200
52301,1222
52301,2028
12149,5747
12149,1094
12149,1952
12149,1674
12149,3363
12149,1299
12149,3498
12149,1084
12149,1185
12149,4103
23030,8645
23030,7139
23030,6867
23030,7256
23030,926
23030,6639
23030,3362
23030,8949
23030,5008
23030,7116
92876,112852
92876,50872
92876,85414
92876,34319
92876,48780
92876,79702
92876,99114
92876,104841
92876,68157
92876,81564
73015,2959
73015,858
73015,47
73015,44199
73015,6016
73015,318
73015,6787
73015,47610
73015,6870
73015,912
5181,56367
5181,6942
5181,8368
5181,63082
5181,50872
5181,79132
5181,6711
5181,4308
5181,318
5181,60069
108325,5349
108325,1721
108325,7293
108325,4963
108325,318
108325,2959
108325,33794
108325,5418
108325,7254
108325,597
10900,1682
10900,44191
10900,4027
10900,5418
10900,1517
10900,8961
10900,1584
10900,2174
10900,2918
10900,2791
126798,541
126798,33794
126798,6539
126798,1196
126798,44191
126798,1270
126798,6283
126798,32
126798,65261
126798,1198
40483,3801
40483,1953
40483,1254
40483,1944
40483,1240
40483,110
40483,593
40483,2186
40483,1945
40483,904
129100,1193
129100,2028
129100,7438
129100,50
129100,318
129100,778
129100,2762
129100,1136
129100,3160
129100,32587
84674,44191
84674,79132
84674,50
84674,8961
84674,48516
84674,150
84674,1197
84674,457
84674,27611
84674,60684
119666,539
119666,500
119666,4306
119666,595
119666,586
119666,50872
119666,3114
119666,2355
119666,480
119666,1097
55214,356
55214,4963
55214,4776
55214,34162
55214,2542
55214,1732
55214,6323
55214,7147
55214,4262
55214,6502
41184,72998
41184,4963
41184,1580
41184,1682
41184,6377
41184,318
41184,597
41184,1653
41184,4995
41184,8961
6162,7153
6162,1196
6162,4993
6162,2571
6162,58559
6162,6333
6162,3793
6162,5618
6162,5349
6162,31658
83721,60069
83721,79132
83721,2571
83721,4226
83721,2959
83721,541
83721,1748
83721,2021
83721,44191
83721,68157
95563,6377
95563,4878
95563,1
95563,48394
95563,593
95563,5618
95563,595
95563,47
95563,2324
95563,1682
5118,58559
5118,31658
5118,296
5118,5971
5118,60069
5118,50
5118,527
5118,47
5118,2858
5118,76093
119755,608
119755,5952
119755,593
119755,58559
119755,50
119755,2019
119755,2329
119755,4011
119755,31658
119755,1221
40069,34162
40069,6378
40069,4369
40069,3623
40069,7293
40069,1101
40069,5445
40069,4025
40069,586
40069,1527
94088,8636
94088,6539
94088,648
94088,3578
94088,68358
94088,7570
94088,53996
94088,480
94088,72998
94088,2376
59686,7153
59686,5952
59686,32
59686,4993
59686,2959
59686,6539
59686,1198
59686,1036
59686,780
59686,150
98892,91630
98892,102125
98892,6539
98892,3793
98892,89745
98892,5349
98892,33794
98892,6333
98892,6365
98892,3578
135472,7153
135472,4993
135472,1097
135472,158
135472,5952
135472,920
135472,588
135472,2081
135472,1
135472,1380
93568,5952
93568,7153
93568,2617
93568,7147
93568,2657
93568,223
93568,4027
93568,1270
93568,7451
93568,1732
29104,4973
29104,2858
29104,4226
29104,318
29104,2324
29104,63082
29104,4995
29104,69757
29104,92259
29104,2762
118253,30749
118253,4886
118253,6942
118253,318
118253,4973
118253,2080
118253,2096
118253,914
118253,2078
118253,5989
113557,1089
113557,44191
113557,4886
113557,1
113557,33794
113557,68157
113557,1193
113557,6874
113557,1221
113557,1265
99986,8961
99986,40815
99986,356
99986,1777
99986,8368
99986,5299
99986,597
99986,364
99986,520
99986,1197
95842,41997
95842,44195
95842,48774
95842,44191
95842,27831
95842,5418
95842,53972
95842,33166
95842,46976
95842,47610
15449,2762
15449,91658
15449,296
15449,3147
15449,4973
15449,109374
15449,48516
15449,58559
15449,100383
15449,102903
101600,1214
101600,1136
101600,2858
101600,4973
101600,4878
101600,7438
101600,1089
101600,858
101600,1198
101600,750
126587,6874
126587,4886
126587,1197
126587,1968
126587,1580
126587,3052
126587,1278
126587,1080
126587,40815
126587,45722
72637,1221
72637,1704
72637,2858
72637,593
72637,6016
72637,778
72637,48394
72637,26614
72637,1193
72637,541
72465,36517
72465,30812
72465,8970
72465,30707
72465,33166
72465,33493
72465,33794
72465,8493
72465,7160
72465,7698
70279,1270
70279,2671
70279,17
70279,357
70279,597
70279,2762
70279,1680
70279,2396
70279,6377
70279,50872
22989,2858
22989,2571
22989,2959
22989,69757
22989,58559
22989,88810
22989,106782
22989,6942
22989,527
22989,1704
32557,353
32557,1527
32557,593
32557,356
32557,5952
32557,7153
32557,1645
32557,110
32557,1339
32557,4973
106076,47
106076,293
106076,858
106076,5618
106076,6016
106076,48394
106076,44555
106076,58559
106076,1221
106076,32
24867,1210
24867,260
24867,8961
24867,7143
24867,5218
24867,1196
24867,1291
24867,2959
24867,2355
24867,2028
93697,2232
93697,7361
93697,1921
93697,111
93697,2858
93697,4226
93697,7438
93697,6016
93697,8957
93697,2712
86206,5049
86206,3702
86206,3578
86206,2401
86206,2640
86206,150
86206,3682
86206,8132
86206,1201
86206,2407
135997,318
135997,6383
135997,33794
135997,1036
135997,1552
135997,2126
135997,4701
135997,44
135997,5254
135997,51077
55898,3000
55898,1208
55898,2858
55898,50
55898,68954
55898,7361
55898,111
55898,1214
55898,1136
55898,608
20193,111
20193,1208
20193,1233
20193,3504
20193,1250
20193,1219
20193,3730
20193,1256
20193,1262
20193,1260
103140,6942
103140,2324
103140,6377
103140,318
103140,4878
103140,8874
103140,2502
103140,4993
103140,4306
103140,44191
43408,4226
43408,1198
43408,356
43408,2959
43408,5445
43408,3578
43408,4993
43408,1527
43408,1270
43408,780
66546,50
66546,1198
66546,318
66546,110
66546,593
66546,4306
66546,2028
66546,2762
66546,589
66546,6874
118127,32
118127,1240
118127,1275
118127,1285
118127,1265
118127,608
118127,589
118127,4993
118127,1732
118127,293
65428,45722
65428,73017
65428,6539
65428,88140
65428,91500
65428,89745
65428,4447
65428,58559
65428,76093
65428,41566
134381,1704
134381,480
134381,589
134381,858
134381,1213
134381,150
134381,4262
134381,457
134381,527
134381,2918
87075,356
87075,4993
87075,1270
87075,2716
87075,1527
87075,589
87075,296
87075,40815
87075,6874
87075,1
56390,6874
56390,589
56390,1580
56390,1291
56390,2916
56390,5349
56390,34405
56390,3527
56390,8636
56390,79132
128690,1127
128690,527
128690,3793
128690,16
128690,5349
128690,1220
128690,8636
128690,4963
128690,2997
128690,4262
55342,58559
55342,356
55342,2858
55342,54286
55342,6
55342,81845
55342,4995
55342,1466
55342,1193
55342,56782
15147,296
15147,58559
15147,56367
15147,2959
15147,4878
15147,1136
15147,318
15147,4226
15147,69122
15147,46578
6961,778
6961,3949
6961,2329
6961,318
6961,27773
6961,527
6961,356
6961,293
6961,32587
6961,1270
24238,2194
24238,6874
24238,4226
24238,5669
24238,7438
24238,592
24238,4963
24238,1079
24238,3386
24238,6711
85605,4308
85605,1028
85605,56367
85605,2080
85605,37729
85605,1968
85605,1380
85605,2396
85605,1230
85605,8360
28619,3868
28619,1407
28619,2706
28619,3253
28619,589
28619,8961
28619,2700
28619,31878
28619,2791
28619,296
67182,2329
67182,778
67182,2997
67182,4306
67182,3556
67182,47
67182,593
67182,46723
67182,48082
67182,4226
75134,1674
75134,919
75134,1207
75134,1096
75134,508
75134,1271
75134,457
75134,1247
75134,2917
75134,1035
43848,110
43848,2762
43848,79132
43848,33794
43848,593
43848,49272
43848,480
43848,1240
43848,59315
43848,527
103903,4973
103903,1193
103903,2762
103903,58559
103903,1089
103903,527
103903,110
103903,74458
103903,608
103903,858
25180,81847
25180,54286
25180,91500
25180,84954
25180,33794
25180,5971
25180,98809
25180,65261
25180,6350
25180,77561
41084,910
41084,2858
41084,2959
41084,2692
41084,1206
41084,2324
41084,1199
41084,541
41084,154
41084,1247
108452,111
108452,1221
108452,1704
108452,356
108452,318
108452,296
108452,1234
108452,50
108452,2396
108452,1617
121227,1210
121227,2502
121227,47
121227,2959
121227,1198
121227,1266
121227,2858
121227,541
121227,1208
121227,1200
137746,68157
137746,52973
137746,91500
137746,38061
137746,85414
137746,51255
137746,84772
137746,87306
137746,84954
137746,88140
115348,2329
115348,4226
115348,50
115348,1197
115348,68954
115348,1198
115348,79132
115348,858
115348,68157
115348,1136
17112,1198
17112,480
17112,4993
17112,79132
17112,2003
17112,2161
17112,1036
17112,2355
17112,7438
17112,2628
98020,1247
98020,6787
98020,527
98020,1203
98020,4427
98020,916
98020,969
98020,1947
98020,30749
98020,912
54135,527
54135,2329
54135,3000
54135,235
54135,5669
54135,2692
54135,2232
54135,1208
54135,2987
54135,1884
97107,5952
97107,7153
97107,4993
97107,1704
97107,2329
97107,4878
97107,5445
97107,589
97107,3147
97107,32587
67515,1213
67515,527
67515,1193
67515,2959
67515,1206
67515,1251
67515,111
67515,923
67515,356
67515,5291
58518,2028
58518,44191
58518,68157
58518,58559
58518,4011
58518,4878
58518,7153
58518,5903
58518,3578
58518,2858
105075,1197
105075,7361
105075,3897
105075,2858
105075,296
105075,4226
105075,608
105075,3060
105075,2762
105075,6711
95006,1270
95006,4963
95006,4993
95006,2762
95006,33794
95006,2959
95006,1704
95006,1923
95006,1961
95006,5349
104836,4886
104836,1
104836,356
104836,2081
104836,8961
104836,6539
104836,58559
104836,4896
104836,1028
104836,2087
34402,63859
34402,87430
34402,88125
34402,63131
34402,8972
34402,8371
34402,34405
34402,103772
34402,106487
34402,95510
73043,68358
73043,50872
73043,48394
73043,71535
73043,74458
73043,76251
73043,91529
73043,81591
73043,6539
73043,88129
68433,4027
68433,1732
68433,4973
68433,750
68433,55820
68433,7438
68433,48516
68433,1136
68433,1193
68433,58559
26309,32
26309,2028
26309,2858
26309,110
26309,47
26309,33794
26309,4886
26309,60069
26309,527
26309,780
101586,95510
101586,6539
101586,2571
101586,59369
101586,73017
101586,45722
101586,68358
101586,79091
101586,81229
101586,69526
115939,111
115939,6016
115939,1258
115939,55820
115939,356
115939,8950
115939,4973
115939,223
115939,48774
115939,48394
63387,903
63387,904
63387,50
63387,858
63387,908
63387,318
63387,2186
63387,3676
63387,7361
63387,3134
76391,2291
76391,1210
76391,2174
76391,1391
76391,47
76391,1270
76391,3033
76391,111
76391,6502
76391,54995
102115,72998
102115,2571
102115,81847
102115,68358
102115,78499
102115,5989
102115,48780
102115,318
102115,87232
102115,98809
97761,49272
97761,356
97761,5445
97761,73017
97761,2959
97761,74458
97761,96079
97761,4963
97761,3578
97761,99114
46006,260
46006,1213
46006,356
46006,5952
46006,4262
46006,1214
46006,3275
46006,49530
46006,1259
46006,541
72971,7387
72971,1466
72971,4105
72971,2502
72971,589
72971,288
72971,7802
72971,35836
72971,1266
72971,3030
120844,356
120844,2858
120844,1997
120844,296
120844,5878
120844,79132
120844,2959
120844,6874
120844,1172
120844,4235
43563,344
43563,318
43563,356
43563,2329
43563,64614
43563,457
43563,56782
43563,6874
43563,1222
43563,111
60752,593
60752,356
60752,7361
60752,7254
60752,38038
60752,4011
60752,3578
60752,8665
60752,293
60752,1223
110383,4308
110383,2918
110383,4306
110383,68954
110383,6377
110383,902
110383,66934
110383,5618
110383,81591
110383,88810
69212,31878
69212,36529
69212,41566
69212,8970
69212,4011
69212,8873
69212,37731
69212,44191
69212,1466
69212,34319
90234,296
90234,1136
90234,76093
90234,68954
90234,3000
90234,3275
90234,3114
90234,1215
90234,2700
90234,79008
9156,1198
9156,1784
9156,1097
9156,1073
9156,1265
9156,2571
9156,7153
9156,30749
9156,6377
9156,4027
13894,53125
13894,40815
13894,54001
13894,77561
13894,6377
13894,79293
13894,2571
13894,58025
13894,88125
13894,78499
12189,36517
12189,39292
12189,46578
12189,41997
12189,45950
12189,30749
12189,48738
12189,40629
12189,8966
12189,33660
2151,1136
2151,1089
2151,2571
2151,5952
2151,7153
2151,4993
2151,1270
2151,32587
2151,223
2151,293
97047,6377
97047,1196
97047,5418
97047,356
97047,592
97047,3114
97047,4226
97047,1721
97047,648
97047,68157
137891,5349
137891,2959
137891,1196
137891,589
137891,1580
137891,6333
137891,8636
137891,57368
137891,318
137891,2762
1024,2571
1024,4995
1024,318
1024,6539
1024,40819
1024,7361
1024,5989
1024,3578
1024,527
1024,41571
78838,47
78838,527
78838,2858
78838,6870
78838,6
78838,593
78838,49530
78838,4226
78838,48780
78838,54997
33178,6539
33178,2115
33178,5952
33178,4993
33178,1198
33178,3578
33178,3916
33178,1210
33178,8961
33178,110
85691,6188
85691,2762
85691,32587
85691,3147
85691,6378
85691,4011
85691,4963
85691,7445
85691,6754
85691,33493
19665,6377
19665,4896
19665,88125
19665,4306
19665,79132
19665,54001
19665,56367
19665,81834
19665,4447
19665,7451
35475,6539
35475,3578
35475,50872
35475,527
35475,1721
35475,2762
35475,1682
35475,4995
35475,593
35475,8360
33257,2959
33257,318
33257,1136
33257,46578
33257,2571
33257,81845
33257,2858
33257,109374
33257,7361
33257,56367
110669,480
110669,541
110669,6539
110669,2571
110669,10
110669,6377
110669,1240
110669,1265
110669,4886
110669,733
66064,3000
66064,260
66064,68358
66064,4226
66064,2959
66064,741
66064,5618
66064,1196
66064,1199
66064,1274
86783,1210
86783,3578
86783,72998
86783,1721
86783,2628
86783,5989
86783,2762
86783,780
86783,63082
86783,8644
9883,356
9883,539
9883,903
9883,70293
9883,1265
9883,4973
9883,928
9883,2858
9883,318
9883,1441
87532,68157
87532,7438
87532,1222
87532,4878
87532,1291
87532,1198
87532,318
87532,56782
87532,6
87532,2858
27053,55118
27053,81562
27053,1208
27053,78574
27053,7256
27053,30749
27053,5010
27053,37733
27053,48738
27053,1265
132481,356
132481,648
132481,780
132481,2959
132481,3578
132481,1527
132481,2628
132481,4993
132481,296
132481,1923
11956,457
11956,1704
11956,4226
11956,527
11956,110
11956,25
11956,377
11956,2291
11956,47
11956,2918
87525,4226
87525,3578
87525,47
87525,4306
87525,2959
87525,2028
87525,32587
87525,593
87525,527
87525,4995
82908,58998
82908,50872
82908,49272
82908,60069
82908,68954
82908,56782
82908,68358
82908,33004
82908,52281
82908,45722
107893,110
107893,1198
107893,780
107893,457
107893,527
107893,50
107893,589
107893,163
107893,260
107893,4993
61016,780
61016,356
61016,51662
61016,318
61016,2716
61016,2762
61016,4011
61016,7438
61016,1
61016,1089
25022,2329
25022,318
25022,3147
25022,1222
25022,69122
25022,3421
25022,1193
25022,2028
25022,1954
25022,1198
71514,356
71514,7153
71514,5952
71514,4993
71514,50
71514,3671
71514,593
71514,1270
71514,3793
71514,2115
61324,5418
61324,589
61324,5952
61324,4226
61324,8636
61324,33493
61324,858
61324,32
61324,54286
61324,6874
71821,4963
71821,5952
71821,296
71821,44191
71821,260
71821,1196
71821,589
71821,89745
71821,49530
71821,91529
103092,7153
103092,296
103092,5952
103092,1
103092,356
103092,3578
103092,4226
103092,1196
103092,1270
103092,2858
70084,1089
70084,4226
70084,1732
70084,47
70084,296
70084,2329
70084,4878
70084,7361
70084,1464
70084,1983
96458,597
96458,4963
96458,3578
96458,50
96458,110
96458,377
96458,1036
96458,780
96458,2268
96458,2858
46219,78499
46219,260
46219,5445
46219,1682
46219,924
46219,65261
46219,1748
46219,595
46219,296
46219,1653
123725,60069
123725,2959
123725,527
123725,5995
123725,2571
123725,44555
123725,63082
123725,68157
123725,296
123725,4995
103478,2858
103478,4306
103478,2987
103478,32
103478,1206
103478,1219
103478,2997
103478,589
103478,924
103478,1721
137666,480
137666,32
137666,2329
137666,2918
137666,4011
137666,1197
137666,4878
137666,3578
137666,44191
137666,1193
49502,296
49502,2959
49502,2706
49502,3578
49502,2571
49502,356
49502,2329
49502,2858
49502,6874
49502,780
20406,49530
20406,318
20406,33794
20406,73017
20406,589
20406,74948
20406,81562
20406,84392
20406,86644
20406,7254
51470,56367
51470,1270
51470,2959
51470,780
51470,1580
51470,2571
51470,3578
51470,318
51470,595
51470,5445
112943,1500
112943,356
112943,1240
112943,2762
112943,5952
112943,1196
112943,3052
112943,608
112943,4011
112943,589
41244,5418
41244,2502
41244,1580
41244,1270
41244,1223
41244,3175
41244,2797
41244,8636
41244,5349
41244,6942
22422,4973
22422,2959
22422,2571
22422,6874
22422,1527
22422,356
22422,3000
22422,741
22422,2167
22422,253
111756,293
111756,7361
111756,33004
111756,32587
111756,1214
111756,6365
111756,3052
111756,2762
111756,5679
111756,2672
32792,4306
32792,858
32792,1089
32792,33794
32792,50
32792,2502
32792,541
32792,4963
32792,6874
32792,68358
23103,49272
23103,55765
23103,64957
23103,33166
23103,60069
23103,49530
23103,54503
23103,33493
23103,51255
23103,53129
2899,1210
2899,5952
2899,595
2899,1136
2899,500
2899,4027
2899,1097
2899,1270
2899,1196
2899,2987
83554,3556
83554,5508
83554,778
83554,2959
83554,223
83554,288
83554,48082
83554,2337
83554,44761
83554,77455
82599,1580
82599,150
82599,1
82599,4993
82599,1270
82599,2706
82599,3552
82599,6377
82599,33493
82599,47
87685,318
87685,5952
87685,480
87685,1610
87685,1270
87685,6539
87685,527
87685,34405
87685,6377
87685,5445
114066,1032
114066,52287
114066,2018
114066,26662
114066,1033
114066,3034
114066,1688
114066,45431
114066,6889
114066,6539
77117,4226
77117,1089
77117,2571
77117,4878
77117,1274
77117,47
77117,541
77117,778
77117,7153
77117,5952
117734,110
117734,260
117734,4993
117734,7153
117734,6539
117734,318
117734,588
117734,1
117734,6333
117734,1580
54426,1196
54426,608
54426,32
54426,1080
54426,4848
54426,1258
54426,7034
54426,750
54426,5952
54426,3996
28214,46578
28214,2858
28214,2997
28214,4878
28214,27904
28214,6807
28214,2329
28214,55820
28214,2395
28214,608
16361,110
16361,1307
16361,1219
16361,1246
16361,858
16361,2918
16361,1096
16361,1358
16361,72641
16361,1299
10428,1203
10428,296
10428,593
10428,923
10428,912
10428,1207
10428,903
10428,2324
10428,616
10428,1252
128543,60069
128543,356
128543,1210
128543,480
128543,296
128543,260
128543,4995
128543,4963
128543,48394
128543,1682
97338,480
97338,5952
97338,1198
97338,4993
97338,1196
97338,2571
97338,26776
97338,32
97338,8961
97338,1
98232,110
98232,5952
98232,51662
98232,6377
98232,4963
98232,6539
98232,2762
98232,260
98232,1210
98232,1580
26126,1089
26126,2858
26126,1994
26126,296
26126,2329
26126,1193
26126,1136
26126,1200
26126,47
26126,1210
22867,1997
22867,5679
22867,3499
22867,1258
22867,1198
22867,832
22867,1266
22867,1200
22867,1214
22867,4128
81267,104841
81267,45447
81267,60069
81267,56775
81267,35836
81267,108932
81267,91500
81267,8957
81267,109487
81267,49272
81413,3147
81413,1682
81413,3753
81413,1779
81413,6934
81413,5378
81413,208
81413,60684
81413,34319
81413,648
82784,5445
82784,1258
82784,1196
82784,2174
82784,593
82784,2762
82784,253
82784,4963
82784,1198
82784,296
86648,3578
86648,6377
86648,47
86648,4886
86648,5445
86648,7458
86648,3994
86648,377
86648,3147
86648,318
13147,1089
13147,1213
13147,4226
13147,1228
13147,1136
13147,904
13147,1288
13147,7156
13147,296
13147,1617
61240,32
61240,1210
61240,2571
61240,1198
61240,1200
61240,2916
61240,356
61240,1208
61240,2716
61240,924
44181,4011
44181,858
44181,1527
44181,480
44181,2502
44181,7361
44181,2858
44181,1921
44181,1198
44181,293
65866,4973
65866,1213
65866,48394
65866,2571
65866,56782
65866,296
65866,356
65866,1230
65866,923
65866,1247
82137,318
82137,102445
82137,88125
82137,356
82137,60069
82137,68358
82137,593
82137,33794
82137,59315
82137,2959
116375,54272
116375,30810
116375,55276
116375,32587
116375,31878
116375,38038
116375,48696
116375,47997
116375,46948
116375,59336
96684,3364
96684,2194
96684,1276
96684,2366
96684,4022
96684,3030
96684,3114
96684,589
96684,3527
96684,6660
81118,318
81118,356
81118,2571
81118,6373
81118,7254
81118,367
81118,1136
81118,48516
81118,4878
81118,8957
105088,1704
105088,8784
105088,1073
105088,52973
105088,8533
105088,44195
105088,1721
105088,2324
105088,30749
105088,45720
3587,356
3587,60069
3587,1
3587,1210
3587,1270
3587,2571
3587,260
3587,3793
3587,68954
3587,480
92563,7361
92563,296
92563,4226
92563,2959
92563,2571
92563,356
92563,1193
92563,110
92563,608
92563,1198
106653,47
106653,527
106653,1222
106653,3578
106653,110
106653,3527
106653,1090
106653,1240
106653,1196
106653,590
117203,608
117203,912
117203,296
117203,1213
117203,908
117203,1945
117203,50
117203,2959
117203,1193
117203,904
62739,733
62739,59369
62739,77561
62739,49272
62739,72998
62739,3082
62739,318
62739,98809
62739,91500
62739,1580
20647,1748
20647,3147
20647,527
20647,60069
20647,48774
20647,2329
20647,8589
20647,54286
20647,7361
20647,1208
53616,2193
53616,4886
53616,2406
53616,1275
53616,318
53616,1302
53616,1968
53616,1242
53616,8623
53616,1374
131455,858
131455,648
131455,1198
131455,47
131455,1214
131455,778
131455,2858
131455,356
131455,1089
131455,110
134051,35836
134051,69122
134051,34162
134051,3916
134051,1704
134051,1101
134051,1291
134051,4896
134051,8368
134051,586
104236,318
104236,1240
104236,35836
104236,51662
104236,1222
104236,2716
104236,4011
104236,48774
104236,54503
104236,750
103175,68157
103175,33794
103175,296
103175,6874
103175,2858
103175,46578
103175,5989
103175,7458
103175,81564
103175,91542
45614,44191
45614,293
45614,1527
45614,589
45614,1200
45614,68157
45614,5903
45614,48516
45614,96610
45614,1653
74140,8360
74140,356
74140,500
74140,33493
74140,1
74140,8528
74140,6936
74140,5449
74140,480
74140,6378
71795,7361
71795,858
71795,37741
71795,1219
71795,296
71795,551
71795,593
71795,1208
71795,40819
71795,30707
121818,1270
121818,2959
121818,1580
121818,318
121818,593
121818,1917
121818,47
121818,780
121818,367
121818,480
40908,593
40908,1196
40908,7153
40908,1213
40908,4226
40908,2571
40908,527
40908,1089
40908,1222
40908,608
118098,91529
118098,89745
118098,2571
118098,59369
118098,74458
118098,318
118098,4963
118098,87232
118098,91500
118098,68319
99429,54001
99429,7451
99429,33493
99429,8972
99429,27706
99429,8807
99429,5816
99429,8784
99429,6297
99429,5971
98125,593
98125,4226
98125,3911
98125,30749
98125,1213
98125,48516
98125,2788
98125,1276
98125,2762
98125,8827
59740,6942
59740,6218
59740,50872
59740,5218
59740,5620
59740,54259
59740,4963
59740,6333
59740,39
59740,49286
65945,2329
65945,1732
65945,4973
65945,55820
65945,47
65945,1136
65945,608
65945,6874
65945,32587
65945,1213
18846,30707
18846,8970
18846,4857
18846,30749
18846,1035
18846,34072
18846,30812
18846,8949
18846,914
18846,527
49616,59315
49616,68358
49616,8665
49616,6539
49616,4878
49616,356
49616,5110
49616,26614
49616,296
49616,480
64378,2085
64378,8972
64378,69122
64378,1270
64378,56174
64378,33679
64378,2617
64378,318
64378,33493
64378,4306
51775,4226
51775,33794
51775,50872
51775,2858
51775,3147
51775,527
51775,63082
51775,59315
51775,4306
51775,47610
41498,2288
41498,2571
41498,1227
41498,904
41498,96610
41498,81591
41498,106782
41498,27773
41498,1200
41498,778
80566,1580
80566,1210
80566,48774
80566,32587
80566,260
80566,1196
80566,45499
80566,1136
80566,34405
80566,293
88294,1721
88294,4995
88294,72998
88294,2762
88294,4306
88294,58559
88294,92259
88294,5989
88294,69757
88294,2959
80656,2959
80656,60069
80656,7361
80656,27904
80656,1199
80656,52885
80656,69951
80656,924
80656,4973
80656,4873
121654,47
121654,48394
121654,7438
121654,593
121654,1210
121654,55820
121654,1196
121654,7153
121654,1213
121654,778
36802,58559
36802,68319
36802,71535
36802,65682
36802,78105
36802,80363
36802,6754
36802,33794
36802,81834
36802,73268
34700,1222
34700,37733
34700,555
34700,4105
34700,318
34700,1377
34700,3917
34700,55118
34700,7022
34700,48516
69064,589
69064,2987
69064,1090
69064,541
69064,1961
69064,1721
69064,2115
69064,293
69064,5218
69064,1028
80948,3000
80948,541
80948,1136
80948,6016
80948,2329
80948,79132
80948,48516
80948,356
80948,750
80948,904
8418,48780
8418,64969
8418,46578
8418,50872
8418,59369
8418,33615
8418,47099
8418,6016
8418,88163
8418,72011
119148,4720
119148,1678
119148,2571
119148,337
119148,899
119148,6987
119148,3081
119148,4034
119148,36517
119148,47
88773,35836
88773,33004
88773,34405
88773,54995
88773,63859
88773,34162
88773,31923
88773,26084
88773,63082
88773,79091
136214,1246
136214,110
136214,1961
136214,4306
136214,1270
136214,3147
136214,2797
136214,1784
136214,3578
136214,1097
35318,32
35318,3578
35318,593
35318,2571
35318,47
35318,2959
35318,318
35318,110
35318,4993
35318,5952
130972,86880
130972,84152
130972,4886
130972,81564
130972,91500
130972,8644
130972,52722
130972,76093
130972,81847
130972,4993
108343,594
108343,5952
108343,6539
108343,1
108343,2502
108343,3147
108343,1101
108343,50
108343,1259
108343,2804
118453,1270
118453,4306
118453,480
118453,6539
118453,8961
118453,5418
118453,377
118453,1
118453,46578
118453,46976
16990,1
16990,81834
16990,5816
16990,6333
16990,58559
16990,595
16990,102445
16990,41566
16990,102125
16990,2081
62030,919
62030,77455
62030,4027
62030,1235
62030,2291
62030,1193
62030,1258
62030,2395
62030,8873
62030,2692
59520,1291
59520,1136
59520,1196
59520,4306
59520,3578
59520,2959
59520,2012
59520,6539
59520,2115
59520,2716
68548,2762
68548,68954
68548,2959
68548,150
68548,2329
68548,50
68548,7361
68548,593
68548,2028
68548,1682
44695,318
44695,63082
44695,356
44695,60069
44695,46578
44695,92259
44695,59784
44695,1682
44695,56367
44695,296
102820,6377
102820,4886
102820,1097
102820,1291
102820,296
102820,595
102820,4306
102820,2858
102820,2028
102820,2019
120527,3753
120527,4963
120527,7143
120527,7153
120527,1101
120527,3916
120527,4993
120527,5952
120527,150
120527,6565
6030,47
6030,44195
6030,61132
6030,48738
6030,40278
6030,7147
6030,35836
6030,46578
6030,1884
6030,64957
56957,1089
56957,6016
56957,5618
56957,7438
56957,593
56957,32
56957,48774
56957,4226
56957,1258
56957,924
55701,50
55701,1222
55701,32
55701,1209
55701,593
55701,1732
55701,527
55701,1201
55701,2692
55701,2997
30545,1207
30545,858
30545,590
30545,3147
30545,2762
30545,904
30545,1198
30545,150
30545,1276
30545,1219
11597,2959
11597,318
11597,4973
11597,35836
11597,3897
11597,110
11597,4226
11597,296
11597,527
11597,51662
3990,2858
3990,2959
3990,165
3990,480
3990,1
3990,2470
3990,47
3990,79132
3990,50872
3990,4886
77445,56775
77445,6378
77445,1021
77445,8533
77445,1270
77445,5267
77445,1015
77445,8965
77445,53972
77445,6863
116544,7438
116544,32587
116544,49272
116544,2918
116544,54286
116544,49530
116544,6365
116544,1291
116544,44199
116544,3147
90051,5349
90051,6365
90051,53996
90051,780
90051,5219
90051,6934
90051,1917
90051,4306
90051,8636
90051,8665
96176,1206
96176,858
96176,6711
96176,111
96176,31410
96176,1222
96176,1196
96176,1089
96176,593
96176,6440
109985,58559
109985,50872
109985,4306
109985,69757
109985,7254
109985,48394
109985,56367
109985,5218
109985,66097
109985,551
29870,63131
29870,4226
29870,48516
29870,58998
29870,4878
29870,6377
29870,8874
29870,8917
29870,57669
29870,35836
44368,110
44368,63082
44368,48516
44368,6016
44368,260
44368,778
44368,2028
44368,527
44368,55820
44368,111
73952,1193
73952,4973
73952,357
73952,2762
73952,1258
73952,778
73952,4995
73952,1721
73952,597
73952,475
112203,2321
112203,3793
112203,2797
112203,31878
112203,34
112203,2968
112203,1212
112203,8623
112203,2090
112203,933
28446,47
28446,1240
28446,6333
28446,551
28446,2291
28446,5445
28446,6874
28446,5502
28446,1584
28446,1732
63969,76093
63969,66097
63969,3000
63969,73017
63969,4306
63969,50872
63969,37729
63969,58559
63969,8961
63969,77561
72622,3578
72622,296
72622,593
72622,2028
72622,318
72622,2858
72622,2571
72622,4995
72622,4226
72622,2329
33871,79132
33871,1291
33871,34405
33871,318
33871,6377
33871,44191
33871,91542
33871,3793
33871,91500
33871,66934
132641,2858
132641,2329
132641,7361
132641,1089
132641,7153
132641,48780
132641,68954
132641,50
132641,527
132641,2502
74761,4963
74761,47
74761,4022
74761,1270
74761,5445
74761,3578
74761,593
74761,33794
74761,480
74761,8961
97394,57640
97394,66097
97394,527
97394,33493
97394,59784
97394,72998
97394,63859
97394,6333
97394,318
97394,27611
35774,2028
35774,50
35774,1089
35774,2959
35774,593
35774,58559
35774,48516
35774,589
35774,1221
35774,6874
3284,515
3284,3504
3284,2657
3284,1220
3284,3812
3284,1204
3284,52
3284,6863
3284,1231
3284,1235
114384,69122
114384,2918
114384,364
114384,97304
114384,2042
114384,89864
114384,80693
114384,106782
114384,2804
114384,3360
61978,926
61978,900
61978,1225
61978,1251
61978,1084
61978,2858
61978,345
61978,2731
61978,4467
61978,3671
30313,593
30313,1213
30313,7153
30313,46578
30313,48516
30313,1732
30313,110
30313,2997
30313,48385
30313,1201
102705,50068
102705,34162
102705,27660
102705,31658
102705,48394
102705,33166
102705,8961
102705,77561
102705,53996
102705,91529
124701,904
124701,4226
124701,56782
124701,1248
124701,6874
124701,2571
124701,32587
124701,47
124701,1222
124701,3730
71746,47
71746,4226
71746,2329
71746,99114
71746,4011
71746,70
71746,88129
71746,8950
71746,58559
71746,50
3474,8644
3474,480
3474,2959
3474,33493
3474,5816
3474,1136
3474,356
3474,318
3474,1
3474,32587
105968,48516
105968,2959
105968,260
105968,1198
105968,58559
105968,165
105968,2571
105968,1196
105968,1240
105968,3275
106208,3147
106208,70286
106208,58559
106208,34319
106208,296
106208,64614
106208,858
106208,6365
106208,64716
106208,5903
131140,110
131140,5952
131140,4993
131140,32587
131140,2959
131140,3275
131140,6539
131140,7022
131140,49530
131140,51255
8083,68954
8083,1220
8083,63113
8083,96079
8083,912
8083,56788
8083,1293
8083,457
8083,7073
8083,4857
106687,1527
106687,1265
106687,318
106687,1127
106687,2011
106687,1136
106687,3175
106687,8961
106687,541
106687,2012
102468,2858
102468,296
102468,47
102468,5445
102468,47610
102468,59315
102468,2028
102468,44665
102468,44199
102468,3535
106831,924
106831,648
106831,1580
106831,527
106831,377
106831,780
106831,1258
106831,1208
106831,7361
106831,2916
10974,8464
10974,593
10974,318
10974,296
10974,778
10974,4995
10974,4034
10974,8622
10974,47
10974,1961
70805,32
70805,318
70805,527
70805,2762
70805,2571
70805,7153
70805,4993
70805,7438
70805,4226
70805,59315
93774,3793
93774,364
93774,587
93774,4963
93774,1270
93774,586
93774,318
93774,2011
93774,2012
93774,1097
91780,858
91780,750
91780,2571
91780,2959
91780,32
91780,4226
91780,4878
91780,1252
91780,8949
91780,2712
70889,380
70889,3717
70889,377
70889,1240
70889,1101
70889,95
70889,1608
70889,3039
70889,2763
70889,4344
72685,68954
72685,778
72685,96821
72685,69757
72685,97921
72685,6942
72685,105211
72685,7147
72685,106100
72685,6377
89163,2329
89163,1732
89163,58559
89163,260
89163,441
89163,3052
89163,52281
89163,1136
89163,4011
89163,593
60385,3624
60385,2273
60385,1275
60385,1527
60385,442
60385,3740
60385,1580
60385,3175
60385,368
60385,1197
97297,68157
97297,30707
97297,68954
97297,64614
97297,72998
97297,50872
97297,44191
97297,34072
97297,32587
97297,49530
127451,47
127451,318
127451,1136
127451,2997
127451,48394
127451,8784
127451,364
127451,2329
127451,1682
127451,588
21278,7451
21278,56174
21278,2959
21278,5989
21278,63082
21278,33679
21278,2762
21278,81591
21278,47099
21278,86833
91353,1073
91353,3793
91353,3671
91353,1240
91353,1732
91353,60684
91353,31878
91353,6333
91353,3996
91353,50
21959,1136
21959,5952
21959,4993
21959,79132
21959,1291
21959,318
21959,356
21959,76093
21959,110
21959,858
57372,356
57372,1961
57372,1610
57372,110
57372,2571
57372,1291
57372,2407
57372,1580
57372,2150
57372,2762
125921,4226
125921,1527
125921,318
125921,1682
125921,1222
125921,3471
125921,912
125921,527
125921,60069
125921,6807
82999,8622
82999,33166
82999,30707
82999,7139
82999,8798
82999,30812
82999,7160
82999,6377
82999,6863
82999,5995
102824,260
102824,480
102824,7361
102824,3793
102824,79132
102824,2291
102824,3897
102824,2355
102824,5989
102824,68157
82988,4993
82988,1136
82988,7153
82988,2502
82988,2571
82988,32587
82988,4886
82988,4027
82988,7438
82988,6874
42504,1198
42504,4995
42504,4226
42504,60069
42504,63082
42504,1097
42504,2716
42504,1682
42504,6502
42504,1036
136420,32587
136420,8949
136420,33154
136420,41997
136420,8917
136420,5325
136420,8665
136420,30707
136420,37741
136420,30812
53554,541
53554,1356
53554,1580
53554,924
53554,4886
53554,1372
53554,34405
53554,4306
53554,1214
53554,1240
118054,4886
118054,364
118054,2694
118054,5218
118054,33615
118054,55768
118054,31685
118054,8533
118054,59333
118054,49274
41703,102903
41703,101362
41703,6539
41703,101864
41703,88140
41703,63113
41703,4306
41703,103249
41703,6377
41703,56174
46457,1036
46457,377
46457,3578
46457,733
46457,8870
46457,57368
46457,1127
46457,54259
46457,2762
46457,457
65342,33794
65342,3578
65342,1196
65342,260
65342,50
65342,1704
65342,30749
65342,59315
65342,44191
65342,54259
52598,2959
52598,318
52598,1036
52598,780
52598,858
52598,1214
52598,1527
52598,2628
52598,1
52598,1200
51866,2571
51866,58559
51866,5952
51866,4993
51866,7254
51866,63082
51866,7153
51866,26614
51866,33794
51866,48780
82315,4226
82315,4306
82315,318
82315,2571
82315,2762
82315,2959
82315,527
82315,1136
82315,2028
82315,380
73588,1917
73588,1127
73588,597
73588,1541
73588,5377
73588,6493
73588,150
73588,4246
73588,8641
73588,58047
49927,2692
49927,8368
49927,1206
49927,356
49927,46578
49927,778
49927,902
49927,1230
49927,81591
49927,30793
119756,858
119756,593
119756,2762
119756,7153
119756,260
119756,7361
119756,2329
119756,750
119756,1213
119756,2997
39265,68157
39265,7153
39265,296
39265,58559
39265,2329
39265,91542
39265,59315
39265,480
39265,1
39265,4963
25820,2762
25820,33794
25820,16
25820,733
25820,80463
25820,1240
25820,88744
25820,1954
25820,1196
25820,51662
85549,1206
85549,5952
85549,2858
85549,589
85549,356
85549,293
85549,31878
85549,48774
85549,32
85549,36529
135312,4235
135312,4993
135312,6874
135312,2762
135312,4226
135312,5952
135312,7438
135312,1221
135312,6377
135312,1222
112158,1527
112158,608
112158,431
112158,1339
112158,1370
112158,527
112158,3499
112158,1682
112158,5445
112158,1673
116698,1198
116698,2571
116698,1
116698,356
116698,1246
116698,150
116698,1097
116698,5952
116698,296
116698,1265
110074,2571
110074,48516
110074,4226
110074,59315
110074,32587
110074,296
110074,2502
110074,2329
110074,8665
110074,2542
79168,32587
79168,68954
79168,69122
79168,7361
79168,4306
79168,1270
79168,7143
79168,5445
79168,4878
79168,69481
132101,296
132101,4226
132101,32587
132101,4011
132101,1748
132101,8950
132101,56174
132101,44665
132101,55118
132101,44191
121913,1221
121913,68157
121913,4878
121913,608
121913,1258
121913,356
121913,541
121913,55820
121913,6016
121913,74458
101187,593
101187,1199
101187,3671
101187,1079
101187,2857
101187,3996
101187,2762
101187,1201
101187,1282
101187,2946
50226,1527
50226,70286
50226,68157
50226,47
50226,858
50226,589
50226,527
50226,69122
50226,73017
50226,5989
126467,45722
126467,48780
126467,48516
126467,51662
126467,34072
126467,34162
126467,56367
126467,46976
126467,33166
126467,70286
471,356
471,3147
471,8340
471,2268
471,1097
471,1954
471,1035
471,1234
471,30707
471,6428
75732,4011
75732,59315
75732,48516
75732,5952
75732,48780
75732,2762
75732,64614
75732,8874
75732,51255
75732,1291
69582,2028
69582,3578
69582,2918
69582,589
69582,592
69582,5445
69582,380
69582,1961
69582,3421
69582,2115
14540,593
14540,2762
14540,32
14540,296
14540,4306
14540,49272
14540,8961
14540,356
14540,1721
14540,1617
99536,2329
99536,296
99536,68157
99536,68954
99536,48780
99536,49272
99536,527
99536,59315
99536,1210
99536,2762
81259,81847
81259,8961
81259,38038
81259,50872
81259,45950
81259,8874
81259,56367
81259,37729
81259,97913
81259,108932
104645,293
104645,3160
104645,6870
104645,16
104645,1208
104645,4720
104645,235
104645,1625
104645,5669
104645,6016
20974,68954
20974,64614
20974,356
20974,61323
20974,60069
20974,56367
20974,593
20974,293
20974,109487
20974,2329
2867,2959
2867,2858
2867,3996
2867,3897
2867,4308
2867,2571
2867,4979
2867,4878
2867,8622
2867,8376
83162,4993
83162,2571
83162,4973
83162,4878
83162,7361
83162,46578
83162,48394
83162,527
83162,750
83162,356
75598,2959
75598,2502
75598,5989
75598,8665
75598,3275
75598,2571
75598,35836
75598,6874
75598,4963
75598,4011
119943,3793
119943,2959
119943,2291
119943,7361
119943,8368
119943,1197
119943,2502
119943,1270
119943,296
119943,7438
42960,2324
42960,296
42960,2858
42960,2959
42960,527
42960,858
42960,2997
42960,318
42960,593
42960,1193
12256,480
12256,1210
12256,356
12256,318
12256,1517
12256,2028
12256,150
12256,364
12256,1036
12256,5349
102061,4993
102061,527
102061,47
102061,2858
102061,1208
102061,541
102061,4226
102061,593
102061,4235
102061,48394
16687,70286
16687,48780
16687,68954
16687,52973
16687,78499
16687,72998
16687,48394
16687,58998
16687,46723
16687,60684
52276,4993
52276,1393
52276,5502
52276,2000
52276,1101
52276,2762
52276,356
52276,2355
52276,3897
52276,2797
56733,54648
56733,145
56733,6534
56733,6548
56733,6550
56733,8961
56733,1608
56733,10
56733,2471
56733,2643
75156,2858
75156,593
75156,527
75156,457
75156,2762
75156,3578
75156,1089
75156,1214
75156,6874
75156,8961
735,293
735,44191
735,296
735,7438
735,858
735,1704
735,30707
735,1221
735,48774
735,8873
102981,110
102981,1208
102981,2502
102981,4226
102981,1222
102981,4878
102981,457
102981,3897
102981,2291
102981,1136
81206,3147
81206,593
81206,68157
81206,7361
81206,60069
81206,5989
81206,3578
81206,81845
81206,4963
81206,1203
124257,589
124257,6502
124257,1682
124257,70286
124257,54286
124257,4034
124257,1127
124257,45499
124257,54503
124257,2918
99474,1258
99474,33660
99474,1278
99474,4995
99474,8360
99474,1263
99474,49530
99474,4027
99474,3793
99474,49272
11728,858
11728,912
11728,30749
11728,6787
11728,3507
11728,904
11728,1269
11728,1193
11728,7139
11728,4995
7921,364
7921,2762
7921,1240
7921,4963
7921,2683
7921,6333
7921,1517
7921,2716
7921,318
7921,593
68974,4973
68974,364
68974,3949
68974,1246
68974,8464
68974,35836
68974,7254
68974,1968
68974,6942
68974,7451
27695,5418
27695,33794
27695,8360
27695,8636
27695,7438
27695,26375
27695,4220
27695,8970
27695,8798
27695,8958
112848,5418
112848,2571
112848,8665
112848,5816
112848,6377
112848,5989
112848,2115
112848,1291
112848,480
112848,364
75252,2762
75252,608
75252,32
75252,318
75252,4973
75252,7361
75252,2329
75252,1193
75252,592
75252,2028
72121,4306
72121,356
72121,110
72121,2028
72121,590
72121,3408
72121,1097
72121,377
72121,1393
72121,1580
137060,2571
137060,50
137060,1222
137060,1089
137060,1213
137060,47
137060,6711
137060,2542
137060,4027
137060,4226
101974,6539
101974,49530
101974,5952
101974,7153
101974,4993
101974,2028
101974,59315
101974,527
101974,36529
101974,44665
124550,1089
124550,4963
124550,4226
124550,2571
124550,48516
124550,110
124550,3578
124550,2858
124550,49530
124550,5952
101948,4993
101948,4014
101948,3996
101948,4886
101948,6711
101948,8949
101948,4306
101948,593
101948,318
101948,8360
2933,318
2933,56367
2933,1197
2933,356
2933,6377
2933,4226
2933,58559
2933,2762
2933,4973
2933,2571
22200,6333
22200,3147
22200,59315
22200,1961
22200,1682
22200,2959
22200,920
22200,858
22200,4022
22200,919
71929,750
71929,50
71929,5952
71929,2329
71929,858
71929,296
71929,2028
71929,60069
71929,1221
71929,1193
3572,110
3572,1682
3572,1580
3572,6365
3572,593
3572,6934
3572,36529
3572,1527
3572,44665
3572,293
81342,99114
81342,44191
81342,56367
81342,58559
81342,6874
81342,4011
81342,7438
81342,70286
81342,34405
81342,73017
81579,63082
81579,3578
81579,2762
81579,4963
81579,110
81579,480
81579,54286
81579,1265
81579,1580
81579,648
136714,1953
136714,1252
136714,933
136714,950
136714,3468
136714,3504
136714,1284
136714,7728
136714,1250
136714,1949
117813,356
117813,6377
117813,4995
117813,5989
117813,7153
117813,48780
117813,7143
117813,33794
117813,4226
117813,59315
77367,593
77367,5225
77367,8949
77367,2324
77367,6380
77367,58
77367,8784
77367,33166
77367,1193
77367,3897
40714,47
40714,778
40714,4973
40714,3897
40714,4878
40714,527
40714,3148
40714,1235
40714,48516
40714,1961
111039,1196
111039,480
111039,648
111039,780
111039,2028
111039,150
111039,1527
111039,1240
111039,2762
111039,4993
89112,54503
89112,4878
89112,2858
89112,1285
89112,1258
89112,56757
89112,2572
89112,1206
89112,441
89112,58998
84485,7153
84485,2028
84485,3147
84485,2858
84485,593
84485,2762
84485,5952
84485,858
84485,6
84485,5445
65964,318
65964,5418
65964,32587
65964,4226
65964,1089
65964,2028
65964,5989
65964,1213
65964,593
65964,2329
48016,4979
48016,30810
48016,2291
48016,2395
48016,1206
48016,2997
48016,356
48016,2174
48016,8376
48016,750
135554,4886
135554,47
135554,1704
135554,588
135554,1270
135554,32587
135554,4034
135554,231
135554,2539
135554,1208
24390,1210
24390,6365
24390,4963
24390,480
24390,48516
24390,356
24390,32587
24390,51662
24390,59369
24390,260
92018,1206
92018,1258
92018,58559
92018,593
92018,7361
92018,1193
92018,46578
92018,8641
92018,2918
92018,1732
136734,541
136734,1206
136734,4973
136734,750
136734,1274
136734,1193
136734,260
136734,1196
136734,5618
136734,2291
93571,364
93571,50872
93571,6377
93571,480
93571,4993
93571,7153
93571,588
93571,33794
93571,5952
93571,54272
109620,4886
109620,7099
109620,31658
109620,2571
109620,2324
109620,920
109620,79132
109620,5782
109620,63082
109620,88125
131389,1
131389,5952
131389,1198
131389,4993
131389,47
131389,1291
131389,527
131389,2858
131389,377
131389,1721
50640,7361
50640,2858
50640,1682
50640,4963
50640,2959
50640,4995
50640,8360
50640,2329
50640,318
50640,7147
118038,2571
118038,1222
118038,2959
118038,1196
118038,296
118038,1197
118038,1089
118038,318
118038,7438
118038,1214
7224,4306
7224,1097
7224,1196
7224,4963
7224,2918
7224,1
7224,480
7224,7153
7224,586
7224,5952
61819,1213
61819,1198
61819,2329
61819,58559
61819,2858
61819,2762
61819,1203
61819,608
61819,7153
61819,110
126098,1265
126098,2858
126098,4034
126098,1387
126098,8360
126098,1954
126098,349
126098,6874
126098,4226
126098,3147
26793,44199
26793,70286
26793,3535
26793,57669
26793,63131
26793,56367
26793,46578
26793,69757
26793,55247
26793,69481
81568,5952
81568,46578
81568,1136
81568,66934
81568,1193
81568,1206
81568,44191
81568,1219
81568,56757
81568,2791
126647,79132
126647,2762
126647,593
126647,111
126647,608
126647,1206
126647,110
126647,1089
126647,1221
126647,32
62693,3949
62693,1193
62693,111
62693,589
62693,2174
62693,2997
62693,1213
62693,44555
62693,527
62693,34437
74434,2858
74434,1
74434,4226
74434,8360
74434,318
74434,45928
74434,32
74434,541
74434,1193
74434,1198
35460,68237
35460,1265
35460,81845
35460,2762
35460,32
35460,4993
35460,30749
35460,81591
35460,48738
35460,1245
59851,1580
59851,296
59851,2028
59851,49272
59851,2329
59851,48516
59851,33794
59851,1917
59851,1036
59851,6539
46262,1
46262,7153
46262,7361
46262,4308
46262,56367
46262,531
46262,8970
46262,914
46262,551
46262,4014
2894,33493
2894,2858
2894,260
2894,8368
2894,2028
2894,2617
2894,2115
2894,6934
2894,318
2894,30793
74362,608
74362,736
74362,648
74362,2571
74362,593
74362,1193
74362,500
74362,589
74362,527
74362,912
38763,8961
38763,2571
38763,59784
38763,1210
38763,50872
38763,4993
38763,58559
38763,1722
38763,6539
38763,2947
86875,858
86875,32
86875,356
86875,54001
86875,56174
86875,60069
86875,48774
86875,31410
86875,47
86875,8636
23449,5971
23449,5952
23449,7361
23449,4226
23449,48774
23449,32
23449,541
23449,51255
23449,1291
23449,2762
97106,2762
97106,4306
97106,593
97106,588
97106,2028
97106,293
97106,4878
97106,1036
97106,1097
97106,778
53003,4963
53003,78499
53003,72998
53003,2959
53003,1
53003,4306
53003,3793
53003,527
53003,296
53003,480
37525,110
37525,45722
37525,79132
37525,2571
37525,586
37525,8636
37525,1
37525,318
37525,56174
37525,6365
87105,32
87105,593
87105,4226
87105,2858
87105,6016
87105,2762
87105,527
87105,2028
87105,32587
87105,48516
58515,318
58515,79132
58515,356
58515,68954
58515,2959
58515,4993
58515,296
58515,68157
58515,92535
58515,2858
31408,4995
31408,527
31408,1262
31408,8636
31408,1265
31408,912
31408,4963
31408,5349
31408,1223
31408,3147
113652,7153
113652,356
113652,4973
113652,79702
113652,260
113652,1270
113652,7361
113652,72998
113652,4963
113652,76093
66894,60069
66894,356
66894,260
66894,1
66894,4226
66894,2571
66894,1203
66894,1089
66894,1219
66894,1270
118461,7153
118461,76093
118461,4993
118461,69757
118461,78499
118461,1968
118461,5952
118461,1197
118461,2081
118461,356
124413,72998
124413,101864
124413,318
124413,89492
124413,95875
124413,84374
124413,86332
124413,86548
124413,111759
124413,5418
105693,3481
105693,1617
105693,1274
105693,1396
105693,1732
105693,1127
105693,1249
105693,296
105693,4878
105693,4351
107021,6539
107021,50
107021,1240
107021,589
107021,48780
107021,5349
107021,8665
107021,49530
107021,527
107021,4011
44575,3462
44575,1248
44575,3307
44575,5147
44575,8507
44575,25771
44575,3629
44575,25750
44575,2160
44575,2313
61481,48738
61481,296
61481,2324
61481,2959
61481,64957
61481,858
61481,30749
61481,58559
61481,46723
61481,3578
72389,1210
72389,260
72389,2571
72389,780
72389,1196
72389,589
72389,296
72389,648
72389,329
72389,480
58286,2858
58286,593
58286,36
58286,2020
58286,3499
58286,46578
58286,2804
58286,6870
58286,1213
58286,1225
137347,2762
137347,6539
137347,4886
137347,364
137347,8360
137347,5218
137347,2571
137347,1917
137347,1721
137347,3147
115591,527
115591,2993
115591,2268
115591,2949
115591,150
115591,2028
115591,1304
115591,2728
115591,110
115591,590
137922,858
137922,296
137922,49530
137922,50
137922,4776
137922,4226
137922,3578
137922,55820
137922,110
137922,356
132942,47
132942,79132
132942,48516
132942,7153
132942,99114
132942,1214
132942,541
132942,2329
132942,1203
132942,1201
127540,356
127540,318
127540,2571
127540,60069
127540,66934
127540,1198
127540,48394
127540,107
127540,1148
127540,2959
98115,48516
98115,2078
98115,2959
98115,44665
98115,593
98115,1029
98115,3275
98115,2571
98115,1089
98115,4262
18298,4306
18298,527
18298,260
18298,318
18298,6377
18298,920
18298,914
18298,1207
18298,364
18298,954
92210,356
92210,8961
92210,4886
92210,4306
92210,6539
92210,5952
92210,7153
92210,3114
92210,89745
92210,68954
45353,904
45353,3030
45353,3000
45353,4993
45353,1281
45353,27773
45353,44555
45353,3089
45353,1172
45353,293
118981,2947
118981,1374
118981,33493
118981,2640
118981,919
118981,953
118981,5349
118981,2006
118981,912
118981,260
104155,1704
104155,5995
104155,6016
104155,48516
104155,30707
104155,30749
104155,2571
104155,50
104155,31410
104155,64622
40256,6874
40256,260
40256,1240
40256,33794
40256,6539
40256,32
40256,8949
40256,1193
40256,541
40256,1387
3018,4979
3018,608
3018,6440
3018,3535
3018,111
3018,3481
3018,6502
3018,593
3018,1222
3018,4251
18122,1959
18122,17
18122,7023
18122,150
18122,1784
18122,40629
18122,4995
18122,2607
18122,515
18122,1225
131467,1259
131467,3897
131467,5377
131467,4465
131467,6385
131467,7139
131467,7160
131467,5995
131467,50
131467,4211
115286,1193
115286,1221
115286,3949
115286,318
115286,47
115286,1732
115286,541
115286,527
115286,6711
115286,4011
136502,6539
136502,318
136502,296
136502,1270
136502,4993
136502,1196
136502,33794
136502,1
136502,589
136502,648
113629,750
113629,2918
113629,589
113629,31878
113629,32587
113629,1517
113629,1240
113629,1200
113629,1265
113629,923
135799,1206
135799,3000
135799,318
135799,3996
135799,7438
135799,253
135799,31658
135799,924
135799,2115
135799,4878
27478,2959
27478,296
27478,50
27478,48516
27478,1721
27478,1265
27478,69122
27478,457
27478,46578
27478,380
4175,32
4175,6874
4175,59315
4175,4878
4175,3578
4175,5952
4175,4993
4175,110
4175,44191
4175,2542
124556,73017
124556,79132
124556,68954
124556,58559
124556,6942
124556,6377
124556,4993
124556,7153
124556,5952
124556,356
56257,58559
56257,34405
56257,3265
56257,66934
56257,32587
56257,60684
56257,44191
56257,50
56257,5500
56257,3740
85036,356
85036,58559
85036,2571
85036,50872
85036,293
85036,318
85036,44665
85036,72998
85036,50
85036,48516
124531,3253
124531,1206
124531,1617
124531,3499
124531,7361
124531,553
124531,70
124531,733
124531,4571
124531,2580
13726,1206
13726,2959
13726,46578
13726,562
13726,1449
13726,1285
13726,2692
13726,1732
13726,593
13726,7147
111493,364
111493,58559
111493,2028
111493,8360
111493,318
111493,50872
111493,2329
111493,44195
111493,54272
111493,1196
81334,2762
81334,6377
81334,110
81334,595
81334,1
81334,4310
81334,150
81334,1196
81334,5995
81334,593
89446,457
89446,48516
89446,527
89446,344
89446,3527
89446,1198
89446,3033
89446,1197
89446,1391
89446,4262
83631,480
83631,53125
83631,73017
83631,48394
83631,40815
83631,54503
83631,97938
83631,56367
83631,4226
83631,593
72960,74458
72960,2959
72960,47610
72960,73321
72960,78218
72960,6502
72960,51662
72960,74685
72960,47
72960,68358
119584,47
119584,1210
119584,6377
119584,32
119584,1
119584,51662
119584,72998
119584,1580
119584,8961
119584,7438
69158,858
69158,1213
69158,1222
69158,608
69158,593
69158,111
69158,4226
69158,110
69158,2329
69158,1266
73415,527
73415,296
73415,318
73415,1089
73415,1960
73415,1221
73415,2019
73415,5952
73415,4235
73415,6016
25281,31658
25281,7361
25281,4226
25281,1136
25281,541
25281,3000
25281,58559
25281,778
25281,1175
25281,1732
71406,593
71406,2959
71406,7361
71406,56367
71406,59315
71406,1197
71406,5952
71406,1210
71406,47
71406,457
108164,260
108164,6539
108164,1291
108164,47
108164,593
108164,2571
108164,2716
108164,3578
108164,480
108164,2028
125889,318
125889,5952
125889,296
125889,858
125889,527
125889,1210
125889,2080
125889,1193
125889,3000
125889,1089
58264,8477
58264,1260
58264,69134
58264,111
58264,923
58264,296
58264,32892
58264,6530
58264,1136
58264,1209
56018,1198
56018,1270
56018,8961
56018,2502
56018,2571
56018,4886
56018,260
56018,1196
56018,6539
56018,1265
23272,500
23272,2268
23272,2028
23272,34162
23272,2424
23272,364
23272,5349
23272,648
23272,539
23272,6863
7521,1198
7521,110
7521,296
7521,44199
7521,380
7521,1270
7521,53129
7521,32
7521,5445
7521,58559
4571,81845
4571,69844
4571,60069
4571,72998
4571,78499
4571,87232
4571,77561
4571,6377
4571,356
4571,318
11125,4901
11125,55820
11125,4973
11125,1732
11125,49530
11125,2194
11125,3006
11125,57669
11125,356
11125,79132
38717,7323
38717,6016
38717,2997
38717,3000
38717,1089
38717,1208
38717,7361
38717,6807
38717,527
38717,4226
22372,1219
22372,750
22372,2858
22372,912
22372,1206
22372,1225
22372,3504
22372,1103
22372,1136
22372,1247
33181,6539
33181,8961
33181,2028
33181,4995
33181,318
33181,1136
33181,8665
33181,733
33181,597
33181,1961
27215,110
27215,33162
27215,318
27215,8665
27215,59315
27215,5418
27215,7143
27215,6934
27215,41569
27215,54286
106106,1748
106106,5410
106106,3503
106106,3671
106106,610
106106,1272
106106,4993
106106,608
106106,1291
106106,968
35716,1193
35716,7361
35716,50
35716,1183
35716,4144
35716,8949
35716,5339
35716,1617
35716,1354
35716,25
15497,1260
15497,2488
15497,4848
15497,4235
15497,1340
15497,8656
15497,1673
15497,2010
15497,296
15497,8738
32888,72998
32888,4963
32888,79132
32888,4018
32888,110
32888,7293
32888,59315
32888,1
32888,5445
32888,4995
46916,356
46916,1
46916,1265
46916,1097
46916,8665
46916,56367
46916,608
46916,994
46916,4993
46916,1302
63215,1270
63215,2571
63215,8360
63215,595
63215,4246
63215,4993
63215,539
63215,1580
63215,6863
63215,551
58226,8874
58226,1884
58226,70
58226,1215
58226,4011
58226,2542
58226,522
58226,1378
58226,4251
58226,51662
57426,59315
57426,1198
57426,589
57426,1291
57426,110
57426,53972
57426,8665
57426,1240
57426,33794
57426,318
76684,47
76684,1258
76684,4886
76684,8360
76684,2762
76684,593
76684,48385
76684,1206
76684,2700
76684,7153
51825,4973
51825,318
51825,106782
51825,1230
51825,908
51825,1193
51825,58559
51825,5995
51825,48780
51825,1089
8201,1214
8201,2762
8201,356
8201,4973
8201,2959
8201,6016
8201,1704
8201,3949
8201,54286
8201,5445
51843,1036
51843,589
51843,1265
51843,750
51843,3114
51843,858
51843,5618
51843,1291
51843,3996
51843,2019
99722,778
99722,4306
99722,593
99722,1206
99722,2396
99722,1270
99722,2700
99722,1721
99722,32587
99722,1
62662,5952
62662,6377
62662,2125
62662,2291
62662,56152
62662,3793
62662,356
62662,33794
62662,915
62662,55267
72229,4226
72229,3052
72229,2959
72229,32
72229,4878
72229,8874
72229,223
72229,58559
72229,33794
72229,5952
49267,47
49267,593
49267,44191
49267,2762
49267,1198
49267,4306
49267,5418
49267,48516
49267,1089
49267,4226
21737,5618
21737,2762
21737,41566
21737,4886
21737,8961
21737,110
21737,31658
21737,1210
21737,49272
21737,33794
894,58559
894,7361
894,1206
894,60950
894,6016
894,32587
894,318
894,2329
894,6711
894,111
76281,1291
76281,1225
76281,2300
76281,1961
76281,1219
76281,150
76281,1284
76281,1942
76281,905
76281,1235
136949,47
136949,7147
136949,356
136949,6942
136949,4306
136949,6377
136949,56367
136949,4720
136949,39183
136949,32587
16423,593
16423,5952
16423,79132
16423,4993
16423,1193
16423,58559
16423,260
16423,4226
16423,110
16423,608
67655,1089
67655,109374
67655,2395
67655,5902
67655,109848
67655,2997
67655,1258
67655,106920
67655,608
67655,74754
125536,6874
125536,6377
125536,2959
125536,3147
125536,367
125536,597
125536,1682
125536,5218
125536,1721
125536,63082
23379,8154
23379,26150
23379,260
23379,6981
23379,26350
23379,7070
23379,3415
23379,8042
23379,8477
23379,16
57665,4973
57665,69757
57665,68954
57665,81845
57665,86882
57665,79132
57665,72011
57665,908
57665,2858
57665,750
39455,4878
39455,2858
39455,48394
39455,7361
39455,2076
39455,750
39455,1237
39455,551
39455,79132
39455,7939
31333,296
31333,527
31333,2858
31333,318
31333,594
31333,2324
31333,1
31333,356
31333,7361
31333,8970
89317,903
89317,16
89317,923
89317,1673
89317,4226
89317,50
89317,318
89317,3504
89317,1617
89317,1252
40035,6539
40035,5952
40035,4306
40035,4995
40035,2858
40035,4886
40035,5669
40035,4963
40035,1704
40035,1961
62623,4571
62623,4027
62623,1197
62623,3081
62623,1278
62623,1220
62623,1347
62623,4011
62623,3897
62623,1732
54221,1244
54221,4878
54221,2959
54221,608
54221,4027
54221,1199
54221,1077
54221,46578
54221,1089
54221,50
109876,1682
109876,4973
109876,3578
109876,509
109876,3100
109876,1097
109876,2144
109876,2797
109876,3147
109876,357
41780,593
41780,47
41780,356
41780,296
41780,4011
41780,2502
41780,46578
41780,3578
41780,60069
41780,1089
17630,1961
17630,1291
17630,6539
17630,2502
17630,8784
17630,3948
17630,1784
17630,1302
17630,33493
17630,780
100595,1270
100595,2959
100595,8961
100595,1073
100595,318
100595,2174
100595,31658
100595,1196
100595,53953
100595,260
125456,4011
125456,34405
125456,4848
125456,235
125456,2232
125456,5952
125456,33794
125456,50
125456,2916
125456,1208
100220,4235
100220,2329
100220,318
100220,500
100220,1641
100220,36
100220,858
100220,50
100220,2706
100220,608
105455,1036
105455,541
105455,6001
105455,1198
105455,1276
105455,3006
105455,8641
105455,3735
105455,1466
105455,1884
95068,750
95068,2571
95068,1193
95068,6016
95068,111
95068,527
95068,924
95068,2692
95068,1172
95068,4993
35727,2959
35727,541
35727,750
35727,1732
35727,4226
35727,1288
35727,589
35727,1240
35727,6711
35727,4993
19921,68954
19921,2858
19921,58559
19921,1527
19921,3578
19921,4973
19921,1682
19921,6539
19921,31658
19921,3114
102965,5444
102965,4308
102965,2640
102965,2746
102965,1097
102965,539
102965,551
102965,5445
102965,1282
102965,2012
23039,2687
23039,3114
23039,48774
23039,48516
23039,2003
23039,4226
23039,968
23039,2355
23039,1073
23039,4016
82607,7438
82607,50
82607,2762
82607,2000
82607,1784
82607,1961
82607,648
82607,1527
82607,1200
82607,3897
115569,913
115569,1252
115569,6786
115569,1225
115569,1304
115569,8207
115569,3507
115569,37741
115569,527
115569,1267
41804,593
41804,2396
41804,8360
41804,4306
41804,3578
41804,1073
41804,527
41804,4973
41804,4963
41804,2959
115721,8961
115721,33794
115721,1610
115721,10
115721,3916
115721,3552
115721,457
115721,110
115721,553
115721,2502
85336,6539
85336,595
85336,2858
85336,594
85336,3147
85336,7153
85336,2918
85336,1196
85336,260
85336,1210
39017,1221
39017,1234
39017,55820
39017,1208
39017,908
39017,1247
39017,1387
39017,904
39017,1610
39017,4327
17748,316
17748,480
17748,2502
17748,1089
17748,111
17748,48774
17748,1584
17748,3175
17748,293
17748,6874
11680,91529
11680,3578
11680,78499
11680,76251
11680,88744
11680,84152
11680,2571
11680,81564
11680,111759
11680,95858
126279,4896
126279,4886
126279,4306
126279,480
126279,1080
126279,296
126279,2959
126279,318
126279,1732
126279,595
56097,2959
56097,7361
56097,2329
56097,69757
56097,318
56097,56367
56097,72998
56097,7153
56097,60950
56097,30707
97054,46578
97054,53322
97054,52975
97054,48516
97054,54997
97054,40815
97054,3072
97054,54286
97054,2779
97054,45720
9660,480
9660,2858
9660,44191
9660,3578
9660,71535
9660,50
9660,5445
9660,79132
9660,51662
9660,72011
55737,4306
55737,46976
55737,1197
55737,4896
55737,5989
55737,40819
55737,4963
55737,4995
55737,2395
55737,3967
492,260
492,356
492,2291
492,6711
492,4370
492,2712
492,1676
492,110
492,4011
492,1089
19101,4993
19101,2571
19101,6874
19101,31878
19101,5952
19101,7153
19101,1580
19101,4963
19101,7022
19101,8360
116078,500
116078,4886
116078,2683
116078,2858
116078,3147
116078,5299
116078,5989
116078,35836
116078,1961
116078,4022
76842,2692
76842,2987
76842,500
76842,2997
76842,2115
76842,4720
76842,30707
76842,8961
76842,4848
76842,733
36645,745
36645,76093
36645,480
36645,33794
36645,318
36645,750
36645,1214
36645,1201
36645,4306
36645,79132
58909,1704
58909,6874
58909,318
58909,33166
58909,48394
58909,44195
58909,47
58909,7438
58909,2762
58909,4963
93177,541
93177,527
93177,47
93177,2571
93177,2997
93177,1197
93177,3996
93177,8949
93177,4878
93177,1060
113668,30810
113668,36537
113668,32587
113668,38038
113668,37729
113668,7460
113668,3087
113668,6977
113668,33834
113668,7046
83936,7361
83936,3362
83936,608
83936,1952
83936,2019
83936,5291
83936,750
83936,4226
83936,1248
83936,3504
6585,593
6585,1089
6585,2997
6585,293
6585,7438
6585,1527
6585,1270
6585,1265
6585,2174
6585,589
56380,4993
56380,1220
56380,1089
56380,8874
56380,1610
56380,1198
56380,2692
56380,858
56380,46578
56380,31878
126918,1198
126918,2959
126918,56367
126918,68358
126918,1210
126918,99114
126918,104841
126918,78499
126918,48516
126918,480
10353,1
10353,1198
10353,5952
10353,4993
10353,919
10353,1270
10353,590
10353,1580
10353,597
10353,150
5221,858
5221,2571
5221,5952
5221,4226
5221,2959
5221,50
5221,2762
5221,1296
5221,47629
5221,44555
64108,3793
64108,318
64108,6377
64108,916
64108,54286
64108,2396
64108,1291
64108,1270
64108,150
64108,17
77657,1210
77657,1196
77657,260
77657,32587
77657,2467
77657,2600
77657,1625
77657,48774
77657,1089
77657,3994
96244,8917
96244,8874
96244,4128
96244,6807
96244,2140
96244,1641
96244,3175
96244,2788
96244,1029
96244,4499
11944,5218
11944,5349
11944,8360
11944,6377
11944,40815
11944,2081
11944,8961
11944,4995
11944,48
11944,5989
110931,1197
110931,6539
110931,356
110931,593
110931,2762
110931,1270
110931,2571
110931,253
110931,296
110931,1580
84270,1196
84270,47
84270,318
84270,589
84270,4027
84270,750
84270,33794
84270,7361
84270,4963
84270,3578
19912,480
19912,2571
19912,589
19912,588
19912,5872
19912,3638
19912,500
19912,6377
19912,527
19912,3639
62655,2571
62655,68157
62655,1258
62655,1206
62655,1961
62655,1617
62655,1213
62655,5225
62655,1208
62655,1682
95397,3275
95397,5110
95397,42725
95397,35836
95397,8641
95397,36708
95397,3301
95397,8528
95397,216
95397,2423
83888,2918
83888,6539
83888,6942
83888,1197
83888,2571
83888,8636
83888,45722
83888,4246
83888,4995
83888,500
80769,2959
80769,318
80769,4226
80769,5418
80769,2028
80769,44195
80769,58559
80769,4963
80769,2571
80769,527
112869,72998
112869,81847
112869,58559
112869,79132
112869,77561
112869,68954
112869,47610
112869,2571
112869,4963
112869,91542
113540,2028
113540,367
113540,3147
113540,27773
113540,5952
113540,597
113540,2541
113540,72998
113540,6377
113540,1101
130091,474
130091,5152
130091,553
130091,47
130091,5049
130091,2871
130091,4958
130091,2476
130091,608
130091,2194
54781,54503
54781,68954
54781,260
54781,2959
54781,4306
54781,1682
54781,1270
54781,216
54781,480
54781,8961
115153,68358
115153,91529
115153,260
115153,71535
115153,58559
115153,68157
115153,1196
115153,74458
115153,87232
115153,76093
3580,1036
3580,1923
3580,1961
3580,4085
3580,480
3580,1291
3580,457
3580,1090
3580,50
3580,1968
91228,4370
91228,2329
91228,3363
91228,1208
91228,53000
91228,150
91228,54190
91228,54997
91228,3535
91228,43936
114692,1206
114692,1884
114692,296
114692,4011
114692,1921
114692,778
114692,7022
114692,7361
114692,6502
114692,48394
47044,48516
47044,48394
47044,1210
47044,356
47044,36529
47044,2028
47044,69481
47044,32
47044,74458
47044,4011
109699,3081
109699,6539
109699,1
109699,551
109699,4306
109699,6377
109699,4896
109699,8368
109699,1907
109699,2959
27075,4878
27075,2572
27075,2858
27075,40826
27075,47518
27075,37382
27075,4239
27075,3949
27075,441
27075,33794
60135,51540
60135,61240
60135,1200
60135,55118
60135,38061
60135,1673
60135,37733
60135,33794
60135,589
60135,1266
105192,47
105192,69757
105192,6711
105192,72011
105192,55269
105192,1222
105192,1704
105192,318
105192,7361
105192,63082
93527,79091
93527,91500
93527,5971
93527,76251
93527,8368
93527,77561
93527,5418
93527,3793
93527,86332
93527,40815
79703,35836
79703,8961
79703,7438
79703,45499
79703,6874
79703,34405
79703,42738
79703,33004
79703,8636
79703,8972
51010,1
51010,2797
51010,6539
51010,8360
51010,5349
51010,4886
51010,586
51010,500
51010,1073
51010,318
63467,1
63467,50872
63467,8808
63467,6218
63467,7380
63467,8643
63467,41566
63467,2572
63467,40629
63467,7293
43163,3365
43163,858
43163,3435
43163,1252
43163,1193
43163,910
43163,1221
43163,4327
43163,1617
43163,1234
24496,46578
24496,39183
24496,7147
24496,4226
24496,3967
24496,1527
24496,5445
24496,46976
24496,5418
24496,42004
110004,8644
110004,6754
110004,53125
110004,102125
110004,60074
110004,55995
110004,91542
110004,106002
110004,7649
110004,6365
73883,593
73883,5378
73883,2716
73883,780
73883,4306
73883,1200
73883,1222
73883,47
73883,2028
73883,110
99781,51662
99781,48780
99781,48516
99781,55820
99781,49530
99781,44195
99781,48738
99781,41566
99781,33679
99781,45447
111070,1213
111070,1214
111070,4878
111070,32587
111070,2028
111070,1221
111070,457
111070,40819
111070,527
111070,2329
131497,6539
131497,5989
131497,3916
131497,1198
131497,2571
131497,8961
131497,8970
131497,6378
131497,27808
131497,1704
52406,1291
52406,3578
52406,1036
52406,110
52406,2329
52406,592
52406,3996
52406,8961
52406,1136
52406,1625
113032,589
113032,296
113032,1580
113032,5952
113032,648
113032,4993
113032,344
113032,4306
113032,1
113032,592
111924,47
111924,2858
111924,1961
111924,593
111924,527
111924,3448
111924,50
111924,3252
111924,2959
111924,597
17278,2571
17278,4226
17278,296
17278,457
17278,3578
17278,377
17278,1193
17278,110
17278,1
17278,2959
85931,3996
85931,6377
85931,2571
85931,4720
85931,8961
85931,5218
85931,4014
85931,364
85931,296
85931,37729
94092,96821
94092,110
94092,31658
94092,72998
94092,48394
94092,68358
94092,3996
94092,858
94092,1240
94092,31878
69589,33166
69589,79132
69589,54286
69589,589
69589,904
69589,3147
69589,2502
69589,1095
69589,91658
69589,49272
119203,527
119203,32
119203,6377
119203,364
119203,2918
119203,1282
119203,8784
119203,111
119203,3114
119203,4022
20436,1682
20436,4226
20436,2858
20436,2028
20436,6365
20436,4383
20436,5072
20436,2324
20436,1222
20436,6934
11276,2858
11276,2028
11276,48516
11276,2329
11276,110
11276,296
11276,6016
11276,47
11276,64614
11276,7502
96333,3793
96333,296
96333,4306
96333,2716
96333,356
96333,318
96333,4886
96333,1527
96333,6333
96333,2028
117684,480
117684,593
117684,4993
117684,318
117684,50
117684,260
117684,1196
117684,6539
117684,150
117684,527
96086,32
96086,2959
96086,1196
96086,1136
96086,750
96086,6016
96086,55820
96086,1212
96086,6440
96086,1230
35415,903
35415,912
35415,4963
35415,1663
35415,2795
35415,5644
35415,3984
35415,2011
35415,4406
35415,1212
42626,7361
42626,593
42626,5989
42626,1193
42626,63082
42626,4226
42626,8961
42626,2762
42626,5418
42626,527
73200,48394
73200,4848
73200,2997
73200,55269
73200,318
73200,7147
73200,1193
73200,6874
73200,1089
73200,4873
82258,1036
82258,47
82258,2571
82258,50
82258,296
82258,589
82258,1
82258,858
82258,3578
82258,2028
100277,1291
100277,541
100277,1374
100277,54286
100277,5418
100277,1136
100277,1610
100277,1213
100277,293
100277,527
48382,5418
48382,8665
48382,31685
48382,2671
48382,3977
48382,6503
48382,7293
48382,3717
48382,39
48382,4018
52595,47610
52595,40819
52595,8784
52595,56367
52595,30749
52595,8798
52595,55820
52595,46976
52595,54997
52595,7445
97957,16
97957,1213
97957,2028
97957,858
97957,33166
97957,318
97957,8798
97957,48385
97957,49272
97957,3578
84274,2206
84274,930
84274,3334
84274,913
84274,7013
84274,950
84274,908
84274,922
84274,4426
84274,6273
126649,318
126649,4896
126649,2762
126649,4886
126649,364
126649,33166
126649,3408
126649,2571
126649,3578
126649,3114
79953,51662
79953,589
79953,58559
79953,2002
79953,2571
79953,1918
79953,3578
79953,33794
79953,2617
79953,6537
68710,588
68710,3948
68710,364
68710,6377
68710,1059
68710,6218
68710,1552
68710,2916
68710,4014
68710,293
8091,4878
8091,50
8091,2571
8091,778
8091,1206
8091,79132
8091,1682
8091,94959
8091,5878
8091,55820
23966,78499
23966,69757
23966,88163
23966,64614
23966,74458
23966,63082
23966,1022
23966,76093
23966,88125
23966,81591
52831,7147
52831,1206
52831,296
52831,48385
52831,6373
52831,47997
52831,784
52831,57368
52831,1405
52831,48394
109385,2571
109385,2959
109385,68954
109385,49530
109385,318
109385,4226
109385,72998
109385,7361
109385,2329
109385,71535
25323,49272
25323,2571
25323,5349
25323,7361
25323,6023
25323,6874
25323,44191
25323,7153
25323,8738
25323,7748
136070,5418
136070,81834
136070,81932
136070,64614
136070,71535
136070,96079
136070,77561
136070,73321
136070,97752
136070,81788
8432,1214
8432,47
8432,4993
8432,3527
8432,592
8432,1291
8432,1200
8432,5349
8432,2115
8432,4306
84925,1
84925,1036
84925,527
84925,593
84925,2028
84925,2762
84925,2329
84925,4878
84925,1089
84925,1240
54975,2716
54975,34405
54975,541
54975,377
54975,480
54975,3793
54975,318
54975,296
54975,8644
54975,8665
26640,50872
26640,33004
26640,68237
26640,8874
26640,30810
26640,8464
26640,48043
26640,48385
26640,34405
26640,96610
124014,1206
124014,2858
124014,2959
124014,356
124014,8368
124014,111
124014,912
124014,527
124014,1580
124014,1193
23246,4226
23246,6016
23246,2959
23246,48516
23246,2329
23246,58559
23246,1222
23246,41997
23246,1193
23246,55276
46560,2959
46560,1196
46560,1198
46560,2571
46560,1270
46560,2858
46560,79132
46560,58559
46560,2028
46560,1240
19685,3793
19685,6539
19685,1036
19685,1370
19685,589
19685,110
19685,3578
19685,34162
19685,1196
19685,5418
126997,318
126997,5445
126997,1961
126997,6378
126997,3408
126997,1246
126997,2006
126997,6377
126997,1136
126997,3996
112220,32
112220,1198
112220,2762
112220,6874
112220,1291
112220,296
112220,3114
112220,2115
112220,7438
112220,780
17207,750
17207,48394
17207,4878
17207,1921
17207,3949
17207,1258
17207,44191
17207,593
17207,2291
17207,55269
71192,110
71192,150
71192,1580
71192,4306
71192,1036
71192,3578
71192,527
71192,380
71192,356
71192,593
26084,2329
26084,50
26084,4226
26084,318
26084,6016
26084,44195
26084,356
26084,2959
26084,4963
26084,46578
83595,260
83595,1196
83595,741
83595,33794
83595,6283
83595,32
83595,27660
83595,2959
83595,1527
83595,27611
58040,1721
58040,1270
58040,1197
58040,2087
58040,6539
58040,80549
58040,1380
58040,58559
58040,8533
58040,2080
32056,1732
32056,6711
32056,1704
32056,54286
32056,1968
32056,150
32056,1136
32056,2997
32056,4022
32056,4011
16811,593
16811,1704
16811,2762
16811,356
16811,1197
16811,364
16811,8961
16811,6539
16811,2959
16811,1246
15166,4878
15166,319
15166,1080
15166,2572
15166,1126
15166,356
15166,79132
15166,77800
15166,7361
15166,2174
96180,39183
96180,37741
96180,40629
96180,89904
96180,6777
96180,55052
96180,36517
96180,46976
96180,8459
96180,64957
66228,79132
66228,86882
66228,4914
66228,96821
66228,55820
66228,78039
66228,4973
66228,55814
66228,68157
66228,99114
2349,480
2349,1291
2349,141
2349,1035
2349,1265
2349,4857
2349,539
2349,2321
2349,33794
2349,2791
85116,58559
85116,1196
85116,296
85116,593
85116,1266
85116,4855
85116,2716
85116,1213
85116,589
85116,1240
111178,1307
111178,1291
111178,587
111178,1580
111178,356
111178,2762
111178,480
111178,780
111178,648
111178,589
73549,903
73549,608
73549,50
73549,1213
73549,750
73549,1193
73549,923
73549,457
73549,1276
73549,2028
96306,110
96306,593
96306,5952
96306,296
96306,2762
96306,47
96306,3578
96306,6377
96306,50
96306,293
74297,2959
74297,1259
74297,47
74297,1968
74297,2571
74297,4226
74297,608
74297,1213
74297,527
74297,7438
10080,2858
10080,2571
10080,318
10080,49286
10080,4973
10080,4226
10080,527
10080,858
10080,58559
10080,2762
75430,54001
75430,40815
75430,8368
75430,49272
75430,47610
75430,5952
75430,79132
75430,7669
75430,915
75430,40629
89729,44191
89729,72998
89729,4993
89729,2571
89729,5952
89729,7153
89729,81834
89729,88125
89729,73017
89729,4886
19937,1235
19937,37741
19937,5377
19937,8970
19937,7023
19937,1036
19937,40819
19937,3052
19937,2291
19937,6863
134952,50
134952,1889
134952,2912
134952,4848
134952,3783
134952,32
134952,1719
134952,41285
134952,659
134952,27410
83692,1197
83692,588
83692,50872
83692,48394
83692,7361
83692,79132
83692,1210
83692,356
83692,3114
83692,1223
89153,1
89153,72998
89153,86332
89153,68358
89153,77561
89153,8368
89153,45499
89153,8644
89153,88744
89153,73017
115084,1676
115084,4226
115084,5418
115084,180
115084,608
115084,2916
115084,2021
115084,3275
115084,7090
115084,198
134101,79132
134101,4973
134101,58559
134101,1252
134101,56782
134101,60069
134101,7153
134101,5952
134101,4993
134101,1732
35931,4995
35931,1704
35931,3147
35931,40819
35931,72641
35931,46578
35931,4226
35931,8533
35931,2028
35931,2908
113934,1208
113934,4973
113934,4878
113934,1206
113934,2762
113934,1732
113934,2916
113934,858
113934,5669
113934,5902
35305,3578
35305,1200
35305,5418
35305,2571
35305,541
35305,260
35305,1196
35305,1291
35305,1198
35305,1214
128305,4878
128305,63082
128305,8784
128305,7361
128305,3949
128305,6957
128305,1405
128305,1884
128305,1258
128305,3535
50777,1210
50777,2288
50777,260
50777,1196
50777,7153
50777,34405
50777,1240
50777,1270
50777,5971
50777,44191
1166,5349
1166,56367
1166,780
1166,1097
1166,1527
1166,1584
1166,3996
1166,1393
1166,1682
1166,1721
131050,79132
131050,4306
131050,4995
131050,4993
131050,4896
131050,1198
131050,58559
131050,4973
131050,5989
131050,1203
81271,4896
81271,5952
81271,7153
81271,58559
81271,60069
81271,1136
81271,50872
81271,4993
81271,4963
81271,40815
28892,4085
28892,648
28892,8961
28892,6807
28892,318
28892,2628
28892,1682
28892,380
28892,367
28892,592
124979,54286
124979,91529
124979,58559
124979,87232
124979,6539
124979,48780
124979,1584
124979,1240
124979,1265
124979,78499
13509,296
13509,2571
13509,55820
13509,70286
13509,150
13509,2028
13509,4011
13509,4995
13509,8665
13509,2762
79465,593
79465,3210
79465,1258
79465,1307
79465,1089
79465,1961
79465,3552
79465,52973
79465,1270
79465,1704
54599,55820
54599,1206
54599,56782
54599,109374
54599,50
54599,89759
54599,46578
54599,79132
54599,105355
54599,5878
6232,318
6232,8961
6232,1357
6232,4886
6232,1584
6232,1307
6232,2692
6232,2161
6232,1580
6232,1962
79065,89864
79065,88125
79065,99114
79065,81845
79065,96610
79065,91077
79065,86332
79065,92259
79065,90866
79065,88810
67923,780
67923,457
67923,58559
67923,377
67923,590
67923,1265
67923,4973
67923,2329
67923,253
67923,1580
93915,30749
93915,39183
93915,8645
93915,36517
93915,40819
93915,8228
93915,6385
93915,33166
93915,6867
93915,527
131204,59315
131204,44191
131204,2329
131204,50
131204,56174
131204,316
131204,53972
131204,541
131204,1089
131204,6537
59294,32587
59294,1270
59294,7153
59294,80463
59294,2028
59294,1036
59294,47
59294,1089
59294,2329
59294,71535
100848,8784
100848,2329
100848,337
100848,2144
100848,356
100848,3186
100848,4262
100848,2804
100848,3147
100848,6796
112019,4226
112019,296
112019,318
112019,3275
112019,4011
112019,1089
112019,47
112019,8784
112019,46976
112019,2571
89263,296
89263,4226
89263,8874
89263,2716
89263,2918
89263,2571
89263,2762
89263,1967
89263,7438
89263,260
29894,47
29894,8961
29894,46578
29894,4226
29894,7153
29894,2571
29894,2762
29894,50
29894,6874
29894,54286
135569,5418
135569,4878
135569,6539
135569,47
135569,2329
135569,1198
135569,60069
135569,4995
135569,1961
135569,6874
56218,44191
56218,41566
56218,7570
56218,49530
56218,47629
56218,69844
56218,48774
56218,68954
56218,55247
56218,68358
82694,7153
82694,5816
82694,6539
82694,915
82694,8636
82694,7444
82694,1197
82694,31685
82694,51662
82694,1196
75062,5620
75062,7444
75062,41566
75062,40629
75062,54259
75062,59315
75062,33669
75062,8972
75062,58347
75062,1197
72194,2959
72194,318
72194,47
72194,2571
72194,32
72194,593
72194,1193
72194,50
72194,1291
72194,1387
100113,68954
100113,91500
100113,58559
100113,6874
100113,8368
100113,2571
100113,59315
100113,69844
100113,8361
100113,44974
121055,78574
121055,48774
121055,106100
121055,30749
121055,91077
121055,44191
121055,63808
121055,48696
121055,80969
121055,48780
78935,5445
78935,1197
78935,4896
78935,6333
78935,1136
78935,1240
78935,364
78935,2683
78935,50
78935,1517
110838,1270
110838,4878
110838,8961
110838,68157
110838,1387
110838,2858
110838,7361
110838,44191
110838,1278
110838,2329
26973,50
26973,1193
26973,58559
26973,1206
26973,593
26973,2571
26973,1136
26973,541
26973,99114
26973,55820
86068,520
86068,8972
86068,59315
86068,4270
86068,2701
86068,68358
86068,2617
86068,58559
86068,2420
86068,1580
34159,47
34159,2918
34159,733
34159,3408
34159,3147
34159,2329
34159,296
34159,1917
34159,7445
34159,31685
51902,589
51902,480
51902,1136
51902,2571
51902,3147
51902,8644
51902,2115
51902,2762
51902,5010
51902,8636
100637,1136
100637,6502
100637,4993
100637,4480
100637,33834
100637,6731
100637,589
100637,1198
100637,541
100637,56801
130522,5816
130522,2396
130522,40629
130522,912
130522,2020
130522,1193
130522,110
130522,356
130522,1225
130522,902
87867,79132
87867,60069
87867,1580
87867,2115
87867,33794
87867,88125
87867,73017
87867,2959
87867,1080
87867,69844
92885,2959
92885,551
92885,7153
92885,5952
92885,2291
92885,48394
92885,7361
92885,5690
92885,79132
92885,2144
34431,50
34431,1214
34431,7361
34431,2019
34431,1196
34431,541
34431,260
34431,8961
34431,1208
34431,750
2560,318
2560,8665
2560,49272
2560,2762
2560,2959
2560,79132
2560,69844
2560,48780
2560,73017
2560,356
118006,593
118006,79132
118006,1197
118006,2858
118006,2291
118006,68157
118006,48394
118006,46578
118006,4878
118006,562
95879,58559
95879,2193
95879,81834
95879,45722
95879,1270
95879,6333
95879,1291
95879,1527
95879,3793
95879,2717
76435,2232
76435,1206
76435,3147
76435,2858
76435,1625
76435,1201
76435,924
76435,2997
76435,37729
76435,47610
75654,4306
75654,1196
75654,73017
75654,588
75654,3114
75654,318
75654,51255
75654,87232
75654,63113
75654,54503
107257,50872
107257,5349
107257,33794
107257,56367
107257,54503
107257,49272
107257,7444
107257,56152
107257,4886
107257,45722
137643,2571
137643,5418
137643,2167
137643,53996
137643,56174
137643,1717
137643,6383
137643,54286
137643,69526
137643,2840
63625,2858
63625,318
63625,110
63625,150
63625,4995
63625,3578
63625,68157
63625,7502
63625,4226
63625,64614
36684,1198
36684,2762
36684,4306
36684,4886
36684,318
36684,3578
36684,1073
36684,1291
36684,2918
36684,50
12977,6016
12977,70286
12977,59315
12977,68358
12977,68237
12977,27904
12977,46723
12977,1682
12977,39292
12977,46976
72276,1262
72276,1527
72276,54881
72276,89864
72276,2700
72276,5418
72276,110
72276,2232
72276,77455
72276,85774
53504,1580
53504,2858
53504,4306
53504,35836
53504,79132
53504,69122
53504,1517
53504,364
53504,593
53504,231
52698,78499
52698,60069
52698,44191
52698,41566
52698,52435
52698,48394
52698,63082
52698,106696
52698,39292
52698,47610
32088,733
32088,1206
32088,7153
32088,6502
32088,44191
32088,4878
32088,2947
32088,47
32088,648
32088,6539
107174,356
107174,7361
107174,318
107174,1210
107174,6934
107174,4878
107174,6539
107174,32587
107174,56174
107174,2329
84420,4226
84420,593
84420,480
84420,318
84420,44195
84420,39
84420,8636
84420,356
84420,1270
84420,45210
122363,2580
122363,4223
122363,2231
122363,4848
122363,56367
122363,5319
122363,44555
122363,3020
122363,2278
122363,1923
2261,46578
2261,47629
2261,30749
2261,40819
2261,8961
2261,56367
2261,38038
2261,39183
2261,40815
2261,52604
109134,47
109134,1198
109134,2762
109134,50
109134,1270
109134,589
109134,2858
109134,480
109134,1214
109134,1196
116125,1213
116125,527
116125,318
116125,81845
116125,2028
116125,69481
116125,64614
116125,1961
116125,457
116125,1610
20373,79132
20373,1213
20373,2571
20373,4226
20373,1221
20373,904
20373,1203
20373,912
20373,306
20373,1186
109920,2858
109920,923
109920,1198
109920,1682
109920,1199
109920,2455
109920,745
109920,293
109920,2692
109920,356
51905,4896
51905,6377
51905,2918
51905,3081
51905,4016
51905,919
51905,8961
51905,4886
51905,41566
51905,2114
98528,46976
98528,8917
98528,69122
98528,51255
98528,3000
98528,27660
98528,8641
98528,8644
98528,6936
98528,8528
33492,1198
33492,8961
33492,260
33492,733
33492,33794
33492,1682
33492,2028
33492,44191
33492,527
33492,1704
81636,7361
81636,1265
81636,5177
81636,593
81636,1214
81636,1208
81636,930
81636,6643
81636,3030
81636,1196
103642,1
103642,2502
103642,4963
103642,33794
103642,47
103642,1213
103642,54503
103642,1270
103642,1196
103642,7143
115615,2858
115615,5952
115615,356
115615,4246
115615,1704
115615,6942
115615,5377
115615,4886
115615,5299
115615,4308
130322,4993
130322,296
130322,7147
130322,1089
130322,2291
130322,4011
130322,3897
130322,253
130322,551
130322,1704
68164,6539
68164,356
68164,588
68164,3793
68164,595
68164,527
68164,3114
68164,8360
68164,1089
68164,26776
101945,2959
101945,6350
101945,4306
101945,527
101945,4993
101945,364
101945,34405
101945,44191
101945,63082
101945,48780
105567,7451
105567,6874
105567,54286
105567,7438
105567,3996
105567,49272
105567,39
105567,48780
105567,48516
105567,916
33553,356
33553,5952
33553,8784
33553,5377
33553,3114
33553,3897
33553,6863
33553,1207
33553,49272
33553,56152
130987,59315
130987,72998
130987,7143
130987,48780
130987,5064
130987,44191
130987,4306
130987,3793
130987,7445
130987,1200
23089,4886
23089,79132
23089,58559
23089,1380
23089,4993
23089,6377
23089,8961
23089,7153
23089,2081
23089,1407
134559,4973
134559,296
134559,4995
134559,2858
134559,79132
134559,5989
134559,8533
134559,2918
134559,2329
134559,5377
2062,1240
2062,2716
2062,780
2062,589
2062,150
2062,5349
2062,6874
2062,1997
2062,3948
2062,1073
9364,32587
9364,8784
9364,4034
9364,608
9364,3949
9364,5902
9364,1206
9364,2395
9364,30749
9364,44195
92818,296
92818,593
92818,356
92818,110
92818,3527
92818,2571
92818,47
92818,1270
92818,50
92818,1997
40802,58559
40802,4886
40802,50872
40802,92259
40802,99114
40802,81591
40802,91542
40802,60069
40802,91529
40802,8961
5527,46578
5527,4973
5527,44199
5527,7361
5527,8961
5527,49272
5527,5995
5527,44665
5527,55247
5527,55118
54628,4571
54628,4896
54628,5816
54628,344
54628,316
54628,8368
54628,2985
54628,1777
54628,52722
54628,2640
63071,593
63071,1391
63071,29
63071,2966
63071,27266
63071,2600
63071,6953
63071,5878
63071,665
63071,1176
136730,1213
136730,54503
136730,44191
136730,51255
136730,1197
136730,47
136730,48780
136730,59315
136730,2716
136730,1258
125113,527
125113,111
125113,79132
125113,318
125113,69481
125113,55363
125113,5952
125113,3535
125113,55247
125113,4881
84606,260
84606,3578
84606,2571
84606,2762
84606,1270
84606,1198
84606,150
84606,590
84606,380
84606,524
24189,953
24189,4327
24189,920
24189,1262
24189,2944
24189,1954
24189,2795
24189,3508
24189,1204
24189,1207
75013,2959
75013,2716
75013,2174
75013,2916
75013,593
75013,1258
75013,5445
75013,2997
75013,1291
75013,4226
40066,2571
40066,296
40066,1610
40066,1208
40066,1923
40066,6874
40066,4027
40066,2916
40066,1617
40066,380
119461,2959
119461,6539
119461,1
119461,8961
119461,4993
119461,50
119461,4226
119461,7438
119461,2858
119461,480
10916,3300
10916,5445
10916,4226
10916,2115
10916,6502
10916,8371
10916,3703
10916,45722
10916,33679
10916,1663
108341,2858
108341,4963
108341,2762
108341,54286
108341,3578
108341,7361
108341,8368
108341,1197
108341,4306
108341,2329
62762,91630
62762,593
62762,4369
62762,91529
62762,3527
62762,54286
62762,57528
62762,2990
62762,2628
62762,2420
31137,318
31137,2918
31137,1196
31137,2571
31137,2959
31137,296
31137,4993
31137,1387
31137,1291
31137,5349
84984,858
84984,527
84984,1276
84984,910
84984,1233
84984,1242
84984,1961
84984,1262
84984,1203
84984,55820
91877,590
91877,1527
91877,2028
91877,253
91877,111
91877,1732
91877,2683
91877,608
91877,1246
91877,1584
47968,2762
47968,3578
47968,293
47968,1265
47968,1221
47968,1198
47968,44191
47968,1209
47968,8961
47968,4878
68474,63876
68474,60487
68474,31
68474,902
68474,150
68474,1207
68474,356
68474,593
68474,3363
68474,2908
60932,50
60932,32
60932,858
60932,356
60932,593
60932,1584
60932,293
60932,1610
60932,924
60932,1617
85716,2858
85716,293
85716,593
85716,2959
85716,5952
85716,353
85716,1214
85716,1200
85716,50
85716,4973
61274,1036
61274,1240
61274,47
61274,110
61274,589
61274,2028
61274,1136
61274,7438
61274,1198
61274,780
96467,293
96467,858
96467,2959
96467,1240
96467,4878
96467,4226
96467,4993
96467,1221
96467,4973
96467,47
65892,32
65892,48516
65892,318
65892,2329
65892,527
65892,6016
65892,111
65892,1214
65892,2571
65892,58559
32855,1225
32855,2762
32855,908
32855,1584
32855,440
32855,904
32855,7
32855,54286
32855,1088
32855,1784
36304,47
36304,1193
36304,593
36304,4226
36304,68157
36304,48516
36304,92535
36304,2324
36304,99114
36304,4235
106207,4878
106207,47
106207,7361
106207,593
106207,74458
106207,2329
106207,6502
106207,3949
106207,7254
106207,106782
106685,5952
106685,2959
106685,4993
106685,593
106685,589
106685,356
106685,1
106685,58559
106685,6874
106685,5349
33467,5952
33467,356
33467,318
33467,1291
33467,1089
33467,58559
33467,1193
33467,47
33467,1704
33467,608
103558,110
103558,50872
103558,1291
103558,1270
103558,40815
103558,2716
103558,5445
103558,1704
103558,527
103558,64614
93124,3578
93124,5445
93124,1610
93124,5418
93124,5349
93124,3793
93124,553
93124,4901
93124,733
93124,2353
96901,3730
96901,750
96901,541
96901,1230
96901,2010
96901,1223
96901,7700
96901,1206
96901,2731
96901,1247
79159,26172
79159,5177
79159,7072
79159,7335
79159,8767
79159,6273
79159,8094
79159,7896
79159,5114
79159,8501
19215,2571
19215,59315
19215,2948
19215,1196
19215,2947
19215,33493
19215,49272
19215,480
19215,26614
19215,1610
99706,50
99706,49272
99706,33794
99706,1653
99706,6016
99706,7090
99706,5418
99706,27773
99706,60069
99706,778
77724,1225
77724,527
77724,3681
77724,1263
77724,2313
77724,111
77724,2467
77724,593
77724,296
77724,2324
125442,2858
125442,2959
125442,924
125442,750
125442,5618
125442,1136
125442,61240
125442,593
125442,2571
125442,1206
75857,1197
75857,1288
75857,318
75857,1206
75857,1617
75857,3996
75857,55820
75857,1265
75857,6711
75857,1225
66455,44191
66455,1246
66455,1625
66455,2291
66455,7147
66455,1210
66455,2232
66455,57669
66455,55820
66455,3967
94551,4886
94551,8961
94551,318
94551,2716
94551,480
94551,3578
94551,364
94551,32
94551,1136
94551,110
304,2329
304,73017
304,72998
304,7153
304,1210
304,4963
304,69122
304,63082
304,2028
304,110
87904,3793
87904,47
87904,1210
87904,296
87904,2918
87904,480
87904,318
87904,593
87904,1682
87904,110
95414,47
95414,480
95414,593
95414,79132
95414,8874
95414,89745
95414,78499
95414,2716
95414,586
95414,60069
30607,56782
30607,2871
30607,53894
30607,30812
30607,48783
30607,59315
30607,44195
30607,1343
30607,45950
30607,6870
130465,44555
130465,41285
130465,6942
130465,296
130465,48043
130465,36517
130465,55765
130465,55118
130465,4963
130465,41997
92358,103141
92358,5349
92358,6377
92358,64614
92358,71838
92358,318
92358,45672
92358,3578
92358,33794
92358,96079
41544,1961
41544,318
41544,1193
41544,2959
41544,7361
41544,32
41544,2324
41544,527
41544,4226
41544,6016
131173,5952
131173,2959
131173,1968
131173,3000
131173,1215
131173,6539
131173,3996
131173,2019
131173,2329
131173,110
64352,1136
64352,1198
64352,858
64352,527
64352,1291
64352,1221
64352,99114
64352,3114
64352,4995
64352,3578
135715,3578
135715,1610
135715,5010
135715,8045
135715,1090
135715,2944
135715,527
135715,7143
135715,4963
135715,3147
112221,2028
112221,64614
112221,356
112221,110
112221,4963
112221,3793
112221,5445
112221,589
112221,48516
112221,7153
24127,45668
24127,41571
24127,45722
24127,51698
24127,40629
24127,8972
24127,53464
24127,49910
24127,31685
24127,45720
1927,2858
1927,44555
1927,74458
1927,47
1927,81591
1927,1193
1927,7147
1927,1258
1927,293
1927,2324
13367,1291
13367,2959
13367,2858
13367,1230
13367,47
13367,1278
13367,33794
13367,3683
13367,2529
13367,1247
16318,5618
16318,1136
16318,6539
16318,32
16318,260
16318,2762
16318,589
16318,2997
16318,4963
16318,58559
42991,7361
42991,5418
42991,55820
42991,1089
42991,2571
42991,296
42991,356
42991,858
42991,44195
42991,1196
100501,4085
100501,318
100501,2571
100501,110
100501,50
100501,1307
100501,1291
100501,1704
100501,260
100501,1198
18818,1196
18818,7153
18818,79132
18818,593
18818,541
18818,1213
18818,318
18818,2959
18818,7502
18818,1214
85072,1198
85072,2571
85072,44191
85072,356
85072,88125
85072,49272
85072,3793
85072,296
85072,110
85072,5418
72289,1036
72289,2918
72289,589
72289,4973
72289,1288
72289,2174
72289,1291
72289,551
72289,1208
72289,2683
29182,1022
29182,5882
29182,8636
29182,3114
29182,1097
29182,2090
29182,33004
29182,3159
29182,26662
29182,594
100237,593
100237,2997
100237,4973
100237,5952
100237,7153
100237,2858
100237,32587
100237,7147
100237,47
100237,778
16075,2019
16075,4881
16075,32587
16075,1266
16075,1201
16075,6711
16075,4327
16075,6620
16075,750
16075,7371
6157,4226
6157,318
6157,1036
6157,4963
6157,5418
6157,3578
6157,5445
6157,733
6157,4306
6157,356
130431,593
130431,50
130431,2959
130431,541
130431,1193
130431,750
130431,2019
130431,968
130431,32
130431,27773
19356,7361
19356,4226
19356,318
19356,3499
19356,61240
19356,3949
19356,2248
19356,2571
19356,58559
19356,1089
130302,7153
130302,593
130302,4226
130302,296
130302,1193
130302,2329
130302,47
130302,1089
130302,2762
130302,4306
87627,923
87627,79132
87627,541
87627,913
87627,951
87627,1254
87627,2186
87627,899
87627,50
87627,260
68467,59315
68467,95510
68467,91529
68467,5816
68467,4896
68467,73017
68467,91500
68467,72998
68467,6539
68467,81847
64787,1090
64787,923
64787,235
64787,1265
64787,1291
64787,3328
64787,2529
64787,5989
64787,1617
64787,30707
22025,59315
22025,41997
22025,48774
22025,40819
22025,1201
22025,7502
22025,2329
22025,318
22025,34405
22025,37733
123297,7386
123297,2863
123297,1298
123297,1958
123297,7836
123297,6184
123297,51678
123297,2075
123297,4956
123297,3723
68093,2028
68093,2959
68093,480
68093,4963
68093,1580
68093,6333
68093,5989
68093,4226
68093,2628
68093,593
51314,60069
51314,1196
51314,356
51314,5952
51314,31658
51314,2329
51314,112852
51314,50
51314,1193
51314,7147
95899,593
95899,2329
95899,8665
95899,34405
95899,5952
95899,4993
95899,7153
95899,3949
95899,31878
95899,110
126447,4226
126447,1196
126447,5952
126447,7153
126447,4993
126447,1210
126447,1580
126447,1200
126447,1270
126447,51662
81843,1270
81843,2109
81843,1968
81843,1213
81843,1265
81843,30810
81843,904
81843,923
81843,68157
81843,3210
4546,2329
4546,50
4546,1704
4546,6870
4546,318
4546,2231
4546,4034
4546,356
4546,1089
4546,1213
52924,2959
52924,7153
52924,2858
52924,32
52924,589
52924,527
52924,150
52924,457
52924,592
52924,316
19489,2081
19489,1
19489,364
19489,2087
19489,597
19489,5103
19489,318
19489,2137
19489,3844
19489,2398
72309,47
72309,44665
72309,2858
72309,296
72309,110
72309,4226
72309,4995
72309,7361
72309,1625
72309,32
1489,1240
1489,480
1489,589
1489,4993
1489,2571
1489,150
1489,2028
1489,1213
1489,1136
1489,1291
104018,2858
104018,4306
104018,8533
104018,2396
104018,80549
104018,63082
104018,5618
104018,81845
104018,6377
104018,1961
97600,60069
97600,4878
97600,4993
97600,2762
97600,2959
97600,2571
97600,5679
97600,4306
97600,6539
97600,1527
61074,296
61074,46578
61074,4027
61074,44191
61074,33794
61074,48394
61074,4979
61074,44195
61074,30749
61074,48774
136391,2716
136391,6874
136391,1222
136391,2918
136391,2700
136391,32587
136391,47
136391,1073
136391,480
136391,4027
111572,5952
111572,4993
111572,260
111572,6539
111572,1097
111572,3114
111572,7153
111572,2355
111572,1968
111572,6377
116619,6188
116619,91500
116619,102123
116619,64969
116619,54001
116619,88125
116619,88163
116619,50872
116619,8376
116619,97913
24071,72011
24071,56367
24071,81845
24071,39183
24071,80463
24071,33493
24071,8784
24071,55820
24071,82459
24071,3317
128859,919
128859,2096
128859,1
128859,968
128859,1270
128859,2078
128859,1240
128859,3114
128859,2804
128859,2081
94654,1272
94654,7980
94654,3735
94654,1950
94654,1253
94654,1252
94654,8016
94654,2916
94654,903
94654,1301
62465,79132
62465,356
62465,4993
62465,5816
62465,4973
62465,593
62465,318
62465,60069
62465,40815
62465,106696
62218,58559
62218,5971
62218,60069
62218,59784
62218,7034
62218,56367
62218,37729
62218,59315
62218,7022
62218,41566
60866,356
60866,480
60866,920
60866,2028
60866,47
60866,1721
60866,593
60866,4306
60866,1240
60866,377
120079,260
120079,858
120079,593
120079,4993
120079,912
120079,908
120079,2947
120079,1304
120079,541
120079,904
49451,55820
49451,48516
49451,296
49451,2329
49451,4011
49451,57669
49451,356
49451,2571
49451,1193
49451,5952
83081,1197
83081,68157
83081,4896
83081,223
83081,79702
83081,2355
83081,2
83081,77561
83081,87232
83081,86332
60791,110
60791,2000
60791,1610
60791,2268
60791,4085
60791,1302
60791,3039
60791,3916
60791,2028
60791,4306
28094,54286
28094,6539
28094,8961
28094,1234
28094,349
28094,589
28094,3508
28094,8368
28094,1307
28094,1196
128311,8961
128311,79132
128311,50
128311,6377
128311,1200
128311,2959
128311,296
128311,4011
128311,4226
128311,4995
74636,44191
74636,2959
74636,318
74636,6539
74636,4896
74636,5952
74636,87232
74636,8636
74636,3793
74636,1270
35810,7153
35810,1270
35810,1240
35810,457
35810,4993
35810,3527
35810,1200
35810,5445
35810,3793
35810,1527
54509,33794
54509,4886
54509,4963
54509,7153
54509,8360
54509,1136
54509,3948
54509,5349
54509,5418
54509,2959
11748,71535
11748,53972
11748,54503
11748,44191
11748,44665
11748,44199
11748,44195
11748,61132
11748,68954
11748,64614
63941,1527
63941,47
63941,356
63941,1214
63941,593
63941,2959
63941,780
63941,733
63941,380
63941,370
40934,5971
40934,4306
40934,66097
40934,5218
40934,72998
40934,6350
40934,4014
40934,76093
40934,2291
40934,7099
18232,318
18232,1617
18232,593
18232,608
18232,1193
18232,110
18232,4993
18232,778
18232,912
18232,6016
134497,54272
134497,88744
134497,97921
134497,91077
134497,68157
134497,103042
134497,45950
134497,94777
134497,67255
134497,111362
17040,70286
17040,63072
17040,37733
17040,50274
17040,3289
17040,6159
17040,44555
17040,78574
17040,44694
17040,8951
57149,53125
57149,7143
57149,5952
57149,44191
57149,7454
57149,8644
57149,6541
57149,45722
57149,3147
57149,59315
46946,2694
46946,296
46946,318
46946,54503
46946,69122
46946,780
46946,42725
46946,48516
46946,52973
46946,58998
111189,58025
111189,2959
111189,2329
111189,51935
111189,50
111189,53996
111189,2858
111189,55290
111189,6874
111189,56367
94475,58559
94475,1136
94475,87232
94475,7361
94475,2959
94475,1197
94475,89864
94475,87306
94475,4993
94475,81845
58019,33004
58019,778
58019,4973
58019,203
58019,551
58019,6874
58019,6502
58019,1080
58019,2571
58019,1278
84553,1136
84553,296
84553,5291
84553,1207
84553,6016
84553,608
84553,5618
84553,44555
84553,541
84553,1210
16612,2959
16612,3897
16612,2122
16612,4128
16612,3052
16612,4878
16612,2797
16612,147
16612,2282
16612,608
136065,608
136065,7153
136065,2762
136065,1196
136065,527
136065,2028
136065,318
136065,1210
136065,1291
136065,858
24158,5445
24158,1036
24158,32587
24158,150
24158,3421
24158,480
24158,1266
24158,2795
24158,5418
24158,2804
91995,904
91995,1252
91995,8838
91995,6791
91995,5995
91995,1225
91995,8337
91995,7215
91995,1207
91995,1086
80798,74458
80798,68157
80798,8961
80798,296
80798,59315
80798,7361
80798,858
80798,74545
80798,67997
80798,72998
61072,33166
61072,41997
61072,44199
61072,36517
61072,1266
61072,38061
61072,3735
61072,8958
61072,34162
61072,8340
1078,296
1078,318
1078,1
1078,2028
1078,5349
1078,8961
1078,7438
1078,5989
1078,3114
1078,4886
3364,1036
3364,1997
3364,1994
3364,527
3364,110
3364,4226
3364,1127
3364,3793
3364,3949
3364,953
129679,1200
129679,1
129679,589
129679,1261
129679,3527
129679,1214
129679,2985
129679,2791
129679,6731
129679,4855
54397,110
54397,2087
54397,8360
54397,356
54397,1282
54397,33493
54397,33794
54397,40815
54397,8368
54397,527
127515,1704
127515,4963
127515,356
127515,97921
127515,58559
127515,69122
127515,89492
127515,2571
127515,99114
127515,8641
137451,1136
137451,2571
137451,2329
137451,4878
137451,318
137451,48394
137451,7153
137451,4993
137451,3949
137451,32587
47840,2716
47840,44191
47840,2918
47840,4886
47840,6377
47840,1210
47840,356
47840,6333
47840,2706
47840,3254
69356,750
69356,5952
69356,1339
69356,32587
69356,5618
69356,2160
69356,1209
69356,1241
69356,3703
69356,110
86541,2028
86541,110
86541,4993
86541,47
86541,2571
86541,457
86541,4973
86541,1221
86541,7361
86541,4886
35236,1213
35236,318
35236,1210
35236,4993
35236,32587
35236,48516
35236,3000
35236,1258
35236,1222
35236,4306
18531,4878
18531,48394
18531,551
18531,47
18531,79132
18531,318
18531,7438
18531,1527
18531,61240
18531,4226
102842,4226
102842,592
102842,2858
102842,4306
102842,1214
102842,2329
102842,2012
102842,1198
102842,1089
102842,6874
131477,2947
131477,2100
131477,2406
131477,1198
131477,1270
131477,6807
131477,2657
131477,1219
131477,919
131477,2396
88274,58559
88274,79132
88274,7361
88274,54001
88274,1136
88274,56367
88274,63082
88274,40629
88274,5971
88274,50872
1823,608
1823,50
1823,1371
1823,6016
1823,1193
1823,1208
1823,110
1823,1210
1823,1233
1823,7502
36880,2959
36880,1968
36880,356
36880,500
36880,2762
36880,586
36880,784
36880,344
36880,3147
36880,2329
110103,6155
110103,84374
110103,1907
110103,80549
110103,7451
110103,5620
110103,31685
110103,56949
110103,4306
110103,2081
60562,8128
60562,750
60562,1212
60562,26524
60562,36517
60562,8973
60562,6271
60562,3504
60562,49961
60562,4194
46095,1263
46095,1260
46095,2932
46095,1265
46095,3910
46095,50
46095,4881
46095,32587
46095,2511
46095,4329
51894,46578
51894,2329
51894,1333
51894,1237
51894,6993
51894,111
51894,5995
51894,616
51894,80864
51894,356
74807,48394
74807,593
74807,68954
74807,356
74807,58559
74807,6377
74807,7361
74807,110
74807,8961
74807,4886
113577,99114
113577,2762
113577,79132
113577,527
113577,858
113577,4995
113577,3147
113577,1221
113577,1089
113577,1206
80805,60069
80805,68954
80805,68554
80805,48780
80805,70286
80805,7153
80805,79293
80805,71838
80805,63113
80805,69757
114942,4235
114942,1213
114942,356
114942,50
114942,7361
114942,4226
114942,608
114942,912
114942,1203
114942,1281
86414,923
86414,1252
86414,928
86414,1250
86414,1283
86414,898
86414,608
86414,1208
86414,1086
86414,916
77508,48780
77508,2858
77508,5618
77508,293
77508,4226
77508,70286
77508,68954
77508,58559
77508,59387
77508,68073
57273,318
57273,2571
57273,57669
57273,48516
57273,1222
57273,2329
57273,49530
57273,73017
57273,54286
57273,6807
3894,48516
3894,480
3894,55363
3894,52973
3894,56367
3894,55820
3894,1198
3894,56782
3894,32
3894,7153
107574,7153
107574,6539
107574,3081
107574,6377
107574,4993
107574,4886
107574,914
107574,4306
107574,5991
107574,2081
4268,5952
4268,608
4268,33794
4268,7361
4268,2571
4268,318
4268,5418
4268,48394
4268,1198
4268,293
115509,3671
115509,2918
115509,1197
115509,1732
115509,3578
115509,50
115509,6539
115509,69122
115509,1663
115509,8961
124213,2959
124213,924
124213,1527
124213,1240
124213,318
124213,5952
124213,5349
124213,6365
124213,1580
124213,593
24019,318
24019,63082
24019,364
24019,588
24019,4993
24019,1968
24019,2144
24019,69757
24019,6539
24019,1197
27965,4226
27965,50
27965,2571
27965,296
27965,70286
27965,1617
27965,33794
27965,1196
27965,1198
27965,56782
59544,48516
59544,33679
59544,34048
59544,33493
59544,48982
59544,38038
59544,41569
59544,46976
59544,30812
59544,45431
75121,527
75121,4306
75121,356
75121,5989
75121,6378
75121,47610
75121,8984
75121,4011
75121,2324
75121,36529
55777,4993
55777,4306
55777,76093
55777,71264
55777,81847
55777,3751
55777,5952
55777,7153
55777,2081
55777,34
35690,58559
35690,44191
35690,2959
35690,33794
35690,68319
35690,72998
35690,6333
35690,51662
35690,45722
35690,5254
109103,4993
109103,3578
109103,2571
109103,1291
109103,1198
109103,780
109103,593
109103,7153
109103,1
109103,2762
37690,1208
37690,223
37690,3949
37690,1682
37690,293
37690,44191
37690,5445
37690,1240
37690,8784
37690,45728
102461,7361
102461,32
102461,1961
102461,4973
102461,4226
102461,6377
102461,589
102461,527
102461,593
102461,2324
31586,4973
31586,4993
31586,5418
31586,4896
31586,4027
31586,5989
31586,5218
31586,6874
31586,8636
31586,2571
46022,47
46022,110
46022,3578
46022,2858
46022,296
46022,356
46022,48516
46022,4226
46022,3147
46022,4963
106217,1206
106217,924
106217,2997
106217,1262
106217,1270
106217,593
106217,3429
106217,318
106217,1641
106217,2858
1837,54503
1837,70286
1837,94959
1837,68157
1837,76251
1837,68237
1837,44195
1837,67087
1837,97304
1837,87306
25969,48516
25969,79132
25969,2858
25969,4226
25969,318
25969,356
25969,5445
25969,74458
25969,1265
25969,54286
46024,3275
46024,51662
46024,2329
46024,2028
46024,364
46024,1136
46024,8874
46024,1089
46024,1580
46024,8961
78354,7361
78354,58559
78354,56367
78354,356
78354,3949
78354,47
78354,30749
78354,74458
78354,48394
78354,64614
96601,3994
96601,1240
96601,1912
96601,3006
96601,440
96601,1584
96601,1204
96601,112
96601,2248
96601,2858
66834,1073
66834,32
66834,50
66834,288
66834,44191
66834,1527
66834,5459
66834,292
66834,1270
66834,1222
23173,25
23173,4210
23173,45210
23173,1240
23173,2028
23173,5954
23173,4641
23173,35836
23173,5893
23173,1594
54761,1092
54761,3505
54761,4007
54761,2474
54761,3702
54761,1674
54761,1610
54761,1954
54761,3471
54761,1620
37008,4973
37008,1089
37008,7361
37008,3996
37008,4963
37008,1270
37008,608
37008,4034
37008,30707
37008,2324
50159,1198
50159,260
50159,1196
50159,3000
50159,2959
50159,5618
50159,2571
50159,58559
50159,541
50159,1136
29830,1704
29830,1213
29830,58559
29830,111
29830,3949
29830,63082
29830,356
29830,48780
29830,1258
29830,1206
69905,2858
69905,912
69905,2959
69905,4973
69905,858
69905,4226
69905,1252
69905,111
69905,1219
69905,1208
59978,81591
59978,4993
59978,48780
59978,106782
59978,4306
59978,4995
59978,2324
59978,5618
59978,104841
59978,6377
67664,2959
67664,6377
67664,58559
67664,8961
67664,1527
67664,3000
67664,68954
67664,595
67664,1
67664,8874
48773,1198
48773,2571
48773,1089
48773,1288
48773,593
48773,2858
48773,2997
48773,1213
48773,7361
48773,50
101174,2959
101174,318
101174,4226
101174,7361
101174,7438
101174,6874
101174,47
101174,4878
101174,2858
101174,5669
115782,2997
115782,7361
115782,1089
115782,593
115782,6711
115782,3481
115782,7438
115782,5992
115782,5673
115782,1732
37726,8961
37726,2959
37726,1580
37726,5349
37726,58559
37726,4878
37726,1527
37726,480
37726,60069
37726,59315
22590,1089
22590,4226
22590,32
22590,541
22590,1387
22590,318
22590,33794
22590,1265
22590,59315
22590,8874
19305,54503
19305,3481
19305,79132
19305,46578
19305,69757
19305,55765
19305,80463
19305,55721
19305,3578
19305,55247
105131,4369
105131,3624
105131,1517
105131,6156
105131,673
105131,780
105131,1580
105131,3717
105131,6548
105131,4718
24870,1320
24870,2291
24870,1240
24870,4308
24870,4973
24870,3977
24870,1079
24870,1097
24870,1721
24870,3176
58442,608
58442,64614
58442,593
58442,3671
58442,2858
58442,1304
58442,1263
58442,48516
58442,4262
58442,46578
111402,858
111402,2502
111402,260
111402,223
111402,608
111402,39292
111402,318
111402,3421
111402,3671
111402,750
92747,858
92747,1219
92747,593
92747,2762
92747,8961
92747,1086
92747,910
92747,1234
92747,260
92747,2019
10017,2248
10017,3421
10017,7361
10017,5673
10017,94959
10017,3911
10017,1215
10017,101
10017,1230
10017,1288
38719,6377
38719,4226
38719,648
38719,593
38719,4963
38719,1265
38719,380
38719,780
38719,3147
38719,3996
132266,318
132266,1952
132266,1234
132266,2997
132266,1104
132266,39292
132266,8949
132266,5995
132266,2067
132266,1089
85851,5445
85851,1089
85851,6874
85851,2762
85851,4993
85851,5872
85851,4963
85851,1617
85851,3082
85851,5418
90813,3578
90813,1197
90813,260
90813,7153
90813,1291
90813,3703
90813,2959
90813,110
90813,1358
90813,1265
81996,1748
81996,32
81996,1653
81996,1527
81996,1206
81996,741
81996,5445
81996,3300
81996,1199
81996,3000
25419,1222
25419,32
25419,593
25419,4973
25419,541
25419,589
25419,1206
25419,4235
25419,1228
25419,1214
43209,63072
43209,8361
43209,79695
43209,59727
43209,5502
43209,364
43209,80219
43209,76175
43209,60756
43209,93840
90602,39
90602,3949
90602,7361
90602,54503
90602,71535
90602,2005
90602,4973
90602,67734
90602,1721
90602,593
117948,4489
117948,2117
117948,4251
117948,7802
117948,6796
117948,4957
117948,8542
117948,8501
117948,5540
117948,7698
49683,99114
49683,1089
49683,593
49683,50
49683,7153
49683,2571
49683,1222
49683,2329
49683,4226
49683,44191
30608,44191
30608,51662
30608,7153
30608,47
30608,2762
30608,4011
30608,3949
30608,48516
30608,7254
30608,4306
44107,35836
44107,33794
44107,6870
44107,356
44107,7361
44107,8784
44107,4776
44107,16
44107,4239
44107,40583
58654,44191
58654,3052
58654,1073
58654,6539
58654,51662
58654,3186
58654,3081
58654,3897
58654,58559
58654,353
21263,356
21263,527
21263,32
21263,47
21263,2571
21263,1240
21263,1208
21263,1222
21263,2023
21263,50
40192,2716
40192,5349
40192,4886
40192,6377
40192,4306
40192,1198
40192,2571
40192,1136
40192,1196
40192,5618
136571,8961
136571,6377
136571,56367
136571,48394
136571,8874
136571,7361
136571,356
136571,4306
136571,2959
136571,2918
127239,6377
127239,6373
127239,4896
127239,5299
127239,2502
127239,3916
127239,1393
127239,6155
127239,1721
127239,4447
12598,480
12598,1923
12598,260
12598,1608
12598,852
12598,1196
12598,5378
12598,457
12598,2791
12598,5502
40877,2329
40877,30707
40877,48516
40877,33660
40877,49530
40877,30749
40877,58559
40877,8958
40877,527
40877,4022
36023,4878
36023,367
36023,1196
36023,1073
36023,2571
36023,32
36023,1206
36023,344
36023,1089
36023,2
22599,318
22599,4995
22599,912
22599,1704
22599,5989
22599,50
22599,35836
22599,3408
22599,30749
22599,296
49120,2571
49120,1291
49120,480
49120,527
49120,150
49120,4022
49120,590
49120,2716
49120,1610
49120,296
118138,1097
118138,1028
118138,356
118138,1234
118138,539
118138,920
118138,1304
118138,480
118138,1276
118138,364
11701,56174
11701,1196
11701,4993
11701,5445
11701,4306
11701,8665
11701,48780
11701,5349
11701,57368
11701,59315
104493,1210
104493,110
104493,1198
104493,68358
104493,589
104493,68954
104493,2762
104493,6377
104493,44191
104493,32587
53058,40819
53058,48516
53058,58559
53058,45517
53058,48385
53058,55820
53058,48394
53058,47610
53058,53322
53058,55276
25334,1198
25334,2959
25334,2028
25334,2571
25334,1196
25334,2858
25334,260
25334,527
25334,2762
25334,50
40151,58559
40151,2959
40151,2571
40151,4878
40151,2918
40151,44191
40151,924
40151,68358
40151,4226
40151,2144
80092,2936
80092,42418
80092,1304
80092,4329
80092,2935
80092,2732
80092,3730
80092,8195
80092,2847
80092,1198
78153,367
78153,5541
78153,589
78153,586
78153,7254
78153,6934
78153,4018
78153,6373
78153,1240
78153,2161
46599,7099
46599,1199
46599,6807
46599,1221
46599,296
46599,908
46599,1281
46599,593
46599,1200
46599,1256
8316,4973
8316,3996
8316,73017
8316,595
8316,66097
8316,919
8316,51662
8316,318
8316,5445
8316,32587
41718,6539
41718,1291
41718,2716
41718,480
41718,1527
41718,6
41718,231
41718,2329
41718,364
41718,5418
136968,79132
136968,4226
136968,47
136968,3578
136968,7022
136968,48394
136968,32587
136968,541
136968,32
136968,44191
83633,38038
83633,30749
83633,296
83633,608
83633,3996
83633,6331
83633,6016
83633,1203
83633,40819
83633,6867
45207,318
45207,6874
45207,1198
45207,47
45207,296
45207,2028
45207,1089
45207,7438
45207,527
45207,1408
99451,924
99451,1301
99451,68358
99451,104841
99451,541
99451,1270
99451,1199
99451,1240
99451,8874
99451,750
21543,1265
21543,608
21543,4226
21543,1617
21543,923
21543,4979
21543,3730
21543,50
21543,7132
21543,162
12671,1208
12671,1210
12671,527
12671,592
12671,1252
12671,2918
12671,1291
12671,6539
12671,6016
12671,541
40642,4306
40642,8784
40642,296
40642,2571
40642,7361
40642,6377
40642,2858
40642,919
40642,6539
40642,1220
133961,356
133961,56367
133961,39183
133961,2959
133961,44191
133961,58559
133961,527
133961,1214
133961,1
133961,6942
112571,2716
112571,1291
112571,2918
112571,1307
112571,2762
112571,457
112571,593
112571,589
112571,110
112571,5989
71727,1198
71727,3793
71727,318
71727,1210
71727,2028
71727,356
71727,588
71727,551
71727,3000
71727,5618
106769,110
106769,2762
106769,260
106769,1196
106769,2858
106769,1198
106769,318
106769,1240
106769,4993
106769,1222
55096,1265
55096,904
55096,903
55096,6
55096,110
55096,1213
55096,380
55096,1682
55096,2028
55096,111
18528,64614
18528,7254
18528,1222
18528,72998
18528,1917
18528,1240
18528,2115
18528,69122
18528,5418
18528,6365
18439,6377
18439,919
18439,1
18439,5349
18439,2080
18439,4306
18439,2762
18439,2087
18439,1907
18439,1097
57082,589
57082,2194
57082,1036
57082,50
57082,1246
57082,64614
57082,55765
57082,1466
57082,4226
57082,7143
22991,356
22991,4306
22991,5418
22991,5445
22991,1721
22991,4995
22991,2997
22991,480
22991,3578
22991,527
11200,76175
11200,76251
11200,88744
11200,79139
11200,6333
11200,74789
11200,7438
11200,87430
11200,68358
11200,7254
88763,1210
88763,260
88763,49272
88763,44191
88763,1
88763,8961
88763,3578
88763,733
88763,1036
88763,1196
120951,47
120951,2571
120951,150
120951,6539
120951,61323
120951,4226
120951,4022
120951,2628
120951,33794
120951,3578
1331,1230
1331,593
1331,46578
1331,94959
1331,2329
1331,1193
1331,1206
1331,899
1331,7153
1331,79702
59431,594
59431,5618
59431,2987
59431,5971
59431,2571
59431,1333
59431,2959
59431,1206
59431,1291
59431,1198
116501,8874
116501,72998
116501,1136
116501,3300
116501,6378
116501,51255
116501,5254
116501,356
116501,1198
116501,1291
2052,4226
2052,7361
2052,2997
2052,4973
2052,2571
2052,318
2052,32
2052,1206
2052,2762
2052,4878
113007,2571
113007,1089
113007,7445
113007,44199
113007,44665
113007,293
113007,5418
113007,4226
113007,32587
113007,27831
45184,1270
45184,1214
45184,2959
45184,541
45184,296
45184,111
45184,1197
45184,1200
45184,1198
45184,50
86572,593
86572,344
86572,1580
86572,1197
86572,6377
86572,3578
86572,2918
86572,4027
86572,1196
86572,110
28528,2959
28528,356
28528,3578
28528,7153
28528,318
28528,2571
28528,4306
28528,5952
28528,4993
28528,4963
33565,2571
33565,750
33565,1288
33565,1090
33565,2997
33565,6016
33565,1242
33565,3949
33565,30749
33565,150
137425,4011
137425,71535
137425,356
137425,1089
137425,589
137425,56174
137425,68358
137425,7254
137425,51662
137425,2502
17435,47
17435,58559
17435,50
17435,356
17435,2918
17435,34405
17435,68237
17435,89745
17435,7147
17435,2542
75170,318
75170,1258
75170,4878
75170,4226
75170,7438
75170,2762
75170,50
75170,2232
75170,356
75170,4973
85597,3578
85597,4226
85597,2858
85597,32587
85597,593
85597,1089
85597,231
85597,7153
85597,4993
85597,1682
40912,6155
40912,5377
40912,4995
40912,4246
40912,2424
40912,8529
40912,4963
40912,1704
40912,36525
40912,6377
4629,46578
4629,2858
4629,4995
4629,4886
4629,2710
4629,1080
4629,293
4629,44191
4629,48385
4629,79132
85590,1321
85590,35836
85590,1127
85590,1690
85590,2072
85590,4467
85590,1203
85590,150
85590,2141
85590,2311
19696,33794
19696,44191
19696,32587
19696,1193
19696,7361
19696,47
19696,55820
19696,1270
19696,27773
19696,49530
60598,4262
60598,16
60598,33166
60598,1732
60598,60069
60598,3994
60598,5903
60598,7147
60598,260
60598,1196
38896,2571
38896,318
38896,7153
38896,2028
38896,260
38896,296
38896,2959
38896,64614
38896,1080
38896,49530
129746,55118
129746,63082
129746,67255
129746,446
129746,1280
129746,4546
129746,2160
129746,5015
129746,1219
129746,1956
123135,54286
123135,5952
123135,593
123135,47
123135,1270
123135,260
123135,293
123135,457
123135,1213
123135,68358
41384,48780
41384,5008
41384,48738
41384,33166
41384,67255
41384,49530
41384,36517
41384,48516
41384,40629
41384,26111
78557,296
78557,8950
78557,27317
78557,2997
78557,6975
78557,778
78557,56339
78557,714
78557,841
78557,4437
8588,1089
8588,1206
8588,7361
8588,4878
8588,2329
8588,223
8588,46578
8588,1884
8588,356
8588,6016
81082,593
81082,110
81082,2959
81082,5952
81082,7153
81082,58559
81082,3147
81082,1196
81082,63082
81082,48780
80910,47
80910,2762
80910,4306
80910,1219
80910,6377
80910,364
80910,527
80910,5989
80910,48394
80910,4720
28092,4011
28092,4993
28092,1682
28092,6953
28092,4878
28092,1270
28092,7371
28092,55820
28092,2542
28092,1732
77095,858
77095,2571
77095,4878
77095,2502
77095,7361
77095,2918
77095,527
77095,2762
77095,1222
77095,48394
25278,608
25278,593
25278,1193
25278,2959
25278,1208
25278,1089
25278,111
25278,1136
25278,50
25278,1206
124541,1307
124541,912
124541,924
124541,1225
124541,1234
124541,1961
124541,904
124541,902
124541,597
124541,2407
3446,2571
3446,55820
3446,1136
3446,4848
3446,70286
3446,74458
3446,96610
3446,1193
3446,1258
3446,48774
83518,40815
83518,51662
83518,41569
83518,45517
83518,53996
83518,45499
83518,47610
83518,48516
83518,45431
83518,48780
78826,58559
78826,593
78826,1089
78826,6016
78826,1265
78826,5952
78826,7153
78826,4993
78826,47
78826,1196
73972,7153
73972,7361
73972,1196
73972,1198
73972,380
73972,4973
73972,2858
73972,32
73972,1
73972,913
20152,58559
20152,2858
20152,68954
20152,6539
20152,50
20152,110
20152,527
20152,56367
20152,46578
20152,1704
63184,56782
63184,63082
63184,5618
63184,33166
63184,5989
63184,541
63184,4995
63184,4963
63184,5445
63184,1270
60868,1197
60868,1196
60868,3114
60868,2248
60868,919
60868,2716
60868,908
60868,4886
60868,4306
60868,318
98888,6787
98888,912
98888,541
98888,50872
98888,1193
98888,898
98888,2502
98888,48516
98888,1267
98888,30749
53214,1617
53214,2571
53214,750
53214,50
53214,2858
53214,1258
53214,8042
53214,288
53214,1136
53214,293
120822,6377
120822,58047
120822,46972
120822,4886
120822,55267
120822,63131
120822,69122
120822,60069
120822,70183
120822,1
74346,1210
74346,1206
74346,2762
74346,6874
74346,588
74346,296
74346,32
74346,1527
74346,6539
74346,110
9833,150
9833,2571
9833,3147
9833,1682
9833,527
9833,1784
9833,1721
9833,597
9833,593
9833,508
132475,74458
132475,47
132475,3578
132475,7147
132475,7438
132475,48394
132475,6874
132475,4226
132475,80463
132475,6539
87062,8533
87062,5464
87062,5152
87062,628
87062,2028
87062,3980
87062,3753
87062,3513
87062,356
87062,474
72278,2959
72278,2762
72278,8636
72278,1350
72278,1970
72278,5349
72278,33794
72278,5679
72278,50
72278,6323
53354,7361
53354,6016
53354,4226
53354,527
53354,318
53354,1089
53354,923
53354,903
53354,1252
53354,1225
124472,7451
124472,41566
124472,8531
124472,8360
124472,30793
124472,2081
124472,3977
124472,5299
124472,34162
124472,4025
99611,4226
99611,50
99611,47
99611,4963
99611,296
99611,858
99611,3147
99611,356
99611,63082
99611,48385
74924,6377
74924,37729
74924,8961
74924,48394
74924,8607
74924,37857
74924,4306
74924,50872
74924,47999
74924,3793
10038,318
10038,4973
10038,4226
10038,296
10038,58559
10038,55820
10038,858
10038,5618
10038,1921
10038,32
122310,99114
122310,44191
122310,40815
122310,111443
122310,94959
122310,46578
122310,102125
122310,107141
122310,106100
122310,110553
94027,1035
94027,1
94027,2087
94027,5444
94027,4016
94027,8368
94027,5816
94027,5299
94027,4896
94027,5349
53640,48774
53640,52973
53640,41285
53640,30749
53640,80549
53640,8983
53640,31878
53640,56788
53640,36529
53640,56339
117831,48394
117831,4306
117831,4973
117831,588
117831,480
117831,72998
117831,68358
117831,595
117831,88125
117831,81834
44704,589
44704,588
44704,2571
44704,5952
44704,356
44704,7153
44704,33794
44704,6333
44704,5445
44704,318
81130,541
81130,2005
81130,2872
81130,31658
81130,2467
81130,2105
81130,2021
81130,1339
81130,3479
81130,1204
93192,1270
93192,480
93192,1196
93192,356
93192,593
93192,2858
93192,4993
93192,7153
93192,5952
93192,2028
52221,48780
52221,44199
52221,58559
52221,3623
52221,47200
52221,6548
52221,56156
52221,60072
52221,6333
52221,3793
61523,588
61523,356
61523,1
61523,8961
61523,1073
61523,1197
61523,7153
61523,4993
61523,3578
61523,520
129395,47
129395,8961
129395,2248
129395,56367
129395,1270
129395,7361
129395,527
129395,33794
129395,50
129395,48516
124831,70286
124831,46578
124831,68237
124831,44195
124831,34405
124831,44761
124831,66934
124831,8914
124831,44191
124831,49272
77306,4963
77306,7153
77306,8798
77306,30749
77306,30707
77306,589
77306,608
77306,5418
77306,1265
77306,1193
107356,7153
107356,5418
107356,8781
107356,45517
107356,8798
107356,33166
107356,27790
107356,1197
107356,3996
107356,37733
116166,4886
116166,6350
116166,2324
116166,37729
116166,6377
116166,7361
116166,296
116166,58559
116166,920
116166,2571
100320,1210
100320,2959
100320,1196
100320,260
100320,72998
100320,4226
100320,48774
100320,3300
100320,1779
100320,60069
49272,318
49272,6377
49272,2028
49272,2762
49272,356
49272,587
49272,72998
49272,1580
49272,1
49272,5218
116212,1580
116212,1291
116212,6539
116212,1197
116212,1356
116212,2571
116212,4993
116212,1198
116212,2918
116212,2716
50661,1197
50661,480
50661,5952
50661,1097
50661,2987
50661,1206
50661,1136
50661,1193
50661,1527
50661,2355
28410,593
28410,318
28410,296
28410,2329
28410,2997
28410,2712
28410,1193
28410,6016
28410,47
28410,58559
19035,296
19035,2959
19035,78499
19035,4973
19035,2080
19035,1732
19035,4878
19035,858
19035,1073
19035,1219
122646,5952
122646,356
122646,7153
122646,70286
122646,4226
122646,2329
122646,44191
122646,72998
122646,3949
122646,49272
44965,356
44965,5816
44965,4896
44965,8961
44965,6539
44965,1196
44965,588
44965,480
44965,3578
44965,4963
131486,1210
131486,318
131486,593
131486,7361
131486,1136
131486,33794
131486,2762
131486,5445
131486,7438
131486,6874
126850,318
126850,2762
126850,1732
126850,3949
126850,377
126850,64614
126850,593
126850,72998
126850,55820
126850,4963
108321,59315
108321,50
108321,4993
108321,349
108321,33794
108321,434
108321,48516
108321,2011
108321,3256
108321,5952
11986,1
11986,6539
11986,593
11986,4995
11986,1961
11986,1704
11986,4963
11986,3753
11986,919
11986,920
103714,1721
103714,356
103714,4306
103714,2918
103714,58559
103714,1136
103714,318
103714,4995
103714,594
103714,2355
40814,1704
40814,1198
40814,2762
40814,2997
40814,1258
40814,150
40814,1240
40814,6
40814,1610
40814,457
14288,1682
14288,356
14288,1527
14288,318
14288,3793
14288,4993
14288,44191
14288,48780
14288,733
14288,4226
47677,72998
47677,2959
47677,70286
47677,32
47677,8644
47677,56174
47677,3147
47677,4370
47677,2762
47677,5445
75122,780
75122,480
75122,1270
75122,8644
75122,2716
75122,33794
75122,5445
75122,1580
75122,1291
75122,6539
133079,50
133079,2571
133079,593
133079,1732
133079,51662
133079,6947
133079,1288
133079,54503
133079,3753
133079,553
130480,8464
130480,2918
130480,1222
130480,4993
130480,39183
130480,1206
130480,32
130480,8784
130480,46578
130480,7153
82581,246
82581,6953
82581,1357
82581,4226
82581,265
82581,25
82581,3072
82581,4235
82581,3006
82581,3897
119980,780
119980,1200
119980,4306
119980,1214
119980,3793
119980,165
119980,1291
119980,541
119980,733
119980,5418
65143,51662
65143,5349
65143,49272
65143,2028
65143,4963
65143,1917
65143,6365
65143,2683
65143,6373
65143,3868
29100,58559
29100,2959
29100,4886
29100,56339
29100,37729
29100,33615
29100,53953
29100,89745
29100,30894
29100,78499
103352,318
103352,47
103352,2571
103352,2959
103352,6711
103352,4226
103352,3949
103352,2762
103352,7361
103352,4995
15782,4886
15782,48394
15782,4973
15782,56367
15782,4878
15782,296
15782,44191
15782,364
15782,1
15782,46976
54298,2762
54298,1663
54298,1201
54298,1240
54298,1278
54298,51255
54298,2788
54298,1080
54298,1374
54298,1321
34139,79132
34139,33794
34139,59369
34139,59315
34139,49530
34139,4963
34139,49272
34139,51662
34139,7445
34139,44191
128160,541
128160,7361
128160,2571
128160,4973
128160,260
128160,68157
128160,3949
128160,99114
128160,356
128160,1206
93175,1210
93175,7438
93175,33794
93175,780
93175,3793
93175,73017
93175,60040
93175,54286
93175,5349
93175,6333
108501,70286
108501,5459
108501,2959
108501,3793
108501,3527
108501,47
108501,34048
108501,541
108501,2706
108501,1198
88833,65130
88833,318
88833,39183
88833,69134
88833,86320
88833,3160
88833,7147
88833,4848
88833,1704
88833,1214
37585,1580
37585,1674
37585,8961
37585,2762
37585,1960
37585,2336
37585,587
37585,1721
37585,45517
37585,595
9255,3052
9255,5956
9255,4226
9255,2683
9255,2329
9255,8376
9255,8464
9255,1291
9255,1240
9255,7361
102668,1240
102668,1198
102668,3000
102668,50
102668,318
102668,293
102668,7482
102668,2951
102668,2194
102668,5952
66411,79132
66411,58559
66411,356
66411,551
66411,4226
66411,1270
66411,48394
66411,7361
66411,1080
66411,293
52747,2571
52747,750
52747,318
52747,2959
52747,6016
52747,2502
52747,4226
52747,1089
52747,2329
52747,1193
127836,30793
127836,60069
127836,58559
127836,34405
127836,56367
127836,44191
127836,68954
127836,1025
127836,33166
127836,39183
95449,2997
95449,356
95449,1307
95449,4874
95449,3408
95449,3499
95449,1265
95449,165
95449,1234
95449,2671
92801,1036
92801,1291
92801,2571
92801,231
92801,150
92801,2959
92801,2028
92801,377
92801,4226
92801,3578
64817,541
64817,357
64817,318
64817,1197
64817,1961
64817,1270
64817,6377
64817,4034
64817,1732
64817,1265
73938,2997
73938,356
73938,1704
73938,32
73938,2918
73938,3996
73938,4306
73938,527
73938,1527
73938,1198
35983,1291
35983,88125
35983,44191
35983,6377
35983,6539
35983,1527
35983,356
35983,318
35983,70286
35983,74458
4720,1207
4720,1262
4720,904
4720,1219
4720,2186
4720,903
4720,1221
4720,1250
4720,3468
4720,922
117497,44555
117497,4993
117497,2997
117497,2692
117497,4226
117497,50
117497,541
117497,5418
117497,2858
117497,8873
24643,2947
24643,33162
24643,2916
24643,1645
24643,3081
24643,2000
24643,6539
24643,1729
24643,40278
24643,316
29751,318
29751,58559
29751,2858
29751,4878
29751,69757
29751,61024
29751,2571
29751,46976
29751,42725
29751,79132
125814,2959
125814,6286
125814,3910
125814,2858
125814,1208
125814,1258
125814,6711
125814,32
125814,3083
125814,5878
137528,3578
137528,7153
137528,2571
137528,4270
137528,1020
137528,4344
137528,1196
137528,4993
137528,4963
137528,3996
55914,318
55914,7153
55914,296
55914,1136
55914,1682
55914,588
55914,2161
55914,2140
55914,2762
55914,1240
105619,110
105619,1197
105619,608
105619,260
105619,593
105619,318
105619,32587
105619,48516
105619,589
105619,4027
22167,96821
22167,2959
22167,109374
22167,7153
22167,81845
22167,97921
22167,48780
22167,6942
22167,68954
22167,1136
40339,55820
40339,2502
40339,54997
40339,49530
40339,3275
40339,51255
40339,1270
40339,4011
40339,5903
40339,34405
40308,589
40308,32
40308,2997
40308,4027
40308,1198
40308,1036
40308,1961
40308,357
40308,480
40308,903
50816,2858
50816,541
50816,318
50816,5618
50816,7361
50816,4011
50816,6874
50816,750
50816,2140
50816,1591
65155,32
65155,6711
65155,1197
65155,50
65155,778
65155,1214
65155,1240
65155,32587
65155,94959
65155,555
82241,1198
82241,5952
82241,364
82241,593
82241,318
82241,595
82241,588
82241,47
82241,50
82241,2762
40468,905
40468,3035
40468,933
40468,969
40468,916
40468,1204
40468,1210
40468,3196
40468,914
40468,1197
104214,7153
104214,1
104214,589
104214,2716
104214,3793
104214,5349
104214,5816
104214,7438
104214,2115
104214,3114
129896,593
129896,2329
129896,318
129896,110
129896,2858
129896,4226
129896,3578
129896,32587
129896,60069
129896,3147
53859,541
53859,1036
53859,1527
53859,593
53859,1080
53859,49272
53859,3578
53859,1198
53859,6539
53859,6807
17617,2959
17617,1221
17617,4226
17617,2571
17617,33794
17617,1198
17617,4995
17617,1704
17617,608
17617,1225
64857,7361
64857,5218
64857,7147
64857,4011
64857,48394
64857,1199
64857,4886
64857,52885
64857,318
64857,480
16761,7361
16761,4878
16761,6242
16761,4720
16761,2459
16761,1982
16761,68237
16761,50
16761,7022
16761,3535
101027,356
101027,1035
101027,7619
101027,2018
101027,1947
101027,1028
101027,30749
101027,2324
101027,1207
101027,71282
82257,8961
82257,6539
82257,8368
82257,364
82257,588
82257,40815
82257,8636
82257,41566
82257,8360
82257,8970
34316,306
34316,778
34316,2858
34316,1258
34316,1176
34316,61240
34316,86320
34316,608
34316,2131
34316,5995
22809,2571
22809,4973
22809,296
22809,318
22809,48516
22809,912
22809,68157
22809,50872
22809,5952
22809,4993
61136,58559
61136,296
61136,1527
61136,2571
61136,4886
61136,5418
61136,5218
61136,8961
61136,59315
61136,780
81493,1258
81493,318
81493,2997
81493,48516
81493,2762
81493,46578
81493,45728
81493,33794
81493,48322
81493,54997
55090,80463
55090,49530
55090,4995
55090,33660
55090,40819
55090,1307
55090,89492
55090,3408
55090,3361
55090,356
3759,1961
3759,1721
3759,597
3759,49530
3759,539
3759,30707
3759,318
3759,150
3759,64614
3759,3578
9379,2329
9379,4226
9379,296
9379,4973
9379,31658
9379,593
9379,2858
9379,2571
9379,44555
9379,3000
127708,318
127708,356
127708,4226
127708,527
127708,4963
127708,150
127708,1580
127708,110
127708,7438
127708,1
47230,79132
47230,50
47230,1193
47230,541
47230,47
47230,68237
47230,260
47230,2762
47230,1921
47230,70286
94241,50
94241,593
94241,47
94241,1222
94241,296
94241,111
94241,7361
94241,3949
94241,27773
94241,1193
98301,4446
98301,8636
98301,6365
98301,51662
98301,48043
98301,48780
98301,68358
98301,53000
98301,7373
98301,3300
17961,4878
17961,318
17961,5989
17961,7147
17961,4226
17961,4973
17961,33794
17961,2329
17961,4011
17961,3275
97969,6662
97969,750
97969,2947
97969,1262
97969,2983
97969,1204
97969,4349
97969,7153
97969,5060
97969,4327
98913,1089
98913,46578
98913,50
98913,4226
98913,593
98913,1193
98913,1270
98913,750
98913,6016
98913,68157
91905,5952
91905,1704
91905,1198
91905,593
91905,318
91905,3578
91905,2858
91905,1961
91905,2000
91905,7153
79952,4993
79952,50
79952,4226
79952,750
79952,1198
79952,6377
79952,48516
79952,32
79952,780
79952,110
16181,589
16181,2858
16181,4226
16181,2762
16181,593
16181,2571
16181,60069
16181,1197
16181,1270
16181,457
53122,733
53122,318
53122,4963
53122,2706
53122,1370
53122,165
53122,10
53122,1923
53122,33493
53122,2993
96006,4993
96006,79132
96006,2571
96006,356
96006,4896
96006,3147
96006,1
96006,3578
96006,589
96006,33794
88093,2028
88093,79132
88093,5445
88093,4022
88093,110
88093,527
88093,2959
88093,109487
88093,48516
88093,112852
77872,112852
77872,260
77872,4993
77872,903
77872,1089
77872,109487
77872,293
77872,2324
77872,1258
77872,7361
138070,92259
138070,586
138070,5995
138070,858
138070,6874
138070,6539
138070,1527
138070,4995
138070,58559
138070,30793
10219,318
10219,2329
10219,4963
10219,58803
10219,51662
10219,54286
10219,6502
10219,56367
10219,52973
10219,356
110254,32587
110254,2571
110254,70286
110254,2959
110254,73017
110254,59784
110254,6874
110254,69122
110254,356
110254,59315
63798,7361
63798,1196
63798,110
63798,1704
63798,50
63798,6874
63798,60069
63798,2028
63798,1270
63798,1580
4431,608
4431,2571
4431,1213
4431,1201
4431,1208
4431,47
4431,1089
4431,1217
4431,4226
4431,1222
39061,48516
39061,34162
39061,54503
39061,59315
39061,8641
39061,3421
39061,1036
39061,2502
39061,356
39061,318
100126,1200
100126,1291
100126,2959
100126,6874
100126,356
100126,4306
100126,110
100126,32
100126,260
100126,1198
44016,1198
44016,47
44016,50
44016,2028
44016,1089
44016,1196
44016,541
44016,4226
44016,2762
44016,5952
100596,33166
100596,49530
100596,54286
100596,48516
100596,68358
100596,55765
100596,79132
100596,34405
100596,36529
100596,46578
91774,3617
91774,3147
91774,8798
91774,2490
91774,3578
91774,44665
91774,3301
91774,3208
91774,1027
91774,8529
29965,4226
29965,2916
29965,1036
29965,6
29965,457
29965,2115
29965,4848
29965,293
29965,2712
29965,2529
113703,6807
113703,4226
113703,7090
113703,2019
113703,2858
113703,5690
113703,8874
113703,3949
113703,8983
113703,31878
69424,356
69424,46578
69424,318
69424,2324
69424,44555
69424,53123
69424,2762
69424,1193
69424,4226
69424,63876
68468,3996
68468,3967
68468,8970
68468,914
68468,4973
68468,898
68468,1449
68468,8958
68468,904
68468,2396
85412,1292
85412,3812
85412,3359
85412,750
85412,3471
85412,1293
85412,1094
85412,539
85412,3451
85412,5669
45303,608
45303,318
45303,32
45303,296
45303,480
45303,6711
45303,356
45303,1653
45303,48394
45303,58559
46360,6539
46360,1136
46360,1
46360,31658
46360,2858
46360,1198
46360,7361
46360,3000
46360,364
46360,68954
69886,356
69886,1961
69886,110
69886,1197
69886,1580
69886,4306
69886,2396
69886,1073
69886,293
69886,49272
87802,2571
87802,2858
87802,4993
87802,3253
87802,2762
87802,3793
87802,4571
87802,2174
87802,6377
87802,7153
109582,1196
109582,50
109582,2858
109582,541
109582,1089
109582,1270
109582,1291
109582,3578
109582,2329
109582,1265
53834,4963
53834,1198
53834,55820
53834,2115
53834,541
53834,3996
53834,293
53834,2395
53834,46976
53834,3275
318,111759
318,108932
318,70286
318,68954
318,79702
318,2959
318,7373
318,2761
318,71535
318,68358
99989,60069
99989,6539
99989,68954
99989,4993
99989,7153
99989,356
99989,81845
99989,5952
99989,58559
99989,4306
11535,4886
11535,2716
11535,377
11535,592
11535,2959
11535,1097
11535,733
11535,593
11535,1704
11535,6377
116697,1
116697,104
116697,34162
116697,150
116697,5103
116697,4306
116697,2005
116697,3916
116697,2797
116697,524
130165,2797
130165,1276
130165,1214
130165,1073
130165,8970
130165,3252
130165,63082
130165,39292
130165,4022
130165,55820
61041,1617
61041,2791
61041,2028
61041,2716
61041,1580
61041,1278
61041,1394
61041,47
61041,349
61041,1036
125854,110
125854,595
125854,1136
125854,2762
125854,1198
125854,2028
125854,2
125854,6539
125854,4886
125854,2683
61201,1261
61201,59315
61201,71535
61201,3578
61201,7022
61201,60069
61201,47
61201,4963
61201,72998
61201,48780
117347,750
117347,593
117347,912
117347,926
117347,1617
117347,4973
117347,527
117347,2997
117347,898
117347,1221
35016,72998
35016,1210
35016,260
35016,318
35016,73017
35016,63082
35016,44191
35016,70286
35016,56367
35016,7361
109438,4973
109438,4226
109438,1732
109438,8638
109438,68157
109438,99114
109438,2571
109438,318
109438,89864
109438,86347
128050,38038
128050,33166
128050,36517
128050,8961
128050,33794
128050,54286
128050,41997
128050,7698
128050,60069
128050,30812
120311,2959
120311,2762
120311,39
120311,597
120311,2572
120311,4878
120311,253
120311,2858
120311,2125
120311,356
117070,480
117070,3949
117070,3052
117070,48394
117070,1265
117070,32587
117070,4993
117070,223
117070,1968
117070,1258
95666,2571
95666,356
95666,68954
95666,318
95666,48394
95666,4995
95666,1197
95666,527
95666,296
95666,4973
86285,1213
86285,4226
86285,4011
86285,48516
86285,4979
86285,1198
86285,4878
86285,1961
86285,1682
86285,6874
108493,589
108493,3949
108493,1704
108493,1732
108493,54503
108493,919
108493,50
108493,1240
108493,1136
108493,180
133700,7079
133700,2648
133700,7728
133700,8404
133700,8998
133700,1931
133700,720
133700,947
133700,8958
133700,3871
81724,2571
81724,480
81724,593
81724,356
81724,1097
81724,110
81724,2916
81724,1219
81724,2762
81724,912
66423,912
66423,4973
66423,1197
66423,44195
66423,2186
66423,1086
66423,3996
66423,7361
66423,904
66423,951
58720,8225
58720,1200
58720,3917
58720,5679
58720,1970
58720,1690
58720,33834
58720,1983
58720,1321
58720,1992
35310,1270
35310,7153
35310,1210
35310,2762
35310,5952
35310,3578
35310,356
35310,480
35310,4226
35310,54286
42556,1200
42556,44665
42556,34319
42556,4886
42556,66097
42556,593
42556,6377
42556,71057
42556,2291
42556,1240
35700,72998
35700,318
35700,35836
35700,3275
35700,33493
35700,61132
35700,8641
35700,2700
35700,8874
35700,8961
3508,30707
3508,34437
3508,7147
3508,7361
3508,8970
3508,8645
3508,6870
3508,30812
3508,6711
3508,30793
20241,3000
20241,923
20241,1252
20241,5618
20241,1208
20241,31658
20241,913
20241,912
20241,7327
20241,1232
110507,44694
110507,7151
110507,41285
110507,34437
110507,44555
110507,7162
110507,2671
110507,72011
110507,49130
110507,1784
9164,69122
9164,58998
9164,35836
9164,58559
9164,60756
9164,54503
9164,8641
9164,52973
9164,42725
9164,46970
19414,1198
19414,2395
19414,1246
19414,2716
19414,590
19414,1639
19414,1240
19414,1120
19414,6711
19414,1225
100618,1291
100618,4262
100618,2194
100618,608
100618,2762
100618,161
100618,1370
100618,1408
100618,1387
100618,7153
91771,58559
91771,2959
91771,296
91771,593
91771,4226
91771,64614
91771,48516
91771,589
91771,858
91771,53161
31865,4963
31865,780
31865,6377
31865,527
31865,1682
31865,1961
31865,500
31865,2628
31865,1036
31865,44191
49529,1682
49529,1580
49529,4995
49529,1370
49529,1617
49529,3147
49529,4027
49529,590
49529,555
49529,5218
113408,1961
113408,55820
113408,2762
113408,296
113408,4993
113408,7153
113408,364
113408,6016
113408,780
113408,858
47373,4718
47373,2572
47373,3897
47373,32
47373,1517
47373,47518
47373,8641
47373,4239
47373,7173
47373,43936
30849,1690
30849,1321
30849,4467
30849,3701
30849,1270
30849,6502
30849,965
30849,969
30849,19
30849,5300
114737,318
114737,3552
114737,441
114737,4239
114737,593
114737,3210
114737,2502
114737,2005
114737,223
114737,1089
63562,2571
63562,4306
63562,1
63562,364
63562,7153
63562,69406
63562,110
63562,72641
63562,6539
63562,5952
34853,541
34853,1208
34853,608
34853,6807
34853,858
34853,1222
34853,27773
34853,3949
34853,5971
34853,79132
23811,4226
23811,5418
23811,47
23811,1729
23811,1573
23811,3300
23811,5445
23811,318
23811,3717
23811,4995
123613,31658
123613,5952
123613,7153
123613,5618
123613,4993
123613,4896
123613,7147
123613,2571
123613,4973
123613,1270
23357,4226
23357,32
23357,2858
23357,4027
23357,714
23357,6874
23357,4011
23357,555
23357,1682
23357,4306
11887,6016
11887,50
11887,904
11887,4011
11887,58559
11887,4226
11887,903
11887,2023
11887,293
11887,1086
7819,1197
7819,1036
7819,5349
7819,1136
7819,2987
7819,1387
7819,8636
7819,592
7819,593
7819,1097
105575,2539
105575,1092
105575,1047
105575,3751
105575,1918
105575,1597
105575,1569
105575,1573
105575,1370
105575,2278
59282,318
59282,1089
59282,4886
59282,32587
59282,1517
59282,1196
59282,4993
59282,344
59282,2683
59282,589
10704,40815
10704,48516
10704,2291
10704,5989
10704,527
10704,4226
10704,4027
10704,7361
10704,1265
10704,344
6102,79132
6102,3578
6102,1208
6102,5618
6102,7502
6102,2542
6102,48516
6102,55247
6102,64614
6102,56782
13812,6711
13812,1247
13812,318
13812,858
13812,4226
13812,899
13812,7361
13812,1225
13812,1304
13812,1263
42350,1213
42350,1704
42350,2571
42350,296
42350,4226
42350,92259
42350,2028
42350,6016
42350,356
42350,81845
89968,593
89968,110
89968,2918
89968,2762
89968,8961
89968,60069
89968,49530
89968,63082
89968,49272
89968,33660
135152,2355
135152,1265
135152,1206
135152,1610
135152,593
135152,924
135152,3623
135152,4226
135152,3994
135152,69122
87196,2762
87196,30749
87196,1246
87196,79132
87196,6539
87196,68954
87196,6942
87196,8961
87196,1961
87196,81845
52111,40815
52111,78499
52111,87306
52111,95167
52111,48780
52111,4886
52111,81847
52111,106696
52111,86882
52111,72395
80723,1291
80723,6377
80723,1198
80723,27660
80723,356
80723,3114
80723,293
80723,3793
80723,59369
80723,32587
42753,1032
42753,1093
42753,7147
42753,778
42753,551
42753,3108
42753,5945
42753,1954
42753,30707
42753,1198
19240,3578
19240,356
19240,2858
19240,4995
19240,2324
19240,32
19240,1258
19240,6874
19240,858
19240,318
97059,2959
97059,99114
97059,2858
97059,1197
97059,56757
97059,83134
97059,7147
97059,527
97059,318
97059,56715
75450,26729
75450,5010
75450,589
75450,1291
75450,27882
75450,6502
75450,5418
75450,1210
75450,1090
75450,7932
74303,3578
74303,8957
74303,1073
74303,69122
74303,1222
74303,231
74303,1036
74303,586
74303,1387
74303,59369
106674,4973
106674,858
106674,3147
106674,4226
106674,3578
106674,4306
106674,1961
106674,6016
106674,590
106674,1704
93286,4226
93286,4963
93286,58559
93286,356
93286,4995
93286,5445
93286,480
93286,4022
93286,3578
93286,2858
56368,3578
56368,4963
56368,1527
56368,318
56368,1036
56368,377
56368,50
56368,2028
56368,593
56368,1136
67754,6377
67754,2858
67754,7361
67754,296
67754,4306
67754,8949
67754,8464
67754,5989
67754,2571
67754,8970
121114,68358
121114,45517
121114,49272
121114,81845
121114,63082
121114,60069
121114,78499
121114,69122
121114,35836
121114,68157
94445,593
94445,750
94445,7361
94445,96610
94445,4878
94445,47
94445,97752
94445,7254
94445,2329
94445,318
112174,63082
112174,590
112174,60069
112174,55269
112174,61323
112174,36517
112174,48738
112174,1641
112174,37729
112174,7361
103704,3868
103704,1278
103704,1954
103704,480
103704,4855
103704,1272
103704,2403
103704,541
103704,2000
103704,1961
22649,4993
22649,5952
22649,44191
22649,79132
22649,5445
22649,3275
22649,6333
22649,4963
22649,70286
22649,48516
40134,5952
40134,296
40134,7153
40134,356
40134,3578
40134,2571
40134,5377
40134,48738
40134,1704
40134,527
48355,50872
48355,53322
48355,4963
48355,69122
48355,33794
48355,33679
48355,45517
48355,31685
48355,40819
48355,6378
117561,48516
117561,96821
117561,69122
117561,4995
117561,64614
117561,59369
117561,5989
117561,61024
117561,92259
117561,6016
80704,46578
80704,56367
80704,4014
80704,8784
80704,4308
80704,7323
80704,2324
80704,2959
80704,1246
80704,551
27174,2762
27174,356
27174,1923
27174,480
27174,457
27174,1036
27174,1210
27174,110
27174,608
27174,1
17579,33794
17579,8665
17579,1197
17579,2858
17579,1704
17579,2959
17579,4226
17579,1198
17579,296
17579,150
88606,593
88606,1387
88606,5378
88606,2959
88606,33493
88606,356
88606,3471
88606,2985
88606,733
88606,4085
60962,480
60962,76093
60962,7454
60962,5459
60962,367
60962,70286
60962,71535
60962,6537
60962,344
60962,60040
34439,2762
34439,8914
34439,480
34439,593
34439,56782
34439,48780
34439,49272
34439,4027
34439,56367
34439,1270
34118,50
34118,318
34118,32587
34118,2716
34118,3552
34118,1968
34118,4855
34118,3578
34118,1240
34118,1663
115789,150
115789,6218
115789,539
115789,2352
115789,1296
115789,1307
115789,2671
115789,899
115789,914
115789,5377
43769,5952
43769,1270
43769,2716
43769,318
43769,733
43769,597
43769,480
43769,780
43769,6539
43769,5418
101584,2858
101584,296
101584,32
101584,2997
101584,2502
101584,223
101584,6807
101584,1080
101584,1206
101584,1921
25059,47
25059,318
25059,593
25059,2329
25059,608
25059,4973
25059,3949
25059,1208
25059,50
25059,2571
104925,58559
104925,1089
104925,2959
104925,527
104925,2571
104925,1258
104925,2023
104925,79132
104925,3949
104925,4262
122542,32
122542,7361
122542,110
122542,2762
122542,7153
122542,318
122542,2571
122542,2329
122542,2028
122542,6711
64731,3578
64731,1258
64731,1206
64731,4993
64731,1222
64731,2028
64731,318
64731,47
64731,1233
64731,1274
134274,59369
134274,77561
134274,54286
134274,59315
134274,61132
134274,64969
134274,61024
134274,60074
134274,64614
134274,2571
29098,296
29098,1704
29098,64839
29098,48516
29098,55820
29098,88129
29098,59995
29098,4878
29098,80463
29098,46578
123395,47
123395,527
123395,1732
123395,3949
123395,1193
123395,593
123395,2918
123395,4993
123395,5952
123395,1968
78377,1210
78377,858
78377,1240
78377,5952
78377,7153
78377,589
78377,58559
78377,527
78377,1193
78377,32587
48388,3114
48388,500
48388,4306
48388,5816
48388,595
48388,6377
48388,8360
48388,2355
48388,2
48388,6539
66485,2762
66485,593
66485,527
66485,1276
66485,1193
66485,4995
66485,1198
66485,3100
66485,1610
66485,1272
122198,110
122198,356
122198,2762
122198,260
122198,318
122198,4886
122198,2706
122198,733
122198,480
122198,780
70561,1198
70561,356
70561,593
70561,648
70561,2959
70561,1270
70561,1036
70561,2028
70561,1291
70561,165
135863,5952
135863,608
135863,2959
135863,1198
135863,1196
135863,2028
135863,1270
135863,1203
135863,589
135863,1252
88646,5008
88646,3801
88646,4211
88646,911
88646,3006
88646,931
88646,1200
88646,5120
88646,8879
88646,8798
12239,33004
12239,40583
12239,37729
12239,39292
12239,6773
12239,8910
12239,1269
12239,36517
12239,31658
12239,33493
51333,364
51333,8360
51333,4306
51333,4022
51333,3578
51333,2571
51333,4995
51333,527
51333,7254
51333,318
65322,36517
65322,30707
65322,31685
65322,40819
65322,30812
65322,8464
65322,46578
65322,39292
65322,8958
65322,8970
2607,480
2607,7361
2607,2762
2607,4226
2607,3793
2607,44191
2607,3578
2607,2858
2607,318
2607,1527
136806,1222
136806,5618
136806,1089
136806,1729
136806,1809
136806,1199
136806,1219
136806,27773
136806,26662
136806,33794
25420,296
25420,81562
25420,593
25420,2858
25420,48516
25420,2571
25420,78469
25420,1221
25420,110
25420,76093
101473,2571
101473,2959
101473,318
101473,49530
101473,48780
101473,59315
101473,50
101473,73017
101473,76251
101473,55820
22693,296
22693,55820
22693,68237
22693,79132
22693,77307
22693,48394
22693,78574
22693,4878
22693,33171
22693,55069
118086,69844
118086,58559
118086,6539
118086,4896
118086,45722
118086,54001
118086,59369
118086,72998
118086,33794
118086,2571
117547,2081
117547,72998
117547,595
117547,4447
117547,8360
117547,1968
117547,56367
117547,102125
117547,1270
117547,3793
19153,2762
19153,3578
19153,296
19153,364
19153,6377
19153,5418
19153,6539
19153,593
19153,5952
19153,4993
50836,2762
50836,1193
50836,2324
50836,63082
50836,2502
50836,4973
50836,30749
50836,5995
50836,2028
50836,593
88928,318
88928,2858
88928,527
88928,1527
88928,4226
88928,4306
88928,33794
88928,6539
88928,48516
88928,4011
77956,480
77956,356
77956,8360
77956,5349
77956,1210
77956,2115
77956,5816
77956,1
77956,344
77956,8368
14617,50
14617,2571
14617,356
14617,2329
14617,5989
14617,48780
14617,30749
14617,3897
14617,5954
14617,527
110708,37830
110708,364
110708,66297
110708,66097
110708,5882
110708,44191
110708,1080
110708,2087
110708,1033
110708,37729
28550,4995
28550,3578
28550,48780
28550,296
28550,2959
28550,608
28550,1089
28550,91529
28550,1625
28550,1198
8697,7153
8697,1270
8697,296
8697,4226
8697,1036
8697,2716
8697,1193
8697,1136
8697,1213
8697,592
92617,86347
92617,2571
92617,1136
92617,2959
92617,296
92617,5952
92617,2858
92617,58559
92617,1193
92617,2502
136025,3793
136025,6333
136025,8783
136025,33679
136025,6947
136025,8961
136025,8368
136025,7445
136025,8861
136025,2167
106895,260
106895,6377
106895,5349
106895,1270
106895,4306
106895,3793
106895,2706
106895,4085
106895,589
106895,1580
67438,1240
67438,110
67438,4993
67438,1580
67438,318
67438,296
67438,4306
67438,1210
67438,648
67438,2115
73345,4226
73345,741
73345,48394
73345,4973
73345,1527
73345,5618
73345,2918
73345,2600
73345,31658
73345,8914
66473,6711
66473,4973
66473,4979
66473,7361
66473,4027
66473,2997
66473,2291
66473,2858
66473,5878
66473,562
122424,3578
122424,7153
122424,2329
122424,858
122424,741
122424,7090
122424,2762
122424,1214
122424,1200
122424,1222
108412,296
108412,110
108412,318
108412,49530
108412,4223
108412,7153
108412,2858
108412,8665
108412,1704
108412,4226
17154,1196
17154,1210
17154,2028
17154,589
17154,2762
17154,1960
17154,3578
17154,3289
17154,780
17154,2858
1861,58559
1861,3552
1861,7153
1861,296
1861,2959
1861,527
1861,3578
1861,2502
1861,79132
1861,1270
101284,48516
101284,4973
101284,4226
101284,56367
101284,1527
101284,46578
101284,2918
101284,541
101284,527
101284,593
38914,2379
38914,56949
38914,58293
38914,519
38914,839
38914,56176
38914,2959
38914,51662
38914,1221
38914,56757
102868,1265
102868,356
102868,1036
102868,4306
102868,1210
102868,1196
102868,6333
102868,150
102868,6377
102868,33493
46526,4886
46526,60684
46526,50872
46526,8961
46526,2959
46526,8874
46526,98809
46526,69951
46526,4973
46526,72998
72237,1240
72237,6539
72237,4306
72237,1917
72237,8644
72237,589
72237,6537
72237,1387
72237,72998
72237,8360
30830,7360
30830,1339
30830,8957
30830,4148
30830,56339
30830,3863
30830,31427
30830,3355
30830,66090
30830,62733
70896,923
70896,1206
70896,541
70896,1199
70896,29
70896,1080
70896,1136
70896,1214
70896,4973
70896,1265
138235,4226
138235,8874
138235,48774
138235,6502
138235,5679
138235,32587
138235,4993
138235,44191
138235,6242
138235,1258
23130,6350
23130,6669
23130,7981
23130,2905
23130,27397
23130,7924
23130,8012
23130,1809
23130,7486
23130,904
30160,6539
30160,59315
30160,7438
30160,6874
30160,54286
30160,106920
30160,91500
30160,69757
30160,8961
30160,108932
53872,593
53872,4963
53872,1136
53872,8368
53872,2329
53872,527
53872,99114
53872,4011
53872,1210
53872,1198
111818,96079
111818,7153
111818,589
111818,96610
111818,541
111818,1
111818,68157
111818,1291
111818,70286
111818,608
44215,2571
44215,858
44215,2329
44215,4226
44215,6870
44215,2997
44215,30749
44215,33166
44215,5418
44215,64839
34576,4128
34576,6281
34576,4009
34576,2160
34576,1265
34576,4678
34576,5680
34576,2321
34576,33166
34576,481
123151,590
123151,858
123151,593
123151,318
123151,6787
123151,1221
123151,2858
123151,260
123151,1240
123151,1247
63592,1
63592,7361
63592,6539
63592,919
63592,2762
63592,8961
63592,4878
63592,4973
63592,7438
63592,1197
94680,111
94680,296
94680,42632
94680,750
94680,8014
94680,3091
94680,1213
94680,3030
94680,2858
94680,55820
30782,593
30782,318
30782,2571
30782,2028
30782,1214
30782,7502
30782,68954
30782,1250
30782,527
30782,1198
85826,1208
85826,924
85826,1263
85826,1206
85826,55820
85826,750
85826,1394
85826,56782
85826,2076
85826,1292
60413,593
60413,2716
60413,1198
60413,33794
60413,6333
60413,543
60413,8636
60413,2571
60413,32
60413,2918
132297,44191
132297,63082
132297,318
132297,296
132297,6539
132297,3578
132297,4993
132297,7153
132297,68157
132297,2858
24109,2918
24109,4963
24109,41569
24109,44191
24109,4262
24109,3916
24109,35836
24109,1198
24109,3753
24109,4878
119191,1625
119191,2571
119191,1704
119191,47
119191,4226
119191,5989
119191,3578
119191,74458
119191,1682
119191,593
48077,356
48077,7361
48077,4878
48077,593
48077,6016
48077,1193
48077,4993
48077,4011
48077,7153
48077,5952
11778,1089
11778,4963
11778,50
11778,48516
11778,1213
11778,49272
11778,296
11778,4034
11778,3578
11778,32587
28060,1097
28060,2791
28060,597
28060,593
28060,3996
28060,858
28060,2763
28060,4306
28060,3418
28060,3408
48903,1028
48903,8961
48903,2797
48903,7153
48903,5952
48903,1270
48903,1009
48903,917
48903,2096
48903,3114
1750,541
1750,150
1750,1704
1750,2329
1750,500
1750,648
1750,4034
1750,2706
1750,7361
1750,5418
75867,50
75867,2959
75867,2762
75867,3949
75867,1213
75867,231
75867,5989
75867,48774
75867,56788
75867,46578
85948,5349
85948,5952
85948,1197
85948,7153
85948,4306
85948,6377
85948,4963
85948,33794
85948,8636
85948,356
74814,858
74814,49272
74814,6787
74814,912
74814,1221
74814,1208
74814,318
74814,3468
74814,527
74814,923
101234,1197
101234,4979
101234,1968
101234,2395
101234,1032
101234,919
101234,4878
101234,1031
101234,6711
101234,1028
48484,110
48484,47
48484,597
48484,5878
48484,858
48484,2329
48484,8622
48484,2997
48484,4034
48484,39183
70463,50
70463,32
70463,7361
70463,111
70463,593
70463,296
70463,541
70463,1206
70463,47
70463,527
24830,36517
24830,35836
24830,30812
24830,26242
24830,27821
24830,31685
24830,36529
24830,32029
24830,26085
24830,35957
134611,50
134611,1240
134611,2959
134611,6539
134611,60069
134611,356
134611,6377
134611,59315
134611,68954
134611,44191
137960,77561
137960,48780
137960,74458
137960,91542
137960,6539
137960,2959
137960,8665
137960,81845
137960,5445
137960,91630
127512,5952
127512,47
127512,51255
127512,32
127512,5903
127512,593
127512,44665
127512,51662
127512,8950
127512,780
103716,8636
103716,111
103716,5618
103716,1197
103716,4973
103716,4011
103716,1968
103716,480
103716,110
103716,1617
95130,2762
95130,1961
95130,1704
95130,356
95130,527
95130,110
95130,1207
95130,912
95130,4041
95130,508
32464,1036
32464,5445
32464,589
32464,1196
32464,1198
32464,1270
32464,457
32464,1732
32464,4034
32464,8961
87135,38038
87135,33794
87135,76093
87135,46578
87135,71535
87135,1201
87135,27731
87135,8961
87135,30810
87135,56782
134898,1732
134898,56367
134898,6863
134898,923
134898,1193
134898,54503
134898,4878
134898,1270
134898,2329
134898,1258
121287,8368
121287,40629
121287,8360
121287,7162
121287,5992
121287,1682
121287,7323
121287,5995
121287,356
121287,1246
24382,2571
24382,2858
24382,3481
24382,593
24382,1196
24382,1208
24382,2194
24382,1089
24382,2028
24382,5445
64538,32587
64538,2329
64538,54286
64538,49272
64538,33794
64538,1210
64538,44665
64538,44191
64538,49530
64538,55765
116984,8530
116984,49772
116984,81845
116984,50066
116984,6867
116984,44709
116984,56607
116984,8970
116984,39414
116984,44555
114378,47
114378,55820
114378,593
114378,608
114378,4226
114378,4878
114378,79132
114378,1258
114378,1732
114378,80463
98456,5349
98456,7153
98456,1
98456,3147
98456,5464
98456,457
98456,2268
98456,364
98456,2571
98456,1196
68045,72998
68045,318
68045,48516
68045,8874
68045,48780
68045,4011
68045,5445
68045,68358
68045,60684
68045,1089
104993,858
104993,58559
104993,608
104993,3275
104993,64614
104993,68157
104993,1222
104993,293
104993,44665
104993,5954
56910,71535
56910,72998
56910,70286
56910,76093
56910,66097
56910,71264
56910,69481
56910,6539
56910,2355
56910,4016
116639,4878
116639,5995
116639,33794
116639,32587
116639,4963
116639,55820
116639,32
116639,527
116639,260
116639,69122
3625,3471
3625,904
3625,3135
3625,3038
3625,3095
3625,3504
3625,2182
3625,4432
3625,3475
3625,3037
84374,3578
84374,2542
84374,36529
84374,1089
84374,318
84374,2278
84374,1136
84374,49272
84374,293
84374,32
57306,2542
57306,1222
57306,1753
57306,5110
57306,32
57306,1215
57306,2683
57306,356
57306,47
57306,3033
93631,58559
93631,1196
93631,2571
93631,2959
93631,70286
93631,44191
93631,7153
93631,8874
93631,1198
93631,4993
137681,72998
137681,58559
137681,59315
137681,87232
137681,8368
137681,96610
137681,98809
137681,74458
137681,68358
137681,4896
51507,69481
51507,59018
51507,71579
51507,44204
51507,42004
51507,89864
51507,44199
51507,56333
51507,50274
51507,84392
124295,8961
124295,2716
124295,110
124295,5418
124295,4995
124295,7153
124295,32
124295,4963
124295,4306
124295,1246
27551,47
27551,33166
27551,63082
27551,858
27551,8950
27551,4973
27551,55247
27551,58295
27551,2502
27551,5954
7181,904
7181,527
7181,1221
7181,50
7181,912
7181,858
7181,318
7181,1193
7181,7361
7181,1247
52843,47
52843,6377
52843,1
52843,2959
52843,1917
52843,231
52843,296
52843,6365
52843,2502
52843,367
32368,6539
32368,5618
32368,58559
32368,8961
32368,1196
32368,48780
32368,1527
32368,733
32368,356
32368,3996
105650,7438
105650,3949
105650,6874
105650,2997
105650,1089
105650,1219
105650,551
105650,50
105650,6807
105650,4995
63541,2716
63541,4306
63541,7361
63541,5418
63541,1222
63541,527
63541,1136
63541,1682
63541,5989
63541,68358
102308,110
102308,4993
102308,49278
102308,36529
102308,4306
102308,51662
102308,58103
102308,4223
102308,58295
102308,1036
28908,44191
28908,49272
28908,318
28908,59315
28908,48394
28908,5952
28908,6377
28908,8961
28908,2762
28908,4226
77641,79132
77641,81591
77641,6377
77641,66097
77641,4973
77641,1206
77641,68954
77641,2858
77641,7099
77641,2997
115077,7293
115077,56152
115077,364
115077,588
115077,5620
115077,1
115077,54001
115077,2671
115077,2572
115077,68954
91611,1721
91611,4246
91611,356
91611,4886
91611,4447
91611,3977
91611,2671
91611,6155
91611,45501
91611,1580
50051,47
50051,60684
50051,296
50051,58559
50051,68157
50051,48516
50051,6539
50051,89745
50051,32587
50051,5349
103660,1210
103660,260
103660,58559
103660,7438
103660,1240
103660,60069
103660,1270
103660,32
103660,4993
103660,70286
108543,912
108543,1704
108543,34072
108543,3996
108543,1197
108543,150
108543,2324
108543,4995
108543,6331
108543,597
38671,4011
38671,1968
38671,1
38671,8784
38671,7438
38671,1258
38671,4027
38671,44195
38671,74458
38671,47518
131827,593
131827,2076
131827,1219
131827,1222
131827,4878
131827,1200
131827,778
131827,1193
131827,235
131827,923
90,588
90,5349
90,780
90,1270
90,2571
90,4896
90,7153
90,1198
90,2628
90,6539
100669,2268
100669,597
100669,3408
100669,1923
100669,356
100669,593
100669,350
100669,2391
100669,440
100669,8623
89307,33794
89307,6003
89307,1202
89307,8874
89307,6567
89307,7073
89307,33004
89307,4878
89307,3681
89307,1241
101273,47
101273,2858
101273,318
101273,2571
101273,589
101273,457
101273,380
101273,2028
101273,648
101273,3578
7808,7090
7808,60069
7808,5418
7808,5445
7808,58559
7808,110
7808,5903
7808,8636
7808,34405
7808,32587
20916,30707
20916,1
20916,32587
20916,4995
20916,68157
20916,7458
20916,6016
20916,8950
20916,60069
20916,1961
32729,52281
32729,56757
32729,56174
32729,1206
32729,60037
32729,8874
32729,4878
32729,55820
32729,59727
32729,52952
63126,457
63126,2858
63126,593
63126,4995
63126,4022
63126,47
63126,527
63126,5989
63126,858
63126,480
107896,4973
107896,3578
107896,858
107896,356
107896,3147
107896,1625
107896,1222
107896,27773
107896,1213
107896,1704
85155,4995
85155,1259
85155,1682
85155,2268
85155,1210
85155,2003
85155,300
85155,904
85155,2599
85155,3996
72105,1704
72105,2762
72105,4226
72105,50
72105,260
72105,1210
72105,608
72105,2918
72105,1213
72105,4027
31767,1210
31767,44191
31767,6539
31767,2959
31767,4963
31767,1527
31767,2502
31767,356
31767,4306
31767,296
7424,48780
7424,63082
7424,58559
7424,49530
7424,48516
7424,64575
7424,33794
7424,33166
7424,80463
7424,47610
107944,7153
107944,59315
107944,1270
107944,44191
107944,5952
107944,4993
107944,3527
107944,6502
107944,296
107944,8874
105001,33794
105001,47
105001,2329
105001,2571
105001,58559
105001,80463
105001,1
105001,54503
105001,1198
105001,82459
42722,31658
42722,7361
42722,46976
42722,68954
42722,48780
42722,2571
42722,54001
42722,1136
42722,2959
42722,72226
76812,2571
76812,2947
76812,1201
76812,2948
76812,296
76812,2951
76812,2078
76812,2991
76812,26776
76812,3034
93536,48394
93536,8950
93536,40819
93536,46578
93536,48774
93536,30707
93536,74458
93536,55118
93536,58559
93536,55247
35576,60069
35576,50872
35576,1193
35576,8874
35576,6377
35576,1089
35576,1240
35576,5418
35576,2716
35576,1136
30761,750
30761,6016
30761,4226
30761,50
30761,48516
30761,1252
30761,1193
30761,2019
30761,2571
30761,318
5516,8961
5516,2762
5516,1291
5516,1580
5516,6377
5516,4886
5516,318
5516,364
5516,2716
5516,1265
67999,56367
67999,59315
67999,39292
67999,46976
67999,34048
67999,30812
67999,33166
67999,30793
67999,48774
67999,8874
69747,1036
69747,40815
69747,54286
69747,3578
69747,2571
69747,4993
69747,2028
69747,1262
69747,2194
69747,7153
49567,480
49567,52973
49567,2502
49567,54503
49567,2329
49567,1213
49567,1089
49567,6874
49567,3275
49567,7438
46207,111
46207,5618
46207,527
46207,1732
46207,55820
46207,1089
46207,50
46207,1136
46207,3081
46207,1682
12644,1968
12644,587
12644,1225
12644,1259
12644,3499
12644,3072
12644,282
12644,339
12644,2100
12644,300
15043,7361
15043,48774
15043,1610
15043,2959
15043,1625
15043,1748
15043,48780
15043,300
15043,593
15043,6
1958,68319
1958,79132
1958,4886
1958,54259
1958,364
1958,79091
1958,91542
1958,5349
1958,49272
1958,6934
54288,318
54288,2858
54288,356
54288,47
54288,296
54288,1089
54288,7153
54288,364
54288,19
54288,4306
7079,2959
7079,2571
7079,296
7079,31878
7079,1198
7079,541
7079,1089
7079,33794
7079,8636
7079,33493
68955,1580
68955,1197
68955,480
68955,50
68955,608
68955,590
68955,5445
68955,1073
68955,3578
68955,110
70947,2571
70947,296
70947,79091
70947,50872
70947,71535
70947,44191
70947,48780
70947,318
70947,69757
70947,4878
65171,296
65171,2959
65171,1213
65171,597
65171,1
65171,3996
65171,508
65171,36
65171,1247
65171,2571
2408,1210
2408,79132
2408,6539
2408,2762
2408,318
2408,589
2408,3793
2408,4963
2408,260
2408,7143
66453,589
66453,293
66453,60069
66453,32
66453,4878
66453,47
66453,6874
66453,2329
66453,608
66453,110
119764,318
119764,47
119764,356
119764,8636
119764,4011
119764,5445
119764,48394
119764,593
119764,8874
119764,1136
30805,593
30805,858
30805,1213
30805,111
30805,16
30805,1617
30805,2858
30805,50
30805,296
30805,1673
64225,47
64225,54286
64225,1210
64225,34405
64225,2918
64225,44191
64225,1291
64225,69122
64225,8784
64225,457
124425,296
124425,318
124425,1136
124425,2502
124425,1527
124425,4027
124425,3996
124425,2542
124425,2692
124425,58559
123203,150
123203,344
123203,231
123203,1089
123203,111
123203,3552
123203,527
123203,2194
123203,1278
123203,3253
127706,4226
127706,50
127706,1200
127706,2858
127706,1196
127706,53000
127706,48516
127706,52281
127706,4878
127706,1240
52093,1197
52093,1204
52093,1136
52093,1198
52093,745
52093,1252
52093,318
52093,7153
52093,4993
52093,1213
864,110
864,1610
864,1198
864,6539
864,2571
864,318
864,2028
864,3578
864,1201
864,1408
58156,48738
58156,8337
58156,1299
58156,33166
58156,6016
58156,5995
58156,4190
58156,6777
58156,1262
58156,40819
76375,527
76375,750
76375,2858
76375,296
76375,1148
76375,6787
76375,541
76375,904
76375,608
76375,4973
54324,49530
54324,1961
54324,2858
54324,6377
54324,33794
54324,733
54324,2411
54324,49272
54324,6016
54324,364
45963,5971
45963,7099
45963,5952
45963,7153
45963,4993
45963,70286
45963,260
45963,107406
45963,68237
45963,6350
108847,593
108847,6539
108847,2396
108847,1079
108847,1923
108847,5989
108847,750
108847,2692
108847,509
108847,6874
53095,4306
53095,54272
53095,4447
53095,6377
53095,56367
53095,2291
53095,8360
53095,3977
53095,70159
53095,5679
72961,7361
72961,4011
72961,1089
72961,589
72961,4226
72961,3949
72961,377
72961,588
72961,2762
72961,780
33621,1136
33621,32
33621,33794
33621,6539
33621,48394
33621,3000
33621,1240
33621,54286
33621,8961
33621,4306
90825,4306
90825,593
90825,60069
90825,4011
90825,356
90825,1732
90825,7147
90825,1265
90825,8784
90825,8368
67288,4014
67288,1265
67288,350
67288,1784
67288,3408
67288,8970
67288,64614
67288,1198
67288,88810
67288,40819
115882,54286
115882,50
115882,68157
115882,356
115882,7438
115882,6874
115882,48516
115882,318
115882,32587
115882,2542
53685,1
53685,4995
53685,1197
53685,6539
53685,4963
53685,356
53685,49272
53685,3996
53685,8368
53685,497
51091,1923
51091,1035
51091,1270
51091,457
51091,339
51091,8623
51091,2355
51091,3039
51091,2423
51091,1777
44400,55820
44400,5418
44400,32587
44400,356
44400,2115
44400,1265
44400,1
44400,1136
44400,2997
44400,150
125626,31658
125626,7361
125626,1230
125626,5618
125626,3000
125626,260
125626,1196
125626,6874
125626,858
125626,4226
98233,928
98233,918
98233,8459
98233,7584
98233,1944
98233,953
98233,1282
98233,3260
98233,942
98233,5603
133511,7361
133511,66203
133511,69406
133511,912
133511,4823
133511,6155
133511,7293
133511,4246
133511,71518
133511,84374
113377,1921
113377,1089
113377,6711
113377,541
113377,4144
113377,4878
113377,6016
113377,924
113377,111
113377,55442
111169,4022
111169,597
111169,2571
111169,1608
111169,480
111169,733
111169,8961
111169,2797
111169,5010
111169,539
107342,32
107342,380
107342,1407
107342,1089
107342,2858
107342,150
107342,5952
107342,2291
107342,736
107342,2355
78701,47
78701,32
78701,58559
78701,1200
78701,3300
78701,4011
78701,34405
78701,1215
78701,1261
78701,8950
44253,4993
44253,2571
44253,7153
44253,5349
44253,1200
44253,592
44253,10
44253,8368
44253,5952
44253,150
96903,593
96903,33794
96903,2959
96903,7438
96903,1219
96903,27773
96903,4973
96903,2542
96903,7360
96903,44191
99054,47
99054,593
99054,3147
99054,5266
99054,2762
99054,2028
99054,1721
99054,48516
99054,377
99054,589
45689,1
45689,4886
45689,356
45689,5952
45689,7153
45689,2762
45689,1704
45689,1210
45689,1270
45689,150
55814,2571
55814,51662
55814,49278
55814,33794
55814,33166
55814,47
55814,51540
55814,5010
55814,55118
55814,6502
88887,7361
88887,1193
88887,4878
88887,6711
88887,4034
88887,2329
88887,1225
88887,1097
88887,337
88887,1732
97602,36517
97602,33794
97602,911
97602,48780
97602,34405
97602,41566
97602,7569
97602,48774
97602,27821
97602,45499
99430,32
99430,2762
99430,608
99430,4878
99430,2858
99430,32587
99430,4011
99430,3949
99430,293
99430,48394
134599,2502
134599,593
134599,1089
134599,318
134599,2959
134599,4226
134599,2858
134599,7361
134599,3897
134599,1060
43008,6539
43008,2918
43008,527
43008,1265
43008,2329
43008,110
43008,10
43008,6365
43008,1625
43008,2797
106091,2762
106091,1198
106091,953
106091,356
106091,4993
106091,7153
106091,1136
106091,364
106091,79132
106091,1291
87217,1196
87217,780
87217,32
87217,541
87217,1200
87217,110
87217,1676
87217,3354
87217,8810
87217,1210
108477,5989
108477,50
108477,3147
108477,318
108477,527
108477,4306
108477,49272
108477,8529
108477,8665
108477,1954
102206,339
102206,2424
102206,1923
102206,318
102206,953
102206,440
102206,17
102206,4027
102206,1246
102206,8961
26672,6377
26672,2232
26672,356
26672,527
26672,47
26672,337
26672,70
26672,288
26672,5669
26672,4720
41018,150
41018,1101
41018,500
41018,2716
41018,1617
41018,1291
41018,539
41018,4034
41018,1682
41018,7153
23586,1247
23586,1208
23586,541
23586,2076
23586,4855
23586,3421
23586,1953
23586,8949
23586,1732
23586,2871
13195,33166
13195,58295
13195,41569
13195,55276
13195,54272
13195,44199
13195,48696
13195,51540
13195,44761
13195,34405
4558,8961
4558,1240
4558,457
4558,589
4558,1210
4558,2918
4558,1923
4558,4085
4558,2683
4558,6377
86418,908
86418,527
86418,4973
86418,296
86418,593
86418,750
86418,4993
86418,7153
86418,260
86418,1225
38673,87232
38673,72998
38673,102125
38673,5816
38673,58559
38673,2959
38673,91500
38673,86332
38673,96079
38673,3578
69358,296
69358,457
69358,364
69358,4963
69358,8360
69358,6539
69358,7263
69358,4034
69358,3499
69358,6565
108954,1136
108954,780
108954,1291
108954,1240
108954,2918
108954,2858
108954,1198
108954,1968
108954,4034
108954,1784
8674,48780
8674,56367
8674,48516
8674,54997
8674,46976
8674,51091
8674,8984
8674,52458
8674,45499
8674,54999
36454,2858
36454,4226
36454,47
36454,1921
36454,1884
36454,1298
36454,7361
36454,79132
36454,99114
36454,1201
47158,1197
47158,7153
47158,590
47158,592
47158,1196
47158,318
47158,344
47158,588
47158,4226
47158,1036
120188,2019
120188,7153
120188,293
120188,6016
120188,2762
120188,31878
120188,27773
120188,3578
120188,31410
120188,1136
125323,1210
125323,589
125323,32587
125323,1240
125323,32
125323,2916
125323,3793
125323,1965
125323,1199
125323,6807
128852,296
128852,58559
128852,4993
128852,2959
128852,7153
128852,6333
128852,51662
128852,1580
128852,7438
128852,780
71467,8970
71467,750
71467,6539
71467,7361
71467,5991
71467,588
71467,30816
71467,364
71467,30812
71467,54259
136192,5952
136192,7153
136192,54259
136192,4973
136192,8874
136192,318
136192,2762
136192,356
136192,33794
136192,7361
50085,1391
50085,3527
50085,41566
50085,110
50085,8644
50085,45722
50085,318
50085,1265
50085,5445
50085,364
60468,356
60468,2571
60468,72998
60468,8368
60468,4896
60468,4993
60468,44191
60468,63082
60468,8533
60468,364
132606,2003
132606,68358
132606,1275
132606,72998
132606,541
132606,1136
132606,2542
132606,318
132606,6874
132606,8983
125713,2762
125713,58559
125713,2858
125713,79132
125713,4226
125713,2571
125713,2959
125713,5989
125713,2329
125713,48516
47534,2918
47534,1197
47534,1247
47534,912
47534,608
47534,2959
47534,223
47534,1079
47534,1203
47534,898
21194,27773
21194,60069
21194,356
21194,318
21194,1222
21194,1198
21194,3000
21194,4262
21194,44555
21194,110
89345,1198
89345,1089
89345,1265
89345,150
89345,5418
89345,648
89345,2918
89345,69757
89345,33166
89345,500
78724,2571
78724,46578
78724,296
78724,4226
78724,4878
78724,4973
78724,4979
78724,318
78724,56367
78724,5902
72183,44191
72183,2959
72183,541
72183,4878
72183,7361
72183,70286
72183,55908
72183,1208
72183,5690
72183,32587
22963,1246
22963,4226
22963,2324
22963,3578
22963,1080
22963,2539
22963,4034
22963,288
22963,2291
22963,104841
72691,2571
72691,7153
72691,79132
72691,60069
72691,6539
72691,1682
72691,4963
72691,5989
72691,8961
72691,1704
93112,593
93112,2858
93112,2804
93112,2571
93112,1197
93112,3996
93112,1210
93112,2997
93112,912
93112,4886
21251,480
21251,589
21251,356
21251,1682
21251,7153
21251,4993
21251,110
21251,1240
21251,1573
21251,5952
137597,2571
137597,1193
137597,50
137597,2858
137597,4226
137597,3949
137597,912
137597,608
137597,8784
137597,6016
72537,1197
72537,608
72537,1265
72537,1193
72537,296
72537,2918
72537,21
72537,111
72537,1214
72537,1206
17758,2762
17758,1961
17758,500
17758,3948
17758,3255
17758,3897
17758,2268
17758,1101
17758,4246
17758,5299
105380,2571
105380,1198
105380,750
105380,7361
105380,858
105380,2858
105380,6502
105380,608
105380,2959
105380,1196
117163,2571
117163,858
117163,58559
117163,79132
117163,1258
117163,1219
117163,81591
117163,55820
117163,68954
117163,5995
79191,32
79191,231
79191,480
79191,5952
79191,4993
79191,2683
79191,2762
79191,318
79191,367
79191,7153
53545,1968
53545,79132
53545,81847
53545,3114
53545,1197
53545,46578
53545,8360
53545,5299
53545,7153
53545,4995
65232,54997
65232,50872
65232,296
65232,55765
65232,55820
65232,53519
65232,56782
65232,48516
65232,5418
65232,33794
131023,595
131023,1580
131023,1291
131023,2617
131023,6333
131023,4963
131023,912
131023,1
131023,1918
131023,587
14094,5952
14094,47
14094,293
14094,1208
14094,110
14094,1210
14094,8961
14094,553
14094,1266
14094,527
8299,60069
8299,46578
8299,7147
8299,4226
8299,318
8299,78499
8299,89864
8299,364
8299,81845
8299,6377
5031,2918
5031,1240
5031,7147
5031,48385
5031,1036
5031,3897
5031,1968
5031,733
5031,364
5031,6539
49504,296
49504,2959
49504,593
49504,2571
49504,2858
49504,356
49504,3949
49504,4993
49504,7153
49504,4306
38580,2997
38580,1225
38580,1252
38580,3083
38580,1084
38580,1270
38580,6787
38580,6620
38580,6016
38580,111
100906,5418
100906,6377
100906,3578
100906,2571
100906,44191
100906,318
100906,3793
100906,4886
100906,8970
100906,6753
74164,2762
74164,1210
74164,7153
74164,2959
74164,2329
74164,3793
74164,1527
74164,1036
74164,1270
74164,1213
133232,5618
133232,4993
133232,593
133232,7153
133232,50
133232,48516
133232,30749
133232,1196
133232,1221
133232,2692
41613,58559
41613,31658
41613,8874
41613,27773
41613,83134
41613,97304
41613,72226
41613,97913
41613,81845
41613,57640
10677,69757
10677,4878
10677,296
10677,260
10677,1
10677,2858
10677,59315
10677,7153
10677,4993
10677,1270
128519,3578
128519,1197
128519,3114
128519,2918
128519,6377
128519,1101
128519,1917
128519,5989
128519,1610
128519,2628
132485,4226
132485,150
132485,3578
132485,2571
132485,2028
132485,6
132485,1961
132485,3147
132485,1
132485,104
124293,356
124293,858
124293,50
124293,1265
124293,2858
124293,110
124293,593
124293,527
124293,1610
124293,457
109726,1240
109726,2716
109726,1291
109726,2947
109726,2371
109726,1270
109726,2795
109726,79132
109726,2115
109726,1994
88122,1200
88122,2916
88122,3499
88122,904
88122,2000
88122,780
88122,1674
88122,2268
88122,1961
88122,1307
51266,2810
51266,1274
51266,3000
51266,8961
51266,2761
51266,8874
51266,26776
51266,69844
51266,5291
51266,1252
29116,595
29116,318
29116,63082
29116,356
29116,8360
29116,8368
29116,72998
29116,527
29116,44191
29116,54286
137942,1206
137942,48394
137942,55442
137942,1197
137942,31658
137942,2858
137942,7361
137942,750
137942,2571
137942,5971
81746,2858
81746,44191
81746,49272
81746,58559
81746,48774
81746,54259
81746,527
81746,541
81746,4226
81746,3000
131642,33794
131642,5618
131642,6539
131642,8874
131642,31658
131642,1270
131642,2115
131642,592
131642,3793
131642,466
96755,6539
96755,33794
96755,1270
96755,1214
96755,318
96755,110
96755,296
96755,527
96755,858
96755,4306
12490,8984
12490,54001
12490,6294
12490,31696
12490,6378
12490,46530
12490,6539
12490,6541
12490,31878
12490,53322
38689,318
38689,2571
38689,2858
38689,356
38689,4995
38689,3578
38689,110
38689,1089
38689,2762
38689,6
60059,2459
60059,3210
60059,1073
60059,1982
60059,1288
60059,919
60059,1258
60059,54503
60059,6731
60059,7387
124661,31685
124661,5989
124661,1704
124661,4995
124661,3753
124661,6765
124661,7143
124661,8970
124661,6218
124661,6565
47083,527
47083,1089
47083,1961
47083,858
47083,1222
47083,7438
47083,293
47083,2028
47083,1097
47083,4878
20691,457
20691,1580
20691,1527
20691,780
20691,3793
20691,733
20691,1036
20691,1197
20691,208
20691,150
101241,3897
101241,4878
101241,4226
101241,356
101241,6874
101241,3147
101241,597
101241,6539
101241,1682
101241,33166
115408,3897
115408,2858
115408,2683
115408,1221
115408,54503
115408,7438
115408,1923
115408,6807
115408,32587
115408,784
31845,96079
31845,88744
31845,87232
31845,5445
31845,296
31845,3578
31845,33794
31845,91542
31845,80463
31845,72998
126751,2571
126751,48516
126751,7361
126751,527
126751,44555
126751,2858
126751,593
126751,6016
126751,46578
126751,5952
47221,110
47221,8961
47221,318
47221,2959
47221,59315
47221,6377
47221,48780
47221,49530
47221,5349
47221,2028
111242,457
111242,527
111242,1183
111242,1270
111242,150
111242,30707
111242,110
111242,40815
111242,1610
111242,46578
22983,2858
22983,5989
22983,4995
22983,4993
22983,318
22983,1680
22983,1682
22983,1059
22983,5218
22983,7361
80174,7361
80174,1208
80174,1732
80174,3160
80174,37741
80174,4848
80174,64839
80174,2997
80174,1213
80174,111
59090,68358
59090,79132
59090,58559
59090,51662
59090,3578
59090,55232
59090,87520
59090,480
59090,1291
59090,68791
70255,1089
70255,47
70255,858
70255,2329
70255,1240
70255,50
70255,318
70255,2411
70255,6874
70255,1221
22888,1097
22888,2571
22888,2302
22888,3623
22888,296
22888,110
22888,370
22888,3984
22888,788
22888,1917
48527,2019
48527,7766
48527,7941
48527,26150
48527,8848
48527,25963
48527,25805
48527,8609
48527,7099
48527,1032
4968,71535
4968,3753
4968,6874
4968,216
4968,1968
4968,4022
4968,1923
4968,1198
4968,72641
4968,3005
201,4226
201,4973
201,903
201,924
201,1354
201,750
201,6016
201,1258
201,5878
201,27266
3267,3578
3267,48394
3267,32587
3267,58559
3267,5952
3267,4306
3267,44191
3267,33794
3267,48516
3267,49272
35091,53996
35091,68954
35091,56174
35091,87232
35091,48780
35091,60040
35091,73017
35091,46530
35091,34319
35091,70286
21817,56367
21817,4993
21817,903
21817,5418
21817,6539
21817,912
21817,608
21817,6711
21817,1704
21817,44555
90629,5618
90629,60069
90629,68954
90629,4995
90629,356
90629,40815
90629,38038
90629,296
90629,5989
90629,527
5303,4015
5303,5785
5303,1047
5303,180
5303,8972
5303,32019
5303,45499
5303,6333
5303,2762
5303,2012
122028,5952
122028,48780
122028,6377
122028,6874
122028,7361
122028,1193
122028,1219
122028,7438
122028,50
122028,1270
29673,364
29673,1197
29673,8641
29673,49530
29673,296
29673,5110
29673,7147
29673,1517
29673,27831
29673,6863
103747,1240
103747,1089
103747,2987
103747,1580
103747,589
103747,1270
103747,1206
103747,4306
103747,2762
103747,50
5677,4246
5677,55765
5677,150
5677,8665
5677,33794
5677,2858
5677,46723
5677,588
5677,1608
5677,1917
42483,2959
42483,79132
42483,7153
42483,76093
42483,2571
42483,1
42483,6377
42483,1136
42483,296
42483,527
13128,3578
13128,318
13128,1196
13128,33794
13128,47
13128,1291
13128,4306
13128,4011
13128,1089
13128,7361
52229,4226
52229,1240
52229,2329
52229,589
52229,1136
52229,8874
52229,69122
52229,593
52229,6874
52229,2700
6234,608
6234,593
6234,858
6234,1219
6234,1276
6234,953
6234,5060
6234,1278
6234,912
6234,923
84116,91529
84116,1197
84116,102445
84116,60069
84116,33794
84116,106489
84116,68358
84116,79132
84116,1207
84116,589
95163,6377
95163,2959
95163,1136
95163,7361
95163,593
95163,364
95163,1732
95163,318
95163,4306
95163,58559
64505,68954
64505,608
64505,58559
64505,1682
64505,296
64505,4226
64505,7361
64505,1089
64505,2858
64505,2762
11159,1196
11159,25923
11159,1198
11159,25850
11159,923
11159,3022
11159,7013
11159,8609
11159,7700
11159,608
110913,1580
110913,260
110913,1233
110913,5445
110913,1136
110913,1210
110913,1196
110913,2997
110913,2716
110913,3527
58841,48516
58841,1222
58841,32
58841,1265
58841,293
58841,4262
58841,8874
58841,1208
58841,55820
58841,1136
15134,2858
15134,4226
15134,904
15134,2571
15134,551
15134,7361
15134,1258
15134,1617
15134,589
15134,1080
112303,318
112303,5952
112303,1210
112303,2959
112303,60069
112303,33794
112303,589
112303,1748
112303,48780
112303,48394
38566,7438
38566,4993
38566,2571
38566,1221
38566,1219
38566,2997
38566,5952
38566,7153
38566,4262
38566,293
69817,356
69817,4995
69817,7153
69817,5952
69817,8970
69817,2571
69817,318
69817,2324
69817,527
69817,79132
117623,296
117623,6539
117623,4022
117623,2028
117623,104
117623,593
117623,231
117623,8961
117623,4963
117623,5952
36472,2858
36472,4306
36472,8622
36472,1258
36472,1080
36472,7361
36472,1073
36472,6874
36472,7438
36472,858
90931,5618
90931,31658
90931,50872
90931,79091
90931,71899
90931,78499
90931,7361
90931,55442
90931,5218
90931,106696
95862,2858
95862,593
95862,5952
95862,1210
95862,8360
95862,2959
95862,3578
95862,1265
95862,5378
95862,8961
44785,296
44785,318
44785,593
44785,2762
44785,2959
44785,858
44785,110
44785,47
44785,3578
44785,4963
9393,7153
9393,5952
9393,4886
9393,1
9393,1136
9393,1281
9393,1214
9393,1225
9393,1960
9393,1223
13318,1206
13318,1527
13318,1258
13318,1219
13318,4878
13318,527
13318,1197
13318,2617
13318,235
13318,4226
93379,8961
93379,1
93379,7361
93379,2571
93379,750
93379,1682
93379,44191
93379,1270
93379,6377
93379,2762
14967,5952
14967,4993
14967,7153
14967,5618
14967,3793
14967,2761
14967,1270
14967,1198
14967,6333
14967,7099
15524,480
15524,356
15524,1270
15524,1198
15524,260
15524,6377
15524,1291
15524,1721
15524,527
15524,2762
14840,780
14840,1200
14840,32
14840,480
14840,1213
14840,1617
14840,648
14840,1387
14840,736
14840,597
57152,527
57152,2028
57152,1089
57152,2959
57152,7153
57152,260
57152,4262
57152,858
57152,1213
57152,111
116006,4995
116006,110
116006,4973
116006,608
116006,7361
116006,1193
116006,2329
116006,1
116006,778
116006,63082
65863,593
65863,2115
65863,5952
65863,2716
65863,1580
65863,110
65863,2916
65863,2011
65863,316
65863,6377
24174,955
24174,2728
24174,2936
24174,7063
24174,3089
24174,6783
24174,7013
24174,1939
24174,1077
24174,2076
30225,356
30225,50
30225,7361
30225,32587
30225,924
30225,1732
30225,1206
30225,2712
30225,1200
30225,1208
32101,2571
32101,44191
32101,63082
32101,68954
32101,60069
32101,7438
32101,2959
32101,68157
32101,318
32101,6874
48712,44191
48712,34162
48712,82459
48712,97304
48712,48394
48712,33794
48712,45950
48712,49530
48712,72011
48712,81932
119078,318
119078,2858
119078,1270
119078,6377
119078,593
119078,586
119078,150
119078,480
119078,158
119078,2571
121404,77561
121404,5459
121404,89745
121404,76251
121404,6539
121404,7293
121404,1291
121404,34162
121404,5574
121404,780
87852,2571
87852,1148
87852,7361
87852,4011
87852,858
87852,4973
87852,750
87852,55820
87852,2542
87852,1080
29062,33794
29062,51662
29062,3578
29062,2959
29062,356
29062,5218
29062,588
29062,1080
29062,32587
29062,72998
61599,58559
61599,2959
61599,74458
61599,72998
61599,70286
61599,79702
61599,4878
61599,33794
61599,87232
61599,8361
51577,4973
51577,1221
51577,4226
51577,1193
51577,47
51577,58559
51577,1136
51577,6016
51577,3949
51577,1208
4982,1265
4982,908
4982,904
4982,81845
4982,50
4982,1079
4982,903
4982,356
4982,2020
4982,63082
67510,4993
67510,60069
67510,32587
67510,2700
67510,33004
67510,48394
67510,27904
67510,318
67510,541
67510,48780
103559,60069
103559,4993
103559,55820
103559,1089
103559,68157
103559,8950
103559,4973
103559,44191
103559,2542
103559,51255
74217,1
74217,541
74217,7361
74217,4226
74217,3578
74217,2028
74217,32587
74217,1200
74217,1258
74217,4973
1844,6539
1844,551
1844,158
1844,2762
1844,4993
1844,39
1844,2321
1844,7153
1844,41566
1844,1
114596,2762
114596,1291
114596,2502
114596,1210
114596,3114
114596,457
114596,593
114596,2028
114596,1704
114596,3578
18365,4993
18365,2858
18365,1387
18365,858
18365,296
18365,1222
18365,1270
18365,1221
18365,750
18365,1225
63510,1196
63510,2571
63510,2762
63510,1198
63510,1213
63510,1
63510,2959
63510,1193
63510,1270
63510,608
26544,4306
26544,1527
26544,2858
26544,527
26544,110
26544,1246
26544,2174
26544,1968
26544,1580
26544,293
73622,364
73622,2502
73622,58559
73622,2291
73622,1136
73622,27904
73622,5971
73622,4306
73622,8376
73622,1073
114498,5952
114498,4993
114498,6874
114498,48774
114498,1214
114498,49272
114498,6016
114498,1222
114498,2858
114498,33794
126522,5618
126522,4878
126522,8784
126522,74458
126522,3949
126522,79702
126522,48082
126522,72226
126522,86882
126522,2858
101011,5995
101011,4306
101011,8970
101011,4973
101011,6711
101011,39183
101011,2329
101011,6539
101011,337
101011,1682
81273,1197
81273,58559
81273,46578
81273,66097
81273,4973
81273,4886
81273,26662
81273,48394
81273,3000
81273,915
111054,364
111054,318
111054,8360
111054,6377
111054,79132
111054,593
111054,296
111054,1
111054,4995
111054,1682
118582,1198
118582,58559
118582,296
118582,593
118582,50
118582,69122
118582,1923
118582,344
118582,165
118582,1291
114787,16
114787,480
114787,1208
114787,608
114787,1527
114787,5952
114787,4993
114787,33794
114787,1198
114787,51255
36036,37729
36036,79132
36036,66097
36036,81591
36036,80549
36036,60069
36036,97913
36036,89745
36036,95510
36036,44974
60749,51662
60749,47200
60749,3275
60749,68157
60749,49272
60749,2329
60749,57528
60749,1080
60749,44191
60749,53519
134788,2571
134788,858
134788,593
134788,2858
134788,4995
134788,1961
134788,6016
134788,2028
134788,1206
134788,527
95168,2858
95168,919
95168,593
95168,296
95168,5952
95168,1704
95168,50
95168,588
95168,4306
95168,2797
119778,34048
119778,5349
119778,44191
119778,45722
119778,2947
119778,46972
119778,56174
119778,56152
119778,2991
119778,50872
83622,48516
83622,780
83622,1721
83622,356
83622,111
83622,68237
83622,1580
83622,33493
83622,3578
83622,55820
28706,2571
28706,608
28706,1252
28706,527
28706,2858
28706,31410
28706,47
28706,1206
28706,1222
28706,4144
9553,33794
9553,1200
9553,2762
9553,7361
9553,356
9553,3000
9553,48780
9553,32587
9553,2858
9553,6874
71613,2571
71613,1222
71613,593
71613,1193
71613,1673
71613,778
71613,1206
71613,79132
71613,1095
71613,3481
21654,3114
21654,588
21654,1
21654,8360
21654,76093
21654,33615
21654,37729
21654,62999
21654,1032
21654,54272
52457,58559
52457,63082
52457,79132
52457,49530
52457,33166
52457,82459
52457,55820
52457,30749
52457,48780
52457,72011
61462,110
61462,2858
61462,4993
61462,36529
61462,2762
61462,356
61462,593
61462,48516
61462,2028
61462,293
84510,318
84510,2028
84510,344
84510,2335
84510,1485
84510,2694
84510,1961
84510,4239
84510,1387
84510,457
120006,1197
120006,741
120006,101864
120006,541
120006,106002
120006,2105
120006,4886
120006,27611
120006,1198
120006,6283
114699,480
114699,1210
114699,41566
114699,8371
114699,2716
114699,2761
114699,3793
114699,1265
114699,150
114699,4446
76758,260
76758,1210
76758,48394
76758,2571
76758,4973
76758,1196
76758,51255
76758,44191
76758,3052
76758,48780
12145,2858
12145,2571
12145,79132
12145,2959
12145,4226
12145,6874
12145,527
12145,92259
12145,99114
12145,7361
16850,110
16850,4973
16850,1213
16850,7153
16850,2324
16850,527
16850,293
16850,99114
16850,109374
16850,1682
126045,480
126045,2959
126045,2571
126045,356
126045,6502
126045,1214
126045,2762
126045,2716
126045,1089
126045,4226
108538,51662
108538,81834
108538,5952
108538,53996
108538,68358
108538,6564
108538,45186
108538,78105
108538,48780
108538,2959
100261,1272
100261,4226
100261,5418
100261,1231
100261,2762
100261,608
100261,1252
100261,1262
100261,1197
100261,1089
64689,480
64689,58559
64689,89745
64689,1240
64689,4306
64689,91529
64689,4886
64689,99114
64689,2987
64689,2011
5917,858
5917,5418
5917,2959
5917,589
5917,5349
5917,3793
5917,380
5917,4995
5917,1036
5917,3996
93667,1210
93667,1291
93667,1221
93667,969
93667,1252
93667,4427
93667,1234
93667,1283
93667,457
93667,920
70877,37741
70877,49272
70877,38061
70877,34072
70877,31878
70877,40583
70877,33794
70877,52281
70877,50872
70877,41716
32161,5669
32161,356
32161,1270
32161,2944
32161,2028
32161,1293
32161,590
32161,50068
32161,6807
32161,44195
111234,2542
111234,79132
111234,318
111234,4878
111234,6016
111234,1732
111234,1080
111234,58559
111234,1199
111234,1208
17552,1036
17552,356
17552,50
17552,1222
17552,318
17552,54286
17552,49272
17552,527
17552,2997
17552,70286
87295,1580
87295,2174
87295,1265
87295,2291
87295,356
87295,7153
87295,2918
87295,5952
87295,3114
87295,8360
102565,54272
102565,588
102565,7022
102565,593
102565,778
102565,3949
102565,33166
102565,48385
102565,32587
102565,1240
101854,608
101854,1208
101854,2571
101854,6711
101854,1206
101854,1196
101854,5952
101854,260
101854,778
101854,356
117060,7099
117060,4878
117060,3000
117060,1206
117060,551
117060,1258
117060,2291
117060,26776
117060,7361
117060,1348
131087,5952
131087,8961
131087,4306
131087,1136
131087,593
131087,6874
131087,1198
131087,6539
131087,3996
131087,1
122920,356
122920,2858
122920,3949
122920,6377
122920,46976
122920,1704
122920,56367
122920,593
122920,2502
122920,4306
36526,1258
36526,2959
36526,1374
36526,38038
36526,4973
36526,1281
36526,4306
36526,34405
36526,7649
36526,923
112005,1
112005,1265
112005,2858
112005,1213
112005,1721
112005,1097
112005,4963
112005,1101
112005,527
112005,593
43100,1704
43100,110
43100,4963
43100,1721
43100,5989
43100,150
43100,648
43100,1246
43100,6378
43100,5418
78436,69122
78436,1580
78436,1036
78436,2947
78436,2791
78436,10
78436,72998
78436,1197
78436,1240
78436,68954
49226,2571
49226,593
49226,1258
49226,111
49226,55820
49226,4973
49226,1089
49226,4226
49226,527
49226,1193
37385,81834
37385,45499
37385,6333
37385,59315
37385,2640
37385,3793
37385,87232
37385,88140
37385,89745
37385,58559
89081,2329
89081,8972
89081,88810
89081,208
89081,91535
89081,85020
89081,90717
89081,1777
89081,736
89081,6874
24361,1036
24361,2329
24361,110
24361,1198
24361,3740
24361,48304
24361,2011
24361,1196
24361,3897
24361,2997
55836,5418
55836,1265
55836,8961
55836,6539
55836,4963
55836,1222
55836,377
55836,527
55836,4973
55836,4995
60565,1704
60565,150
60565,1090
60565,3552
60565,3360
60565,2915
60565,81932
60565,2944
60565,296
60565,79132
54208,51662
54208,48516
54208,4226
54208,44191
54208,3578
54208,5445
54208,32587
54208,34405
54208,6874
54208,6539
4357,79132
4357,1198
4357,1527
4357,318
4357,1246
4357,6539
4357,68954
4357,72998
4357,1136
4357,4995
21576,1307
21576,457
21576,1270
21576,150
21576,356
21576,2762
21576,1198
21576,1704
21576,2797
21576,3755
108290,8360
108290,733
108290,6539
108290,260
108290,356
108290,1101
108290,4025
108290,1291
108290,736
108290,3578
107329,36517
107329,33166
107329,40819
107329,33660
107329,38886
107329,41997
107329,38061
107329,6867
107329,31878
107329,34437
26954,2571
26954,4973
26954,296
26954,6711
26954,1183
26954,2997
26954,356
26954,4995
26954,32
26954,318
50835,1270
50835,3114
50835,2571
50835,1196
50835,4973
50835,4306
50835,4993
50835,76093
50835,541
50835,1293
8074,30707
8074,30822
8074,8961
8074,7158
8074,8981
8074,8966
8074,30812
8074,33493
8074,8910
8074,8983
15314,364
15314,104
15314,368
15314,8961
15314,6377
15314,5349
15314,3147
15314,1923
15314,520
15314,4306
105216,8641
105216,4963
105216,555
105216,61132
105216,60684
105216,8917
105216,551
105216,7153
105216,4993
105216,4007
63218,45499
63218,40819
63218,6539
63218,45447
63218,6188
63218,49272
63218,3948
63218,2502
63218,6870
63218,4896
128036,2959
128036,1645
128036,4979
128036,6377
128036,2302
128036,44195
128036,1500
128036,21
128036,39
128036,5013
11724,49272
11724,5952
11724,5445
11724,71535
11724,51255
11724,296
11724,4963
11724,480
11724,2028
11724,60684
86839,33679
86839,33646
86839,34162
86839,33437
86839,31696
86839,33830
86839,31221
86839,8807
86839,32019
86839,6379
31908,1196
31908,318
31908,79702
31908,71535
31908,5952
31908,4993
31908,1036
31908,50
31908,1222
31908,7153
84987,3578
84987,1089
84987,778
84987,6016
84987,2762
84987,1208
84987,750
84987,1265
84987,32
84987,1270
16592,4993
16592,58559
16592,1210
16592,32
16592,1527
16592,2959
16592,7438
16592,7153
16592,589
16592,318
11583,4262
11583,49272
11583,1246
11583,923
11583,3088
11583,2997
11583,48774
11583,38038
11583,1953
11583,1252
5066,3114
5066,1270
5066,4306
5066,58559
5066,3996
5066,2716
5066,8360
5066,1073
5066,6365
5066,1682
128102,2858
128102,8784
128102,46578
128102,33880
128102,296
128102,7361
128102,1258
128102,1732
128102,61024
128102,101
64571,110
64571,588
64571,1270
64571,7361
64571,32
64571,60069
64571,780
64571,593
64571,500
64571,5418
117578,1136
117578,1196
117578,1200
117578,593
117578,1198
117578,2571
117578,1208
117578,527
117578,7153
117578,1617
27638,2542
27638,1089
27638,111
27638,2858
27638,778
27638,4878
27638,2908
27638,46723
27638,4848
27638,5015
30609,1208
30609,8874
30609,8949
30609,1222
30609,1206
30609,2762
30609,30707
30609,5349
30609,6708
30609,5995
55099,56367
55099,88810
55099,48394
55099,46578
55099,39183
55099,88125
55099,81834
55099,7361
55099,1207
55099,68954
6433,32
6433,2571
6433,5618
6433,2959
6433,1136
6433,2858
6433,1527
6433,1089
6433,7361
6433,2291
52808,3147
52808,597
52808,79132
52808,4226
52808,2571
52808,1721
52808,2396
52808,6539
52808,5418
52808,527
38615,32
38615,1193
38615,589
38615,1198
38615,1
38615,293
38615,4973
38615,260
38615,1704
38615,4235
35973,3578
35973,904
35973,2762
35973,1997
35973,1610
35973,1673
35973,1394
35973,4034
35973,2427
35973,3039
59107,589
59107,296
59107,356
59107,2959
59107,293
59107,7143
59107,6874
59107,2353
59107,1196
59107,8665
9758,2959
9758,63082
9758,2858
9758,56367
9758,4973
9758,53123
9758,69757
9758,97921
9758,60950
9758,6942
52351,2329
52351,364
52351,4878
52351,56367
52351,919
52351,2291
52351,480
52351,6377
52351,586
52351,46578
252,527
252,912
252,1208
252,913
252,858
252,750
252,1267
252,48516
252,1136
252,1234
90394,72998
90394,4973
90394,32587
90394,60684
90394,6377
90394,50872
90394,364
90394,5995
90394,30707
90394,527
107255,296
107255,1968
107255,2804
107255,1704
107255,1193
107255,2997
107255,337
107255,1307
107255,5989
107255,1961
89096,1213
89096,223
89096,1961
89096,593
89096,7153
89096,1252
89096,2329
89096,47
89096,58559
89096,110
12597,2858
12597,2959
12597,296
12597,80463
12597,1193
12597,89492
12597,7361
12597,82459
12597,4995
12597,96821
2474,593
2474,2762
2474,110
2474,356
2474,5445
2474,55765
2474,4995
2474,55820
2474,44191
2474,7361
94013,70286
94013,58998
94013,7981
94013,27801
94013,57368
94013,55253
94013,54995
94013,62434
94013,26547
94013,26840
86716,541
86716,750
86716,5952
86716,745
86716,58559
86716,260
86716,4226
86716,2324
86716,79132
86716,1198
61952,3552
61952,8665
61952,3996
61952,3578
61952,7569
61952,110
61952,2991
61952,1220
61952,858
61952,2028
89690,1196
89690,7361
89690,4226
89690,318
89690,6711
89690,55721
89690,90531
89690,260
89690,7022
89690,2858
70143,8636
70143,2174
70143,592
70143,1374
70143,2355
70143,50
70143,4571
70143,1690
70143,6365
70143,223
25551,1291
25551,457
25551,500
25551,3114
25551,1259
25551,1136
25551,592
25551,4011
25551,5989
25551,5952
71498,4306
71498,31658
71498,6377
71498,364
71498,46976
71498,7147
71498,50872
71498,6539
71498,72226
71498,356
95599,50
95599,1208
95599,32
95599,55282
95599,296
95599,924
95599,541
95599,2826
95599,1203
95599,5952
13610,110
13610,5349
13610,318
13610,1
13610,260
13610,33794
13610,2571
13610,1527
13610,356
13610,6539
111727,63082
111727,30749
111727,63876
111727,36517
111727,56367
111727,72395
111727,46850
111727,6331
111727,55820
111727,8645
96578,589
96578,1
96578,593
96578,6539
96578,6377
96578,8360
96578,45722
96578,49272
96578,54272
96578,1370
7365,59315
7365,60069
7365,4886
7365,6377
7365,83134
7365,51662
7365,4306
7365,81847
7365,81834
7365,109374
56832,41566
56832,364
56832,4886
56832,6377
56832,4701
56832,59784
56832,2953
56832,595
56832,45447
56832,45722
118361,6333
118361,3147
118361,318
118361,2762
118361,3793
118361,7445
118361,4995
118361,7458
118361,364
118361,4886
36825,2571
36825,85414
36825,356
36825,4022
36825,1270
36825,91529
36825,589
36825,1704
36825,2762
36825,80463
72217,908
72217,858
72217,750
72217,1212
72217,951
72217,1221
72217,1207
72217,1203
72217,1210
72217,5291
32861,78499
32861,2959
32861,68954
32861,1032
32861,1136
32861,1258
32861,2087
32861,72226
32861,4878
32861,61323
50388,3949
50388,1704
50388,4993
50388,7361
50388,1721
50388,1193
50388,778
50388,68954
50388,231
50388,1
86521,6874
86521,1485
86521,780
86521,1
86521,6539
86521,3114
86521,44191
86521,2716
86521,2918
86521,733
114947,8961
114947,2571
114947,1682
114947,1136
114947,80463
114947,68358
114947,70286
114947,3793
114947,4306
114947,68954
111324,54286
111324,47
111324,2324
111324,68157
111324,2762
111324,5995
111324,7153
111324,80463
111324,4993
111324,5952
34617,296
34617,2959
34617,2706
34617,1517
34617,5349
34617,5418
34617,7153
34617,33794
34617,4963
34617,110
28239,2502
28239,5669
28239,1219
28239,2571
28239,44788
28239,7132
28239,46976
28239,31658
28239,53894
28239,6062
60848,5989
60848,4011
60848,1198
60848,318
60848,7445
60848,2502
60848,1060
60848,1387
60848,2858
60848,3916
101178,68954
101178,1246
101178,1259
101178,40815
101178,1704
101178,527
101178,1270
101178,2795
101178,150
101178,3552
62619,1198
62619,608
62619,527
62619,7361
62619,1219
62619,296
62619,750
62619,912
62619,4878
62619,1197
63459,1060
63459,260
63459,4878
63459,36708
63459,1196
63459,1729
63459,1617
63459,8376
63459,527
63459,1210
64949,56788
64949,48516
64949,60950
64949,41997
64949,57669
64949,63876
64949,39292
64949,53123
64949,46578
64949,48696
29508,1270
29508,750
29508,1198
29508,4886
29508,4306
29508,3671
29508,2028
29508,60069
29508,1079
29508,2716
92693,48394
92693,6754
92693,6874
92693,5989
92693,2028
92693,7438
92693,54001
92693,7458
92693,63082
92693,32587
86526,1089
86526,1217
86526,318
86526,7156
86526,1258
86526,908
86526,5995
86526,1219
86526,7153
86526,33794
20028,546
20028,587
20028,2581
20028,2722
20028,2713
20028,196
20028,7380
20028,1907
20028,1591
20028,2042
47357,7361
47357,48774
47357,70286
47357,1206
47357,74458
47357,4226
47357,5971
47357,7099
47357,2959
47357,7153
109387,2692
109387,8665
109387,58559
109387,3578
109387,57669
109387,46723
109387,63082
109387,50
109387,44191
109387,48780
17273,608
17273,1265
17273,50
17273,1617
17273,2716
17273,367
17273,141
17273,480
17273,110
17273,1721
55591,47
55591,1580
55591,50
55591,33794
55591,1198
55591,4973
55591,8360
55591,364
55591,608
55591,780
19368,2918
19368,3897
19368,2997
19368,1059
19368,6942
19368,8970
19368,2005
19368,1732
19368,4308
19368,4246
104606,1200
104606,541
104606,4329
104606,858
104606,2028
104606,32587
104606,1136
104606,1219
104606,6870
104606,912
47953,4993
47953,7153
47953,6539
47953,68358
47953,8368
47953,1210
47953,1196
47953,3052
47953,7373
47953,3793
90009,36529
90009,55765
90009,2571
90009,2858
90009,2959
90009,593
90009,33660
90009,7445
90009,49272
90009,96811
131938,110
131938,2028
131938,1961
131938,6377
131938,8958
131938,1704
131938,1225
131938,508
131938,150
131938,2571
28457,50
28457,1961
28457,4306
28457,7361
28457,4993
28457,3948
28457,44191
28457,4022
28457,1
28457,5952
102455,2571
102455,71535
102455,68954
102455,79132
102455,46578
102455,52973
102455,2858
102455,2572
102455,63082
102455,4963
22907,111
22907,32
22907,1214
22907,1199
22907,1208
22907,1258
22907,541
22907,2959
22907,1089
22907,162
3010,59315
3010,1196
3010,31658
3010,33493
3010,364
3010,1274
3010,5690
3010,7153
3010,5349
3010,595
7836,36517
7836,34437
7836,34155
7836,5059
7836,44555
7836,48738
7836,27878
7836,33154
7836,5932
7836,44694
4745,86882
4745,8949
4745,89492
4745,34153
4745,40819
4745,71579
4745,46850
4745,50872
4745,55820
4745,96488
39330,7361
39330,47
39330,4226
39330,356
39330,1265
39330,593
39330,3578
39330,1136
39330,1527
39330,6874
90882,69122
90882,7361
90882,4973
90882,68157
90882,54286
90882,480
90882,1721
90882,648
90882,1917
90882,586
61197,59315
61197,2542
61197,49530
61197,318
61197,6539
61197,356
61197,71535
61197,2028
61197,47
61197,50
99446,899
99446,1136
99446,904
99446,1028
99446,1278
99446,919
99446,1947
99446,1104
99446,1282
99446,2300
104784,6377
104784,551
104784,3000
104784,4306
104784,253
104784,1222
104784,2987
104784,8360
104784,1136
104784,1080
60477,1722
60477,3633
60477,45720
60477,5991
60477,6377
60477,8961
60477,2990
60477,45517
60477,4963
60477,44195
91188,6218
91188,5218
91188,2572
91188,50872
91188,4025
91188,5299
91188,356
91188,4308
91188,597
91188,46578
51648,1282
51648,527
51648,1073
51648,923
51648,1307
51648,954
51648,2018
51648,2797
51648,1198
51648,1230
48013,2329
48013,7153
48013,4993
48013,2959
48013,1222
48013,1089
48013,7438
48013,1080
48013,32587
48013,4011
118921,356
118921,6377
118921,593
118921,6539
118921,2291
118921,47
118921,3996
118921,2396
118921,253
118921,364
95396,2858
95396,593
95396,2571
95396,1213
95396,51662
95396,3949
95396,2542
95396,7153
95396,4993
95396,3578
19096,260
19096,296
19096,2502
19096,1527
19096,480
19096,1210
19096,541
19096,1265
19096,1136
19096,1291
80411,2959
80411,260
80411,1197
80411,5618
80411,296
80411,78499
80411,31658
80411,8961
80411,6377
80411,1136
24759,4995
24759,1270
24759,110
24759,480
24759,5349
24759,2617
24759,1682
24759,150
24759,4014
24759,33493
12273,374
12273,6014
12273,2701
12273,4247
12273,546
12273,1681
12273,4270
12273,1027
12273,3825
12273,8814
134612,4306
134612,50
134612,296
134612,56367
134612,2571
134612,2329
134612,4995
134612,49272
134612,110
134612,780
51640,110
51640,2571
51640,70286
51640,377
51640,39446
51640,51662
51640,48780
51640,81932
51640,292
51640,5349
55273,37733
55273,5225
55273,7361
55273,8961
55273,5617
55273,1235
55273,2076
55273,34338
55273,30810
55273,2020
85068,260
85068,7153
85068,293
85068,7143
85068,51662
85068,2329
85068,1198
85068,47
85068,44191
85068,33794
41819,31658
41819,6502
41819,26662
41819,48394
41819,253
41819,5679
41819,3000
41819,47
41819,2959
41819,6350
133,527
133,48394
133,74458
133,858
133,63082
133,81845
133,46578
133,6016
133,608
133,4306
27454,1206
27454,2959
27454,1232
27454,7361
27454,4973
27454,79132
27454,1217
27454,6874
27454,1193
27454,541
134144,6365
134144,54286
134144,36529
134144,44191
134144,33493
134144,56174
134144,4022
134144,1320
134144,64614
134144,27611
53486,4973
53486,6377
53486,3578
53486,318
53486,1721
53486,527
53486,4886
53486,1961
53486,4963
53486,2329
125147,32587
125147,55820
125147,68358
125147,4973
125147,69122
125147,67734
125147,63062
125147,48394
125147,46578
125147,68237
60654,4306
60654,32
60654,150
60654,4226
60654,2858
60654,589
60654,4963
60654,1527
60654,586
60654,1961
50138,2858
50138,4886
50138,6377
50138,2571
50138,594
50138,2081
50138,8961
50138,1
50138,2959
50138,1136
90998,58559
90998,72998
90998,318
90998,2959
90998,1249
90998,44665
90998,1610
90998,356
90998,1036
90998,59315
92702,3578
92702,1265
92702,2762
92702,2028
92702,110
92702,4011
92702,2716
92702,1196
92702,165
92702,589
114452,4226
114452,69757
114452,1968
114452,112290
114452,81591
114452,88129
114452,46578
114452,1193
114452,56367
114452,106100
88267,55820
88267,61323
88267,81845
88267,8961
88267,48780
88267,30793
88267,68157
88267,68358
88267,41566
88267,40815
25325,1198
25325,2028
25325,296
25325,2959
25325,3578
25325,733
25325,1291
25325,8961
25325,2918
25325,4995
67561,2997
67561,318
67561,8636
67561,5989
67561,3578
67561,4963
67561,6333
67561,8961
67561,1265
67561,4011
135624,1193
135624,924
135624,318
135624,5952
135624,2028
135624,110
135624,3504
135624,608
135624,527
135624,1221
42949,1682
42949,7293
42949,1
42949,1073
42949,33166
42949,6188
42949,7147
42949,597
42949,3556
42949,296
45684,593
45684,111
45684,750
45684,1288
45684,1213
45684,46578
45684,4973
45684,7361
45684,1244
45684,923
13474,318
13474,6539
13474,54286
13474,4973
13474,4011
13474,44191
13474,46578
13474,68157
13474,1196
13474,356
50788,318
50788,2571
50788,2858
50788,7361
50788,4973
50788,356
50788,17
50788,4308
50788,6711
50788,39
64868,2997
64868,2181
64868,4226
64868,924
64868,4979
64868,2076
64868,2212
64868,1260
64868,2858
64868,1258
40736,3911
40736,1968
40736,1449
40736,2997
40736,4361
40736,3897
40736,1246
40736,2359
40736,1193
40736,910
114412,58559
114412,88129
114412,2403
114412,4855
114412,1212
114412,6874
114412,919
114412,527
114412,1248
114412,1127
59704,480
59704,4306
59704,6539
59704,1580
59704,588
59704,2273
59704,2617
59704,8636
59704,5816
59704,1722
21706,4973
21706,8873
21706,6016
21706,2324
21706,27803
21706,5878
21706,5995
21706,2692
21706,3067
21706,5225
1690,74458
1690,47610
1690,356
1690,48997
1690,7254
1690,8533
1690,8783
1690,4014
1690,51086
1690,2762
28603,48516
28603,33794
28603,1196
28603,32587
28603,4979
28603,4878
28603,7438
28603,480
28603,1197
28603,457
36670,72998
36670,6539
36670,356
36670,49530
36670,47610
36670,49272
36670,110
36670,68954
36670,4226
36670,73017
14811,2502
14811,2321
14811,908
14811,318
14811,2858
14811,3809
14811,1207
14811,296
14811,608
14811,1270
54608,3967
54608,47
54608,1246
54608,6016
54608,2908
54608,3481
54608,5989
54608,1090
54608,475
54608,2291
122912,1214
122912,6
122912,318
122912,480
122912,2329
122912,2959
122912,293
122912,1617
122912,1704
122912,1221
51054,5816
51054,47
51054,2571
51054,356
51054,253
51054,1377
51054,5218
51054,4886
51054,73017
51054,1682
53798,589
53798,4223
53798,296
53798,3147
53798,293
53798,541
53798,924
53798,6711
53798,8798
53798,6502
95375,527
95375,50
95375,6
95375,3147
95375,293
95375,431
95375,832
95375,3020
95375,597
95375,3005
115495,2329
115495,97304
115495,48516
115495,5952
115495,3578
115495,106782
115495,858
115495,82459
115495,44199
115495,76251
122560,34437
122560,27773
122560,44199
122560,39292
122560,33794
122560,39381
122560,26131
122560,30707
122560,8949
122560,34405
55825,47
55825,1197
55825,7361
55825,260
55825,1196
55825,50
55825,48394
55825,4878
55825,1136
55825,356
11137,1704
11137,68157
11137,6539
11137,6377
11137,2571
11137,32587
11137,1203
11137,4262
11137,60069
11137,51662
83989,4995
83989,356
83989,1197
83989,457
83989,2716
83989,4226
83989,50
83989,1225
83989,1610
83989,377
18639,99114
18639,91529
18639,1210
18639,296
18639,858
18639,81834
18639,76093
18639,68954
18639,92259
18639,5971
123338,1265
123338,940
123338,8337
123338,1077
123338,1221
123338,26111
123338,1262
123338,1198
123338,904
123338,1136
54730,2858
54730,356
54730,912
54730,364
54730,66097
54730,44694
54730,48394
54730,50872
54730,4014
54730,37729
102278,1580
102278,3578
102278,33794
102278,2
102278,104
102278,1
102278,480
102278,2959
102278,68358
102278,4306
64986,2997
64986,1193
64986,778
64986,47
64986,356
64986,2959
64986,2329
64986,1258
64986,1089
64986,6711
86386,912
86386,4292
86386,2398
86386,1247
86386,26084
86386,3363
86386,5991
86386,1307
86386,2067
86386,17
92674,1580
92674,858
92674,47
92674,150
92674,1136
92674,4226
92674,1213
92674,4027
92674,541
92674,1073
110010,318
110010,1270
110010,2762
110010,6377
110010,1527
110010,608
110010,1206
110010,1193
110010,3996
110010,5618
100862,110
100862,33493
100862,318
100862,7438
100862,527
100862,3996
100862,2571
100862,4226
100862,8636
100862,6377
1349,79132
1349,55820
1349,1222
1349,4011
1349,318
1349,50
1349,4973
1349,5995
1349,30749
1349,293
31891,2571
31891,82459
31891,27773
31891,2858
31891,30707
31891,30812
31891,1266
31891,608
31891,6016
31891,104841
20168,60069
20168,480
20168,593
20168,1270
20168,1089
20168,3578
20168,4226
20168,69122
20168,1196
20168,260
17341,79132
17341,1089
17341,6016
17341,4226
17341,109374
17341,1193
17341,97938
17341,4027
17341,81591
17341,32587
571,1240
571,1580
571,593
571,296
571,318
571,648
571,2716
571,780
571,480
571,50
132042,60069
132042,1210
132042,4993
132042,63082
132042,260
132042,5952
132042,33493
132042,3578
132042,56174
132042,6539
93074,593
93074,318
93074,1265
93074,924
93074,296
93074,3793
93074,1653
93074,44191
93074,292
93074,4993
106310,41571
106310,48394
106310,37733
106310,31658
106310,54286
106310,34405
106310,48774
106310,41569
106310,7090
106310,47610
37078,457
37078,1302
37078,356
37078,3256
37078,7263
37078,7143
37078,3448
37078,5152
37078,266
37078,168
129070,4306
129070,4963
129070,5989
129070,60069
129070,8644
129070,5816
129070,54286
129070,6863
129070,68358
129070,7438
79977,1198
79977,33794
79977,480
79977,3578
79977,1968
79977,2918
79977,5349
79977,44191
79977,588
79977,5418
36384,3793
36384,5952
36384,7153
36384,4993
36384,1270
36384,4963
36384,110
36384,1580
36384,344
36384,4995
80369,2858
80369,8950
80369,48394
80369,44191
80369,48774
80369,593
80369,44665
80369,32
80369,2028
80369,44195
34763,110
34763,51662
34763,2959
34763,47
34763,2028
34763,296
34763,52973
34763,2707
34763,16
34763,1517
118239,2762
118239,8950
118239,5445
118239,2028
118239,44665
118239,4776
118239,30812
118239,80463
118239,4874
118239,4993
33164,4226
33164,2858
33164,1206
33164,7361
33164,4973
33164,858
33164,111
33164,593
33164,608
33164,5878
76265,733
76265,8644
76265,8961
76265,318
76265,1198
76265,51662
76265,44199
76265,44195
76265,48774
76265,56174
120751,104841
120751,2762
120751,8644
120751,2028
120751,2628
120751,3578
120751,356
120751,527
120751,110
120751,5418
59151,47
59151,260
59151,7153
59151,1281
59151,1210
59151,924
59151,2291
59151,3578
59151,111
59151,44191
84081,1704
84081,2762
84081,597
84081,1784
84081,3408
84081,500
84081,8961
84081,2959
84081,318
84081,4886
14865,356
14865,47
14865,79132
14865,58559
14865,7361
14865,5445
14865,68157
14865,33794
14865,48774
14865,8950
122058,79132
122058,50
122058,48516
122058,59369
122058,318
122058,36529
122058,4011
122058,1203
122058,50872
122058,53519
17380,1193
17380,1089
17380,2291
17380,61240
17380,6874
17380,1732
17380,608
17380,32587
17380,5971
17380,551
106712,260
106712,55280
106712,4878
106712,2329
106712,1527
106712,5418
106712,55269
106712,1729
106712,1682
106712,1270
108867,4973
108867,926
108867,1086
108867,908
108867,72226
108867,902
108867,4226
108867,2908
108867,2206
108867,899
50516,1214
50516,1200
50516,589
50516,110
50516,292
50516,2403
50516,318
50516,2722
50516,4270
50516,4085
74980,8874
74980,59315
74980,58559
74980,7090
74980,2571
74980,60069
74980,44191
74980,48394
74980,4226
74980,46578
133684,80463
133684,68157
133684,78499
133684,91094
133684,39292
133684,82459
133684,88163
133684,106782
133684,99114
133684,48516
41552,318
41552,1136
41552,99114
41552,96821
41552,79132
41552,54503
41552,1213
41552,71535
41552,356
41552,4226
105969,60069
105969,39446
105969,54001
105969,8961
105969,56367
105969,2683
105969,30793
105969,50872
105969,5218
105969,46578
20294,34437
20294,44199
20294,37729
20294,42418
20294,31410
20294,32587
20294,34153
20294,44191
20294,25940
20294,41569
126896,1198
126896,2997
126896,1247
126896,8376
126896,480
126896,33794
126896,2291
126896,457
126896,1291
126896,3471
61264,4886
61264,6333
61264,6377
61264,1210
61264,1270
61264,49530
61264,2959
61264,4022
61264,150
61264,4776
108324,608
108324,898
108324,951
108324,1252
108324,7121
108324,3435
108324,923
108324,2944
108324,2396
108324,2302
85093,2762
85093,4886
85093,6539
85093,7361
85093,6874
85093,858
85093,4878
85093,4226
85093,1221
85093,527
9795,4128
9795,1997
9795,8961
9795,7361
9795,1682
9795,1258
9795,1968
9795,2797
9795,1193
9795,1266
14977,5669
14977,37733
14977,7254
14977,41285
14977,508
14977,1263
14977,590
14977,7438
14977,6874
14977,74545
80783,4896
80783,1197
80783,356
80783,2804
80783,1219
80783,1207
80783,2571
80783,5816
80783,69122
80783,1380
47228,2324
47228,5878
47228,5992
47228,44555
47228,1246
47228,64957
47228,55052
47228,72386
47228,30707
47228,8970
99972,4327
99972,3735
99972,2762
99972,4995
99972,3551
99972,1204
99972,356
99972,1674
99972,7122
99972,150
34018,2858
34018,68954
34018,1225
34018,4995
34018,5952
34018,7153
34018,4993
34018,293
34018,96079
34018,541
101898,1320
101898,1215
101898,1214
101898,1200
101898,53000
101898,51662
101898,37386
101898,1405
101898,924
101898,541
113836,4306
113836,356
113836,527
113836,7153
113836,8636
113836,6333
113836,150
113836,1580
113836,1617
113836,2194
129090,1278
129090,26133
129090,1387
129090,1097
129090,1219
129090,6377
129090,8961
129090,1214
129090,1240
129090,2115
18456,2858
18456,2571
18456,4886
18456,318
18456,7361
18456,2762
18456,2997
18456,1196
18456,260
18456,5952
113372,2329
113372,4993
113372,5952
113372,44191
113372,7153
113372,4963
113372,48516
113372,47
113372,3578
113372,4306
86504,5445
86504,3623
86504,1036
86504,1198
86504,6365
86504,1527
86504,377
86504,3527
86504,1917
86504,49272
93566,42418
93566,32587
93566,27266
93566,33166
93566,26713
93566,8014
93566,8981
93566,44937
93566,27834
93566,41285
130671,8961
130671,60069
130671,318
130671,5349
130671,2716
130671,1214
130671,89745
130671,1732
130671,1258
130671,589
116556,7335
116556,25868
116556,55820
116556,25940
116556,5017
116556,25891
116556,8848
116556,25923
116556,3384
116556,55118
3329,2762
3329,1704
3329,593
3329,8665
3329,1036
3329,44665
3329,2858
3329,1923
3329,589
3329,5349
65707,7438
65707,6874
65707,2959
65707,8368
65707,6539
65707,8983
65707,44
65707,2002
65707,2001
65707,46322
25564,7153
25564,2858
25564,79132
25564,2716
25564,7361
25564,296
25564,1
25564,541
25564,1265
25564,50
13908,4855
13908,6539
13908,380
13908,49272
13908,2716
13908,733
13908,8039
13908,4963
13908,592
13908,3984
122960,60069
122960,3984
122960,1722
122960,2058
122960,69526
122960,65216
122960,59369
122960,63082
122960,2278
122960,64983
96027,1961
96027,858
96027,8961
96027,608
96027,4963
96027,56367
96027,48516
96027,47
96027,46578
96027,3578
113090,4993
113090,2762
113090,2959
113090,4720
113090,593
113090,44191
113090,6016
113090,296
113090,6377
113090,4878
17906,2542
17906,49272
17906,7361
17906,87232
17906,60684
17906,63082
17906,1210
17906,5618
17906,51255
17906,40815
44276,1089
44276,1210
44276,1196
44276,2959
44276,2700
44276,1240
44276,1265
44276,608
44276,2997
44276,2918
96954,6377
96954,2617
96954,8874
96954,44191
96954,318
96954,3793
96954,356
96954,3081
96954,2291
96954,1580
21192,1198
21192,527
21192,1221
21192,2762
21192,1196
21192,4011
21192,293
21192,32
21192,6796
21192,778
95231,2291
95231,4878
95231,8368
95231,1136
95231,1073
95231,1196
95231,3081
95231,1967
95231,410
95231,8376
74491,2959
74491,260
74491,6350
74491,5971
74491,34405
74491,4878
74491,32
74491,750
74491,60069
74491,7361
84402,4995
84402,2959
84402,5952
84402,7153
84402,4993
84402,30825
84402,4718
84402,8984
84402,7438
84402,231
101176,4993
101176,1210
101176,7153
101176,2571
101176,4306
101176,6539
101176,33493
101176,5952
101176,165
101176,1
72536,58559
72536,6539
72536,8961
72536,3578
72536,1210
72536,5418
72536,72998
72536,356
72536,1291
72536,68954
132718,5952
132718,7153
132718,593
132718,2571
132718,778
132718,4878
132718,32
132718,1089
132718,7361
132718,260
27922,68157
27922,3578
27922,96610
27922,5445
27922,541
27922,102445
27922,101864
27922,48774
27922,48780
27922,4963
114525,3578
114525,5952
114525,1214
114525,541
114525,480
114525,260
114525,1
114525,590
114525,780
114525,2028
50744,165
50744,589
50744,733
50744,318
50744,593
50744,780
50744,1036
50744,47
50744,356
50744,185
126408,19
126408,7153
126408,104
126408,8641
126408,2174
126408,4993
126408,551
126408,2167
126408,2959
126408,3052
64502,48774
64502,2571
64502,8784
64502,6711
64502,44195
64502,6874
64502,5673
64502,30810
64502,44191
64502,293
89200,1198
89200,316
89200,356
89200,44195
89200,1196
89200,1210
89200,589
89200,480
89200,1580
89200,4878
23181,2329
23181,30707
23181,45950
23181,2291
23181,40819
23181,3105
23181,3174
23181,4973
23181,48385
23181,2712
89012,296
89012,68954
89012,4973
89012,46578
89012,8368
89012,68157
89012,6711
89012,66097
89012,54001
89012,1968
58465,1197
58465,5952
58465,318
58465,296
58465,2959
58465,588
58465,1
58465,4973
58465,595
58465,1721
93699,8961
93699,69122
93699,68954
93699,6539
93699,102125
93699,318
93699,8533
93699,47099
93699,34162
93699,4963
8101,55290
8101,56367
8101,54997
8101,55765
8101,30749
8101,48738
8101,48780
8101,6378
8101,2028
8101,55276
29549,94959
29549,1193
29549,4226
29549,84152
29549,69122
29549,77455
29549,55908
29549,46578
29549,64614
29549,67087
100931,1721
100931,1097
100931,527
100931,356
100931,2858
100931,1307
100931,2396
100931,912
100931,357
100931,593
112263,1704
112263,1270
112263,1291
112263,33493
112263,592
112263,2194
112263,3996
112263,8961
112263,1097
112263,4226
76854,4963
76854,6874
76854,318
76854,58025
76854,32587
76854,44191
76854,3578
76854,356
76854,62849
76854,57669
129011,1222
129011,6016
129011,1193
129011,58559
129011,48394
129011,527
129011,47
129011,111
129011,1261
129011,3949
25208,110
25208,778
25208,2028
25208,1222
25208,4011
25208,593
25208,3949
25208,65261
25208,2542
25208,750
85798,356
85798,58303
85798,2571
85798,4993
85798,48394
85798,858
85798,2762
85798,296
85798,4226
85798,49272
115853,593
115853,1220
115853,260
115853,527
115853,318
115853,3996
115853,47
115853,3793
115853,2028
115853,6539
120405,32
120405,32587
120405,2858
120405,4973
120405,2959
120405,2997
120405,2232
120405,4878
120405,1193
120405,750
124752,4973
124752,608
124752,2959
124752,1193
124752,260
124752,1203
124752,7361
124752,1213
124752,4993
124752,912
63146,2959
63146,2858
63146,318
63146,2997
63146,2762
63146,1057
63146,778
63146,1784
63146,4733
63146,364
15493,589
15493,7153
15493,296
15493,1270
15493,4306
15493,59315
15493,6874
15493,2858
15493,2762
15493,1291
101887,110
101887,1213
101887,1198
101887,8961
101887,8798
101887,1136
101887,1997
101887,1270
101887,1196
101887,4011
8082,4993
8082,2329
8082,4848
8082,6711
8082,6620
8082,1967
8082,1517
8082,2731
8082,2502
8082,8961
34347,4306
34347,356
34347,1197
34347,72998
34347,51255
34347,6377
34347,1136
34347,1
34347,4886
34347,66934
119311,2716
119311,3052
119311,1407
119311,2011
119311,2174
119311,1270
119311,1219
119311,2918
119311,223
119311,1975
100169,260
100169,1339
100169,247
100169,3481
100169,1673
100169,551
100169,3793
100169,1396
100169,553
100169,8961
85613,73017
85613,70286
85613,318
85613,84152
85613,5952
85613,7153
85613,63082
85613,102445
85613,106487
85613,85414
27064,4993
27064,377
27064,293
27064,1270
27064,858
27064,527
27064,5952
27064,1265
27064,736
27064,1198
107586,750
107586,2076
107586,3224
107586,2731
107586,5690
107586,7327
107586,29
107586,5291
107586,65261
107586,1206
39817,6539
39817,2115
39817,3578
39817,318
39817,2571
39817,7153
39817,380
39817,4085
39817,553
39817,733
120067,750
120067,589
120067,47
120067,1206
120067,1193
120067,8961
120067,46578
120067,56367
120067,1198
120067,1200
94791,2028
94791,6934
94791,79132
94791,5952
94791,72998
94791,5445
94791,110
94791,3793
94791,69526
94791,4963
64271,82459
64271,3114
64271,1265
64271,47610
64271,1500
64271,1653
64271,1580
64271,1199
64271,81229
64271,3481
40619,2997
40619,1196
40619,150
40619,648
40619,480
40619,5445
40619,541
40619,1407
40619,1089
40619,1221
137953,1721
137953,1035
137953,4306
137953,2572
137953,595
137953,2355
137953,1968
137953,39
137953,3114
137953,356
133146,8784
133146,356
133146,2571
133146,318
133146,44191
133146,96821
133146,47
133146,6874
133146,1704
133146,99114
116070,4226
116070,60069
116070,79132
116070,110
116070,2959
116070,6377
116070,527
116070,318
116070,68954
116070,2028
123592,2706
123592,165
123592,7438
123592,4226
123592,1270
123592,231
123592,1923
123592,7361
123592,2011
123592,55765
6685,1
6685,1704
6685,593
6685,110
6685,318
6685,1682
6685,5349
6685,2329
6685,47
6685,2324
96436,4226
96436,1265
96436,3793
96436,260
96436,1196
96436,1198
96436,4896
96436,7361
96436,4886
96436,1291
5952,58559
5952,60069
5952,318
5952,59315
5952,7153
5952,1197
5952,4878
5952,6502
5952,5952
5952,4993
42933,40819
42933,30707
42933,2183
42933,8798
42933,1086
42933,44199
42933,44195
42933,37733
42933,745
42933,26294
92925,1198
92925,7502
92925,2571
92925,56782
92925,1136
92925,589
92925,1196
92925,4262
92925,64614
92925,5995
3618,33166
3618,72011
3618,97923
3618,49530
3618,82459
3618,40819
3618,106916
3618,91077
3618,56367
3618,8949
29587,741
29587,7022
29587,6502
29587,1215
29587,968
29587,1748
29587,7360
29587,3527
29587,3018
29587,1129
7315,4226
7315,296
7315,1884
7315,4873
7315,46578
7315,30810
7315,3949
7315,1732
7315,4973
7315,1089
81360,5669
81360,8874
81360,3481
81360,2959
81360,296
81360,4226
81360,778
81360,4878
81360,1080
81360,2542
53337,608
53337,4308
53337,1246
53337,1380
53337,1073
53337,110
53337,1193
53337,551
53337,595
53337,1
121482,1704
121482,60069
121482,110
121482,1089
121482,2329
121482,1196
121482,5418
121482,778
121482,1198
121482,4973
36220,2762
36220,4226
36220,1704
36220,110
36220,593
36220,296
36220,527
36220,858
36220,54286
36220,1961
133286,60069
133286,356
133286,1270
133286,4011
133286,56367
133286,1206
133286,32587
133286,33166
133286,1704
133286,1213
1239,111759
1239,70286
1239,5952
1239,79132
1239,59315
1239,71535
1239,2959
1239,318
1239,33794
1239,59369
23528,111
23528,1732
23528,55820
23528,4226
23528,5971
23528,47
23528,2858
23528,1208
23528,1221
23528,2731
31467,356
31467,58559
31467,588
31467,6539
31467,4306
31467,4886
31467,6377
31467,59315
31467,480
31467,364
56533,34405
56533,33794
56533,34048
56533,34150
56533,33004
56533,34332
56533,49272
56533,6863
56533,44191
56533,30793
61509,2959
61509,50
61509,7361
61509,3471
61509,593
61509,2716
61509,111
61509,60069
61509,5618
61509,2762
52008,318
52008,70286
52008,296
52008,48774
52008,1748
52008,2288
52008,593
52008,4226
52008,4993
52008,1196
27251,1035
27251,5952
27251,7153
27251,4993
27251,4886
27251,74458
27251,68157
27251,1219
27251,1210
27251,26662
125063,1
125063,4306
125063,68954
125063,78499
125063,81847
125063,60069
125063,50872
125063,1207
125063,912
125063,6539
92700,2871
92700,1193
92700,4973
92700,1960
92700,7361
92700,48738
92700,3498
92700,593
92700,1299
92700,5669
59830,44191
59830,589
59830,49272
59830,527
59830,1291
59830,33794
59830,32587
59830,6874
59830,4306
59830,30749
117768,1961
117768,47
117768,1270
117768,527
117768,1265
117768,2858
117768,1089
117768,778
117768,7361
117768,4226
121429,58559
121429,318
121429,110
121429,54286
121429,296
121429,3275
121429,2959
121429,33794
121429,4262
121429,1213
85750,950
85750,3435
85750,908
85750,593
85750,7831
85750,4920
85750,919
85750,8459
85750,25826
85750,2206
85107,1136
85107,2762
85107,1527
85107,51662
85107,2028
85107,1208
85107,2542
85107,76251
85107,4973
85107,1517
1398,3578
1398,593
1398,110
1398,33166
1398,3098
1398,474
1398,50
1398,3105
1398,5464
1398,3178
95315,4878
95315,1201
95315,541
95315,1222
95315,778
95315,318
95315,8874
95315,7438
95315,4226
95315,1210
96746,7361
96746,5445
96746,1240
96746,589
96746,2959
96746,5378
96746,318
96746,44191
96746,32587
96746,8961
19143,6874
19143,1097
19143,4027
19143,2987
19143,3897
19143,2997
19143,3481
19143,1270
19143,1073
19143,39
3916,4973
3916,5013
3916,3418
3916,2467
3916,1269
3916,1265
3916,2571
3916,1271
3916,6711
3916,1387
6720,1961
6720,32587
6720,2329
6720,778
6720,5445
6720,4027
6720,527
6720,2706
6720,5902
6720,1196
38720,8784
38720,44974
38720,4878
38720,38886
38720,46976
38720,7160
38720,1258
38720,7361
38720,2908
38720,37741
118986,1193
118986,7153
118986,2571
118986,1208
118986,1198
118986,1203
118986,44555
118986,1225
118986,923
118986,47
13965,6539
13965,5952
13965,7153
13965,58559
13965,318
13965,858
13965,1080
13965,7147
13965,4816
13965,6874
8417,88129
8417,2716
8417,1270
8417,47
8417,318
8417,1732
8417,1136
8417,1073
8417,1193
8417,364
27834,2959
27834,527
27834,50
27834,858
27834,55820
27834,64614
27834,69481
27834,33794
27834,48780
27834,608
47642,296
47642,2571
47642,356
47642,5418
47642,2858
47642,4995
47642,4011
47642,54286
47642,1089
47642,778
41506,79132
41506,6711
41506,4878
41506,46578
41506,94959
41506,2329
41506,1732
41506,56782
41506,3911
41506,63082
44608,4878
44608,5952
44608,4993
44608,7153
44608,2571
44608,32587
44608,3000
44608,480
44608,34405
44608,7361
107198,593
107198,356
107198,2571
107198,2502
107198,1196
107198,2762
107198,2657
107198,1968
107198,1
107198,1270
64934,356
64934,30749
64934,337
64934,150
64934,33166
64934,4022
64934,1393
64934,1270
64934,5902
64934,260
57555,1270
57555,541
57555,593
57555,6874
57555,1193
57555,32
57555,1208
57555,924
57555,58559
57555,1200
80958,56367
80958,2797
80958,80463
80958,4011
80958,5989
80958,1265
80958,76251
80958,4226
80958,7361
80958,1407
43862,4308
43862,72998
43862,356
43862,5989
43862,1682
43862,2396
43862,4963
43862,6942
43862,4973
43862,6539
123679,1207
123679,1997
123679,904
123679,1228
123679,1258
123679,593
123679,1103
123679,910
123679,903
123679,2858
34882,44195
34882,46578
34882,6539
34882,58803
34882,2762
34882,44555
34882,97306
34882,104913
34882,35836
34882,82459
132811,2858
132811,4963
132811,111
132811,780
132811,2762
132811,1213
132811,1200
132811,2716
132811,8665
132811,51662
59424,296
59424,858
59424,593
59424,33166
59424,1203
59424,6870
59424,3897
59424,8638
59424,3147
59424,1617
44834,38038
44834,4306
44834,6539
44834,73017
44834,4963
44834,5218
44834,59784
44834,79091
44834,78499
44834,72998
74539,55820
74539,1704
74539,47099
74539,64614
74539,34162
74539,47
74539,69481
74539,8961
74539,5995
74539,480
31095,1193
31095,912
31095,296
31095,50
31095,904
31095,318
31095,1207
31095,1225
31095,1247
31095,527
74110,1197
74110,457
74110,260
74110,4896
74110,4963
74110,33794
74110,1721
74110,648
74110,329
74110,5378
115056,2572
115056,53000
115056,5151
115056,410
115056,8641
115056,1200
115056,1214
115056,588
115056,4370
115056,2858
28372,318
28372,4886
28372,6377
28372,6539
28372,1197
28372,2710
28372,1136
28372,1097
28372,1721
28372,5349
129507,356
129507,2959
129507,1206
129507,2571
129507,2858
129507,3996
129507,1997
129507,920
129507,1193
129507,7361
52968,6539
52968,1291
52968,1196
52968,1270
52968,50
52968,1259
52968,1136
52968,1784
52968,1265
52968,608
898,1721
898,1270
898,3147
898,8533
898,539
898,88810
898,81845
898,17
898,7669
898,4995
98340,50
98340,318
98340,858
98340,1193
98340,296
98340,2959
98340,1208
98340,904
98340,608
98340,111
93586,6711
93586,2997
93586,1200
93586,527
93586,1196
93586,32587
93586,3147
93586,4306
93586,48516
93586,1222
88781,56367
88781,81845
88781,4973
88781,48394
88781,63082
88781,5618
88781,318
88781,7153
88781,81591
88781,68954
121612,2115
121612,50
121612,4226
121612,1961
121612,593
121612,6863
121612,34162
121612,7143
121612,7147
121612,3994
41625,31658
41625,4014
41625,1682
41625,5952
41625,7153
41625,4993
41625,33794
41625,4226
41625,1246
41625,1035
117964,1240
117964,32
117964,1704
117964,4226
117964,780
117964,33794
117964,1198
117964,3147
117964,4963
117964,590
136206,99114
136206,2959
136206,110
136206,356
136206,2762
136206,296
136206,1704
136206,3752
136206,72998
136206,5989
979,79132
979,99114
979,2959
979,2571
979,356
979,106487
979,68157
979,54503
979,5010
979,53996
25718,7153
25718,5418
25718,3578
25718,1196
25718,1198
25718,54286
25718,33794
25718,5952
25718,4993
25718,58559
78451,8360
78451,110
78451,364
78451,1923
78451,2028
78451,2683
78451,1
78451,3147
78451,7361
78451,1198
41104,2571
41104,4226
41104,1704
41104,367
41104,2858
41104,1291
41104,1220
41104,1206
41104,1527
41104,32
114501,48082
114501,8014
114501,6016
114501,4848
114501,7323
114501,33903
114501,27266
114501,1211
114501,3503
114501,1232
127251,296
127251,1197
127251,318
127251,1136
127251,1198
127251,3671
127251,1291
127251,4993
127251,2948
127251,2959
92678,904
92678,541
92678,1136
92678,608
92678,4226
92678,2997
92678,4973
92678,50
92678,1248
92678,912
79194,48780
79194,3275
79194,296
79194,5903
79194,8961
79194,48516
79194,1197
79194,8132
79194,44199
79194,50
44710,78499
44710,6539
44710,1291
44710,44191
44710,1198
44710,1653
44710,356
44710,5445
44710,4963
44710,96610
123946,48394
123946,922
123946,923
123946,1210
123946,1212
123946,541
123946,48516
123946,2203
123946,953
123946,1201
130136,58559
130136,318
130136,4886
130136,4226
130136,3275
130136,51255
130136,59315
130136,5418
130136,2918
130136,4993
114160,1291
114160,1387
114160,1250
114160,2115
114160,380
114160,904
114160,6874
114160,1265
114160,5989
114160,6333
135816,1210
135816,2571
135816,589
135816,1196
135816,858
135816,4993
135816,1036
135816,163
135816,1201
135816,2028
48118,89492
48118,1500
48118,81845
48118,5013
48118,49272
48118,3039
48118,67997
48118,858
48118,54286
48118,2020
27141,60684
27141,85414
27141,44199
27141,84772
27141,2890
27141,81229
27141,1200
27141,69481
27141,45722
27141,1089
120435,5219
120435,7254
120435,3578
120435,593
120435,47
120435,96610
120435,7360
120435,6378
120435,91529
120435,2762
53339,5690
53339,5971
53339,79091
53339,103335
53339,106920
53339,65261
53339,356
53339,106782
53339,318
53339,97921
79373,30749
79373,318
79373,1219
79373,1267
79373,908
79373,904
79373,5747
79373,750
79373,1233
79373,30707
54045,6942
54045,4246
54045,539
54045,2302
54045,1307
54045,3255
54045,1777
54045,11
54045,1704
54045,356
94652,2762
94652,1198
94652,260
94652,1094
94652,3471
94652,1208
94652,1258
94652,1225
94652,1097
94652,2571
108789,356
108789,31658
108789,318
108789,56367
108789,1172
108789,1197
108789,1225
108789,6773
108789,1246
108789,63876
11323,1197
11323,2502
11323,6539
11323,356
11323,54272
11323,33493
11323,1073
11323,4886
11323,1270
11323,3114
93197,1198
93197,356
93197,4226
93197,6377
93197,527
93197,4306
93197,1265
93197,6539
93197,8961
93197,2959
75029,1580
75029,3147
75029,3948
75029,2959
75029,8961
75029,648
75029,4226
75029,50872
75029,3114
75029,1917
122758,1377
122758,5903
122758,1370
122758,2762
122758,1682
122758,1206
122758,4022
122758,858
122758,1610
122758,2985
100845,527
100845,593
100845,5618
100845,1089
100845,50872
100845,293
100845,3000
100845,858
100845,6377
100845,4993
9464,2502
9464,1302
9464,2028
9464,3253
9464,1704
9464,1663
9464,3098
9464,1198
9464,3210
9464,5989
22849,4993
22849,4963
22849,4306
22849,318
22849,5418
22849,7153
22849,5952
22849,356
22849,364
22849,91630
118821,1198
118821,1527
118821,2916
118821,1240
118821,1258
118821,5445
118821,356
118821,1291
118821,1199
118821,1136
105570,79132
105570,81845
105570,68954
105570,60069
105570,4308
105570,5989
105570,1682
105570,58559
105570,6539
105570,4993
21144,2959
21144,356
21144,1291
21144,2716
21144,5378
21144,2115
21144,1721
21144,296
21144,8360
21144,33493
92548,30707
92548,36517
92548,1945
92548,8961
92548,39292
92548,3362
92548,39183
92548,913
92548,33639
92548,6620
104029,1197
104029,1198
104029,1036
104029,356
104029,2762
104029,110
104029,2571
104029,3578
104029,58559
104029,1704
49756,5679
49756,27839
49756,45081
49756,2959
49756,5218
49756,31427
49756,6615
49756,30825
49756,6550
49756,19
84881,593
84881,2329
84881,1200
84881,1214
84881,1258
84881,608
84881,47
84881,223
84881,2858
84881,4226
32180,7361
32180,4973
32180,5669
32180,6711
32180,8961
32180,7323
32180,4878
32180,4306
32180,8784
32180,4027
89479,1281
89479,912
89479,3633
89479,6669
89479,2905
89479,2068
89479,7925
89479,4422
89479,7938
89479,1237
108834,72998
108834,6874
108834,69757
108834,7153
108834,44191
108834,8957
108834,7438
108834,60684
108834,1206
108834,1089
117929,318
117929,5349
117929,2959
117929,2628
117929,4963
117929,7153
117929,5418
117929,1270
117929,50872
117929,4896
72343,81591
72343,91077
72343,67255
72343,30749
72343,40819
72343,8949
72343,55276
72343,71579
72343,54001
72343,69844
127689,58559
127689,68954
127689,69122
127689,64839
127689,99114
127689,68358
127689,33166
127689,34162
127689,89492
127689,34048
109962,1193
109962,44555
109962,1732
109962,1221
109962,6440
109962,1089
109962,235
109962,55820
109962,1225
109962,2329
2047,46578
2047,44191
2047,89745
2047,68358
2047,30810
2047,79702
2047,59315
2047,8874
2047,81845
2047,76093
3070,1210
3070,4306
3070,1198
3070,1270
3070,98809
3070,81845
3070,60069
3070,953
3070,1307
3070,3793
78190,33794
78190,318
78190,2762
78190,2959
78190,8360
78190,4011
78190,33493
78190,4995
78190,1136
78190,50
90149,1193
90149,2329
90149,3949
90149,5989
90149,1721
90149,253
90149,6539
90149,5995
90149,50
90149,3408
53694,2959
53694,2571
53694,593
53694,39183
53694,296
53694,1046
53694,527
53694,2628
53694,1097
53694,106920
89252,589
89252,1291
89252,1210
89252,1200
89252,1356
89252,1196
89252,1214
89252,2916
89252,480
89252,1676
86545,5952
86545,4993
86545,7153
86545,2571
86545,6350
86545,356
86545,6539
86545,364
86545,58559
86545,4973
120036,296
120036,4993
120036,49530
120036,44665
120036,6539
120036,4011
120036,2028
120036,60069
120036,858
120036,1221
79205,48516
79205,79132
79205,912
79205,49272
79205,4226
79205,3793
79205,6874
79205,1250
79205,2019
79205,51935
32560,7361
32560,1197
32560,750
32560,4226
32560,527
32560,48516
32560,2028
32560,6016
32560,1204
32560,2019
124614,51255
124614,1073
124614,71535
124614,98809
124614,95167
124614,77561
124614,3114
124614,1517
124614,108932
124614,106072
63166,7361
63166,4226
63166,2571
63166,47
63166,3949
63166,7438
63166,6874
63166,74458
63166,3000
63166,32587
91034,364
91034,2762
91034,79132
91034,919
91034,318
91034,50872
91034,3578
91034,593
91034,2804
91034,68358
5270,7361
5270,6874
5270,4011
5270,1193
5270,48780
5270,55820
5270,2028
5270,3578
5270,4993
5270,58559
20113,7361
20113,79132
20113,2571
20113,1203
20113,4226
20113,541
20113,908
20113,99114
20113,1206
20113,2028
2874,4226
2874,356
2874,6874
2874,110
2874,1258
2874,5378
2874,48516
2874,2028
2874,68157
2874,48780
18406,5816
18406,8360
18406,33794
18406,2355
18406,2687
18406,79132
18406,76093
18406,41566
18406,68358
18406,49272
37969,858
37969,908
37969,2997
37969,7361
37969,8874
37969,2858
37969,1258
37969,6807
37969,1732
37969,1204
122683,31658
122683,25777
122683,3462
122683,6987
122683,47721
122683,7234
122683,7091
122683,38038
122683,68954
122683,48394
110075,7438
110075,6874
110075,1704
110075,527
110075,2858
110075,4993
110075,8961
110075,1625
110075,8665
110075,1617
85527,68954
85527,44199
85527,67408
85527,48780
85527,41569
85527,70286
85527,46972
85527,59103
85527,68358
85527,34319
62844,5291
62844,2329
62844,6016
62844,1089
62844,2571
62844,904
62844,1267
62844,1304
62844,1266
62844,4973
31906,2291
31906,1258
31906,6539
31906,3081
31906,527
31906,1617
31906,2329
31906,4011
31906,1080
31906,380
42198,32
42198,7361
42198,858
42198,7153
42198,50
42198,1198
42198,318
42198,593
42198,1
42198,1136
6484,318
6484,1198
6484,527
6484,3552
6484,919
6484,4002
6484,3421
6484,608
6484,296
6484,1
97511,5971
97511,6377
97511,2571
97511,3996
97511,2788
97511,4973
97511,2959
97511,34405
97511,1288
97511,26662
137222,2571
137222,4878
137222,2858
137222,46578
137222,58559
137222,1172
137222,68954
137222,1704
137222,2692
137222,2762
114398,58559
114398,6539
114398,68954
114398,5971
114398,71264
114398,6889
114398,4963
114398,2959
114398,3000
114398,79091
135194,57368
135194,56174
135194,8957
135194,44191
135194,37720
135194,60069
135194,54785
135194,51935
135194,52245
135194,44199
125813,1210
125813,4226
125813,2918
125813,47
125813,58559
125813,1136
125813,364
125813,4878
125813,1968
125813,32
83910,2959
83910,5952
83910,110
83910,4306
83910,2028
83910,1214
83910,79132
83910,78499
83910,3147
83910,1200
24143,1258
24143,2692
24143,1240
24143,3578
24143,1584
24143,55814
24143,8983
24143,4022
24143,2324
24143,1206
131893,905
131893,953
131893,593
131893,356
131893,899
131893,908
131893,928
131893,2080
131893,914
131893,2762
128259,1219
128259,908
128259,750
128259,913
128259,1136
128259,1288
128259,1222
128259,2959
128259,3681
128259,1206
93130,2019
93130,33794
93130,1036
93130,4878
93130,6787
93130,904
93130,2858
93130,3683
93130,7981
93130,7153
43155,6377
43155,5218
43155,2959
43155,110
43155,32587
43155,44191
43155,44022
43155,59784
43155,527
43155,588
65291,318
65291,1089
65291,1285
65291,68157
65291,4226
65291,3949
65291,7438
65291,6874
65291,47
65291,551
43447,2858
43447,47
43447,356
43447,593
43447,527
43447,50
43447,92259
43447,81845
43447,68157
43447,27773
77204,28
77204,26662
77204,4920
77204,928
77204,446
77204,7831
77204,1280
77204,232
77204,902
77204,1267
1834,26359
1834,51662
1834,5954
1834,1320
1834,1200
1834,2311
1834,3535
1834,54997
1834,2505
1834,8905
8158,2858
8158,1682
8158,337
8158,3147
8158,6377
8158,1210
8158,597
8158,2081
8158,4246
8158,3081
112238,79132
112238,58559
112238,608
112238,2571
112238,593
112238,1089
112238,4993
112238,4226
112238,778
112238,7153
36322,2028
36322,1210
36322,47
36322,260
36322,4886
36322,527
36322,5445
36322,1682
36322,6874
36322,8961
6889,1210
6889,541
6889,750
6889,6502
6889,4878
6889,64614
6889,586
6889,5418
6889,32
6889,59315
117384,6807
117384,2571
117384,1097
117384,2762
117384,527
117384,48774
117384,1274
117384,4306
117384,6502
117384,3052
18165,34162
18165,356
18165,592
18165,2918
18165,1101
18165,6188
18165,7451
18165,1580
18165,8641
18165,2706
132441,6016
132441,296
132441,6874
132441,2692
132441,4878
132441,3910
132441,50
132441,541
132441,7323
132441,41285
102436,1198
102436,2762
102436,3996
102436,589
102436,1682
102436,5218
102436,1291
102436,74458
102436,2028
102436,69122
54654,1210
54654,110
54654,48780
54654,6502
54654,111
54654,5903
54654,8874
54654,2028
54654,356
54654,2194
73295,296
73295,50
73295,7153
73295,293
73295,6377
73295,589
73295,56367
73295,4306
73295,5902
73295,33794
37103,1222
37103,527
37103,1203
37103,1206
37103,2858
37103,1213
37103,1201
37103,5995
37103,48394
37103,4262
101031,49530
101031,318
101031,110
101031,33794
101031,296
101031,2028
101031,33166
101031,48516
101031,6874
101031,4975
100443,4226
100443,50
100443,2804
100443,2791
100443,1079
100443,1641
100443,2716
100443,1617
100443,1197
100443,3897
76651,1
76651,1732
76651,45728
76651,61132
76651,3439
76651,44191
76651,2571
76651,60684
76651,318
76651,27904
23880,2028
23880,8961
23880,1210
23880,593
23880,1196
23880,5349
23880,5418
23880,457
23880,8636
23880,2858
62875,32
62875,2011
62875,1917
62875,2858
62875,2706
62875,5989
62875,7254
62875,2959
62875,5418
62875,35836
128132,1198
128132,1721
128132,2762
128132,1197
128132,1307
128132,4306
128132,527
128132,590
128132,296
128132,2918
106597,50
106597,858
106597,2858
106597,111
106597,1230
106597,2997
106597,1244
106597,1247
106597,44555
106597,1221
55904,1270
55904,4993
55904,6539
55904,2502
55904,1291
55904,180
55904,3275
55904,3147
55904,47
55904,4734
84607,58559
84607,2571
84607,60069
84607,46976
84607,50
84607,356
84607,44191
84607,70286
84607,79702
84607,76093
99360,48394
99360,44191
99360,60069
99360,58559
99360,48774
99360,34162
99360,31696
99360,63082
99360,46976
99360,68954
130611,296
130611,4973
130611,2762
130611,32587
130611,5989
130611,4995
130611,7147
130611,6539
130611,4306
130611,6377
108060,7438
108060,318
108060,1089
108060,778
108060,55765
108060,1213
108060,2571
108060,44191
108060,3949
108060,57669
136938,50
136938,32
136938,318
136938,58559
136938,1213
136938,1261
136938,1198
136938,589
136938,1206
136938,6874
49369,750
49369,912
49369,2019
49369,1207
49369,903
49369,1617
49369,1225
49369,1252
49369,296
49369,593
370,69122
370,260
370,68954
370,7361
370,4011
370,84152
370,2542
370,2997
370,1748
370,1196
51583,1210
51583,260
51583,58559
51583,47
51583,356
51583,589
51583,318
51583,2959
51583,1704
51583,5418
25087,44191
25087,48385
25087,61132
25087,6188
25087,1213
25087,4878
25087,8641
25087,1089
25087,8376
25087,858
103685,2997
103685,7361
103685,2959
103685,7438
103685,356
103685,4226
103685,5669
103685,6286
103685,527
103685,318
8173,4886
8173,2571
8173,8360
8173,49272
8173,3793
8173,364
8173,1580
8173,6874
8173,5989
8173,110
123347,5618
123347,4226
123347,592
123347,1217
123347,1197
123347,2959
123347,2571
123347,253
123347,1274
123347,1215
43413,1270
43413,1580
43413,4306
43413,2571
43413,1265
43413,318
43413,500
43413,58559
43413,780
43413,54286
62881,3793
62881,5445
62881,2762
62881,648
62881,318
62881,4963
62881,1527
62881,2003
62881,6377
62881,7143
32899,36527
32899,40819
32899,27808
32899,50160
32899,46578
32899,44709
32899,55267
32899,41573
32899,79132
32899,48516
102601,55820
102601,2571
102601,57669
102601,2997
102601,47
102601,5903
102601,60684
102601,8950
102601,541
102601,68358
34334,68157
34334,1682
34334,4027
34334,4848
34334,32587
34334,1246
34334,1199
34334,2076
34334,58559
34334,60069
67100,1784
67100,2174
67100,296
67100,2028
67100,1
67100,2762
67100,1206
67100,2571
67100,457
67100,8464
59110,33794
59110,356
59110,2571
59110,318
59110,59315
59110,780
59110,72998
59110,5989
59110,49272
59110,55765
120910,1307
120910,2671
120910,1704
120910,2396
120910,1721
120910,1246
120910,7361
120910,4995
120910,1035
120910,17
95413,5952
95413,4226
95413,296
95413,2959
95413,4973
95413,1196
95413,260
95413,541
95413,2692
95413,50
85990,4226
85990,7361
85990,4878
85990,8874
85990,33794
85990,47
85990,4993
85990,54503
85990,79702
85990,2502
24245,47
24245,4973
24245,48780
24245,5618
24245,1193
24245,3481
24245,778
24245,4878
24245,4979
24245,88129
131892,2571
131892,4306
131892,356
131892,68954
131892,2
131892,1580
131892,588
131892,1721
131892,6539
131892,2716
6904,4011
6904,7361
6904,4306
6904,69757
6904,72998
6904,69122
6904,4993
6904,8961
6904,48780
6904,293
67113,1387
67113,1198
67113,1721
67113,4896
67113,1293
67113,590
67113,780
67113,527
67113,2529
67113,2746
48539,858
48539,7361
48539,1193
48539,1617
48539,6867
48539,1449
48539,1221
48539,2791
48539,6807
48539,2918
104979,5952
104979,7153
104979,4973
104979,1270
104979,260
104979,3994
104979,33794
104979,5618
104979,1210
104979,1196
41948,1704
41948,2329
41948,7090
41948,2762
41948,5902
41948,1089
41948,5445
41948,471
41948,6620
41948,30810
78549,8360
78549,3552
78549,4027
78549,54286
78549,2571
78549,1210
78549,260
78549,1196
78549,8874
78549,51255
13765,56949
13765,1688
13765,4025
13765,33815
13765,8808
13765,262
13765,7293
13765,58803
13765,1064
13765,7153
61838,1214
61838,3681
61838,1198
61838,110
61838,2028
61838,6
61838,16
61838,457
61838,3468
61838,2871
70410,318
70410,33166
70410,2858
70410,1961
70410,296
70410,46578
70410,8949
70410,50
70410,63082
70410,356
74502,7153
74502,2571
74502,356
74502,589
74502,7143
74502,3793
74502,5349
74502,2762
74502,344
74502,5952
137169,1136
137169,356
137169,79132
137169,296
137169,68358
137169,63082
137169,4226
137169,1197
137169,2329
137169,48774
68732,5445
68732,1208
68732,541
68732,4993
68732,2329
68732,8961
68732,4973
68732,3578
68732,6874
68732,7438
54803,69481
54803,593
54803,6539
54803,2028
54803,318
54803,80463
54803,2502
54803,97921
54803,112852
54803,1270
105764,1196
105764,858
105764,50
105764,593
105764,110
105764,5952
105764,2858
105764,260
105764,1193
105764,1222
81663,2858
81663,2959
81663,778
81663,47
81663,1201
81663,2115
81663,904
81663,1213
81663,1333
81663,2762
88600,858
88600,318
88600,64614
88600,110
88600,5995
88600,2728
88600,1304
88600,6016
88600,1299
88600,48516
45239,1136
45239,2571
45239,2115
45239,2716
45239,1291
45239,260
45239,1210
45239,7373
45239,3479
45239,1275
3915,750
3915,1250
3915,1281
3915,1284
3915,4349
3915,1217
3915,969
3915,2010
3915,7323
3915,916
68471,1193
68471,593
68471,50
68471,296
68471,68157
68471,2959
68471,48774
68471,778
68471,5902
68471,6016
107610,2959
107610,50
107610,4226
107610,318
107610,48516
107610,56367
107610,2918
107610,1704
107610,4973
107610,4246
33374,527
33374,1210
33374,110
33374,919
33374,260
33374,4993
33374,356
33374,2078
33374,2762
33374,1282
133329,46976
133329,44191
133329,356
133329,81591
133329,44195
133329,6711
133329,6502
133329,1022
133329,3556
133329,1247
59410,858
59410,1198
59410,2762
59410,3578
59410,2028
59410,2194
59410,2571
59410,589
59410,2268
59410,1036
109917,593
109917,1
109917,87232
109917,1197
109917,2762
109917,51255
109917,81847
109917,69122
109917,296
109917,47610
60906,7099
60906,1212
60906,922
60906,908
60906,1230
60906,6643
60906,912
60906,1252
60906,858
60906,1248
131632,70286
131632,4886
131632,58559
131632,4306
131632,364
131632,110
131632,76251
131632,3793
131632,367
131632,1917
56507,63082
56507,858
56507,50872
56507,4973
56507,81845
56507,6377
56507,1704
56507,8949
56507,39292
56507,318
49904,54286
49904,1221
49904,7147
49904,8874
49904,3703
49904,2997
49904,1921
49904,55765
49904,4223
49904,5464
61449,608
61449,2329
61449,562
61449,1916
61449,52952
61449,55444
61449,7024
61449,2997
61449,4226
61449,7387
112919,7361
112919,48516
112919,1704
112919,4776
112919,8665
112919,608
112919,91529
112919,4995
112919,4027
112919,356
115731,2959
115731,58559
115731,318
115731,527
115731,593
115731,1230
115731,750
115731,1288
115731,1136
115731,1093
135331,47
135331,480
135331,2762
135331,593
135331,74458
135331,81834
135331,6365
135331,4886
135331,47610
135331,1
50357,318
50357,58559
50357,2762
50357,589
50357,1625
50357,5989
50357,70286
50357,1580
50357,1265
50357,2329
88179,2959
88179,318
88179,55820
88179,46578
88179,2858
88179,904
88179,296
88179,2997
88179,593
88179,1333
124355,4011
124355,47
124355,318
124355,46578
124355,3421
124355,52973
124355,858
124355,4226
124355,32587
124355,3578
54794,56367
54794,2571
54794,2959
54794,5418
54794,69122
54794,3114
54794,68954
54794,3578
54794,59315
54794,81834
109921,4306
109921,2959
109921,44191
109921,68954
109921,74458
109921,7153
109921,46578
109921,2571
109921,5952
109921,73017
4587,48516
4587,59369
4587,51255
4587,8798
4587,46322
4587,60684
4587,31878
4587,7153
4587,4306
4587,3578
129963,356
129963,2959
129963,72998
129963,79132
129963,4306
129963,1097
129963,296
129963,54272
129963,4993
129963,74458
135311,4022
135311,1961
135311,1258
135311,1234
135311,2918
135311,64614
135311,1222
135311,3421
135311,1220
135311,3471
33435,79132
33435,68954
33435,6377
33435,6863
33435,4993
33435,7153
33435,54001
33435,8874
33435,63082
33435,5952
118109,1704
118109,2762
118109,39
118109,1968
118109,7153
118109,4993
118109,1270
118109,2858
118109,593
118109,296
131647,7361
131647,356
131647,1196
131647,318
131647,3578
131647,2762
131647,48780
131647,296
131647,110
131647,1
97873,1348
97873,2797
97873,2692
97873,2083
97873,2413
97873,2167
97873,48
97873,1193
97873,3556
97873,29
81370,2571
81370,47
81370,2858
81370,2329
81370,4776
81370,1089
81370,4226
81370,48516
81370,54503
81370,3578
112574,1208
112574,318
112574,3470
112574,1244
112574,1281
112574,1206
112574,8014
112574,44555
112574,1204
112574,1172
107112,1198
107112,2762
107112,1270
107112,7153
107112,4993
107112,1097
107112,364
107112,2355
107112,2858
107112,1
28695,110
28695,51662
28695,296
28695,6365
28695,733
28695,6539
28695,5445
28695,6874
28695,480
28695,51935
123698,50
123698,8961
123698,318
123698,6377
123698,150
123698,1270
123698,246
123698,1230
123698,2324
123698,1136
15648,924
15648,6377
15648,29
15648,296
15648,32
15648,1080
15648,2571
15648,1210
15648,2291
15648,26662
99593,47
99593,480
99593,1240
99593,260
99593,8961
99593,2959
99593,1387
99593,1265
99593,1291
99593,780
102240,5902
102240,7361
102240,2858
102240,1288
102240,2395
102240,3481
102240,471
102240,593
102240,4226
102240,6993
26626,50
26626,4226
26626,32
26626,296
26626,4995
26626,1584
26626,316
26626,1653
26626,1265
26626,2858
116512,4963
116512,1485
116512,1580
116512,4886
116512,4308
116512,3785
116512,253
116512,3147
116512,158
116512,6942
27038,79132
27038,6377
27038,60069
27038,50872
27038,72998
27038,4016
27038,112175
27038,68358
27038,1197
27038,59784
131331,2571
131331,2125
131331,56949
131331,1704
131331,588
131331,6539
131331,593
131331,4995
131331,70293
131331,2581
70757,68954
70757,69122
70757,5952
70757,4993
70757,7153
70757,49272
70757,81591
70757,2959
70757,54286
70757,96079
59167,3996
59167,8961
59167,541
59167,1222
59167,6874
59167,4306
59167,2115
59167,1193
59167,5349
59167,1262
72251,1210
72251,7361
72251,4973
72251,79132
72251,48516
72251,1193
72251,110
72251,7438
72251,92259
72251,293
95634,5952
95634,1136
95634,4993
95634,260
95634,2571
95634,2858
95634,296
95634,6539
95634,1210
95634,595
46953,4016
46953,329
46953,8360
46953,4306
46953,3114
46953,2571
46953,2115
46953,1580
46953,2012
46953,3751
4742,2762
4742,2571
4742,78499
4742,60069
4742,40815
4742,1207
4742,30749
4742,69844
4742,296
4742,1291
95759,4226
95759,7361
95759,1961
95759,2997
95759,2692
95759,6377
95759,4027
95759,1225
95759,6711
95759,50
43652,260
43652,2762
43652,1196
43652,480
43652,50
43652,1198
43652,1291
43652,1210
43652,2858
43652,1610
66244,2571
66244,296
66244,110
66244,1
66244,364
66244,4993
66244,527
66244,48394
66244,8360
66244,4034
102543,480
102543,32587
102543,318
102543,47
102543,2329
102543,1527
102543,364
102543,68157
102543,7438
102543,51662
99473,589
99473,858
99473,1198
99473,1217
99473,1270
99473,1201
99473,2716
99473,3091
99473,5291
99473,3702
6255,58025
6255,56152
6255,59333
6255,65585
6255,7293
6255,46972
6255,65088
6255,58347
6255,52287
6255,60397
23691,1210
23691,7361
23691,2329
23691,1222
23691,7438
23691,1270
23691,48394
23691,1206
23691,1584
23691,51662
9094,1136
9094,4226
9094,356
9094,2571
9094,1089
9094,1213
9094,593
9094,1270
9094,4886
9094,4993
109164,89492
109164,69122
109164,5816
109164,2959
109164,72641
109164,79132
109164,5989
109164,63082
109164,364
109164,97304
92607,296
92607,50
92607,2571
92607,318
92607,4226
92607,8961
92607,4011
92607,1089
92607,7361
92607,2329
81554,47
81554,1721
81554,2571
81554,2959
81554,32587
81554,3578
81554,588
81554,5952
81554,1580
81554,4886
84979,1210
84979,356
84979,4226
84979,110
84979,589
84979,4306
84979,3578
84979,1270
84979,4993
84979,1036
32596,2762
32596,3578
32596,1270
32596,1393
32596,1704
32596,2918
32596,1923
32596,4963
32596,34162
32596,377
5843,7046
5843,4378
5843,8623
5843,1185
5843,1952
5843,3809
5843,3100
5843,3104
5843,5049
5843,3019
70562,1089
70562,296
70562,2997
70562,1265
70562,4226
70562,318
70562,3033
70562,4011
70562,1274
70562,32587
55460,7
55460,3097
55460,932
55460,916
55460,955
55460,2690
55460,1271
55460,1947
55460,908
55460,6218
19293,8874
19293,541
19293,7827
19293,42718
19293,60753
19293,3300
19293,6567
19293,3020
19293,71535
19293,79592
22145,527
22145,318
22145,6539
22145,356
22145,5418
22145,367
22145,5989
22145,858
22145,56174
22145,589
60819,6377
60819,1197
60819,2858
60819,60069
60819,48780
60819,68157
60819,4973
60819,4886
60819,6874
60819,48394
123140,541
123140,27773
123140,4848
123140,2076
123140,296
123140,3265
123140,1206
123140,32587
123140,7115
123140,2959
52031,1580
52031,3793
52031,2918
52031,4886
52031,2858
52031,2762
52031,1198
52031,2683
52031,3897
52031,2174
54563,33493
54563,6333
54563,63082
54563,69526
54563,8368
54563,53996
54563,48780
54563,8961
54563,79132
54563,780
118203,59315
118203,110
118203,2028
118203,49530
118203,80463
118203,74458
118203,60069
118203,44199
118203,99114
118203,2762
89098,1206
89098,8914
89098,48394
89098,2329
89098,593
89098,924
89098,47
89098,319
89098,608
89098,27611
20104,31658
20104,3949
20104,4973
20104,356
20104,2959
20104,1258
20104,7438
20104,63082
20104,2324
20104,4878
103858,47
103858,1222
103858,2571
103858,1198
103858,7153
103858,4993
103858,1617
103858,750
103858,1148
103858,1210
74466,1193
74466,57669
74466,1961
74466,1625
74466,6711
74466,55820
74466,1721
74466,4874
74466,5902
74466,2692
38899,8961
38899,8665
38899,6377
38899,46976
38899,50872
38899,45722
38899,41566
38899,8368
38899,6593
38899,26084
90297,916
90297,910
90297,1944
90297,1939
90297,3088
90297,922
90297,593
90297,1263
90297,3634
90297,1103
88044,54004
88044,2694
88044,33679
88044,7317
88044,6188
88044,4306
88044,5574
88044,3646
88044,36519
88044,8807
81365,7254
81365,1
81365,2355
81365,2571
81365,2959
81365,593
81365,8360
81365,8783
81365,53000
81365,1196
124939,527
124939,4262
124939,1222
124939,1089
124939,1617
124939,70286
124939,778
124939,1206
124939,480
124939,1198
89992,32
89992,5418
89992,1221
89992,260
89992,51662
89992,3275
89992,3147
89992,48774
89992,5989
89992,44665
115978,1258
115978,50
115978,1089
115978,16
115978,1222
115978,2959
115978,318
115978,3499
115978,1261
115978,7387
46502,8961
46502,4306
46502,5816
46502,79132
46502,7451
46502,4700
46502,60069
46502,6539
46502,59333
46502,33669
94258,356
94258,8636
94258,2762
94258,2571
94258,589
94258,6539
94258,780
94258,4886
94258,110
94258,4993
101332,1
101332,527
101332,318
101332,1193
101332,3671
101332,63082
101332,6787
101332,1278
101332,1079
101332,1961
91756,2959
91756,1193
91756,750
91756,4878
91756,903
91756,2076
91756,4226
91756,1232
91756,2160
91756,55444
9161,50
9161,5952
9161,7153
9161,589
9161,593
9161,260
9161,318
9161,48516
9161,1270
9161,1036
77341,39
77341,46578
77341,1271
77341,318
77341,3186
77341,4878
77341,4239
77341,2580
77341,1777
77341,3261
44167,5816
44167,4896
44167,1527
44167,54001
44167,59315
44167,58559
44167,1196
44167,1200
44167,44191
44167,79132
54120,5502
54120,3081
54120,4720
54120,56757
54120,2291
54120,27706
54120,56174
54120,3489
54120,500
54120,6297
121203,2762
121203,4246
121203,6377
121203,2858
121203,318
121203,356
121203,2671
121203,5445
121203,296
121203,6874
102698,1208
102698,50
102698,4226
102698,1089
102698,2571
102698,4878
102698,1213
102698,1214
102698,2762
102698,6016
17977,2858
17977,1193
17977,4226
17977,1240
17977,903
17977,2966
17977,1199
17977,589
17977,527
17977,1233
110804,3074
110804,1262
110804,8337
110804,1276
110804,3196
110804,1272
110804,1231
110804,3735
110804,7027
110804,4855
41426,2028
41426,480
41426,260
41426,1214
41426,4878
41426,2858
41426,541
41426,3578
41426,4973
41426,1210
124749,1617
124749,1221
124749,1610
124749,2571
124749,3196
124749,919
124749,3468
124749,969
124749,1219
124749,4406
15175,59315
15175,6377
15175,5816
15175,69122
15175,76251
15175,1196
15175,6874
15175,81834
15175,69844
15175,88125
10616,64969
10616,344
10616,97913
10616,79091
10616,77561
10616,102125
10616,68791
10616,88140
10616,4886
10616,47
2683,6711
2683,2858
2683,858
2683,3996
2683,2324
2683,4226
2683,6377
2683,47
2683,32587
2683,3949
59941,296
59941,858
59941,1196
59941,4993
59941,2571
59941,2028
59941,3578
59941,589
59941,47
59941,1291
37687,6874
37687,318
37687,6377
37687,5952
37687,4993
37687,527
37687,364
37687,858
37687,1270
37687,2706
133473,50872
133473,31685
133473,56367
133473,8368
133473,44195
133473,47610
133473,63082
133473,36517
133473,46967
133473,45722
49893,79132
49893,6377
49893,4886
49893,260
49893,2571
49893,595
49893,908
49893,912
49893,4993
49893,1148
20361,81845
20361,72011
20361,4306
20361,8368
20361,33679
20361,69757
20361,527
20361,95510
20361,106696
20361,85414
119069,6377
119069,6539
119069,47
119069,1214
119069,7153
119069,2571
119069,4993
119069,592
119069,527
119069,293
27420,1196
27420,260
27420,2959
27420,780
27420,48516
27420,4993
27420,3916
27420,36529
27420,2028
27420,5952
84572,7361
84572,2329
84572,44191
84572,32587
84572,50
84572,293
84572,48780
84572,5903
84572,32
84572,48516
104014,6539
104014,1089
104014,1265
104014,2329
104014,590
104014,750
104014,34405
104014,150
104014,7090
104014,31658
26480,4963
26480,316
26480,2640
26480,2948
26480,95
26480,5266
26480,4975
26480,2959
26480,3148
26480,2067
138305,589
138305,541
138305,1374
138305,1253
138305,1196
138305,260
138305,2944
138305,1231
138305,1242
138305,1200
128867,1196
128867,260
128867,8961
128867,4886
128867,356
128867,33794
128867,1210
128867,1270
128867,34405
128867,2959
15374,7361
15374,32587
15374,32
15374,6502
15374,51255
15374,7153
15374,2571
15374,1748
15374,1288
15374,1225
72643,750
72643,1203
72643,4226
72643,912
72643,1206
72643,527
72643,1193
72643,7361
72643,4973
72643,296
129043,7361
129043,56367
129043,45950
129043,53894
129043,81591
129043,5791
129043,2686
129043,318
129043,6711
129043,4226
8152,59315
8152,2858
8152,260
8152,293
8152,608
8152,2959
8152,2011
8152,3897
8152,1291
8152,1193
100037,69406
100037,80860
100037,6155
100037,88405
100037,59421
100037,88163
100037,1569
100037,34162
100037,5957
100037,7293
103659,1291
103659,1197
103659,2918
103659,2716
103659,1580
103659,1265
103659,593
103659,296
103659,50
103659,1500
4279,110
4279,44191
4279,2028
4279,4963
4279,44195
4279,80489
4279,57669
4279,64614
4279,60069
4279,33166
96909,1089
96909,48394
96909,5349
96909,2858
96909,7361
96909,1617
96909,592
96909,1214
96909,553
96909,4011
14189,1035
14189,5013
14189,932
14189,7619
14189,25886
14189,6228
14189,954
14189,2324
14189,920
14189,5404
19104,3948
19104,3671
19104,296
19104,1101
19104,7153
19104,6539
19104,5481
19104,1079
19104,5952
19104,8636
61654,2081
61654,7153
61654,4993
61654,6377
61654,4886
61654,8360
61654,1270
61654,919
61654,6539
61654,3114
71535,34437
71535,7361
71535,7323
71535,2360
71535,55555
71535,6954
71535,39292
71535,6291
71535,55069
71535,6286
55288,79132
55288,58559
55288,78499
55288,2571
55288,904
55288,4993
55288,72998
55288,7153
55288,4226
55288,480
4857,110
4857,2858
4857,2762
4857,1196
4857,318
4857,923
4857,1580
4857,1036
4857,1136
4857,1097
59613,5952
59613,7361
59613,1
59613,37729
59613,5218
59613,296
59613,3081
59613,1240
59613,44191
59613,48774
4302,4226
4302,2959
4302,1079
4302,928
4302,946
4302,4027
4302,2176
4302,899
4302,527
4302,4914
40734,356
40734,5418
40734,780
40734,54503
40734,1580
40734,1270
40734,8665
40734,48516
40734,51662
40734,296
37381,4973
37381,589
37381,1270
37381,6377
37381,1625
37381,1408
37381,8636
37381,1293
37381,3105
37381,5445
70911,3578
70911,73017
70911,48780
70911,49272
70911,6377
70911,53322
70911,47610
70911,8961
70911,72998
70911,5349
47986,4878
47986,5388
47986,1258
47986,1953
47986,2916
47986,49272
47986,6947
47986,1246
47986,293
47986,8665
117258,7361
117258,1580
117258,54503
117258,4226
117258,111
117258,1222
117258,44191
117258,4878
117258,2700
117258,2329
91444,110
91444,47
91444,750
91444,593
91444,2571
91444,2959
91444,1265
91444,356
91444,2918
91444,1208
23504,79091
23504,68954
23504,5218
23504,1
23504,3114
23504,364
23504,71264
23504,2011
23504,59784
23504,78499
79978,70286
79978,79132
79978,58559
79978,89745
79978,1240
79978,318
79978,3793
79978,593
79978,4878
79978,4306
132854,1196
132854,260
132854,50
132854,7147
132854,293
132854,4720
132854,1246
132854,60684
132854,40819
132854,1921
132510,1
132510,1265
132510,2571
132510,1923
132510,1198
132510,480
132510,597
132510,377
132510,2918
132510,500
30240,30707
30240,6953
30240,48738
30240,5995
30240,27803
30240,7139
30240,57669
30240,8645
30240,7361
30240,8958
1163,1036
1163,1954
1163,2716
1163,1610
1163,919
1163,3578
1163,2011
1163,1302
1163,2115
1163,2791
66617,48774
66617,6920
66617,55442
66617,57669
66617,48385
66617,55069
66617,46578
66617,7587
66617,27563
66617,52973
73646,593
73646,50
73646,33794
73646,7361
73646,5952
73646,58559
73646,1136
73646,750
73646,51662
73646,858
50590,7153
50590,2571
50590,356
50590,4963
50590,2028
50590,1704
50590,3147
50590,30707
50590,2324
50590,2858
107831,4226
107831,2959
107831,1196
107831,58559
107831,1527
107831,858
107831,7361
107831,296
107831,70286
107831,1274
32198,1136
32198,1210
32198,356
32198,318
32198,293
32198,1208
32198,1265
32198,2028
32198,1704
32198,58559
100980,5989
100980,1580
100980,1682
100980,2028
100980,1240
100980,1485
100980,6377
100980,47
100980,3147
100980,1097
106415,318
106415,4878
106415,19
106415,216
106415,2329
106415,1089
106415,4816
106415,2694
106415,1732
106415,4226
25179,4963
25179,55290
25179,4262
25179,2692
25179,48385
25179,35836
25179,54286
25179,778
25179,1219
25179,1259
61094,593
61094,1573
61094,6
61094,1961
61094,1619
61094,2340
61094,64614
61094,2826
61094,58559
61094,4370
120647,2959
120647,4306
120647,1136
120647,5952
120647,4993
120647,48780
120647,4226
120647,50
120647,750
120647,1203
77156,2959
77156,5294
77156,7387
77156,6659
77156,2329
77156,799
77156,1214
77156,1213
77156,1198
77156,6539
12278,7153
12278,527
12278,593
12278,54001
12278,4963
12278,5418
12278,4993
12278,5952
12278,2762
12278,5218
92176,8961
92176,733
92176,7153
92176,41566
92176,1527
92176,7143
92176,4226
92176,5299
92176,1393
92176,6874
74428,25777
74428,3629
74428,1934
74428,3310
74428,950
74428,3097
74428,7834
74428,25826
74428,2936
74428,32160
5242,48780
5242,58559
5242,59315
5242,72998
5242,30707
5242,32587
5242,79132
5242,68358
5242,45499
5242,33166
62522,5349
62522,2959
62522,4886
62522,318
62522,1136
62522,60069
62522,1097
62522,2918
62522,6377
62522,1196
45144,2959
45144,44191
45144,8961
45144,6377
45144,59315
45144,5445
45144,5349
45144,7438
45144,6874
45144,356
69645,68954
69645,44191
69645,32587
69645,91529
69645,109487
69645,33493
69645,58559
69645,46578
69645,34048
69645,48394
34985,4014
34985,1271
34985,1961
34985,2396
34985,3147
34985,2336
34985,17
34985,8010
34985,5064
34985,4880
122046,4306
122046,318
122046,2858
122046,50
122046,2918
122046,30707
122046,41997
122046,1704
122046,1089
122046,44195
103323,318
103323,4226
103323,296
103323,7361
103323,1089
103323,1704
103323,3481
103323,1193
103323,6874
103323,4973
4129,3168
4129,541
4129,3703
4129,6377
4129,454
4129,5500
4129,2871
4129,4027
4129,1391
4129,56174
30232,4226
30232,7153
30232,592
30232,47
30232,1617
30232,590
30232,1136
30232,500
30232,2716
30232,541
46190,356
46190,318
46190,110
46190,7438
46190,1089
46190,2858
46190,1221
46190,58559
46190,1036
46190,1721
113765,68954
113765,2291
113765,1527
113765,551
113765,66934
113765,1
113765,8961
113765,76093
113765,6377
113765,7147
40427,1198
40427,1258
40427,527
40427,3996
40427,1136
40427,1080
40427,1240
40427,1527
40427,2997
40427,750
70990,7153
70990,5952
70990,260
70990,2762
70990,1136
70990,318
70990,969
70990,950
70990,916
70990,953
21340,608
21340,46578
21340,5878
21340,32
21340,357
21340,44694
21340,2291
21340,1079
21340,509
21340,3160
78530,1036
78530,4776
78530,2167
78530,353
78530,1370
78530,33794
78530,7373
78530,5630
78530,858
78530,3355
33993,54503
33993,2329
33993,356
33993,49530
33993,71535
33993,59369
33993,59315
33993,858
33993,54286
33993,1089
91891,32
91891,44195
91891,858
91891,32587
91891,2329
91891,46976
91891,6016
91891,63082
91891,1653
91891,109374
12851,7361
12851,39292
12851,50872
12851,8970
12851,8961
12851,46578
12851,30812
12851,34072
12851,5902
12851,6773
21057,8961
21057,6870
21057,1288
21057,1208
21057,1961
21057,3897
21057,1221
21057,30707
21057,3361
21057,2406
97953,10
97953,69757
97953,68486
97953,73017
97953,1198
97953,165
97953,4370
97953,1704
97953,7438
97953,6350
79244,293
79244,1090
79244,3578
79244,1193
79244,3527
79244,316
79244,1222
79244,2916
79244,1213
79244,1258
40076,2571
40076,2918
40076,60069
40076,91529
40076,79132
40076,45499
40076,4306
40076,1968
40076,78499
40076,81847
748,2858
748,1136
748,1206
748,2959
748,7438
748,541
748,7361
748,1089
748,593
748,32587
25562,110102
25562,70286
25562,2858
25562,59315
25562,7153
25562,63082
25562,6373
25562,3793
25562,3147
25562,4973
39348,6539
39348,76093
39348,6377
39348,60069
39348,81845
39348,4306
39348,1270
39348,49272
39348,4973
39348,3793
113336,1997
113336,608
113336,1208
113336,1617
113336,969
113336,1225
113336,1947
113336,1198
113336,1258
113336,1206
126554,7078
126554,7023
126554,1537
126554,7728
126554,4798
126554,7061
126554,4921
126554,199
126554,3996
126554,5602
89145,2716
89145,2502
89145,2959
89145,2858
89145,1704
89145,4226
89145,1
89145,150
89145,2997
89145,4306
123883,1198
123883,296
123883,1197
123883,2291
123883,4226
123883,2858
123883,6377
123883,1682
123883,1291
123883,150
73996,1270
73996,66097
73996,318
73996,8961
73996,2858
73996,356
73996,919
73996,68954
73996,4226
73996,3147
18177,91529
18177,33794
18177,5952
18177,88125
18177,59315
18177,480
18177,81834
18177,40815
18177,5349
18177,3275
15537,111
15537,608
15537,2329
15537,7022
15537,32587
15537,44191
15537,48780
15537,1291
15537,44555
15537,3147
45082,6377
45082,2762
45082,6539
45082,4306
45082,58559
45082,4963
45082,3578
45082,4995
45082,69122
45082,367
19531,47
19531,59315
19531,6377
19531,2000
19531,1073
19531,2795
19531,5349
19531,33794
19531,6874
19531,68954
9595,593
9595,2571
9595,318
9595,2918
9595,48516
9595,4226
9595,48780
9595,356
9595,2329
9595,1704
31318,356
31318,40815
31318,480
31318,8961
31318,1580
31318,5349
31318,6539
31318,6333
31318,53125
31318,45722
104701,87232
104701,6333
104701,73017
104701,90603
104701,5349
104701,59315
104701,46530
104701,58559
104701,91529
104701,91542
72401,97913
72401,80549
72401,69757
72401,51255
72401,4641
72401,86347
72401,58998
72401,61024
72401,52973
72401,66934
121667,33679
121667,81847
121667,50872
121667,68954
121667,588
121667,91500
121667,76093
121667,69844
121667,595
121667,1721
61864,58559
61864,318
61864,2858
61864,2997
61864,356
61864,2571
61864,60069
61864,296
61864,4973
61864,97921
82808,2571
82808,3000
82808,7361
82808,5618
82808,318
82808,6016
82808,58559
82808,4226
82808,2858
82808,8961
52816,59315
52816,7502
52816,7153
52816,4993
52816,1136
52816,57669
52816,50
52816,1089
52816,5952
52816,54997
114397,33794
114397,3147
114397,527
114397,296
114397,50
114397,2028
114397,6870
114397,2762
114397,3897
114397,4034
107254,35836
107254,3897
107254,47
107254,3186
107254,372
107254,1961
107254,4226
107254,3147
107254,3261
107254,4239
120918,2959
120918,6365
120918,34405
120918,48780
120918,48394
120918,5903
120918,7254
120918,32
120918,377
120918,2455
90242,1704
90242,1089
90242,216
90242,45728
90242,1101
90242,3173
90242,47099
90242,8529
90242,608
90242,593
46828,1240
46828,1203
46828,1252
46828,296
46828,3435
46828,904
46828,589
46828,527
46828,1256
46828,1262
79035,4306
79035,6539
79035,8961
79035,1197
79035,33794
79035,1198
79035,916
79035,17
79035,8368
79035,40815
39049,2858
39049,1036
39049,1270
39049,1291
39049,589
39049,260
39049,2115
39049,648
39049,3147
39049,4995
49655,2502
49655,1198
49655,32
49655,593
49655,1208
49655,1136
49655,2959
49655,7361
49655,608
49655,7153
47746,7361
47746,46578
47746,8366
47746,45720
47746,71579
47746,55052
47746,40815
47746,40826
47746,86833
47746,80549
85640,60684
85640,91542
85640,58559
85640,51255
85640,46970
85640,34405
85640,44195
85640,47997
85640,46530
85640,53125
49727,1220
49727,6807
49727,1080
49727,1291
49727,7073
49727,1036
49727,541
49727,8636
49727,2987
49727,1148
8988,1200
8988,79132
8988,70286
8988,32
8988,1199
8988,1653
8988,4226
8988,296
8988,750
8988,4873
104127,741
104127,29
104127,293
104127,4848
104127,7361
104127,3000
104127,7438
104127,27773
104127,5618
104127,1196
99557,1136
99557,3819
99557,1197
99557,4306
99557,1035
99557,1265
99557,232
99557,4886
99557,1537
99557,720
53773,30793
53773,4878
53773,4993
53773,2858
53773,44191
53773,45722
53773,8784
53773,3052
53773,4226
53773,48394
53867,2571
53867,318
53867,47
53867,59315
53867,6711
53867,32
53867,48516
53867,33794
53867,2997
53867,4973
34423,50872
34423,4993
34423,7162
34423,7458
34423,41566
34423,5989
34423,8636
34423,8961
34423,4306
34423,53996
14569,1213
14569,858
14569,593
14569,318
14569,4235
14569,50
14569,4226
14569,3949
14569,4011
14569,1193
100218,7361
100218,1221
100218,1193
100218,750
100218,2019
100218,2959
100218,296
100218,2324
100218,6016
100218,1198
27401,260
27401,480
27401,2571
27401,2716
27401,1197
27401,2762
27401,1704
27401,1136
27401,1073
27401,36
88784,8368
88784,1704
88784,6942
88784,4963
88784,40815
88784,3408
88784,6218
88784,4995
88784,356
88784,39
39807,1270
39807,4306
39807,4226
39807,1213
39807,50
39807,32587
39807,8961
39807,59315
39807,10
39807,592
78669,59315
78669,73017
78669,54286
78669,5903
78669,49530
78669,33794
78669,2959
78669,44665
78669,71535
78669,48780
25919,47
25919,593
25919,2028
25919,1136
25919,1580
25919,1
25919,527
25919,500
25919,50
25919,68358
116002,2329
116002,48516
116002,50
116002,296
116002,33794
116002,4993
116002,49272
116002,73017
116002,71535
116002,3578
31300,33794
31300,356
31300,2012
31300,1580
31300,32587
31300,1265
31300,741
31300,1682
31300,50872
31300,6539
122985,2571
122985,58559
122985,60069
122985,5816
122985,4306
122985,5349
122985,480
122985,69844
122985,2628
122985,1580
44656,7153
44656,296
44656,4993
44656,1270
44656,58559
44656,318
44656,2174
44656,608
44656,2959
44656,1198
10059,33794
10059,6863
10059,45728
10059,1732
10059,4489
10059,3477
10059,1777
10059,48516
10059,2683
10059,3438
106513,1136
106513,3578
106513,590
106513,780
106513,1200
106513,364
106513,2115
106513,3471
106513,316
106513,40815
26087,5673
26087,6711
26087,3556
26087,4973
26087,2318
26087,38886
26087,5577
26087,1206
26087,5902
26087,296
3176,593
3176,1197
3176,318
3176,8961
3176,44191
3176,6539
3176,4878
3176,71535
3176,1
3176,296
118856,1291
118856,2959
118856,1198
118856,5418
118856,750
118856,32
118856,1136
118856,356
118856,1265
118856,1089
113842,2571
113842,1580
113842,733
113842,3527
113842,318
113842,1036
113842,1240
113842,5445
113842,1200
113842,3578
51522,52328
51522,2571
51522,858
51522,81932
51522,48394
51522,3949
51522,32587
51522,2329
51522,27904
51522,6502
103336,1221
103336,7153
103336,5952
103336,4993
103336,5010
103336,1704
103336,527
103336,4011
103336,49530
103336,50
114749,1
114749,6377
114749,2324
114749,46578
114749,357
114749,2716
114749,1097
114749,5299
114749,5989
114749,3897
128492,318
128492,6377
128492,1136
128492,5952
128492,32587
128492,2329
128492,1270
128492,780
128492,44191
128492,56367
97069,296
97069,111
97069,608
97069,1198
97069,1288
97069,593
97069,541
97069,1258
97069,1219
97069,50
11740,296
11740,7147
11740,56782
11740,55820
11740,55247
11740,56367
11740,1193
11740,8950
11740,356
11740,44191
137379,4226
137379,110
137379,50
137379,593
137379,318
137379,858
137379,6874
137379,480
137379,60069
137379,47
19416,1199
19416,59126
19416,58559
19416,27846
19416,64839
19416,47999
19416,1274
19416,1997
19416,2871
19416,2455
26290,8958
26290,4226
26290,356
26290,30749
26290,6711
26290,5902
26290,8966
26290,33154
26290,6870
26290,2918
76433,55290
76433,40819
76433,46578
76433,48516
76433,30707
76433,33794
76433,40583
76433,55820
76433,55052
76433,8970
25880,1198
25880,33834
25880,2232
25880,58559
25880,110
25880,45081
25880,56174
25880,1291
25880,2028
25880,71135
130660,1032
130660,2572
130660,588
130660,4370
130660,6502
130660,8641
130660,2124
130660,1968
130660,3897
130660,2997
92796,1198
92796,6333
92796,33794
92796,79132
92796,1527
92796,1517
92796,6539
92796,1580
92796,780
92796,1704
70902,44191
70902,480
70902,1089
70902,91500
70902,3552
70902,380
70902,780
70902,1393
70902,97304
70902,4022
39472,377
39472,593
39472,4886
39472,4963
39472,5445
39472,6539
39472,1270
39472,165
39472,1721
39472,60069
16115,58559
16115,2291
16115,74458
16115,527
16115,91500
16115,93840
16115,4226
16115,89745
16115,44191
16115,76093
20530,2858
20530,55276
20530,1258
20530,33794
20530,4848
20530,924
20530,908
20530,2762
20530,41285
20530,111
63154,32587
63154,7438
63154,778
63154,1080
63154,37733
63154,1175
63154,1464
63154,26840
63154,260
63154,2076
64765,1198
64765,260
64765,60069
64765,44191
64765,110
64765,318
64765,1036
64765,68358
64765,1240
64765,356
70460,1198
70460,2571
70460,2028
70460,4993
70460,3578
70460,913
70460,6874
70460,49272
70460,1250
70460,2858
122865,81845
122865,79132
122865,7361
122865,4226
122865,1296
122865,2959
122865,318
122865,91529
122865,60069
122865,593
87381,97304
87381,82459
87381,81845
87381,79132
87381,55118
87381,80489
87381,106100
87381,63876
87381,58559
87381,89804
44042,7361
44042,60069
44042,54503
44042,55820
44042,6016
44042,8464
44042,70286
44042,356
44042,46578
44042,47
22377,1240
22377,1
22377,589
22377,2762
22377,1997
22377,594
22377,68157
22377,5902
22377,2502
22377,1673
28519,6377
28519,318
28519,3578
28519,296
28519,6874
28519,260
28519,33166
28519,5445
28519,5418
28519,1580
96292,2762
96292,2329
96292,318
96292,4973
96292,356
96292,4226
96292,32
96292,1198
96292,778
96292,589
129299,2571
129299,58559
129299,44694
129299,4011
129299,2542
129299,55820
129299,67508
129299,2997
129299,912
129299,1222
30144,44195
30144,74458
30144,27773
30144,71462
30144,34542
30144,31410
30144,48394
30144,68237
30144,8949
30144,1193
117987,46578
117987,49272
117987,33679
117987,68358
117987,55276
117987,33493
117987,33794
117987,54259
117987,30793
117987,45517
22404,7153
22404,4993
22404,2858
22404,4995
22404,3578
22404,1784
22404,2396
22404,62
22404,500
22404,1580
44702,32
44702,2571
44702,1240
44702,296
44702,593
44702,5445
44702,2959
44702,1396
44702,4226
44702,1210
110605,1
110605,1517
110605,104
110605,2502
110605,231
110605,6373
110605,480
110605,588
110605,4226
110605,8961
59073,587
59073,2762
59073,296
59073,1704
59073,3101
59073,590
59073,1441
59073,2797
59073,64614
59073,110
121377,1704
121377,5995
121377,593
121377,48516
121377,1208
121377,4011
121377,4973
121377,5952
121377,7153
121377,4993
107435,79132
107435,6539
107435,356
107435,4993
107435,88125
107435,2858
107435,902
107435,69844
107435,318
107435,7669
130915,2028
130915,2797
130915,1246
130915,1101
130915,1393
130915,1961
130915,1097
130915,3481
130915,55820
130915,4995
71088,1270
71088,1291
71088,4226
71088,1080
71088,527
71088,3000
71088,858
71088,2692
71088,2997
71088,3481
130351,2804
130351,1284
130351,608
130351,7834
130351,2194
130351,1674
130351,1617
130351,7215
130351,923
130351,955
36006,1270
36006,55820
36006,344
36006,6874
36006,1036
36006,356
36006,3949
36006,1101
36006,7438
36006,1923
95080,5952
95080,2959
95080,356
95080,2571
95080,3578
95080,7438
95080,1580
95080,318
95080,2706
95080,344
99772,30749
99772,608
99772,48516
99772,58559
99772,4973
99772,1089
99772,3949
99772,778
99772,110
99772,81845
32962,1258
32962,1982
32962,3671
32962,58559
32962,1206
32962,165
32962,3793
32962,1213
32962,33794
32962,1265
94760,8874
94760,48516
94760,55820
94760,44191
94760,32587
94760,8949
94760,48774
94760,35836
94760,48780
94760,44195
39556,8807
39556,8917
39556,34162
39556,45728
39556,48394
39556,40815
39556,7451
39556,46530
39556,40946
39556,45499
30544,2959
30544,60069
30544,8961
30544,4886
30544,595
30544,48394
30544,45722
30544,2762
30544,63082
30544,5349
73812,71535
73812,5952
73812,2502
73812,69122
73812,1136
73812,318
73812,1198
73812,51662
73812,356
73812,3552
94428,33794
94428,7153
94428,5952
94428,8961
94428,6539
94428,588
94428,53996
94428,5349
94428,69122
94428,780
52171,2797
52171,6539
52171,7361
52171,1307
52171,6942
52171,1097
52171,1246
52171,1784
52171,5418
52171,2572
65776,1961
65776,594
65776,5218
65776,5445
65776,1
65776,1997
65776,7438
65776,1721
65776,4308
65776,318
8880,1198
8880,2959
8880,102445
8880,7153
8880,4993
8880,296
8880,106489
8880,1291
8880,4226
8880,73017
23697,2858
23697,1291
23697,2571
23697,2997
23697,1639
23697,2502
23697,1265
23697,1732
23697,7361
23697,1089
133267,7361
133267,6016
133267,79132
133267,2028
133267,110
133267,778
133267,1193
133267,2762
133267,32587
133267,48394
54313,4226
54313,2959
54313,593
54313,1252
54313,7361
54313,2329
54313,48516
54313,527
54313,50
54313,1213
27755,7254
27755,2916
27755,367
27755,597
27755,293
27755,778
27755,1092
27755,2353
27755,1080
27755,3793
52405,480
52405,2947
52405,1241
52405,50
52405,1517
52405,7022
52405,2700
52405,51662
52405,1682
52405,1580
97231,5903
97231,2329
97231,2997
97231,48043
97231,3535
97231,7254
97231,318
97231,8914
97231,7153
97231,858
17493,3114
17493,2571
17493,858
17493,318
17493,1968
17493,2918
17493,1682
17493,1247
17493,5349
17493,595
119323,44191
119323,1676
119323,32587
119323,3489
119323,1704
119323,353
119323,2046
119323,590
119323,3994
119323,51662
26705,593
26705,1
26705,318
26705,1210
26705,260
26705,33794
26705,1198
26705,592
26705,457
26705,858
30015,1089
30015,3793
30015,50
30015,1136
30015,1210
30015,4878
30015,5445
30015,4963
30015,6539
30015,5349
133644,6711
133644,1240
133644,223
133644,1228
133644,1258
133644,2076
133644,5902
133644,1259
133644,1094
133644,4641
82502,58559
82502,49272
82502,33794
82502,59315
82502,62374
82502,55765
82502,60074
82502,69122
82502,51935
82502,36529
43778,4306
43778,6377
43778,3977
43778,6539
43778,8529
43778,2671
43778,2012
43778,8969
43778,364
43778,5266
45802,8360
45802,4963
45802,6539
45802,60069
45802,2571
45802,73017
45802,8368
45802,45517
45802,8644
45802,78499
135085,44191
135085,56174
135085,6539
135085,33493
135085,356
135085,5218
135085,45722
135085,53125
135085,31696
135085,8957
76328,296
76328,48516
76328,318
76328,2762
76328,46578
76328,3793
76328,364
76328,5418
76328,40815
76328,110
75017,2329
75017,296
75017,4993
75017,260
75017,48394
75017,33794
75017,5952
75017,48516
75017,48780
75017,6874
12844,71579
12844,63082
12844,50872
12844,8368
12844,8665
12844,80463
12844,46976
12844,47629
12844,80549
12844,4973
3542,2791
3542,457
3542,2000
3542,333
3542,733
3542,1485
3542,780
3542,2502
3542,1517
3542,216
42110,1136
42110,60069
42110,593
42110,76093
42110,318
42110,110
42110,50
42110,588
42110,80463
42110,4306
95222,480
95222,2858
95222,5349
95222,4995
95222,3793
95222,40815
95222,1923
95222,4226
95222,33794
95222,1197
40488,4226
40488,2329
40488,55820
40488,1193
40488,2959
40488,3949
40488,593
40488,318
40488,858
40488,56782
122699,7153
122699,5952
122699,4993
122699,58559
122699,110
122699,47
122699,6377
122699,68157
122699,48516
122699,5989
97795,4226
97795,60069
97795,2959
97795,4878
97795,593
97795,1704
97795,33794
97795,55820
97795,49272
97795,1213
28191,480
28191,3717
28191,527
28191,1220
28191,2006
28191,541
28191,150
28191,592
28191,6934
28191,6548
63273,1580
63273,2406
63273,1225
63273,1220
63273,1250
63273,1079
63273,2470
63273,318
63273,527
63273,5060
54270,541
54270,589
54270,1208
54270,2028
54270,1704
54270,88129
54270,34405
54270,6
54270,7502
54270,1961
83610,608
83610,593
83610,527
83610,7361
83610,2858
83610,4226
83610,1089
83610,4973
83610,55820
83610,356
14473,50872
14473,51540
14473,54372
14473,76093
14473,44191
14473,8914
14473,70286
14473,36517
14473,2716
14473,52950
31626,4886
31626,44665
31626,26614
31626,2028
31626,110
31626,48516
31626,4226
31626,60684
31626,34405
31626,8874
61863,293
61863,1219
61863,55820
61863,1227
61863,4226
61863,1214
61863,1208
61863,2571
61863,903
61863,1732
59124,2599
59124,2692
59124,1921
59124,1394
59124,6711
59124,1617
59124,3481
59124,1270
59124,6331
59124,5782
96744,296
96744,2700
96744,2959
96744,592
96744,500
96744,1580
96744,6936
96744,6874
96744,1097
96744,2003
115119,356
115119,1196
115119,7147
115119,33794
115119,2324
115119,2571
115119,3671
115119,1246
115119,1704
115119,1035
1411,1060
1411,1639
1411,25
1411,8665
1411,2890
1411,5445
1411,2692
1411,1732
1411,4034
1411,4226
49585,4896
49585,78499
49585,59315
49585,44191
49585,5418
49585,8368
49585,63082
49585,318
49585,4014
49585,5816
62862,7361
62862,260
62862,5618
62862,1080
62862,4878
62862,778
62862,32587
62862,5971
62862,4226
62862,1732
70665,60069
70665,2571
70665,858
70665,364
70665,78499
70665,5952
70665,7153
70665,4993
70665,1198
70665,98809
120052,356
120052,1270
120052,1097
120052,1374
120052,4995
120052,3471
120052,1376
120052,919
120052,6565
120052,4306
117464,54997
117464,32587
117464,44195
117464,30749
117464,1228
117464,51540
117464,44199
117464,48322
117464,59315
117464,34437
27483,2858
27483,2997
27483,2571
27483,541
27483,4973
27483,4878
27483,31658
27483,1274
27483,1208
27483,6711
12611,1208
12611,593
12611,1272
12611,1266
12611,1193
12611,1213
12611,1222
12611,1263
12611,2076
12611,1997
17661,17
17661,1198
17661,969
17661,7584
17661,912
17661,1269
17661,910
17661,1197
17661,1226
17661,3097
30049,1214
30049,924
30049,2403
30049,4855
30049,1258
30049,2411
30049,1213
30049,1090
30049,1262
30049,3527
106614,778
106614,293
106614,44665
106614,2571
106614,4226
106614,4011
106614,48780
106614,4874
106614,44191
106614,1270
44831,72998
44831,318
44831,68157
44831,68237
44831,99114
44831,32
44831,593
44831,110
44831,44191
44831,1222
61848,8961
61848,8874
61848,34048
61848,33794
61848,40819
61848,41566
61848,8464
61848,39183
61848,6863
61848,8784
39859,527
39859,81845
39859,55052
39859,4014
39859,2324
39859,4993
39859,64034
39859,47099
39859,58559
39859,64622
133683,4993
133683,6377
133683,2918
133683,1
133683,858
133683,2571
133683,7153
133683,5952
133683,3996
133683,608
14807,1136
14807,4011
14807,2959
14807,5418
14807,1198
14807,260
14807,1196
14807,1210
14807,6539
14807,1223
136641,2762
136641,2502
136641,1265
136641,318
136641,32587
136641,1193
136641,71535
136641,70286
136641,89745
136641,356
37443,32
37443,47
37443,48394
37443,50
37443,68157
37443,2502
37443,1089
37443,924
37443,48516
37443,858
66798,4848
66798,8961
66798,34542
66798,1230
66798,3000
66798,1219
66798,3114
66798,6380
66798,5690
66798,7361
18758,1262
18758,858
18758,457
18758,3498
18758,924
18758,380
18758,2791
18758,111
18758,1208
18758,912
101953,2858
101953,778
101953,7361
101953,4226
101953,6016
101953,4306
101953,4011
101953,318
101953,593
101953,7153
75173,223
75173,180
75173,36708
75173,58559
75173,4718
75173,54503
75173,4963
75173,1517
75173,231
75173,3275
10950,72641
10950,2694
10950,7444
10950,2018
10950,2012
10950,1968
10950,58803
10950,2141
10950,2797
10950,54190
28907,2571
28907,608
28907,111
28907,1208
28907,593
28907,1193
28907,1258
28907,2858
28907,750
28907,1136
118191,3785
118191,2571
118191,1036
118191,5952
118191,165
118191,5152
118191,4084
118191,858
118191,356
118191,733
108304,58559
108304,858
108304,2959
108304,7153
108304,4963
108304,527
108304,72998
108304,7502
108304,733
108304,91529
41273,1259
41273,919
41273,2005
41273,88140
41273,97938
41273,1682
41273,296
41273,1029
41273,4447
41273,7147
95275,356
95275,2858
95275,1221
95275,58559
95275,44191
95275,2997
95275,2762
95275,1963
95275,3618
95275,492
21130,1136
21130,4306
21130,2571
21130,1265
21130,32587
21130,1732
21130,6874
21130,4963
21130,2502
21130,2997
34151,2716
34151,2028
34151,1270
34151,1193
34151,2791
34151,4306
34151,1610
34151,1089
34151,34
34151,161
19107,33794
19107,7361
19107,3160
19107,7147
19107,5570
19107,6874
19107,4226
19107,3556
19107,111
19107,8973
52479,48780
52479,55820
52479,293
52479,84152
52479,69757
52479,3481
52479,1961
52479,73017
52479,59315
52479,527
105999,356
105999,3897
105999,1393
105999,1183
105999,34072
105999,8949
105999,5989
105999,34
105999,4993
105999,1721
80616,4226
80616,2762
80616,356
80616,608
80616,47
80616,1208
80616,1193
80616,3578
80616,1610
80616,110
124394,6383
124394,53996
124394,51935
124394,72641
124394,65230
124394,7161
124394,4673
124394,419
124394,7004
124394,5941
3653,2858
3653,5418
3653,6870
3653,2959
3653,58559
3653,54286
3653,1961
3653,858
3653,48738
3653,72011
60359,1961
60359,4306
60359,80463
60359,46578
60359,7371
60359,2959
60359,55820
60359,1193
60359,4973
60359,2467
55502,110
55502,4014
55502,3916
55502,3052
55502,1073
55502,1721
55502,2321
55502,1210
55502,7361
55502,597
6379,6377
6379,597
6379,318
6379,2329
6379,593
6379,4886
6379,50
6379,3578
6379,377
6379,1580
68965,51662
68965,356
68965,44191
68965,1240
68965,49272
68965,344
68965,54272
68965,480
68965,648
68965,5952
27744,2788
27744,6807
27744,1641
27744,1079
27744,2300
27744,314
27744,6773
27744,5945
27744,2359
27744,370
109173,49278
109173,260
109173,2683
109173,8957
109173,2502
109173,2959
109173,48516
109173,53996
109173,1917
109173,2694
79739,539
79739,54286
79739,40815
79739,55052
79739,261
79739,3555
79739,3148
79739,88125
79739,8665
79739,5380
40782,527
40782,32
40782,1721
40782,6377
40782,597
40782,7361
40782,377
40782,608
40782,6370
40782,5989
125110,2716
125110,4306
125110,590
125110,3578
125110,1584
125110,2028
125110,34
125110,7153
125110,1721
125110,5952
61942,6539
61942,4005
61942,5218
61942,33679
61942,3633
61942,2990
61942,53322
61942,44022
61942,733
61942,1721
115535,2123
115535,110
115535,1203
115535,51662
115535,35836
115535,2791
115535,2133
115535,1210
115535,4973
115535,541
115431,593
115431,318
115431,527
115431,903
115431,1207
115431,608
115431,2858
115431,81845
115431,4973
115431,1193
75347,2571
75347,47
75347,79132
75347,44972
75347,8947
75347,58559
75347,102125
75347,593
75347,92259
75347,89745
132774,1387
132774,5980
132774,4546
132774,1285
132774,47
132774,480
132774,40732
132774,27317
132774,3843
132774,4437
101357,1240
101357,480
101357,1270
101357,2858
101357,253
101357,1580
101357,293
101357,60069
101357,1721
101357,150
67079,45499
67079,3578
67079,8961
67079,8360
67079,780
67079,4963
67079,6377
67079,48385
67079,4886
67079,54503
135027,1200
135027,318
135027,588
135027,1270
135027,1127
135027,4995
135027,5952
135027,2987
135027,1608
135027,150
55371,527
55371,2997
55371,6807
55371,7361
55371,50
55371,4878
55371,46578
55371,3897
55371,1221
55371,541
22943,2571
22943,2858
22943,58559
22943,4878
22943,318
22943,750
22943,48516
22943,1219
22943,6016
22943,1193
61868,3578
61868,356
61868,780
61868,5989
61868,1721
61868,1917
61868,3623
61868,480
61868,296
61868,4306
130627,55820
130627,4011
130627,7153
130627,5995
130627,71033
130627,92259
130627,86781
130627,1732
130627,8950
130627,48774
101365,32
101365,4226
101365,1198
101365,733
101365,2762
101365,318
101365,1036
101365,5418
101365,380
101365,1291
103443,318
103443,47
103443,778
103443,2959
103443,1089
103443,1258
103443,2997
103443,541
103443,4262
103443,904
6057,79132
6057,2571
6057,60069
6057,1884
6057,74458
6057,32587
6057,7147
6057,66097
6057,44665
6057,48780
24645,2858
24645,1291
24645,1198
24645,1265
24645,589
24645,4011
24645,1732
24645,2542
24645,5952
24645,593
94110,54286
94110,58559
94110,2706
94110,59315
94110,5418
94110,3578
94110,4963
94110,8665
94110,67923
94110,2959
20494,72998
20494,97921
20494,59315
20494,91542
20494,104841
20494,92259
20494,106072
20494,105504
20494,112852
20494,68954
90216,8961
90216,6377
90216,5989
90216,2028
90216,55765
90216,69122
90216,527
90216,3793
90216,6874
90216,733
23055,162
23055,1258
23055,8491
23055,456
23055,1206
23055,26172
23055,4776
23055,31770
23055,7076
23055,27317
69473,78105
69473,2959
69473,6377
69473,52722
69473,2006
69473,70336
69473,56174
69473,5816
69473,55765
69473,6537
131670,1704
131670,1213
131670,608
131670,50
131670,912
131670,33166
131670,150
131670,30707
131670,750
131670,2997
74995,50
74995,2858
74995,1080
74995,1079
74995,912
74995,431
74995,750
74995,2313
74995,16
74995,778
54598,593
54598,4963
54598,8636
54598,59315
54598,3481
54598,44191
54598,8368
54598,1732
54598,1073
54598,648
20581,1198
20581,48516
20581,7361
20581,296
20581,2028
20581,593
20581,1732
20581,48774
20581,1291
20581,63082
1322,356
1322,260
1322,33794
1322,110
1322,58559
1322,1291
1322,4306
1322,1196
1322,2762
1322,5064
23544,72998
23544,2716
23544,59315
23544,457
23544,5618
23544,33794
23544,3793
23544,7361
23544,293
23544,1036
100621,2571
100621,2858
100621,356
100621,50
100621,4973
100621,1704
100621,1961
100621,527
100621,1246
100621,6218
75523,903
75523,904
75523,928
75523,1196
75523,1210
75523,780
75523,911
75523,1291
75523,2762
75523,1
92760,47
92760,2329
92760,2858
92760,318
92760,48516
92760,4995
92760,47610
92760,5903
92760,5989
92760,4963
71975,1704
71975,953
71975,555
71975,2005
71975,5266
71975,6016
71975,5952
71975,3044
71975,3526
71975,5989
30551,648
30551,47
30551,5952
30551,2762
30551,54286
30551,2858
30551,5989
30551,1270
30551,51662
30551,59315
19810,5952
19810,4993
19810,593
19810,480
19810,4995
19810,110
19810,6874
19810,4226
19810,1704
19810,4963
97670,858
97670,2329
97670,7361
97670,296
97670,307
97670,58559
97670,1262
97670,608
97670,30749
97670,1221
134252,356
134252,4306
134252,2571
134252,296
134252,33794
134252,3793
134252,4226
134252,1
134252,593
134252,318
95215,7451
95215,81847
95215,5971
95215,1073
95215,6377
95215,8368
95215,46578
95215,88125
95215,80549
95215,79132
125530,6711
125530,30707
125530,3996
125530,6380
125530,2028
125530,5135
125530,8949
125530,3967
125530,1213
125530,2336
36858,2959
36858,47
36858,59315
36858,56174
36858,8961
36858,4226
36858,3578
36858,51662
36858,33794
36858,48780
110228,7163
110228,318
110228,8371
110228,48780
110228,5418
110228,54286
110228,2916
110228,1270
110228,34319
110228,2959
66281,50872
66281,1721
66281,47099
66281,81845
66281,2081
66281,60069
66281,597
66281,595
66281,4886
66281,4995
21921,88125
21921,1046
21921,81834
21921,73017
21921,40815
21921,5971
21921,68358
21921,68319
21921,6539
21921,60069
64383,8644
64383,5952
64383,63082
64383,5349
64383,56174
64383,8972
64383,59369
64383,356
64383,7458
64383,5418
117100,1291
117100,47
117100,7438
117100,296
117100,6874
117100,2571
117100,48516
117100,110
117100,318
117100,59315
41556,858
41556,593
41556,1968
41556,597
41556,4963
41556,364
41556,1079
41556,1231
41556,296
41556,3039
42406,2762
42406,6874
42406,1
42406,1580
42406,318
42406,1036
42406,1246
42406,17
42406,593
42406,4308
32805,318
32805,1198
32805,5952
32805,356
32805,4226
32805,2571
32805,1270
32805,527
32805,32587
32805,1265
88841,4105
88841,1997
88841,1241
88841,53000
88841,1387
88841,3499
88841,318
88841,296
88841,1347
88841,1321
46188,32
46188,4878
46188,778
46188,1247
46188,1288
46188,4034
46188,908
46188,4979
46188,1203
46188,924
25007,1732
25007,2324
25007,1704
25007,5669
25007,46578
25007,8949
25007,1258
25007,1961
25007,4027
25007,7147
54875,318
54875,7254
54875,593
54875,7445
54875,2762
54875,6188
54875,5952
54875,50
54875,296
54875,4901
34820,1213
34820,2959
34820,296
34820,4226
34820,2571
34820,1259
34820,1997
34820,1193
34820,628
34820,1252
14263,4993
14263,4973
14263,63082
14263,318
14263,1293
14263,858
14263,1193
14263,58559
14263,5952
14263,7361
84212,4306
84212,4963
84212,48516
84212,1036
84212,35836
84212,2028
84212,4878
84212,5418
84212,7361
84212,1213
95197,8961
95197,6539
95197,5418
95197,2115
95197,8665
95197,1097
95197,3114
95197,5349
95197,6378
95197,5378
56221,593
56221,8645
56221,48394
56221,48516
56221,3910
56221,3160
56221,74458
56221,5995
56221,80463
56221,8784
10120,70286
10120,593
10120,1210
10120,48516
10120,1270
10120,5445
10120,3147
10120,54286
10120,6539
10120,3052
100738,2959
100738,1193
100738,593
100738,1215
100738,32
100738,1210
100738,7361
100738,6874
100738,610
100738,1282
124186,4878
124186,48394
124186,50
124186,2997
124186,27773
124186,31658
124186,750
124186,8014
124186,7323
124186,46578
114283,527
114283,32587
114283,7438
114283,6874
114283,356
114283,318
114283,589
114283,1704
114283,1213
114283,293
108258,5952
108258,4993
108258,356
108258,3578
108258,2028
108258,4963
108258,1198
108258,2716
108258,648
108258,3793
102119,4886
102119,6377
102119,4995
102119,1777
102119,919
102119,6539
102119,2683
102119,3977
102119,5299
102119,1028
80340,2571
80340,4011
80340,318
80340,3949
80340,3147
80340,7438
80340,2542
80340,778
80340,1704
80340,527
87156,364
87156,6539
87156,32
87156,1527
87156,480
87156,1073
87156,2716
87156,1391
87156,2115
87156,32587
21619,594
21619,3408
21619,1923
21619,2080
21619,104
21619,500
21619,1580
21619,2329
21619,780
21619,1302
34143,4226
34143,1209
34143,1208
34143,608
34143,1284
34143,1225
34143,356
34143,1265
34143,111
34143,1203
100111,296
100111,318
100111,2571
100111,73017
100111,72998
100111,59369
100111,50
100111,68954
100111,4306
100111,7153
47739,6016
47739,47
47739,1222
47739,48774
47739,36529
47739,356
47739,3578
47739,33794
47739,2502
47739,44199
125621,8961
125621,5971
125621,46578
125621,8622
125621,7099
125621,39183
125621,44191
125621,54272
125621,38038
125621,39292
106870,527
106870,33794
106870,7361
106870,260
106870,1580
106870,32
106870,588
106870,1197
106870,110
106870,3996
42319,89745
42319,68358
42319,79132
42319,356
42319,112852
42319,6333
42319,318
42319,8636
42319,5445
42319,4226
125539,3578
125539,6539
125539,7143
125539,293
125539,2542
125539,4011
125539,3275
125539,1500
125539,8961
125539,48774
58775,2291
58775,7438
58775,1198
58775,1196
58775,296
58775,7147
58775,3578
58775,1291
58775,3253
58775,1089
7091,1266
7091,1276
7091,150
7091,1272
7091,110
7091,1302
7091,64614
7091,30749
7091,953
7091,7502
66354,2716
66354,480
66354,55820
66354,733
66354,1923
66354,4878
66354,51662
66354,2628
66354,46578
66354,344
90638,596
90638,1198
90638,1258
90638,1377
90638,26133
90638,2987
90638,1036
90638,2115
90638,44191
90638,2012
77822,2028
77822,44191
77822,48774
77822,47
77822,2959
77822,1089
77822,589
77822,38061
77822,34405
77822,8798
14022,7438
14022,79132
14022,81591
14022,48780
14022,6874
14022,64957
14022,1246
14022,30707
14022,1704
14022,1222
5825,260
5825,2459
5825,27317
5825,7387
5825,7022
5825,924
5825,1214
5825,2363
5825,34326
5825,2366
85722,778
85722,2959
85722,4878
85722,4881
85722,7022
85722,50
85722,2997
85722,1208
85722,6016
85722,2019
127862,1
127862,97938
127862,527
127862,3578
127862,4226
127862,1682
127862,106696
127862,4973
127862,48780
127862,91529
97828,46723
97828,46578
97828,44191
97828,64622
97828,48394
97828,1193
97828,1206
97828,68954
97828,5878
97828,81591
120040,4963
120040,2959
120040,54001
120040,4896
120040,5816
120040,47
120040,4993
120040,5952
120040,49272
120040,86190
114135,2329
114135,1
114135,1961
114135,67087
114135,2997
114135,54503
114135,4963
114135,2683
114135,60069
114135,32
22984,4306
22984,8360
22984,79132
22984,6377
22984,1721
22984,3793
22984,91500
22984,72998
22984,2571
22984,6365
78524,1200
78524,48394
78524,1997
78524,8950
78524,1127
78524,31410
78524,68237
78524,1748
78524,7438
78524,1036
119001,4878
119001,7361
119001,88129
119001,111
119001,1089
119001,79132
119001,27773
119001,1230
119001,6016
119001,858
127441,3949
127441,2571
127441,2858
127441,296
127441,2762
127441,6016
127441,8957
127441,6502
127441,64614
127441,1258
40093,541
40093,2997
40093,296
40093,1196
40093,1449
40093,2395
40093,6773
40093,4973
40093,1210
40093,5902
67318,48516
67318,4226
67318,1193
67318,2329
67318,46578
67318,48394
67318,48738
67318,2502
67318,55247
67318,30707
87247,539
87247,3578
87247,1291
87247,1198
87247,6377
87247,5989
87247,590
87247,588
87247,954
87247,4857
125820,2858
125820,318
125820,7361
125820,6016
125820,79132
125820,3949
125820,55820
125820,858
125820,27773
125820,2329
36713,26662
36713,60069
36713,68954
36713,48394
36713,551
36713,68358
36713,2571
36713,81591
36713,72226
36713,69757
126491,109374
126491,2571
126491,2329
126491,47
126491,296
126491,8914
126491,1206
126491,1089
126491,55820
126491,293
105838,70286
105838,318
105838,593
105838,32587
105838,72998
105838,5445
105838,4878
105838,54286
105838,4993
105838,1240
54653,1198
54653,593
54653,318
54653,1222
54653,2858
54653,356
54653,47
54653,2571
54653,2918
54653,16
98616,1210
98616,1356
98616,364
98616,1376
98616,2571
98616,1196
98616,260
98616,592
98616,593
98616,3793
56396,47
56396,69844
56396,2762
56396,5952
56396,4993
56396,7153
56396,110
56396,2028
56396,1258
56396,79132
38365,1198
38365,457
38365,47
38365,589
38365,1214
38365,4226
38365,1258
38365,1617
38365,1200
38365,1097
17259,47
17259,858
17259,48516
17259,58559
17259,61323
17259,1213
17259,1089
17259,56782
17259,924
17259,4963
9107,41569
9107,33493
9107,40815
9107,33794
9107,40819
9107,34153
9107,30793
9107,2640
9107,8784
9107,38061
49503,1240
49503,2628
49503,7153
49503,356
49503,1580
49503,2003
49503,3578
49503,4370
49503,6365
49503,593
121266,356
121266,745
121266,1223
121266,1197
121266,150
121266,480
121266,5952
121266,4306
121266,260
121266,590
101785,41566
101785,30825
101785,34048
101785,33615
101785,33679
101785,33493
101785,34319
101785,30793
101785,45722
101785,49272
4847,7153
4847,2959
4847,31658
4847,8961
4847,527
4847,48780
4847,5952
4847,48516
4847,296
4847,44191
76241,4878
76241,3949
76241,4226
76241,2858
76241,5995
76241,27727
76241,2360
76241,778
76241,6867
76241,33880
135,8360
135,364
135,1035
135,953
135,1022
135,1270
135,261
135,2565
135,260
135,594
45759,648
45759,3578
45759,5952
45759,110
45759,1721
45759,1573
45759,364
45759,733
45759,380
45759,1198
81337,7153
81337,1196
81337,260
81337,4993
81337,356
81337,1
81337,4963
81337,5445
81337,4011
81337,1240
117474,50
117474,1193
117474,1212
117474,1258
117474,3000
117474,4993
117474,913
117474,923
117474,1219
117474,260
103416,50
103416,1198
103416,858
103416,1206
103416,293
103416,48516
103416,48394
103416,1197
103416,2028
103416,541
28774,2918
28774,1270
28774,1704
28774,318
28774,6333
28774,1961
28774,1036
28774,3751
28774,33660
28774,589
53723,111
53723,1263
53723,2959
53723,1213
53723,58559
53723,1221
53723,2329
53723,1200
53723,6787
53723,64614
126057,47
126057,1136
126057,45499
126057,8644
126057,316
126057,60069
126057,56174
126057,1198
126057,6934
126057,8961
90421,1291
90421,3635
90421,68358
90421,111759
90421,108932
90421,2948
90421,33794
90421,3638
90421,99114
90421,2949
37203,50
37203,1222
37203,3578
37203,1258
37203,2858
37203,32587
37203,293
37203,2028
37203,344
37203,44191
105143,4886
105143,4993
105143,4973
105143,6377
105143,7153
105143,1206
105143,4027
105143,1196
105143,260
105143,3996
35184,318
35184,1089
35184,296
35184,6711
35184,1213
35184,2858
35184,3897
35184,4973
35184,45728
35184,1197
47194,6874
47194,6016
47194,51662
47194,593
47194,79132
47194,44191
47194,3578
47194,5995
47194,1089
47194,527
6828,1347
6828,1982
6828,1327
6828,1969
6828,968
6828,1387
6828,2459
6828,1980
6828,6615
6828,1978
102581,68157
102581,4011
102581,2028
102581,3147
102581,48780
102581,593
102581,55765
102581,64614
102581,2762
102581,1961
107915,54286
107915,79132
107915,48516
107915,4022
107915,780
107915,8961
107915,4896
107915,49530
107915,1036
107915,5064
37872,79132
37872,33794
37872,6377
37872,58559
37872,71535
37872,52973
37872,58998
37872,4886
37872,8784
37872,5816
55195,589
55195,58559
55195,2329
55195,47
55195,2028
55195,296
55195,593
55195,54286
55195,1208
55195,2858
75688,1270
75688,1198
75688,2571
75688,593
75688,5445
75688,733
75688,1291
75688,51662
75688,527
75688,2628
113229,5952
113229,1206
113229,4027
113229,7373
113229,3702
113229,2987
113229,1219
113229,2683
113229,2791
113229,2968
104330,356
104330,1136
104330,5952
104330,4993
104330,2571
104330,4306
104330,3996
104330,2858
104330,318
104330,1580
62996,2571
62996,2959
62996,1196
62996,58559
62996,44191
62996,7153
62996,59315
62996,68358
62996,4993
62996,3793
70287,4878
70287,32587
70287,46578
70287,1136
70287,2858
70287,7285
70287,4993
70287,3949
70287,223
70287,1968
64840,8961
64840,4886
64840,79132
64840,58559
64840,5349
64840,87232
64840,72998
64840,77561
64840,59315
64840,5218
101936,58559
101936,77561
101936,1036
101936,3793
101936,44665
101936,34319
101936,33794
101936,733
101936,6502
101936,68319
97384,608
97384,1961
97384,904
97384,1225
97384,1193
97384,36
97384,46578
97384,2908
97384,527
97384,318
20899,31184
20899,26776
20899,741
20899,5618
20899,60069
20899,45722
20899,27660
20899,33794
20899,34405
20899,3000
20888,2959
20888,1682
20888,480
20888,364
20888,4896
20888,48394
20888,70286
20888,1580
20888,2628
20888,318
91429,39183
91429,7438
91429,5669
91429,7153
91429,2959
91429,296
91429,6350
91429,5690
91429,44191
91429,6016
91146,150
91146,480
91146,1270
91146,293
91146,1221
91146,1136
91146,541
91146,592
91146,111
91146,48774
91977,56367
91977,910
91977,2020
91977,1079
91977,3481
91977,318
91977,898
91977,2858
91977,527
91977,1704
97181,2028
97181,8961
97181,588
97181,47
97181,21
97181,2268
97181,527
97181,3253
97181,2100
97181,1101
738,1704
738,1961
738,2762
738,1193
738,527
738,750
738,1214
738,912
738,1252
738,923
127427,1320
127427,1608
127427,1200
127427,1690
127427,1371
127427,7173
127427,35836
127427,2124
127427,53953
127427,2826
120827,2571
120827,2959
120827,2502
120827,51662
120827,44191
120827,51255
120827,1732
120827,5418
120827,6874
120827,32587
77681,7153
77681,5952
77681,2571
77681,4993
77681,1258
77681,3751
77681,2692
77681,6711
77681,318
77681,7438
127005,356
127005,2115
127005,4963
127005,1
127005,4306
127005,2268
127005,150
127005,1240
127005,2028
127005,47
34921,1210
34921,480
34921,4226
34921,2762
34921,356
34921,296
34921,589
34921,110
34921,47
34921,7153
82085,59315
82085,79132
82085,4226
82085,54286
82085,49272
82085,68954
82085,51255
82085,2959
82085,38061
82085,72998
27966,4226
27966,32587
27966,1222
27966,2291
27966,778
27966,1198
27966,2858
27966,2997
27966,8874
27966,924
26516,52722
26516,8972
26516,54286
26516,56367
26516,34162
26516,47610
26516,34319
26516,35836
26516,55995
26516,53464
86155,3578
86155,3793
86155,1196
86155,260
86155,780
86155,1
86155,2628
86155,5445
86155,8368
86155,1291
135507,1291
135507,318
135507,6874
135507,1213
135507,44191
135507,2028
135507,2858
135507,7438
135507,69122
135507,223
21803,46578
21803,4027
21803,44195
21803,6711
21803,4226
21803,58559
21803,2918
21803,68954
21803,1193
21803,4995
72639,1721
72639,3114
72639,2080
72639,1035
72639,17
72639,356
72639,480
72639,8961
72639,4857
72639,54001
85890,457
85890,2762
85890,928
85890,922
85890,7215
85890,527
85890,4963
85890,1214
85890,858
85890,2176
10573,1199
10573,5992
10573,6711
10573,1719
10573,5902
10573,1206
10573,4641
10573,265
10573,1211
10573,342
90607,480
90607,318
90607,1222
90607,1291
90607,1198
90607,70286
90607,589
90607,3578
90607,1371
90607,1676
45505,1213
45505,6870
45505,296
45505,1089
45505,8961
45505,2716
45505,1527
45505,1923
45505,377
45505,3949
88574,1193
88574,608
88574,5291
88574,111
88574,1252
88574,4979
88574,5618
88574,1212
88574,2571
88574,778
58861,2571
58861,1580
58861,5349
58861,72998
58861,1
58861,3578
58861,8528
58861,40815
58861,78499
58861,3114
4759,593
4759,778
4759,8641
4759,2571
4759,1884
4759,1682
4759,48385
4759,2194
4759,2580
4759,1200
67649,31878
67649,46322
67649,59369
67649,318
67649,3578
67649,49272
67649,6
67649,8665
67649,59315
67649,33794
27575,318
27575,1704
27575,2959
27575,4011
27575,1732
27575,4306
27575,7361
27575,2858
27575,4027
27575,58559
16253,4027
16253,3052
16253,750
16253,4848
16253,3481
16253,1258
16253,1225
16253,4246
16253,910
16253,223
11095,89745
11095,318
11095,99114
11095,593
11095,296
11095,2959
11095,527
11095,50
11095,91658
11095,96610
55991,2858
55991,296
55991,4995
55991,2762
55991,4306
55991,318
55991,480
55991,5445
55991,1198
55991,58559
46442,7361
46442,168
46442,342
46442,4226
46442,2959
46442,2762
46442,2571
46442,1597
46442,2671
46442,4878
94520,37733
94520,48774
94520,8949
94520,30707
94520,41569
94520,8961
94520,51540
94520,32587
94520,34048
94520,30812
90513,1090
90513,1259
90513,318
90513,2288
90513,2791
90513,33794
90513,2918
90513,7361
90513,2194
90513,44191
62756,48780
62756,296
62756,2571
62756,367
62756,73017
62756,69122
62756,6539
62756,68157
62756,32587
62756,6874
28521,1274
28521,778
28521,750
28521,7361
28521,1210
28521,5669
28521,32
28521,4226
28521,318
28521,7153
68512,2571
68512,593
68512,4993
68512,1276
68512,1197
68512,541
68512,1234
68512,904
68512,1196
68512,527
11507,1
11507,8970
11507,66934
11507,68954
11507,4963
11507,2762
11507,1704
11507,44191
11507,902
11507,588
21487,2959
21487,7361
21487,2395
21487,4226
21487,441
21487,1089
21487,858
21487,4979
21487,608
21487,112552
114166,2858
114166,1089
114166,1732
114166,1206
114166,32587
114166,1220
114166,79132
114166,4306
114166,47
114166,1270
134384,357
134384,296
134384,33794
134384,293
134384,4246
134384,588
134384,1307
134384,1968
134384,7438
134384,2115
77028,1527
77028,2762
77028,2502
77028,1198
77028,32
77028,2716
77028,480
77028,1291
77028,1580
77028,2858
96864,480
96864,356
96864,260
96864,527
96864,2716
96864,913
96864,1617
96864,5445
96864,8961
96864,1291
25717,2918
25717,5989
25717,1265
25717,5445
25717,50872
25717,593
25717,377
25717,50
25717,349
25717,1097
130687,8368
130687,4306
130687,6539
130687,6377
130687,38038
130687,1196
130687,260
130687,1210
130687,2125
130687,5419
5951,6711
5951,2959
5951,1213
5951,858
5951,904
5951,3683
5951,1258
5951,1221
5951,8638
5951,1247
84148,7153
84148,68358
84148,2329
84148,3949
84148,293
84148,1136
84148,7361
84148,6016
84148,480
84148,59315
65846,50
65846,2571
65846,2959
65846,1270
65846,260
65846,3578
65846,6874
65846,648
65846,5349
65846,4226
6674,356
6674,110
6674,1213
6674,30749
6674,48516
6674,293
6674,3949
6674,48780
6674,7361
6674,64614
120118,8957
120118,4128
120118,5630
120118,7293
120118,8781
120118,6708
120118,3409
120118,7325
120118,33004
120118,3752
10154,4973
10154,296
10154,1198
10154,4886
10154,2762
10154,593
10154,2571
10154,2959
10154,41566
10154,2396
113114,780
113114,7153
113114,2762
113114,2028
113114,1240
113114,1625
113114,6
113114,3147
113114,858
113114,1580
103804,31658
103804,6291
103804,778
103804,2959
103804,4848
103804,39183
103804,2692
103804,1196
103804,1732
103804,1199
133872,2115
133872,2231
133872,2571
133872,5650
133872,2371
133872,1197
133872,1394
133872,2794
133872,2114
133872,4007
78885,2959
78885,47
78885,1240
78885,318
78885,33794
78885,296
78885,2194
78885,593
78885,5418
78885,4011
42677,7361
42677,260
42677,1307
42677,4896
42677,593
42677,2762
42677,356
42677,28
42677,69844
42677,54001
70543,2313
70543,4848
70543,42632
70543,1203
70543,858
70543,48516
70543,55820
70543,4144
70543,6016
70543,3910
51448,595
51448,1088
51448,2087
51448,7451
51448,6155
51448,1
51448,1022
51448,586
51448,3882
51448,7444
123348,2571
123348,2858
123348,318
123348,2959
123348,7099
123348,7361
123348,68954
123348,6711
123348,4226
123348,8638
112509,27773
112509,34405
112509,51662
112509,48394
112509,48780
112509,34048
112509,34319
112509,27660
112509,46578
112509,8644
97097,4226
97097,3949
97097,1089
97097,2959
97097,1732
97097,2395
97097,924
97097,3160
97097,2858
97097,750
70252,44191
70252,2571
70252,4878
70252,6502
70252,4973
70252,8874
70252,48394
70252,1527
70252,296
70252,1653
102850,7153
102850,4993
102850,47
102850,1240
102850,2502
102850,51662
102850,51255
102850,44191
102850,3793
102850,4226
53883,7153
53883,5952
53883,3751
53883,71535
53883,4993
53883,70286
53883,40815
53883,6807
53883,1210
53883,2115
89242,1888
89242,2432
89242,3565
89242,195
89242,2268
89242,5957
89242,1513
89242,5620
89242,4040
89242,2059
131379,908
131379,1219
131379,2186
131379,923
131379,928
131379,7327
131379,6985
131379,858
131379,26150
131379,898
118658,968
118658,1274
118658,2288
118658,2571
118658,260
118658,32587
118658,589
118658,593
118658,1240
118658,924
82280,318
82280,58559
82280,1136
82280,47
82280,2571
82280,1206
82280,4226
82280,1193
82280,111
82280,4878
10106,3793
10106,778
10106,1704
10106,457
10106,33794
10106,293
10106,527
10106,2918
10106,2700
10106,1625
74418,1089
74418,608
74418,1196
74418,2571
74418,223
74418,1197
74418,7361
74418,1265
74418,1240
74418,4027
114764,1610
114764,34405
114764,1580
114764,5349
114764,593
114764,8961
114764,1220
114764,318
114764,1
114764,4886
101251,260
101251,1261
101251,2959
101251,2571
101251,7387
101251,4878
101251,318
101251,296
101251,1994
101251,61240
20111,2959
20111,59315
20111,377
20111,47
20111,590
20111,72998
20111,500
20111,54286
20111,6539
20111,1097
78443,356
78443,47
78443,318
78443,47610
78443,55765
78443,2028
78443,33794
78443,7153
78443,1527
78443,68157
135334,1089
135334,2762
135334,480
135334,858
135334,318
135334,356
135334,527
135334,2028
135334,377
135334,1198
53358,589
53358,104879
53358,48780
53358,96079
53358,68157
53358,99114
53358,1732
53358,109374
53358,6874
53358,31410
128611,68157
128611,79132
128611,7361
128611,318
128611,778
128611,260
128611,44191
128611,48394
128611,3578
128611,2997
29861,5349
29861,4886
29861,1136
29861,1270
29861,527
29861,1196
29861,1258
29861,1580
29861,590
29861,50
31937,3578
31937,2762
31937,2858
31937,1704
31937,1961
31937,30749
31937,457
31937,3147
31937,508
31937,296
16216,2997
16216,318
16216,4848
16216,1653
16216,47
16216,1198
16216,260
16216,3949
16216,904
16216,293
5495,74458
5495,58559
5495,2329
5495,6016
5495,48774
5495,55247
5495,57669
5495,3949
5495,68237
5495,97304
6750,356
6750,4226
6750,4886
6750,63082
6750,4306
6750,6874
6750,78499
6750,106489
6750,106782
6750,48516
119870,2502
119870,32
119870,5630
119870,1527
119870,3793
119870,8961
119870,6879
119870,34319
119870,780
119870,35836
57318,914
57318,920
57318,1073
57318,2565
57318,3034
57318,1025
57318,6377
57318,26084
57318,2398
57318,1
76222,1732
76222,111
76222,50
76222,48394
76222,593
76222,6711
76222,1193
76222,1222
76222,903
76222,8950
68333,4011
68333,318
68333,593
68333,50
68333,4878
68333,55820
68333,2571
68333,58559
68333,2997
68333,48516
70919,81591
70919,60950
70919,68157
70919,6870
70919,64622
70919,6953
70919,79132
70919,2023
70919,48738
70919,1466
13178,48780
13178,318
13178,47
13178,79132
13178,7254
13178,2858
13178,44665
13178,44199
13178,90405
13178,84152
109591,593
109591,4226
109591,1089
109591,296
109591,6711
109591,3481
109591,2502
109591,1230
109591,1247
109591,4995
68674,74458
68674,4896
68674,3578
68674,593
68674,527
68674,8961
68674,4306
68674,5952
68674,7153
68674,8665
125479,33794
125479,50
125479,48780
125479,2571
125479,55820
125479,1732
125479,356
125479,60069
125479,48394
125479,68954
31452,260
31452,1198
31452,1213
31452,527
31452,2329
31452,1193
31452,1704
31452,3578
31452,1270
31452,589
42895,2959
42895,26939
42895,1219
42895,4878
42895,1080
42895,6711
42895,4720
42895,7438
42895,6874
42895,27671
32424,356
32424,5618
32424,6539
32424,3996
32424,4878
32424,1199
32424,5971
32424,4226
32424,2858
32424,1198
50986,6502
50986,608
50986,260
50986,32587
50986,1193
50986,1200
50986,1222
50986,1196
50986,48780
50986,293
35075,6188
35075,1090
35075,49272
35075,3421
35075,2991
35075,6539
35075,780
35075,3253
35075,4247
35075,1
97533,4105
97533,68237
97533,4437
97533,7115
97533,3018
97533,70286
97533,2951
97533,1274
97533,8370
97533,89745
86187,1097
86187,2959
86187,4226
86187,1291
86187,2571
86187,2858
86187,1193
86187,904
86187,953
86187,8961
120503,1089
120503,50
120503,4011
120503,2858
120503,2571
120503,356
120503,3275
120503,7361
120503,4226
120503,2918
24008,2085
24008,44943
24008,145
24008,1092
24008,48856
24008,3107
24008,22
24008,38061
24008,1208
24008,59315
52261,2542
52261,4993
52261,293
52261,2762
52261,377
52261,145
52261,4306
52261,163
52261,1923
52261,2353
107554,73017
107554,91542
107554,91500
107554,318
107554,5989
107554,59369
107554,8665
107554,106489
107554,48516
107554,98809
89355,5952
89355,2762
89355,1721
89355,4993
89355,1265
89355,32
89355,924
89355,318
89355,500
89355,47
134593,68954
134593,2692
134593,1721
134593,1247
134593,1357
134593,1641
134593,47999
134593,1172
134593,1732
134593,1673
66543,903
66543,1199
66543,4878
66543,110
66543,608
66543,1201
66543,2858
66543,1136
66543,2313
66543,3578
124431,81834
124431,8961
124431,6377
124431,102445
124431,102125
124431,45722
124431,54001
124431,33615
124431,102903
124431,79091
34739,4963
34739,33794
34739,5952
34739,260
34739,1196
34739,4226
34739,8961
34739,2028
34739,51255
34739,1136
58353,3081
58353,33794
58353,10
58353,904
58353,858
58353,296
58353,3681
58353,628
58353,903
58353,349
4038,2762
4038,2571
4038,593
4038,2324
4038,1682
4038,47
4038,1961
4038,7438
4038,6662
4038,1097
11403,2028
11403,4306
11403,2355
11403,733
11403,2000
11403,6377
11403,1097
11403,2115
11403,6539
11403,1214
58661,2762
58661,293
58661,750
58661,99114
58661,1089
58661,110
58661,47
58661,356
58661,7502
58661,48394
93905,1968
93905,3897
93905,4878
93905,7361
93905,7451
93905,3186
93905,597
93905,8981
93905,2291
93905,2329
81434,7153
81434,593
81434,589
81434,1580
81434,4993
81434,1080
81434,1265
81434,150
81434,50
81434,318
89034,47629
89034,48696
89034,37733
89034,8645
89034,5618
89034,8949
89034,47423
89034,30749
89034,3083
89034,6773
57944,356
57944,1136
57944,4993
57944,4963
57944,50
57944,2502
57944,1270
57944,1089
57944,318
57944,1265
6345,51662
6345,3578
6345,318
6345,2959
6345,6539
6345,33794
6345,4963
6345,49272
6345,780
6345,589
89209,50872
89209,53125
89209,73017
89209,33615
89209,45722
89209,63113
89209,44191
89209,77561
89209,53996
89209,45517
44133,364
44133,1035
44133,6539
44133,150
44133,1196
44133,1210
44133,260
44133,919
44133,1907
44133,5952
64483,58559
64483,1136
64483,3000
64483,1732
64483,1089
64483,1080
64483,47
64483,32587
64483,1527
64483,7438
54437,1
54437,1258
54437,231
54437,2395
54437,4963
54437,4979
54437,79132
54437,1196
54437,1036
54437,4011
25324,1213
25324,2571
25324,2858
25324,858
25324,50
25324,4027
25324,1617
25324,4226
25324,4993
25324,7153
120096,2762
120096,608
120096,32
120096,33794
120096,7361
120096,1210
120096,293
120096,6874
120096,2028
120096,8961
126107,780
126107,587
126107,318
126107,1704
126107,457
126107,4306
126107,5349
126107,2502
126107,141
126107,1101
27428,597
27428,69757
27428,2858
27428,2291
27428,1380
27428,1
27428,5989
27428,6377
27428,1097
27428,919
28052,1380
28052,3753
28052,592
28052,344
28052,5445
28052,2003
28052,587
28052,145
28052,594
28052,292
35708,33794
35708,2571
35708,6539
35708,7445
35708,51662
35708,63113
35708,2959
35708,2028
35708,7153
35708,68358
28504,1210
28504,318
28504,1196
28504,79132
28504,1214
28504,1240
28504,5445
28504,1653
28504,1270
28504,1036
65778,364
65778,1196
65778,260
65778,72998
65778,76093
65778,3578
65778,73017
65778,44191
65778,76251
65778,3114
70106,2716
70106,260
70106,356
70106,2997
70106,1213
70106,1206
70106,1208
70106,2916
70106,377
70106,3996
64897,1
64897,1580
64897,500
64897,2762
64897,3114
64897,2011
64897,736
64897,344
64897,2706
64897,364
60143,593
60143,2302
60143,590
60143,1994
60143,208
60143,4025
60143,8961
60143,3448
60143,5816
60143,7153
62032,260
62032,2571
62032,2858
62032,1732
62032,1208
62032,1961
62032,4226
62032,457
62032,541
62032,1206
40804,1193
40804,6377
40804,1968
40804,47
40804,778
40804,3556
40804,1225
40804,750
40804,8784
40804,1732
72538,1089
72538,5445
72538,150
72538,4995
72538,2858
72538,47
72538,3578
72538,2762
72538,1682
72538,1291
44654,5377
44654,1302
44654,4034
44654,1088
44654,8949
44654,4886
44654,4246
44654,45517
44654,1029
44654,2398
112057,2858
112057,1291
112057,6539
112057,47
112057,7153
112057,4886
112057,318
112057,1527
112057,1198
112057,6377
74407,858
74407,7153
74407,356
74407,5952
74407,2858
74407,590
74407,110
74407,3147
74407,509
74407,1219
45602,1203
45602,2762
45602,1252
45602,913
45602,648
45602,780
45602,1136
45602,1210
45602,349
45602,1617
12749,2858
12749,4226
12749,2571
12749,589
12749,2762
12749,32
12749,1198
12749,1527
12749,1240
12749,1214
35041,6377
35041,1641
35041,364
35041,4995
35041,1097
35041,4246
35041,7323
35041,2324
35041,7034
35041,2396
3219,3147
3219,480
3219,6377
3219,8636
3219,5064
3219,3916
3219,5989
3219,588
3219,1704
3219,41566
130138,53000
130138,1608
130138,2174
130138,4370
130138,53953
130138,541
130138,344
130138,2124
130138,1690
130138,3107
34826,6539
34826,102445
34826,59315
34826,6365
34826,101864
34826,84954
34826,1198
34826,733
34826,480
34826,5349
69204,1617
69204,1136
69204,597
69204,150
69204,4306
69204,377
69204,367
69204,648
69204,1208
69204,454
37179,2918
37179,7361
37179,2997
37179,5952
37179,7153
37179,4993
37179,1262
37179,6016
37179,27831
37179,5377
80398,1265
80398,593
80398,1270
80398,356
80398,780
80398,231
80398,357
80398,590
80398,2918
80398,1307
80789,1210
80789,32587
80789,1036
80789,296
80789,223
80789,1089
80789,2959
80789,1261
80789,3527
80789,4734
133885,1721
133885,1198
133885,2918
133885,590
133885,1704
133885,457
133885,150
133885,3072
133885,1101
133885,2396
88045,480
88045,527
88045,260
88045,296
88045,364
88045,110
88045,7361
88045,6874
88045,1291
88045,588
48071,4993
48071,1580
48071,150
48071,1876
48071,541
48071,6947
48071,3578
48071,44191
48071,2393
48071,1210
31979,58559
31979,318
31979,2502
31979,6377
31979,7361
31979,79132
31979,58998
31979,68954
31979,8874
31979,76251
89178,4993
89178,1214
89178,3996
89178,3578
89178,590
89178,858
89178,293
89178,1265
89178,1274
89178,50
4734,46972
4734,53000
4734,4306
4734,4886
4734,33615
4734,1
4734,344
4734,19
4734,58559
4734,6377
5886,1210
5886,593
5886,5952
5886,260
5886,1196
5886,5445
5886,5418
5886,1748
5886,1136
5886,31658
55071,3147
55071,2028
55071,4011
55071,63082
55071,6870
55071,5464
55071,4995
55071,318
55071,3578
55071,7143
129636,48516
129636,296
129636,356
129636,527
129636,858
129636,70286
129636,99114
129636,68157
129636,2329
129636,64614
39985,2959
39985,2716
39985,1258
39985,1265
39985,2028
39985,541
39985,1704
39985,1208
39985,6711
39985,55820
61589,319
61589,32
61589,1222
61589,3160
61589,924
61589,55118
61589,36517
61589,904
61589,1961
61589,4034
94036,72998
94036,88125
94036,78499
94036,48385
94036,34162
94036,81834
94036,89745
94036,71535
94036,80463
94036,98809
47150,4011
47150,54503
47150,69122
47150,318
47150,1073
47150,1194
47150,750
47150,4979
47150,71429
47150,70286
44322,4027
44322,8873
44322,4226
44322,7361
44322,2324
44322,4979
44322,3481
44322,4380
44322,6867
44322,1704
9948,1221
9948,593
9948,62849
9948,7981
9948,111
9948,3275
9948,32587
9948,49530
9948,6502
9948,27397
100423,480
100423,356
100423,1240
100423,1954
100423,3578
100423,1721
100423,1036
100423,296
100423,2762
100423,2411
120376,5445
120376,1073
120376,1197
120376,5502
120376,2502
120376,527
120376,1222
120376,1193
120376,2797
120376,6539
55780,1097
55780,1073
55780,1610
55780,4306
55780,110
55780,4886
55780,6377
55780,1
55780,1220
55780,1704
83531,47
83531,5418
83531,6539
83531,318
83531,2959
83531,2028
83531,480
83531,1
83531,2762
83531,33794
14280,53464
14280,34150
14280,60074
14280,37727
14280,46530
14280,52328
14280,56174
14280,55232
14280,51077
14280,60760
45854,50
45854,858
45854,1225
45854,541
45854,2997
45854,924
45854,1449
45854,1136
45854,4973
45854,5291
48659,4776
48659,1101
48659,44191
48659,7143
48659,51662
48659,36529
48659,96610
48659,6333
48659,153
48659,8636
28644,356
28644,318
28644,4011
28644,49530
28644,4995
28644,74458
28644,2858
28644,50
28644,858
28644,1704
104003,318
104003,2502
104003,1089
104003,2329
104003,1080
104003,4878
104003,7361
104003,4993
104003,33794
104003,8784
82958,296
82958,1617
82958,608
82958,858
82958,1214
82958,593
82958,1225
82958,1208
82958,912
82958,2858
42178,44195
42178,1089
42178,7361
42178,2959
42178,3275
42178,4011
42178,2502
42178,50
42178,47
42178,356
72652,2997
72652,1206
72652,1089
72652,2571
72652,296
72652,4878
72652,6016
72652,3949
72652,7323
72652,593
88682,480
88682,780
88682,349
88682,1580
88682,2762
88682,919
88682,8972
88682,1197
88682,1019
88682,1
40769,858
40769,5418
40769,4306
40769,110
40769,1580
40769,8961
40769,3578
40769,5445
40769,1259
40769,4226
8924,3753
8924,5989
8924,2502
8924,1036
8924,4022
8924,3178
8924,6
8924,1210
8924,733
8924,457
30069,364
30069,1246
30069,2028
30069,1197
30069,1240
30069,4963
30069,5349
30069,32
30069,592
30069,33794
90639,1136
90639,780
90639,589
90639,2716
90639,1240
90639,4226
90639,480
90639,5445
90639,3793
90639,356
126832,608
126832,318
126832,2858
126832,50
126832,2329
126832,32
126832,4226
126832,1261
126832,1350
126832,1982
37654,2571
37654,33794
37654,2762
37654,3275
37654,150
37654,49530
37654,3147
37654,59369
37654,1198
37654,1036
93606,260
93606,1196
93606,296
93606,1136
93606,7153
93606,4993
93606,4963
93606,1198
93606,1
93606,33794
57787,1682
57787,2571
57787,1967
57787,924
57787,3698
57787,2916
57787,2405
57787,1089
57787,2001
57787,1250
99876,2762
99876,6377
99876,2858
99876,3408
99876,4306
99876,588
99876,3147
99876,33166
99876,2081
99876,597
12470,4995
12470,1270
12470,48774
12470,33166
12470,30749
12470,1961
12470,52973
12470,5989
12470,55820
12470,2997
41537,3751
41537,1
41537,3996
41537,2355
41537,1073
41537,31878
41537,150
41537,2012
41537,7090
41537,595
9893,3275
9893,2858
9893,3793
9893,8376
9893,6188
9893,35836
9893,4022
9893,333
9893,1580
9893,6936
16040,48385
16040,37733
16040,33166
16040,36529
16040,6874
16040,7438
16040,858
16040,1201
16040,4720
16040,8798
87883,58559
87883,750
87883,318
87883,48394
87883,2542
87883,60069
87883,50
87883,64614
87883,7361
87883,541
96471,46578
96471,56367
96471,318
96471,48780
96471,33794
96471,1732
96471,2502
96471,32587
96471,2858
96471,750
136363,2959
136363,47
136363,68237
136363,6016
136363,858
136363,1193
136363,593
136363,50
136363,2571
136363,1617
62231,2571
62231,4027
62231,4995
62231,1197
62231,1246
62231,6377
62231,2502
62231,40819
62231,3578
62231,8784
122922,1210
122922,4306
122922,2571
122922,50
122922,1270
122922,7153
122922,4993
122922,2502
122922,8961
122922,364
107048,2762
107048,1704
107048,4995
107048,5989
107048,3147
107048,8961
107048,337
107048,40819
107048,2959
107048,2502
38299,527
38299,58559
38299,50
38299,593
38299,55820
38299,32
38299,5618
38299,4235
38299,2997
38299,1136
52717,3578
52717,6377
52717,5816
52717,4306
52717,33679
52717,2571
52717,63992
52717,2291
52717,4308
52717,4310
31293,7153
31293,858
31293,356
31293,2959
31293,4226
31293,4993
31293,593
31293,2571
31293,2858
31293,50
48447,2571
48447,910
48447,8961
48447,912
48447,60069
48447,3996
48447,6377
48447,541
48447,110
48447,4306
67054,480
67054,5418
67054,4963
67054,1222
67054,2329
67054,1210
67054,68157
67054,589
67054,50
67054,1208
64532,2959
64532,318
64532,8961
64532,2858
64532,6874
64532,1923
64532,5445
64532,5418
64532,47
64532,480
36306,1196
36306,356
36306,78499
36306,4993
36306,68954
36306,296
36306,2762
36306,1089
36306,91529
36306,33794
62879,47
62879,5445
62879,4973
62879,32
62879,48394
62879,1193
62879,318
62879,2324
62879,60069
62879,70286
54727,750
54727,7361
54727,4993
54727,318
54727,260
54727,2571
54727,58559
54727,1270
54727,7153
54727,5952
103301,7153
103301,260
103301,593
103301,318
103301,1198
103301,5952
103301,527
103301,4226
103301,2028
103301,50
16978,595
16978,1136
16978,1246
16978,364
16978,4027
16978,551
16978,1968
16978,60069
16978,17
16978,1207
85593,4011
85593,33794
85593,2329
85593,79132
85593,858
85593,50
85593,5445
85593,4878
85593,1089
85593,293
23752,50
23752,5971
23752,4226
23752,7361
23752,8961
23752,1136
23752,541
23752,2858
23752,4011
23752,6377
86788,47
86788,111
86788,1258
86788,50
86788,7371
86788,2692
86788,4720
86788,923
86788,1221
86788,318
77287,5445
77287,1721
77287,1968
77287,34162
77287,3578
77287,67087
77287,555
77287,586
77287,48774
77287,5902
92815,1
92815,1210
92815,58559
92815,150
92815,541
92815,5445
92815,1198
92815,79132
92815,318
92815,44191
95034,4973
95034,39
95034,7438
95034,3993
95034,778
95034,296
95034,593
95034,6711
95034,3418
95034,5421
110419,6874
110419,527
110419,33166
110419,4963
110419,6953
110419,1961
110419,4993
110419,2329
110419,318
110419,1704
3419,79132
3419,81591
3419,58559
3419,72011
3419,52973
3419,34162
3419,91658
3419,91529
3419,33166
3419,78499
126253,589
126253,1210
126253,33794
126253,260
126253,1527
126253,1270
126253,1214
126253,541
126253,6333
126253,7438
46029,356
46029,2028
46029,3578
46029,858
46029,593
46029,30749
46029,1136
46029,110
46029,2502
46029,4995
55909,2858
55909,1641
55909,1210
55909,7153
55909,5952
55909,4993
55909,527
55909,1136
55909,4896
55909,2762
102302,7153
102302,1101
102302,339
102302,40819
102302,2858
102302,500
102302,4069
102302,2918
102302,3255
102302,40629
131911,2959
131911,4886
131911,6874
131911,4226
131911,1265
131911,2997
131911,7438
131911,1961
131911,7361
131911,110
77875,2571
77875,4973
77875,293
77875,32587
77875,1732
77875,8784
77875,38061
77875,1193
77875,593
77875,44195
137529,68954
137529,8961
137529,50
137529,4226
137529,54286
137529,3578
137529,110
137529,48516
137529,356
137529,48780
20928,58559
20928,2571
20928,1258
20928,858
20928,4226
20928,527
20928,1961
20928,3578
20928,2804
20928,1089
6332,4306
6332,1721
6332,4993
6332,593
6332,589
6332,8360
6332,5816
6332,736
6332,1291
6332,457
51049,589
51049,3578
51049,1036
51049,2194
51049,293
51049,1200
51049,4855
51049,6
51049,2947
51049,555
85946,1073
85946,364
85946,588
85946,2918
85946,586
85946,54503
85946,2
85946,3948
85946,2355
85946,3114
79304,1210
79304,3793
79304,8368
79304,3751
79304,5444
79304,6936
79304,5989
79304,4963
79304,4022
79304,1198
55700,79132
55700,296
55700,1682
55700,5989
55700,48516
55700,4995
55700,5010
55700,1193
55700,150
55700,1265
92486,4993
92486,5952
92486,8636
92486,3916
92486,2571
92486,33493
92486,6377
92486,8528
92486,6333
92486,4016
105593,457
105593,1198
105593,588
105593,1393
105593,500
105593,597
105593,1197
105593,6377
105593,4886
105593,318
86512,216
86512,4340
86512,8641
86512,8814
86512,3409
86512,5879
86512,42011
86512,36708
86512,7161
86512,5942
30829,1193
30829,30749
30829,8784
30829,296
30829,46723
30829,2324
30829,6016
30829,8873
30829,30707
30829,56757
132260,1196
132260,260
132260,1215
132260,527
132260,1219
132260,1291
132260,1080
132260,592
132260,480
132260,3578
37176,4993
37176,7153
37176,2571
37176,79132
37176,48516
37176,4963
37176,356
37176,69122
37176,6874
37176,32587
63917,48394
63917,47610
63917,4027
63917,48780
63917,1653
63917,4995
63917,5064
63917,4014
63917,8970
63917,7669
100260,593
100260,318
100260,47
100260,2997
100260,1266
100260,858
100260,223
100260,1288
100260,1240
100260,1196
73680,356
73680,6539
73680,4973
73680,54259
73680,4995
73680,60950
73680,296
73680,59315
73680,2762
73680,53125
111965,356
111965,60069
111965,32587
111965,4878
111965,3578
111965,48394
111965,96610
111965,44195
111965,89745
111965,81845
95446,2028
95446,7438
95446,6874
95446,1682
95446,1580
95446,5995
95446,4886
95446,2291
95446,8360
95446,480
31434,2
31434,480
31434,1625
31434,1682
31434,63082
31434,1240
31434,5989
31434,59369
31434,69122
31434,1721
43984,4993
43984,2959
43984,608
43984,2571
43984,7361
43984,7153
43984,593
43984,1265
43984,58559
43984,29
80576,8961
80576,46976
80576,5418
80576,51255
80576,5952
80576,4993
80576,50872
80576,5902
80576,2571
80576,44195
135826,4465
135826,3359
135826,4361
135826,1704
135826,1961
135826,529
135826,4995
135826,3363
135826,1259
135826,7018
44106,2858
44106,296
44106,4878
44106,4973
44106,750
44106,2959
44106,1193
44106,40278
44106,48774
44106,5995
34217,47
34217,2858
34217,1198
34217,79132
34217,260
34217,318
34217,4226
34217,68157
34217,1527
34217,858
74555,154
74555,123
74555,111
74555,306
74555,904
74555,608
74555,1252
74555,4914
74555,4235
74555,912
115997,1092
115997,96861
115997,1370
115997,91485
115997,54286
115997,8665
115997,44022
115997,96079
115997,91535
115997,103772
67462,2959
67462,5418
67462,79132
67462,2115
67462,2502
67462,33794
67462,60684
67462,6539
67462,54286
67462,4855
79328,1210
79328,1307
79328,356
79328,595
79328,2406
79328,4306
79328,1610
79328,590
79328,1035
79328,7
53067,4896
53067,6377
53067,34162
53067,7361
53067,5816
53067,5299
53067,46578
53067,364
53067,356
53067,8961
81698,593
81698,5952
81698,4306
81698,4993
81698,4878
81698,8961
81698,1206
81698,1136
81698,2997
81698,588
129226,50
129226,3300
129226,1732
129226,33794
129226,2916
129226,36529
129226,27660
129226,7254
129226,3527
129226,223
64461,1089
64461,1221
64461,908
64461,296
64461,1203
64461,5952
64461,7153
64461,4993
64461,750
64461,2028
20071,2762
20071,165
20071,733
20071,296
20071,3147
20071,318
20071,2571
20071,110
20071,231
20071,4306
34463,2762
34463,1210
34463,593
34463,1196
34463,260
34463,356
34463,541
34463,1219
34463,912
34463,2716
11709,5952
11709,480
11709,3578
11709,110
11709,6377
11709,4963
11709,4022
11709,1393
11709,1073
11709,7153
43096,1
43096,380
43096,780
43096,356
43096,4306
43096,594
43096,1610
43096,2797
43096,2571
43096,1240
112330,76093
112330,50
112330,2329
112330,8961
112330,293
112330,44191
112330,48780
112330,7361
112330,59315
112330,72998
42803,2571
42803,457
42803,1270
42803,40819
42803,1073
42803,5620
42803,150
42803,3897
42803,8961
42803,919
134944,903
134944,318
134944,6711
134944,2571
134944,2019
134944,1221
134944,1304
134944,5952
134944,1204
134944,1267
78397,1036
78397,4993
78397,2571
78397,1288
78397,471
78397,858
78397,3868
78397,1394
78397,2396
78397,1641
122980,2288
122980,6250
122980,71135
122980,1994
122980,7373
122980,55995
122980,6966
122980,1274
122980,2640
122980,56145
100645,27773
100645,2959
100645,296
100645,2571
100645,6874
100645,48394
100645,7022
100645,7438
100645,593
100645,4878
24578,4226
24578,7361
24578,47
24578,8464
24578,1288
24578,60069
24578,750
24578,1206
24578,2329
24578,1079
119259,33166
119259,37741
119259,81845
119259,40819
119259,94959
119259,59018
119259,8949
119259,56367
119259,86882
119259,40583
12383,5952
12383,7153
12383,4993
12383,480
12383,8961
12383,68954
12383,4306
12383,50872
12383,4896
12383,593
105077,1210
105077,150
105077,8961
105077,3793
105077,260
105077,1196
105077,110
105077,2028
105077,2355
105077,5989
38464,1198
38464,296
38464,2959
38464,56367
38464,4973
38464,527
38464,6539
38464,260
38464,7147
38464,4306
12319,3793
12319,6539
12319,3114
12319,5502
12319,1580
12319,780
12319,593
12319,5010
12319,296
12319,500
63165,47629
63165,54286
63165,34162
63165,45720
63165,30793
63165,33794
63165,30707
63165,34072
63165,56367
63165,56788
13494,778
13494,79132
13494,1257
13494,3317
13494,3176
13494,555
13494,2712
13494,25
13494,2076
13494,4975
51155,1028
51155,4886
51155,17
51155,2355
51155,7153
51155,5952
51155,8961
51155,4993
51155,1291
51155,1198
84043,47
84043,68157
84043,2329
84043,48516
84043,2959
84043,3275
84043,318
84043,48780
84043,293
84043,7022
19343,527
19343,593
19343,2329
19343,318
19343,778
19343,356
19343,1193
19343,4993
19343,59315
19343,858
17394,47
17394,1198
17394,7153
17394,1923
17394,58559
17394,253
17394,318
17394,1270
17394,2291
17394,32
129780,3793
129780,2916
129780,56174
129780,4993
129780,780
129780,6365
129780,34048
129780,5349
129780,7153
129780,593
97163,5971
97163,91529
97163,48780
97163,55247
97163,33166
97163,81845
97163,81591
97163,54272
97163,7099
97163,27706
49755,4995
49755,1704
49755,539
49755,3408
49755,5299
49755,508
49755,1393
49755,2671
49755,3948
49755,2396
74442,4011
74442,1213
74442,60069
74442,1193
74442,1221
74442,2028
74442,4878
74442,48394
74442,55820
74442,912
65582,2858
65582,318
65582,296
65582,2329
65582,48780
65582,1270
65582,356
65582,2694
65582,32587
65582,32
62492,58559
62492,1089
62492,593
62492,50
62492,4226
62492,3243
62492,110
62492,356
62492,3113
62492,73268
84521,1214
84521,1573
84521,380
84521,2571
84521,3527
84521,2916
84521,1917
84521,457
84521,103339
84521,95
26526,1089
26526,318
26526,48780
26526,1682
26526,7361
26526,5445
26526,1527
26526,589
26526,8961
26526,59315
54754,597
54754,1923
54754,586
54754,1265
54754,8644
54754,4963
54754,3635
54754,49272
54754,1552
54754,185
18145,40815
18145,61323
18145,46578
18145,33493
18145,33166
18145,48774
18145,51255
18145,33004
18145,32587
18145,44191
32935,7361
32935,3175
32935,8368
32935,1210
32935,2291
32935,1682
32935,2078
32935,7153
32935,8961
32935,2321
123794,4306
123794,1
123794,1240
123794,2028
123794,480
123794,527
123794,2858
123794,1721
123794,1197
123794,1704
49598,924
49598,2762
49598,4973
49598,2997
49598,1252
49598,30749
49598,356
49598,55820
49598,5013
49598,2686
844,44191
844,5418
844,51662
844,6539
844,7143
844,3578
844,8360
844,54286
844,7458
844,42738
68571,2329
68571,63082
68571,356
68571,74458
68571,68157
68571,1704
68571,56367
68571,2858
68571,81845
68571,6377
78943,356
78943,2762
78943,1704
78943,2858
78943,342
78943,36
78943,2396
78943,2997
78943,508
78943,5669
19837,4973
19837,7153
19837,4993
19837,34405
19837,77658
19837,5618
19837,1206
19837,4886
19837,81834
19837,68954
13462,4886
13462,1198
13462,1270
13462,4306
13462,1097
13462,318
13462,8368
13462,34
13462,919
13462,2716
8862,7438
8862,2858
8862,2762
8862,5445
8862,1080
8862,2115
8862,318
8862,1214
8862,1682
8862,150
88164,2572
88164,2918
88164,5377
88164,6711
88164,1246
88164,7361
88164,6218
88164,4246
88164,3897
88164,4973
91391,1
91391,595
91391,356
91391,4306
91391,1721
91391,588
91391,2125
91391,500
91391,6377
91391,2571
92394,1221
92394,858
92394,913
92394,1212
92394,908
92394,1203
92394,922
92394,1254
92394,1234
92394,1219
279,79132
279,68954
279,6377
279,5299
279,88810
279,8961
279,81845
279,2080
279,1028
279,17
71337,588
71337,4993
71337,4016
71337,2761
71337,2628
71337,1907
71337,720
71337,38038
71337,1223
71337,661
14944,4306
14944,4973
14944,2291
14944,2762
14944,2571
14944,337
14944,3052
14944,1197
14944,2321
14944,1
134703,97304
134703,79132
134703,91077
134703,318
134703,99114
134703,296
134703,80463
134703,58559
134703,85881
134703,96610
10044,47
10044,1036
10044,316
10044,2502
10044,2858
10044,5418
10044,3793
10044,4878
10044,2291
10044,7147
50266,110
50266,231
50266,1270
50266,3552
50266,6874
50266,8360
50266,3753
50266,6373
50266,500
50266,216
22534,1291
22534,2762
22534,608
22534,1036
22534,2858
22534,3552
22534,589
22534,1220
22534,1060
22534,1259
125777,56367
125777,589
125777,53519
125777,4973
125777,1270
125777,54995
125777,1097
125777,79132
125777,1240
125777,54503
107648,49272
107648,8961
107648,44191
107648,48780
107648,48516
107648,45499
107648,33679
107648,53996
107648,45722
107648,5218
54415,32
54415,1193
54415,5618
54415,904
54415,1252
54415,1206
54415,1219
54415,608
54415,2571
54415,58559
53719,1089
53719,2916
53719,1682
53719,589
53719,6365
53719,253
53719,1584
53719,3717
53719,208
53719,6934
41446,2959
41446,79132
41446,296
41446,858
41446,3578
41446,4995
41446,2028
41446,4262
41446,527
41446,2762
9461,6365
9461,2797
9461,2011
9461,4896
9461,2502
9461,1101
9461,5445
9461,454
9461,527
9461,1246
23700,8970
23700,7361
23700,48780
23700,72998
23700,5902
23700,81591
23700,68358
23700,48516
23700,55820
23700,4873
14792,72998
14792,260
14792,2571
14792,50872
14792,8636
14792,78499
14792,68954
14792,1240
14792,8644
14792,5952
128627,7153
128627,6378
128627,8961
128627,2571
128627,33679
128627,364
128627,2353
128627,2081
128627,5418
128627,1196
21082,357
21082,222
21082,4246
21082,1641
21082,2671
21082,497
21082,1188
21082,339
21082,1643
21082,1680
111072,1193
111072,50
111072,1213
111072,1196
111072,296
111072,318
111072,4993
111072,1210
111072,1221
111072,1259
72702,98809
72702,58559
72702,2571
72702,48780
72702,3578
72702,1198
72702,102125
72702,91500
72702,356
72702,38038
120575,6617
120575,628
120575,368
120575,7293
120575,44199
120575,6879
120575,832
120575,216
120575,2058
120575,5956
73383,5418
73383,6377
73383,2987
73383,3301
73383,1198
73383,780
73383,216
73383,3916
73383,2683
73383,1917
8142,593
8142,5989
8142,150
8142,2028
8142,2194
8142,1234
8142,3578
8142,6787
8142,912
8142,1193
7775,2571
7775,2959
7775,1197
7775,1258
7775,1
7775,1032
7775,253
7775,1380
7775,2987
7775,1136
17136,2571
17136,6539
17136,33794
17136,7153
17136,2959
17136,6874
17136,7361
17136,5995
17136,318
17136,91529
123162,51255
123162,34405
123162,5903
123162,2502
123162,541
123162,7090
123162,44191
123162,58559
123162,223
123162,7361
117861,48385
117861,2502
117861,40819
117861,32587
117861,6188
117861,8874
117861,48394
117861,54286
117861,441
117861,8641
71084,1222
71084,1210
71084,55820
71084,47
71084,33794
71084,527
71084,79132
71084,2028
71084,356
71084,750
30223,541
30223,6711
30223,8464
30223,741
30223,2858
30223,3317
30223,3499
30223,1358
30223,3949
30223,3552
60220,68358
60220,70286
60220,1214
60220,8644
60220,71135
60220,8368
60220,40815
60220,6537
60220,60069
60220,8810
126157,1228
126157,63082
126157,6870
126157,64839
126157,30749
126157,2194
126157,8340
126157,1276
126157,4226
126157,1265
14454,1210
14454,7438
14454,72998
14454,6874
14454,68157
14454,5418
14454,4963
14454,4022
14454,60684
14454,150
71151,1
71151,2423
71151,4002
71151,1387
71151,1291
71151,592
71151,5349
71151,4262
71151,1276
71151,47
64561,58559
64561,4963
64561,1036
64561,110
64561,356
64561,2028
64561,593
64561,1240
64561,480
64561,47
117435,50
117435,608
117435,4027
117435,1094
117435,4993
117435,3996
117435,2571
117435,1206
117435,1230
117435,1617
89570,2762
89570,3578
89570,48394
89570,4011
89570,32
89570,1258
89570,6016
89570,46578
89570,778
89570,54286
100652,49530
100652,46578
100652,48774
100652,35836
100652,43936
100652,45186
100652,8970
100652,54272
100652,34150
100652,44665
69914,1207
69914,1221
69914,44199
69914,150
69914,41997
69914,4995
69914,2028
69914,457
69914,8958
69914,33794
47341,527
47341,1233
47341,1219
47341,296
47341,1222
47341,541
47341,2028
47341,318
47341,589
47341,1193
5257,1682
5257,2571
5257,593
5257,2762
5257,1617
5257,4034
5257,541
5257,1200
5257,1961
5257,150
26763,56367
26763,80489
26763,88744
26763,87232
26763,30749
26763,30707
26763,86882
26763,105504
26763,59369
26763,64839
111451,88125
111451,89745
111451,1035
111451,1196
111451,81847
111451,76093
111451,81845
111451,912
111451,261
111451,78499
101313,296
101313,47
101313,2502
101313,50
101313,1089
101313,593
101313,318
101313,2858
101313,2959
101313,1923
6387,47
6387,2502
6387,2959
6387,2329
6387,2791
6387,231
6387,1265
6387,318
6387,3578
6387,858
40915,33794
40915,59315
40915,2571
40915,4963
40915,63082
40915,5989
40915,8961
40915,3578
40915,72998
40915,60069
573,2959
573,1207
573,6016
573,1221
573,593
573,58559
573,7766
573,1201
573,2905
573,6669
101458,8961
101458,45668
101458,8972
101458,45517
101458,33493
101458,41569
101458,4802
101458,8636
101458,26101
101458,30707
7479,919
7479,4886
7479,8961
7479,3114
7479,6377
7479,1265
7479,2396
7479,588
7479,1197
7479,34
84468,1721
84468,72998
84468,34162
84468,54272
84468,33679
84468,52973
84468,72407
84468,45501
84468,6155
84468,59725
44534,2329
44534,4993
44534,750
44534,4306
44534,33166
44534,39292
44534,4034
44534,2987
44534,588
44534,6863
39937,553
39937,6957
39937,6764
39937,8874
39937,1215
39937,4623
39937,4085
39937,8917
39937,33660
39937,4327
57158,59315
57158,53464
57158,56171
57158,68135
57158,68793
57158,60074
57158,58025
57158,34150
57158,59900
57158,69644
98101,63082
98101,2959
98101,7153
98101,356
98101,79132
98101,2858
98101,5952
98101,69844
98101,912
98101,296
30767,47
30767,2858
30767,318
30767,590
30767,858
30767,527
30767,79132
30767,44555
30767,49530
30767,68157
121231,48394
121231,593
121231,5971
121231,253
121231,356
121231,1032
121231,1282
121231,903
121231,904
121231,1225
13315,68237
13315,318
13315,89745
13315,50
13315,98809
13315,48516
13315,5618
13315,69481
13315,4993
13315,1089
41651,2959
41651,1196
41651,4973
41651,32
41651,260
41651,2692
41651,1197
41651,46578
41651,46976
41651,49272
100464,926
100464,938
100464,2081
100464,898
100464,48394
100464,1104
100464,3469
100464,5989
100464,969
100464,5299
104350,1240
104350,1198
104350,1527
104350,1580
104350,318
104350,3578
104350,1270
104350,2858
104350,50
104350,5445
16057,88744
16057,8644
16057,318
16057,4963
16057,84152
16057,97304
16057,5989
16057,50872
16057,2628
16057,86332
17375,231
17375,4886
17375,6618
17375,8874
17375,3785
17375,3793
17375,5952
17375,592
17375,589
17375,3988
106241,6286
106241,3470
106241,4144
106241,928
106241,3503
106241,1260
106241,7234
106241,5147
106241,7820
106241,3415
94726,50
94726,47
94726,1197
94726,1198
94726,608
94726,593
94726,48516
94726,2858
94726,4226
94726,364
36248,1
36248,480
36248,527
36248,2571
36248,2762
36248,2028
36248,364
36248,1961
36248,1221
36248,500
28538,296
28538,2959
28538,7153
28538,40583
28538,39183
28538,33794
28538,39292
28538,1089
28538,35836
28538,1673
135425,7896
135425,48394
135425,5825
135425,34542
135425,3134
135425,41569
135425,5177
135425,2550
135425,46970
135425,4329
125482,1036
125482,1089
125482,2918
125482,7153
125482,2716
125482,4963
125482,59315
125482,68157
125482,293
125482,608
13606,54503
13606,72011
13606,74458
13606,51255
13606,48774
13606,71033
13606,48516
13606,40819
13606,37733
13606,58559
123858,58559
123858,50
123858,68157
123858,527
123858,593
123858,1206
123858,1089
123858,5952
123858,7153
123858,79132
66277,1198
66277,1258
66277,2529
66277,858
66277,1345
66277,1129
66277,296
66277,1301
66277,1222
66277,1090
53221,2762
53221,356
53221,7361
53221,1198
53221,58559
53221,47
53221,527
53221,1270
53221,3578
53221,2542
54421,380
54421,648
54421,33794
54421,4226
54421,3527
54421,49272
54421,1580
54421,1573
54421,5445
54421,1527
103437,4011
103437,4226
103437,2762
103437,1704
103437,4993
103437,5952
103437,5669
103437,50
103437,260
103437,5445
118508,37729
118508,31658
118508,33794
118508,54001
118508,35836
118508,45722
118508,52435
118508,8464
118508,58559
118508,8376
124207,54286
124207,5418
124207,2918
124207,318
124207,356
124207,8665
124207,1036
124207,4963
124207,49272
124207,73017
124491,68954
124491,58559
124491,76093
124491,5952
124491,88125
124491,81847
124491,6539
124491,6377
124491,85414
124491,4886
68166,539
68166,597
68166,5377
68166,73015
68166,7293
68166,8949
68166,52973
68166,56367
68166,1265
68166,708
125742,69757
125742,74789
125742,551
125742,1441
125742,2085
125742,56367
125742,6502
125742,66097
125742,58559
125742,356
62927,2762
62927,150
62927,736
62927,590
62927,2115
62927,47
62927,2000
62927,1917
62927,50
62927,6934
34272,2571
34272,32
34272,318
34272,296
34272,2997
34272,593
34272,608
34272,750
34272,1199
34272,858
71400,4973
71400,1196
71400,4878
71400,4993
71400,4995
71400,1270
71400,2628
71400,2291
71400,6874
71400,318
31087,1254
31087,26712
31087,26131
31087,4406
31087,1198
31087,8094
31087,8459
31087,1945
31087,913
31087,8337
122389,919
122389,597
122389,3418
122389,318
122389,1028
122389,34
122389,3147
122389,1784
122389,1357
122389,586
85544,4447
85544,74458
85544,68157
85544,76093
85544,73017
85544,2959
85544,2541
85544,8636
85544,35836
85544,6942
131327,47
131327,3897
131327,33166
131327,2231
131327,104
131327,4979
131327,1270
131327,593
131327,4734
131327,1968
97198,2232
97198,32
97198,52328
97198,68237
97198,4975
97198,48043
97198,296
97198,8981
97198,593
97198,56367
43028,5445
43028,5254
43028,33615
43028,6539
43028,3793
43028,589
43028,3578
43028,45722
43028,41569
43028,34150
21044,2716
21044,1
21044,4886
21044,2858
21044,8961
21044,1200
21044,3147
21044,2916
21044,5989
21044,457
12678,56367
12678,56782
12678,55820
12678,4878
12678,6380
12678,5225
12678,61240
12678,48738
12678,64620
12678,8645
52617,7573
52617,2571
52617,49272
52617,380
52617,648
52617,1047
52617,33794
52617,60072
52617,5872
52617,45186
108260,73017
108260,1270
108260,110
108260,69122
108260,4306
108260,1291
108260,2959
108260,7143
108260,60069
108260,87232
123456,527
123456,4993
123456,7153
123456,2571
123456,858
123456,608
123456,58559
123456,33794
123456,6874
123456,2628
9446,2991
9446,3635
9446,3984
9446,7573
9446,2948
9446,2949
9446,52973
9446,8807
9446,35957
9446,5481
32302,5952
32302,4993
32302,2571
32302,33794
32302,5418
32302,54286
32302,2380
32302,8665
32302,4963
32302,318
96456,2329
96456,2858
96456,1089
96456,260
96456,1215
96456,4973
96456,6874
96456,4878
96456,2997
96456,750
76054,50
76054,2329
76054,778
76054,318
76054,2997
76054,58559
76054,3481
76054,7147
76054,6874
76054,2502
2184,5971
2184,31658
2184,68954
2184,44191
2184,7361
2184,745
2184,78499
2184,58559
2184,32587
2184,7099
21834,4306
21834,2858
21834,5349
21834,592
21834,1
21834,4963
21834,3578
21834,50
21834,4226
21834,7153
104185,78499
104185,5679
104185,96821
104185,88129
104185,50
104185,5349
104185,72998
104185,260
104185,115569
104185,1270
112143,954
112143,318
112143,2398
112143,1207
112143,4361
112143,4187
112143,527
112143,2268
112143,1234
112143,916
94950,104
94950,2291
94950,7153
94950,953
94950,4993
94950,1073
94950,150
94950,4226
94950,3897
94950,5952
10248,1777
10248,2795
10248,441
10248,2291
10248,2174
10248,4571
10248,1968
10248,8376
10248,8528
10248,5541
28615,318
28615,6874
28615,4011
28615,356
28615,2273
28615,296
28615,7438
28615,3275
28615,48385
28615,45722
16667,97938
16667,96079
16667,4993
16667,76093
16667,7153
16667,3578
16667,105504
16667,6539
16667,78499
16667,48780
111598,58559
111598,296
111598,356
111598,8784
111598,4973
111598,2571
111598,2291
111598,79132
111598,4995
111598,44191
18495,1200
18495,924
18495,541
18495,79132
18495,1261
18495,2455
18495,1997
18495,6502
18495,1994
18495,2959
58612,39292
58612,8961
58612,58559
58612,1197
58612,50872
58612,60069
58612,3114
58612,55276
58612,7156
58612,2599
84068,7147
84068,1291
84068,33794
84068,3489
84068,480
84068,54272
84068,48394
84068,1682
84068,3052
84068,1270
28490,480
28490,6377
28490,1682
28490,4878
28490,6333
28490,45722
28490,3147
28490,7254
28490,10
28490,589
28039,1721
28039,3751
28039,2671
28039,1028
28039,50872
28039,46578
28039,5218
28039,52975
28039,1380
28039,8961
55806,527
55806,912
55806,908
55806,1198
55806,6016
55806,5291
55806,58559
55806,913
55806,3683
55806,1178
997,318
997,2959
997,2329
997,49272
997,33166
997,6016
997,48738
997,44199
997,63082
997,48394
120202,2997
120202,296
120202,2858
120202,1136
120202,47
120202,260
120202,4306
120202,4995
120202,2692
120202,527
66547,4963
66547,1246
66547,750
66547,21
66547,2231
66547,48780
66547,33794
66547,349
66547,5989
66547,54997
53089,4963
53089,356
53089,4014
53089,1193
53089,4886
53089,6377
53089,4246
53089,48516
53089,8970
53089,34
75424,51662
75424,2762
75424,1210
75424,3578
75424,1
75424,231
75424,44191
75424,8961
75424,47
75424,318
137955,6539
137955,6377
137955,1214
137955,2571
137955,1097
137955,593
137955,3578
137955,110
137955,5445
137955,318
101937,1198
101937,1291
101937,1
101937,6539
101937,8961
101937,5618
101937,95510
101937,480
101937,54286
101937,4306
68701,103042
68701,91630
68701,88744
68701,79132
68701,72998
68701,2571
68701,111759
68701,99114
68701,103228
68701,106782
118438,7438
118438,6874
118438,1089
118438,47
118438,1213
118438,1222
118438,541
118438,1208
118438,1961
118438,3996
39102,6377
39102,35836
39102,4963
39102,8636
39102,32587
39102,7438
39102,5669
39102,44191
39102,3948
39102,44195
108758,2683
108758,1197
108758,4734
108758,3147
108758,733
108758,33794
108758,4226
108758,6377
108758,780
108758,589
61393,1258
61393,2858
61393,541
61393,6711
61393,2076
61393,923
61393,5902
61393,4641
61393,4235
61393,3949
94144,1704
94144,1240
94144,318
94144,364
94144,2997
94144,588
94144,1221
94144,733
94144,3996
94144,44191
83710,608
83710,750
83710,1212
83710,1240
83710,589
83710,965
83710,2819
83710,47
83710,7153
83710,2021
68507,1270
68507,1032
68507,2115
68507,8783
68507,4027
68507,4679
68507,5025
68507,2090
68507,4306
68507,4878
32094,1080
32094,91529
32094,71304
32094,68157
32094,53519
32094,61323
32094,51709
32094,1997
32094,7323
32094,37733
49817,3735
49817,1249
49817,2076
49817,2871
49817,1921
49817,741
49817,1610
49817,74458
49817,58559
49817,7123
28501,4963
28501,2762
28501,2959
28501,47099
28501,47
28501,8961
28501,50872
28501,296
28501,1270
28501,49272
119539,31116
119539,912
119539,1036
119539,3578
119539,2028
119539,1203
119539,1265
119539,1291
119539,1270
119539,1682
114911,858
114911,1196
114911,1221
114911,1961
114911,1079
114911,1282
114911,3253
114911,1394
114911,750
114911,2959
18709,858
18709,2571
18709,81591
18709,58559
18709,48394
18709,1682
18709,1258
18709,1080
18709,1136
18709,6502
69047,33794
69047,2959
69047,78499
69047,356
69047,79132
69047,1210
69047,74458
69047,7361
69047,4226
69047,2858
72710,55820
72710,4011
72710,79132
72710,2571
72710,1206
72710,778
72710,5989
72710,109374
72710,64614
72710,80463
91829,48394
91829,1136
91829,318
91829,2858
91829,2571
91829,6539
91829,593
91829,4878
91829,2542
91829,778
98395,38061
98395,30749
98395,27790
98395,31878
98395,35836
98395,26662
98395,34153
98395,36529
98395,27878
98395,27831
77710,1080
77710,4973
77710,111
77710,1252
77710,1208
77710,1265
77710,1041
77710,1732
77710,6993
77710,1212
30398,527
30398,593
30398,356
30398,50
30398,2396
30398,3897
30398,3996
30398,597
30398,2716
30398,2502
58297,1196
58297,4226
58297,457
58297,3578
58297,480
58297,110
58297,85414
58297,1610
58297,1036
58297,1240
108476,68358
108476,480
108476,1210
108476,457
108476,3147
108476,1270
108476,1090
108476,2916
108476,55820
108476,4993
134964,223
134964,3578
134964,32
134964,4011
134964,68954
134964,68358
134964,1080
134964,60684
134964,27904
134964,253
41142,52973
41142,35836
41142,8641
41142,6188
41142,63131
41142,58998
41142,3617
41142,42725
41142,62434
41142,68157
95179,8644
95179,356
95179,51662
95179,4306
95179,45499
95179,58559
95179,59315
95179,2959
95179,3793
95179,2701
45633,1961
45633,44191
45633,1240
45633,68157
45633,51662
45633,3147
45633,587
45633,597
45633,1097
45633,73017
43706,593
43706,597
43706,46578
43706,4993
43706,3147
43706,3408
43706,586
43706,5995
43706,539
43706,7153
34767,356
34767,5218
34767,1721
34767,8636
34767,5378
34767,367
34767,5445
34767,4720
34767,6373
34767,1682
55928,31685
55928,6377
55928,5066
55928,7444
55928,356
55928,5299
55928,4896
55928,53996
55928,5620
55928,8961
92042,5418
92042,31685
92042,4896
92042,97304
92042,33679
92042,4995
92042,2571
92042,106782
92042,80549
92042,96079
35906,589
35906,32587
35906,4011
35906,1527
35906,3578
35906,1240
35906,1036
35906,356
35906,6365
35906,5418
16539,527
16539,58559
16539,318
16539,2571
16539,2858
16539,32587
16539,7438
16539,4993
16539,2762
16539,1089
317,47
317,10
317,780
317,318
317,296
317,4776
317,6188
317,2542
317,1270
317,4226
13628,43679
13628,6290
13628,2606
13628,6707
13628,56145
13628,2995
13628,1215
13628,12
13628,2325
13628,3409
55289,5952
55289,4993
55289,7153
55289,79132
55289,110
55289,34405
55289,27611
55289,89745
55289,4973
55289,593
23600,48516
23600,2571
23600,356
23600,2959
23600,68954
23600,48394
23600,296
23600,318
23600,3000
23600,1527
43653,4973
43653,2329
43653,110
43653,356
43653,296
43653,4963
43653,92259
43653,7153
43653,5952
43653,1704
1568,2550
1568,7883
1568,4928
1568,2488
1568,6985
1568,7115
1568,33896
1568,27317
1568,25805
1568,7982
110965,63082
110965,69122
110965,2028
110965,593
110965,74458
110965,49530
110965,33660
110965,37731
110965,81932
110965,1089
54127,4369
54127,79132
54127,59315
54127,89745
54127,77561
54127,2571
54127,87232
54127,86332
54127,3793
54127,53996
88145,89492
88145,81845
88145,50
88145,4973
88145,2858
88145,527
88145,1193
88145,48516
88145,97304
88145,86882
50552,4226
50552,165
50552,5418
50552,2028
50552,47
50552,2949
50552,3996
50552,592
50552,316
50552,1617
69577,5218
69577,6548
69577,33493
69577,4306
69577,49530
69577,4993
69577,1196
69577,1101
69577,53125
69577,3753
51634,367
51634,4022
51634,586
51634,48516
51634,6365
51634,3948
51634,49530
51634,5989
51634,1517
51634,1721
22894,4226
22894,356
22894,3793
22894,2959
22894,2571
22894,72998
22894,2762
22894,5349
22894,51662
22894,3578
135828,481
135828,5165
135828,8225
135828,1241
135828,8501
135828,3016
135828,44397
135828,8950
135828,3272
135828,3081
98502,1
98502,858
98502,50
98502,8961
98502,4963
98502,1246
98502,40815
98502,593
98502,2918
98502,2959
107599,587
107599,527
107599,89492
107599,5418
107599,2762
107599,88810
107599,62
107599,480
107599,919
107599,590
26674,2571
26674,1198
26674,1270
26674,1250
26674,1610
26674,150
26674,4326
26674,1291
26674,3654
26674,1784
122576,2858
122576,356
122576,2762
122576,597
122576,318
122576,364
122576,2144
122576,5952
122576,296
122576,4973
40433,2572
40433,318
40433,56949
40433,62081
40433,2959
40433,60072
40433,31
40433,1721
40433,8985
40433,68319
63671,527
63671,4326
63671,68157
63671,63082
63671,2571
63671,44555
63671,44199
63671,49272
63671,81845
63671,48738
19585,6539
19585,4993
19585,4886
19585,33493
19585,110
19585,6534
19585,8983
19585,4643
19585,34048
19585,3994
11188,5418
11188,110
11188,1527
11188,1617
11188,27773
11188,1704
11188,253
11188,3949
11188,6539
11188,44191
75561,593
75561,356
75561,110
75561,1265
75561,2959
75561,592
75561,2858
75561,50
75561,45722
75561,1784
71401,1206
71401,4878
71401,296
71401,4226
71401,3949
71401,2571
71401,2997
71401,3676
71401,32
71401,27773
105856,2762
105856,2571
105856,2028
105856,48516
105856,4306
105856,1961
105856,16
105856,318
105856,31410
105856,5445
14770,6783
14770,1251
14770,8620
14770,7043
14770,8125
14770,6123
14770,922
14770,2732
14770,26318
14770,1572
105744,7361
105744,527
105744,1193
105744,64839
105744,1089
105744,3578
105744,608
105744,3949
105744,48394
105744,68157
35132,1193
35132,4027
35132,2324
35132,1207
35132,1035
35132,2858
35132,1784
35132,296
35132,457
35132,3967
58129,1200
58129,1240
58129,1253
58129,1196
58129,2529
58129,1127
58129,6305
58129,1374
58129,3793
58129,6979
26314,1994
26314,110
26314,356
26314,2762
26314,2571
26314,2710
26314,2161
26314,1193
26314,260
26314,1196
1554,47
1554,32587
1554,44195
1554,3578
1554,56367
1554,69122
1554,2542
1554,61323
1554,2762
1554,33794
99688,6874
99688,32587
99688,4226
99688,8949
99688,778
99688,4973
99688,30749
99688,6711
99688,4993
99688,356
26489,4963
26489,2571
26489,1270
26489,53996
26489,8636
26489,480
26489,6539
26489,356
26489,8644
26489,1608
44696,7099
44696,750
44696,2858
44696,31658
44696,2997
44696,2571
44696,4226
44696,1080
44696,6350
44696,7147
100200,589
100200,296
100200,1961
100200,3498
100200,1263
100200,1079
100200,1208
100200,1247
100200,150
100200,1265
52512,1682
52512,527
52512,1201
52512,5418
52512,5989
52512,2115
52512,8360
52512,2021
52512,2762
52512,923
3057,110
3057,48516
3057,356
3057,8874
3057,56367
3057,608
3057,1968
3057,2997
3057,293
3057,4022
58175,593
58175,858
58175,79132
58175,91529
58175,318
58175,2959
58175,5952
58175,1210
58175,48516
58175,89745
51073,110
51073,780
51073,296
51073,1089
51073,231
51073,2028
51073,1197
51073,480
51073,2762
51073,3147
46757,48516
46757,74458
46757,69122
46757,47610
46757,2231
46757,1625
46757,44191
46757,4878
46757,68237
46757,49530
68348,4995
68348,3147
68348,5418
68348,1193
68348,50
68348,527
68348,745
68348,2359
68348,3578
68348,50872
108175,318
108175,296
108175,1198
108175,3578
108175,50
108175,858
108175,58559
108175,1291
108175,2959
108175,541
103051,2571
103051,8665
103051,5378
103051,6934
103051,480
103051,7293
103051,1270
103051,1210
103051,1240
103051,6537
124744,60069
124744,6377
124744,2571
124744,68954
124744,588
124744,69757
124744,2762
124744,1198
124744,2959
124744,8368
92613,1
92613,8368
92613,61024
92613,1197
92613,50872
92613,2987
92613,8874
92613,1265
92613,5349
92613,54272
78372,47
78372,6874
78372,2329
78372,52281
78372,54995
78372,4973
78372,1884
78372,1464
78372,32
78372,37729
122731,5902
122731,4979
122731,4641
122731,1080
122731,4881
122731,4226
122731,4878
122731,8784
122731,8949
122731,1732
114713,608
114713,1961
114713,32
114713,4973
114713,2028
114713,1246
114713,4993
114713,4995
114713,1225
114713,7153
57236,527
57236,593
57236,1210
57236,2571
57236,1097
57236,4995
57236,260
57236,1198
57236,590
57236,231
50729,2959
50729,296
50729,7438
50729,1276
50729,58559
50729,163
50729,2502
50729,318
50729,50
50729,3275
68367,44191
68367,1036
68367,33794
68367,58998
68367,54286
68367,1270
68367,8665
68367,1221
68367,1136
68367,55118
118316,1213
118316,2329
118316,296
118316,48516
118316,3578
118316,54503
118316,59315
118316,59369
118316,5989
118316,356
33398,4011
33398,55820
33398,68157
33398,48516
33398,1270
33398,2762
33398,2028
33398,32587
33398,69122
33398,3535
93495,1982
93495,2133
93495,2517
93495,3740
93495,919
93495,1278
93495,2804
93495,4915
93495,1220
93495,6807
104513,593
104513,2997
104513,1136
104513,1036
104513,1206
104513,1198
104513,1089
104513,2329
104513,3556
104513,2762
35479,5952
35479,2028
35479,50
35479,110
35479,4226
35479,2762
35479,5464
35479,5989
35479,4720
35479,1682
87005,912
87005,480
87005,1221
87005,1201
87005,79132
87005,593
87005,2028
87005,589
87005,3578
87005,48516
10271,112
10271,318
10271,39
10271,2028
10271,1291
10271,1500
10271,5291
10271,3499
10271,1225
10271,3039
135324,2329
135324,48516
135324,2571
135324,111
135324,1089
135324,4262
135324,74458
135324,3578
135324,480
135324,2762
95979,356
95979,1704
95979,2858
95979,1960
95979,1185
95979,1246
95979,30749
95979,71033
95979,44555
95979,1203
72029,608
72029,260
72029,1197
72029,2858
72029,858
72029,7361
72029,32
72029,527
72029,47
72029,2762
117126,480
117126,1270
117126,1580
117126,2028
117126,500
117126,54286
117126,648
117126,1193
117126,1617
117126,1097
11647,858
11647,2762
11647,55820
11647,50
11647,608
11647,2571
11647,1213
11647,4226
11647,1961
11647,1198
72495,318
72495,51255
72495,4011
72495,1527
72495,1210
72495,5445
72495,1136
72495,6378
72495,8961
72495,4878
85797,2700
85797,33794
85797,104
85797,223
85797,1407
85797,1923
85797,1777
85797,6539
85797,736
85797,2797
121208,110
121208,356
121208,7361
121208,47
121208,2571
121208,4886
121208,1197
121208,1193
121208,2997
121208,1291
73202,4963
73202,4993
73202,59315
73202,92259
73202,296
73202,3578
73202,2762
73202,318
73202,7153
73202,1527
78231,588
78231,586
78231,1073
78231,2959
78231,2
78231,919
78231,56367
78231,2762
78231,356
78231,1721
68429,608
68429,6377
68429,527
68429,1198
68429,7361
68429,1073
68429,919
68429,1136
68429,1265
68429,1247
23361,6874
23361,318
23361,1210
23361,6377
23361,4011
23361,59315
23361,4226
23361,4306
23361,541
23361,7438
11230,49272
11230,33794
11230,40819
11230,46976
11230,48780
11230,60069
11230,47610
11230,40583
11230,56788
11230,69122
113174,2762
113174,356
113174,1247
113174,593
113174,1079
113174,36
113174,6711
113174,4973
113174,1641
113174,2918
7469,6377
7469,1200
7469,1175
7469,293
7469,2997
7469,3751
7469,1281
7469,4881
7469,32587
7469,2115
3024,593
3024,3052
3024,33794
3024,1968
3024,1196
3024,260
3024,2762
3024,2291
3024,1210
3024,318
122150,46578
122150,79132
122150,527
122150,318
122150,63082
122150,5952
122150,4993
122150,110
122150,60069
122150,81845
124555,39
124555,440
124555,11
124555,1680
124555,587
124555,2916
124555,380
124555,1639
124555,7163
124555,2600
39536,1210
39536,6539
39536,5349
39536,480
39536,2502
39536,2571
39536,296
39536,2918
39536,54272
39536,2716
67988,1
67988,480
67988,3578
67988,780
67988,110
67988,457
67988,2858
67988,2028
67988,380
67988,1580
63162,1527
63162,593
63162,1196
63162,1198
63162,2959
63162,6874
63162,150
63162,2028
63162,59315
63162,68358
37899,60069
37899,588
37899,79091
37899,3114
37899,78499
37899,96821
37899,6593
37899,4447
37899,76093
37899,47518
76562,60684
76562,4022
76562,63082
76562,6711
76562,70286
76562,89745
76562,85414
76562,2012
76562,2542
76562,91500
21086,4027
21086,4886
21086,8961
21086,1213
21086,79702
21086,56367
21086,1136
21086,73017
21086,70286
21086,72998
79942,4226
79942,47
79942,593
79942,55820
79942,1258
79942,527
79942,2959
79942,58303
79942,2571
79942,64839
36007,333
36007,4306
36007,4022
36007,1073
36007,1196
36007,1961
36007,2321
36007,60069
36007,4816
36007,8529
90407,296
90407,2716
90407,4011
90407,1732
90407,3552
90407,1884
90407,180
90407,3052
90407,1089
90407,5110
70618,2959
70618,296
70618,2858
70618,2291
70618,356
70618,2987
70618,48385
70618,7361
70618,2762
70618,260
19020,91529
19020,58025
19020,5219
19020,8371
19020,6502
19020,1240
19020,6537
19020,3300
19020,5445
19020,1580
104113,58559
104113,40815
104113,30707
104113,4995
104113,5971
104113,527
104113,3000
104113,318
104113,3578
104113,54001
90330,2571
90330,7361
90330,2858
90330,32
90330,47
90330,4226
90330,3949
90330,2076
90330,293
90330,608
30133,8641
30133,19
30133,53000
30133,35836
30133,2072
30133,2826
30133,1911
30133,3555
30133,2133
30133,3534
23986,593
23986,2959
23986,79132
23986,344
23986,58559
23986,6373
23986,1721
23986,2571
23986,586
23986,2572
105114,3925
105114,1237
105114,3160
105114,2019
105114,7089
105114,7371
105114,7327
105114,307
105114,44555
105114,3168
131460,6539
131460,59315
131460,4270
131460,60069
131460,70286
131460,1291
131460,2571
131460,40815
131460,1197
131460,1198
104331,50872
104331,60069
104331,59315
104331,66097
104331,79132
104331,68358
104331,54997
104331,70286
104331,57669
104331,44199
35523,1663
35523,4085
35523,3039
35523,6333
35523,2000
35523,8368
35523,110
35523,1036
35523,4896
35523,3836
125513,2762
125513,47
125513,58559
125513,48394
125513,2288
125513,3703
125513,7481
125513,2324
125513,68157
125513,5618
74193,1210
74193,1240
74193,1208
74193,1917
74193,110
74193,344
74193,780
74193,589
74193,4792
74193,35836
45730,4973
45730,30707
45730,7153
45730,2329
45730,318
45730,110
45730,2194
45730,30749
45730,4034
45730,527
100500,50
100500,7361
100500,3578
100500,5952
100500,48516
100500,924
100500,1222
100500,1136
100500,527
100500,33794
28852,8961
28852,260
28852,593
28852,1307
28852,4979
28852,923
28852,6539
28852,1079
28852,357
28852,33794
40333,44191
40333,4993
40333,1089
40333,7361
40333,7438
40333,32
40333,527
40333,2762
40333,4011
40333,6539
68744,51935
68744,48780
68744,51255
68744,34162
68744,49278
68744,47610
68744,54259
68744,52973
68744,61132
68744,44665
28571,1210
28571,1198
28571,1200
28571,750
28571,5445
28571,1196
28571,4226
28571,33794
28571,3793
28571,904
67891,1193
67891,527
67891,111
67891,4226
67891,541
67891,2028
67891,4878
67891,1200
67891,79132
67891,53000
107662,1527
107662,5903
107662,1748
107662,260
107662,2571
107662,87306
107662,58559
107662,5445
107662,1127
107662,1270
112403,1198
112403,593
112403,858
112403,2028
112403,590
112403,356
112403,1204
112403,150
112403,457
112403,260
27118,32
27118,1732
27118,1136
27118,4993
27118,27773
27118,2997
27118,81845
27118,2028
27118,36529
27118,7153
60266,5349
60266,2571
60266,1
60266,7153
60266,3996
60266,3578
60266,2858
60266,1270
60266,1210
60266,364
115046,2959
115046,356
115046,2571
115046,4993
115046,364
115046,8961
115046,8360
115046,1073
115046,50872
115046,588
40906,110
40906,2502
40906,6539
40906,1291
40906,8961
40906,8636
40906,4995
40906,3147
40906,5418
40906,3897
86395,2959
86395,4993
86395,3578
86395,4226
86395,858
86395,364
86395,8961
86395,33794
86395,6377
86395,592
5642,318
5642,33004
5642,60069
5642,51255
5642,6539
5642,2028
5642,1682
5642,4027
5642,44195
5642,6333
6514,2959
6514,1089
6514,4973
6514,296
6514,1732
6514,4226
6514,778
6514,1136
6514,318
6514,1225
126143,1198
126143,2268
126143,440
126143,2302
126143,539
126143,1610
126143,380
126143,1777
126143,3101
126143,1302
42962,1197
42962,1
42962,3114
42962,4306
42962,593
42962,31878
42962,5618
42962,2291
42962,2355
42962,3751
111703,7153
111703,51255
111703,4226
111703,48516
111703,60684
111703,33794
111703,55363
111703,1968
111703,1258
111703,1198
17826,1527
17826,356
17826,1196
17826,110
17826,1200
17826,296
17826,1036
17826,480
17826,5445
17826,1291
106735,81591
106735,4995
106735,59315
106735,74458
106735,4226
106735,97921
106735,2706
106735,480
106735,104841
106735,2502
126888,5989
126888,5418
126888,2959
126888,318
126888,296
126888,51662
126888,8665
126888,59369
126888,4963
126888,47
47273,8961
47273,46530
47273,45431
47273,45722
47273,47610
47273,45447
47273,48516
47273,32587
47273,54272
47273,44199
122741,59315
122741,1196
122741,51255
122741,5110
122741,49272
122741,5349
122741,356
122741,6377
122741,30810
122741,54995
68557,6377
68557,1035
68557,5989
68557,919
68557,48394
68557,60069
68557,1380
68557,6539
68557,1207
68557,1246
62493,4973
62493,318
62493,7361
62493,4226
62493,31658
62493,79702
62493,48780
62493,296
62493,91529
62493,2571
27449,595
27449,48516
27449,2762
27449,49530
27449,377
27449,33166
27449,6874
27449,3717
27449,4054
27449,4306
47441,541
47441,68358
47441,3300
47441,2329
47441,50
47441,34405
47441,1221
47441,32
47441,72998
47441,51662
91255,858
91255,357
91255,4995
91255,2762
91255,597
91255,296
91255,150
91255,7153
91255,6385
91255,46578
52263,72998
52263,47610
52263,88405
52263,59315
52263,30825
52263,45447
52263,69122
52263,6874
52263,4246
52263,4018
29012,1198
29012,4886
29012,1136
29012,68157
29012,4878
29012,2918
29012,48394
29012,1291
29012,1704
29012,78499
132584,318
132584,4308
132584,5989
132584,527
132584,3535
132584,4848
132584,2908
132584,35836
132584,46976
132584,500
94461,4306
94461,318
94461,79132
94461,80463
94461,49530
94461,55247
94461,88810
94461,2858
94461,72011
94461,1
105992,1923
105992,33794
105992,2959
105992,1196
105992,587
105992,1641
105992,648
105992,1207
105992,2291
105992,3948
128228,60069
128228,48780
128228,47
128228,63082
128228,33166
128228,3949
128228,1704
128228,30749
128228,44191
128228,4993
56142,110
56142,2716
56142,2028
56142,593
56142,318
56142,6539
56142,1580
56142,2706
56142,500
56142,367
30066,5952
30066,4993
30066,7153
30066,79132
30066,49272
30066,95510
30066,73017
30066,6539
30066,87232
30066,72998
12527,1721
12527,6377
12527,6539
12527,1682
12527,1207
12527,457
12527,4014
12527,1302
12527,3418
12527,5299
12766,1136
12766,5952
12766,7153
12766,593
12766,4226
12766,48394
12766,608
12766,7361
12766,6016
12766,50
2209,1923
2209,2918
2209,6620
2209,2683
2209,35836
2209,4034
2209,2599
2209,6711
2209,2706
2209,39183
9940,750
9940,858
9940,1732
9940,2997
9940,68157
9940,8949
9940,1213
9940,2571
9940,48516
9940,778
45855,780
45855,2959
45855,2571
45855,2762
45855,1721
45855,58559
45855,5349
45855,1704
45855,597
45855,3793
120796,589
120796,1197
120796,2571
120796,48780
120796,1200
120796,70286
120796,3793
120796,71535
120796,2762
120796,5989
52267,318
52267,1198
52267,7153
52267,4993
52267,2683
52267,111
52267,50
52267,356
52267,2762
52267,1210
31134,1267
31134,1219
31134,1250
31134,593
31134,1193
31134,1304
31134,527
31134,1266
31134,1945
31134,4327
34777,5418
34777,380
34777,3753
34777,7143
34777,1610
34777,6377
34777,72998
34777,3527
34777,527
34777,10
72634,58559
72634,4979
72634,35836
72634,6188
72634,1197
72634,7361
72634,2571
72634,4816
72634,2502
72634,33794
123954,5418
123954,1270
123954,47
123954,593
123954,5952
123954,6874
123954,4011
123954,4886
123954,4022
123954,33166
27204,58559
27204,64957
27204,69122
27204,64622
27204,4306
27204,63859
27204,44022
27204,50872
27204,63062
27204,318
105105,318
105105,4011
105105,47
105105,2502
105105,55820
105105,48516
105105,35836
105105,1196
105105,46578
105105,6016
59553,48516
59553,68157
59553,1210
59553,32587
59553,69122
59553,7153
59553,51662
59553,7438
59553,2502
59553,2028
34664,1291
34664,3114
34664,6539
34664,356
34664,2571
34664,553
34664,1270
34664,260
34664,8961
34664,1610
39450,1221
39450,1089
39450,2028
39450,4262
39450,6874
39450,7153
39450,805
39450,590
39450,34162
39450,1196
7104,1214
7104,260
7104,593
7104,3793
7104,4886
7104,527
7104,1617
7104,1270
7104,2028
7104,457
137862,34405
137862,4878
137862,8636
137862,1356
137862,57368
137862,3175
137862,2529
137862,3703
137862,7373
137862,5410
4168,2959
4168,1193
4168,50
4168,2858
4168,912
4168,589
4168,1213
4168,111
4168,1208
4168,1961
92431,1960
92431,1094
92431,2997
92431,475
92431,1641
92431,5225
92431,39183
92431,44694
92431,5791
92431,1183
84158,110
84158,1210
84158,1228
84158,1198
84158,48394
84158,1136
84158,68954
84158,60069
84158,5995
84158,32
131211,4226
131211,1
131211,1961
131211,1393
131211,47
131211,2762
131211,1197
131211,1246
131211,1097
131211,457
13454,910
13454,2065
13454,2160
13454,1225
13454,1214
13454,1296
13454,1179
13454,2243
13454,916
13454,2067
92154,838
92154,1210
92154,588
92154,68954
92154,919
92154,60069
92154,364
92154,31658
92154,1265
92154,3114
61604,1270
61604,1240
61604,1198
61604,1961
61604,54286
61604,58559
61604,1193
61604,589
61604,7361
61604,1580
72603,2571
72603,6377
72603,364
72603,8961
72603,68954
72603,1097
72603,5418
72603,858
72603,1265
72603,1270
25989,457
25989,589
25989,32587
25989,150
25989,1378
25989,553
25989,16
25989,1259
25989,1250
25989,2115
138222,1197
138222,2571
138222,356
138222,1704
138222,8368
138222,4306
138222,46578
138222,48394
138222,6539
138222,48516
53345,608
53345,7361
53345,296
53345,589
53345,2997
53345,50
53345,1136
53345,2076
53345,1196
53345,260
22483,2692
22483,593
22483,318
22483,7147
22483,50
22483,3994
22483,1260
22483,48774
22483,4848
22483,48394
75552,1089
75552,589
75552,593
75552,32
75552,1270
75552,74458
75552,356
75552,1682
75552,4963
75552,1527
100370,49272
100370,4011
100370,51255
100370,2571
100370,5110
100370,62849
100370,58559
100370,7254
100370,47518
100370,2273
114545,44191
114545,912
114545,7361
114545,50872
114545,60069
114545,8874
114545,7147
114545,35836
114545,6874
114545,7438
108403,2762
108403,1193
108403,293
108403,6870
108403,1263
108403,1921
108403,4370
108403,1527
108403,1212
108403,1200
30328,2858
30328,1732
30328,2571
30328,7361
30328,2959
30328,55820
30328,1682
30328,2329
30328,593
30328,4979
72950,2324
72950,2762
72950,356
72950,1208
72950,7361
72950,6711
72950,1641
72950,111
72950,3897
72950,3471
133184,4306
133184,1258
133184,337
133184,47
133184,56367
133184,527
133184,6016
133184,55444
133184,586
133184,6377
92992,2542
92992,48516
92992,1222
92992,1213
92992,4226
92992,4963
92992,1240
92992,648
92992,1196
92992,1923
42254,1777
42254,5620
42254,150
42254,8972
42254,2724
42254,8529
42254,62
42254,2763
42254,5957
42254,8916
86306,81834
86306,60069
86306,79132
86306,5418
86306,44191
86306,48394
86306,79702
86306,68954
86306,68157
86306,80463
66150,2731
66150,2970
66150,3741
66150,34437
66150,1206
66150,60333
66150,111
66150,48394
66150,44555
66150,31658
58497,110
58497,4973
58497,648
58497,6377
58497,5952
58497,49272
58497,4993
58497,4995
58497,1732
58497,1573
120512,4306
120512,1196
120512,54503
120512,79132
120512,1210
120512,76251
120512,60069
120512,4886
120512,4993
120512,7153
35985,4886
35985,150
35985,53125
35985,63113
35985,2115
35985,45447
35985,10
35985,2000
35985,69644
35985,45499
72668,3471
72668,6377
72668,608
72668,50
72668,908
72668,2028
72668,3039
72668,1262
72668,8464
72668,30707
119522,1961
119522,1674
119522,150
119522,2797
119522,539
119522,11
119522,1610
119522,1302
119522,953
119522,1393
53391,60069
53391,79132
53391,2858
53391,4878
53391,7361
53391,5618
53391,2571
53391,4226
53391,1206
53391,293
101055,2762
101055,1246
101055,4963
101055,4308
101055,919
101055,4014
101055,68954
101055,88125
101055,1380
101055,4973
95987,44555
95987,778
95987,2959
95987,111
95987,1682
95987,48738
95987,55721
95987,3949
95987,58303
95987,1961
130766,2959
130766,4878
130766,4235
130766,31658
130766,56367
130766,5878
130766,7147
130766,296
130766,3556
130766,27721
134038,2488
134038,4144
134038,7748
134038,919
134038,25940
134038,2204
134038,25954
134038,296
134038,2313
134038,4405
93208,91529
93208,58559
93208,5349
93208,318
93208,356
93208,60069
93208,72998
93208,260
93208,44191
93208,89745
50,527
50,4226
50,4993
50,858
50,4878
50,1265
50,778
50,293
50,50
50,1682
2782,2959
2782,2858
2782,527
2782,1617
2782,2762
2782,56788
2782,52967
2782,47
2782,1208
2782,2329
103577,32
103577,1198
103577,79132
103577,1036
103577,55820
103577,3527
103577,1270
103577,2028
103577,1954
103577,293
55206,56174
55206,5445
55206,44191
55206,480
55206,296
55206,110
55206,48516
55206,780
55206,5903
55206,60069
126492,110
126492,5349
126492,1
126492,8961
126492,6377
126492,4886
126492,5418
126492,6333
126492,3793
126492,1136
86663,4995
86663,6539
86663,4973
86663,7361
86663,318
86663,296
86663,1
86663,6942
86663,4308
86663,1784
13708,6942
13708,5952
13708,593
13708,4993
13708,4306
13708,4995
13708,5989
13708,1246
13708,47
13708,2329
18756,6874
18756,89745
18756,356
18756,933
18756,911
18756,3468
18756,930
18756,44199
18756,68358
18756,2028
41586,2028
41586,1704
41586,6539
41586,1089
41586,33794
41586,480
41586,2716
41586,1580
41586,3949
41586,780
69072,3730
69072,1252
69072,1218
69072,1089
69072,2455
69072,6001
69072,260
69072,2966
69072,4641
69072,1208
9227,6377
9227,4306
9227,4014
9227,527
9227,8970
9227,3967
9227,500
9227,6539
9227,3897
9227,30749
29122,47
29122,60069
29122,296
29122,2959
29122,8961
29122,6874
29122,2028
29122,68954
29122,58559
29122,4226
21201,2858
21201,356
21201,296
21201,8961
21201,7323
21201,44555
21201,63082
21201,5952
21201,6377
21201,4963
76330,58559
76330,47
76330,2329
76330,593
76330,110
76330,51662
76330,46578
76330,7153
76330,4993
76330,6539
45493,8665
45493,60684
45493,32587
45493,54286
45493,55820
45493,61024
45493,4886
45493,10
45493,53972
45493,63082
129064,4226
129064,608
129064,589
129064,4878
129064,1374
129064,2021
129064,2455
129064,2529
129064,1221
129064,593
124858,1203
124858,4973
124858,7153
124858,2858
124858,589
124858,48780
124858,1196
124858,1198
124858,1213
124858,293
22592,5418
22592,4878
22592,4963
22592,2959
22592,1527
22592,1682
22592,50
22592,1089
22592,4306
22592,1080
86768,50872
86768,48385
86768,56367
86768,68954
86768,34405
86768,55820
86768,33794
86768,89745
86768,5971
86768,39183
15682,40819
15682,33679
15682,45499
15682,39183
15682,8917
15682,31878
15682,48516
15682,31696
15682,8961
15682,8874
53634,1721
53634,4886
53634,2959
53634,527
53634,6539
53634,377
53634,58559
53634,4973
53634,780
53634,4963
123049,1682
123049,318
123049,94864
123049,356
123049,4011
123049,34319
123049,97752
123049,7147
123049,778
123049,1527
136132,920
136132,969
136132,4022
136132,317
136132,6662
136132,4361
136132,3507
136132,3408
136132,7395
136132,1207
38463,60069
38463,2959
38463,2571
38463,8665
38463,5445
38463,85414
38463,6942
38463,4995
38463,68237
38463,49272
10899,69406
10899,7293
10899,5942
10899,56775
10899,6503
10899,45720
10899,4700
10899,56949
10899,1556
10899,3825
58089,2959
58089,2858
58089,6773
58089,5618
58089,7361
58089,8014
58089,31658
58089,8873
58089,4235
58089,7323
37638,527
37638,68954
37638,2858
37638,46578
37638,2329
37638,608
37638,8961
37638,2762
37638,293
37638,68157
35362,3535
35362,2395
35362,2329
35362,296
35362,4979
35362,2997
35362,4641
35362,68157
35362,1258
35362,4878
33209,924
33209,65261
33209,8607
33209,5690
33209,4973
33209,6711
33209,541
33209,60069
33209,52885
33209,5528
98909,39292
98909,32587
98909,44199
98909,41569
98909,40278
98909,40583
98909,39414
98909,41716
98909,33004
98909,27790
10875,4963
10875,51662
10875,318
10875,5903
10875,1210
10875,49278
10875,4226
10875,72998
10875,36529
10875,7143
86959,62155
86959,69122
86959,4886
86959,46578
86959,58559
86959,60069
86959,67734
86959,51255
86959,78209
86959,2145
32689,92259
32689,260
32689,63082
32689,80463
32689,4973
32689,91529
32689,7254
32689,4993
32689,7153
32689,70286
39810,58559
39810,5418
39810,47
39810,296
39810,6016
39810,733
39810,1961
39810,50
39810,6
39810,7438
36908,2858
36908,3578
36908,318
36908,260
36908,1210
36908,1196
36908,1961
36908,2502
36908,2115
36908,1214
74848,3147
74848,318
74848,8957
74848,4886
74848,1682
74848,4306
74848,48780
74848,44665
74848,81591
74848,5445
128104,2571
128104,32587
128104,44195
128104,6874
128104,4993
128104,7153
128104,45499
128104,45722
128104,7361
128104,3578
99200,380
99200,593
99200,2987
99200,5952
99200,4306
99200,597
99200,1
99200,7153
99200,595
99200,141
8020,4973
8020,2581
8020,4306
8020,56367
8020,2145
8020,4447
8020,3825
8020,39
8020,46578
8020,4878
6819,1291
6819,1265
6819,318
6819,527
6819,457
6819,608
6819,1246
6819,6377
6819,1610
6819,2174
69194,3503
69194,923
69194,7089
69194,1221
69194,6783
69194,2729
69194,7939
69194,7766
69194,1201
69194,913
69969,48780
69969,48385
69969,60069
69969,51662
69969,34405
69969,8949
69969,46976
69969,8961
69969,44195
69969,39183
105929,2762
105929,7361
105929,296
105929,1193
105929,2858
105929,2329
105929,50
105929,44555
105929,1208
105929,858
29471,1580
29471,780
29471,150
29471,356
29471,593
29471,58559
29471,316
29471,5418
29471,7143
29471,33794
127857,51255
127857,778
127857,44665
127857,38061
127857,44195
127857,296
127857,2959
127857,2858
127857,4878
127857,7364
47117,79132
47117,367
47117,3752
47117,64969
47117,60069
47117,1291
47117,2
47117,33794
47117,480
47117,5952
16920,4226
16920,318
16920,64620
16920,2858
16920,97304
16920,1203
16920,778
16920,5878
16920,4235
16920,68157
21997,54286
21997,58559
21997,5989
21997,4995
21997,7293
21997,3578
21997,3147
21997,59315
21997,597
21997,1784
34570,589
34570,318
34570,2762
34570,1246
34570,59315
34570,150
34570,1307
34570,1302
34570,4995
34570,1584
32871,7173
32871,4306
32871,4246
32871,6367
32871,8528
32871,5957
32871,8636
32871,30810
32871,27808
32871,5418
65245,60069
65245,318
65245,6377
65245,6539
65245,5952
65245,1580
65245,68157
65245,5218
65245,1527
65245,79132
78311,68237
78311,48774
78311,4226
78311,1206
78311,48394
78311,6711
78311,1089
78311,4979
78311,58559
78311,68157
84590,5952
84590,47
84590,527
84590,32587
84590,110
84590,318
84590,2858
84590,1213
84590,6870
84590,4995
27365,56367
27365,8874
27365,6807
27365,2997
27365,69122
27365,54272
27365,32587
27365,8464
27365,41997
27365,33794
77930,296
77930,1968
77930,3481
77930,4973
77930,2858
77930,2502
77930,3996
77930,50
77930,1206
77930,1639
41079,8338
41079,86882
41079,55276
41079,2936
41079,25763
41079,8477
41079,55442
41079,26131
41079,25753
41079,8335
56564,1961
56564,953
56564,1247
56564,17
56564,597
56564,457
56564,1955
56564,3148
56564,1035
56564,2396
137668,110
137668,1240
137668,296
137668,4306
137668,8961
137668,5971
137668,6874
137668,293
137668,1961
137668,1097
58277,2762
58277,5669
58277,2329
58277,33166
58277,44195
58277,1270
58277,1246
58277,1097
58277,32587
58277,1196
117816,4226
117816,7361
117816,541
117816,50
117816,2762
117816,5618
117816,71057
117816,32587
117816,260
117816,1196
44296,3471
44296,1247
44296,1219
44296,750
44296,919
44296,1234
44296,1237
44296,1206
44296,2010
44296,924
20213,8961
20213,4306
20213,7153
20213,76251
20213,44191
20213,68954
20213,60069
20213,6377
20213,73017
20213,70286
93447,68954
93447,7451
93447,8360
93447,56949
93447,93510
93447,103335
93447,44193
93447,50872
93447,104211
93447,4447
79543,318
79543,1198
79543,1
79543,6377
79543,296
79543,1240
79543,4973
79543,589
79543,4995
79543,648
15525,2959
15525,2028
15525,4226
15525,2762
15525,8949
15525,1060
15525,1225
15525,1961
15525,1732
15525,1266
23368,47
23368,32587
23368,4226
23368,2858
23368,3949
23368,4878
23368,356
23368,50
23368,1222
23368,1136
28963,4226
28963,2762
28963,3176
28963,4995
28963,508
28963,1377
28963,1307
28963,1704
28963,30812
28963,592
36716,750
36716,924
36716,1201
36716,1198
36716,7361
36716,1265
36716,1282
36716,1527
36716,1206
36716,912
101639,4878
101639,4993
101639,1225
101639,2291
101639,2843
101639,5995
101639,3910
101639,56757
101639,55442
101639,858
78002,150
78002,2692
78002,4306
78002,7153
78002,30749
78002,5989
78002,2686
78002,2762
78002,3408
78002,5995
56813,4995
56813,4963
56813,58559
56813,110
56813,2959
56813,2762
56813,780
56813,2028
56813,2329
56813,1270
134145,150
134145,1580
134145,2918
134145,3481
134145,1196
134145,2396
134145,4306
134145,2858
134145,2502
134145,1073
40142,6874
40142,7153
40142,4993
40142,1222
40142,32587
40142,2028
40142,7361
40142,293
40142,7438
40142,858
40453,8874
40453,38038
40453,48774
40453,60069
40453,68358
40453,33834
40453,41569
40453,55820
40453,30810
40453,51662
56672,58559
56672,296
56672,1
56672,318
56672,110
56672,33615
56672,5418
56672,60069
56672,72998
56672,51662
120100,480
120100,1517
120100,778
120100,356
120100,4886
120100,4878
120100,1923
120100,1617
120100,7438
120100,1704
94619,954
94619,356
94619,2355
94619,6768
94619,6539
94619,2096
94619,50872
94619,838
94619,6297
94619,457
85763,223
85763,2959
85763,1704
85763,1673
85763,1222
85763,4848
85763,4979
85763,97306
85763,1968
85763,64839
63932,1252
63932,1233
63932,1204
63932,260
63932,32587
63932,1208
63932,1210
63932,3703
63932,1408
63932,4086
61204,593
61204,293
61204,2762
61204,48394
61204,356
61204,63082
61204,3578
61204,1193
61204,1704
61204,2291
28202,593
28202,1968
28202,2804
28202,8464
28202,1073
28202,46578
28202,2858
28202,6377
28202,4306
28202,1259
85845,356
85845,260
85845,858
85845,1198
85845,5952
85845,2959
85845,1193
85845,1221
85845,1136
85845,608
116429,6777
116429,920
116429,5899
116429,7076
116429,1254
116429,7215
116429,8228
116429,3334
116429,1262
116429,8207
12885,6539
12885,60069
12885,1291
12885,8368
12885,40815
12885,27611
12885,72998
12885,2028
12885,3578
12885,5816
6715,33794
6715,49272
6715,3717
6715,1580
6715,8972
6715,45722
6715,33679
6715,3753
6715,150
6715,7143
128471,356
128471,377
128471,1265
128471,500
128471,1608
128471,780
128471,2424
128471,4022
128471,1784
128471,2268
16127,1234
16127,4848
16127,913
16127,2858
16127,1219
16127,1084
16127,1263
16127,919
16127,920
16127,1199
5353,318
5353,1732
5353,46578
5353,46723
5353,3578
5353,68347
5353,7323
5353,81591
5353,527
5353,68157
46752,3578
46752,6539
46752,4306
46752,2571
46752,4993
46752,4963
46752,260
46752,1196
46752,1210
46752,356
55621,1961
55621,1270
55621,593
55621,4306
55621,47
55621,2858
55621,4963
55621,1291
55621,7254
55621,541
114601,1206
114601,2858
114601,1221
114601,1200
114601,2791
114601,1263
114601,61132
114601,97306
114601,67087
114601,2455
348,27815
348,47721
348,59590
348,1235
348,46850
348,46976
348,27790
348,44195
348,7299
348,1197
70044,260
70044,457
70044,2423
70044,1270
70044,59315
70044,3039
70044,1197
70044,50
70044,3740
70044,2916
63576,48780
63576,81845
63576,50
63576,33794
63576,527
63576,5952
63576,4993
63576,54997
63576,858
63576,74458
31011,1704
31011,60069
31011,58559
31011,7361
31011,5989
31011,4963
31011,55247
31011,296
31011,47
31011,64622
4854,2571
4854,4993
4854,8961
4854,1270
4854,4306
4854,364
4854,4963
4854,7153
4854,5952
4854,480
95575,527
95575,6377
95575,30749
95575,2571
95575,30707
95575,48516
95575,49530
95575,55276
95575,49272
95575,7361
60519,2858
60519,5445
60519,1222
60519,2324
60519,150
60519,480
60519,904
60519,1250
60519,597
60519,2396
59205,2726
59205,908
59205,3949
59205,778
59205,6016
59205,7361
59205,4848
59205,4226
59205,7323
59205,31658
26176,527
26176,110
26176,296
26176,1270
26176,150
26176,1097
26176,2762
26176,1090
26176,1272
26176,3578
99767,1270
99767,1265
99767,60069
99767,1199
99767,7361
99767,2019
99767,2918
99767,908
99767,1198
99767,68954
49345,608
49345,527
49345,7153
49345,296
49345,318
49345,260
49345,2858
49345,593
49345,4973
49345,2571
60471,1206
60471,46578
60471,6711
60471,7361
60471,4741
60471,3556
60471,3910
60471,2908
60471,2395
60471,593
138307,50
138307,1206
138307,1036
138307,4378
138307,6993
138307,5105
138307,1258
138307,750
138307,1219
138307,904
116591,318
116591,2571
116591,1089
116591,296
116591,48394
116591,2692
116591,5618
116591,50
116591,47
116591,1136
24345,527
24345,2571
24345,58559
24345,2329
24345,111
24345,1193
24345,1221
24345,5995
24345,48780
24345,32
39103,2329
39103,2858
39103,5618
39103,3949
39103,296
39103,593
39103,56339
39103,551
39103,56367
39103,318
119520,527
119520,7153
119520,5952
119520,1704
119520,1961
119520,1073
119520,2959
119520,3578
119520,2918
119520,4226
115829,2940
115829,1252
115829,7132
115829,916
115829,2927
115829,945
115829,2731
115829,596
115829,39183
115829,918
23428,5952
23428,6874
23428,8636
23428,71535
23428,1974
23428,592
23428,1193
23428,1321
23428,68157
23428,3114
122228,2571
122228,608
122228,356
122228,260
122228,457
122228,1221
122228,1
122228,2716
122228,1210
122228,1220
108047,1270
108047,110
108047,318
108047,6377
108047,49272
108047,1210
108047,6333
108047,3578
108047,150
108047,1262
23008,2571
23008,4973
23008,69757
23008,5989
23008,56367
23008,7361
23008,63082
23008,4306
23008,4886
23008,3000
85502,110
85502,44191
85502,4993
85502,858
85502,2571
85502,296
85502,55820
85502,5989
85502,6711
85502,4306
110991,48394
110991,34072
110991,47610
110991,30822
110991,53894
110991,45720
110991,60069
110991,49824
110991,33639
110991,58295
7493,648
7493,4306
7493,593
7493,296
7493,2959
7493,33493
7493,5349
7493,318
7493,1214
7493,6539
42029,1246
42029,3448
42029,7323
42029,31410
42029,7361
42029,4027
42029,1061
42029,293
42029,33794
42029,8970
81935,4993
81935,1198
81935,6377
81935,8961
81935,1136
81935,2762
81935,2028
81935,1
81935,4306
81935,356
118468,5218
118468,3147
118468,48780
118468,81591
118468,2858
118468,293
118468,527
118468,33166
118468,6874
118468,47099
4399,68237
4399,1961
4399,6502
4399,1265
4399,1036
4399,48516
4399,2710
4399,110
4399,1208
4399,2160
84530,1193
84530,377
84530,150
84530,457
84530,4973
84530,1221
84530,1240
84530,3578
84530,2762
84530,527
12954,7022
12954,1527
12954,1291
12954,7438
12954,7153
12954,6539
12954,110
12954,1198
12954,59315
12954,5952
137264,593
137264,58559
137264,318
137264,356
137264,4963
137264,780
137264,63082
137264,527
137264,72998
137264,912
59118,4855
59118,51662
59118,1527
59118,380
59118,58559
59118,59315
59118,1573
59118,44191
59118,4963
59118,608
1719,1682
1719,54272
1719,1721
1719,4896
1719,1517
1719,56367
1719,5377
1719,6942
1719,6863
1719,35836
65902,593
65902,318
65902,111
65902,16
65902,7438
65902,8950
65902,5954
65902,1732
65902,2502
65902,4235
33877,40815
33877,4306
33877,2028
33877,6936
33877,3578
33877,8636
33877,4963
33877,35836
33877,41566
33877,524
130006,4878
130006,110
130006,5377
130006,71535
130006,80549
130006,81591
130006,7147
130006,56174
130006,6378
130006,6365
50826,2918
50826,595
50826,2858
50826,1197
50826,4226
50826,3751
50826,318
50826,1968
50826,527
50826,2571
79228,1
79228,1036
79228,8368
79228,110
79228,4878
79228,480
79228,2918
79228,5418
79228,551
79228,1584
86260,589
86260,7361
86260,58559
86260,1968
86260,1090
86260,1240
86260,1193
86260,3897
86260,1247
86260,1263
119616,1246
119616,8970
119616,8464
119616,7361
119616,8784
119616,6539
119616,1198
119616,40819
119616,34072
119616,527
17285,296
17285,318
17285,2571
17285,48394
17285,110
17285,1
17285,2858
17285,4226
17285,7669
17285,1246
26867,8341
26867,7074
26867,4405
26867,4404
26867,7333
26867,8338
26867,929
26867,25764
26867,6967
26867,26064
25934,1270
25934,527
25934,356
25934,593
25934,296
25934,2571
25934,49272
25934,32
25934,1197
25934,3996
95773,2959
95773,2762
95773,7153
95773,2858
95773,2571
95773,593
95773,4306
95773,1721
95773,296
95773,6539
92344,47
92344,35836
92344,1213
92344,48516
92344,1270
92344,480
92344,104
92344,2012
92344,2683
92344,8874
91544,55820
91544,58559
91544,293
91544,7099
91544,68237
91544,1527
91544,55247
91544,1059
91544,59315
91544,4027
106966,318
106966,2959
106966,260
106966,1196
106966,7143
106966,40815
106966,6333
106966,1214
106966,593
106966,76093
83833,4226
83833,79132
83833,2329
83833,6016
83833,2571
83833,318
83833,527
83833,32587
83833,33794
83833,593
29395,4993
29395,2959
29395,318
29395,3578
29395,1527
29395,1036
29395,356
29395,48780
29395,26614
29395,110
121713,48385
121713,48516
121713,33166
121713,6787
121713,36517
121713,48774
121713,48780
121713,7698
121713,33154
121713,39183
110332,30749
110332,84392
110332,56587
110332,72733
110332,56885
110332,2396
110332,508
110332,49772
110332,2762
110332,55872
17017,296
17017,5445
17017,33794
17017,79132
17017,6934
17017,1198
17017,3578
17017,33493
17017,32
17017,1527
98093,2329
98093,47
98093,1258
98093,32587
98093,2700
98093,4993
98093,5218
98093,7147
98093,48394
98093,44191
72614,7153
72614,33794
72614,1265
72614,48774
72614,5952
72614,1653
72614,3052
72614,5989
72614,54286
72614,1370
121470,318
121470,79132
121470,2291
121470,1968
121470,2571
121470,588
121470,1197
121470,2918
121470,6539
121470,59315
50487,58559
50487,2858
50487,2329
50487,2959
50487,5989
50487,1089
50487,47
50487,3147
50487,778
50487,3949
25004,1704
25004,318
25004,356
25004,5989
25004,2997
25004,69757
25004,4878
25004,58559
25004,1527
25004,48780
133324,4993
133324,527
133324,3751
133324,1210
133324,7153
133324,5952
133324,2571
133324,1233
133324,1281
133324,1175
54291,4011
54291,356
54291,480
54291,91529
54291,8641
54291,69122
54291,1884
54291,64839
54291,8874
54291,80463
84312,1221
84312,1200
84312,2858
84312,4226
84312,1265
84312,1252
84312,1258
84312,3471
84312,953
84312,2571
48173,56152
48173,49286
48173,56941
48173,58490
48173,4246
48173,35836
48173,56367
48173,58559
48173,72641
48173,56174
11363,3052
11363,47
11363,8961
11363,2028
11363,597
11363,2762
11363,2617
11363,6874
11363,45722
11363,1721
11107,858
11107,318
11107,2858
11107,47
11107,608
11107,111
11107,6016
11107,2599
11107,293
11107,2762
63880,2858
63880,54503
63880,68157
63880,102445
63880,1527
63880,1580
63880,5989
63880,81591
63880,109374
63880,91529
90186,8984
90186,34162
90186,33794
90186,30793
90186,8362
90186,30825
90186,7293
90186,8361
90186,30822
90186,25827
32081,60069
32081,5952
32081,3996
32081,1196
32081,76093
32081,2761
32081,79132
32081,1240
32081,6283
32081,260
66819,1682
66819,46578
66819,68157
66819,7147
66819,6539
66819,2329
66819,3421
66819,3253
66819,1220
66819,1222
31442,7293
31442,2572
31442,2791
31442,2858
31442,595
31442,2018
31442,69757
31442,1203
31442,344
31442,5481
80142,5952
80142,2502
80142,318
80142,4011
80142,7153
80142,2329
80142,1193
80142,356
80142,8464
80142,8910
28767,2571
28767,4973
28767,44191
28767,48394
28767,318
28767,2959
28767,5418
28767,34405
28767,68954
28767,89745
17662,4993
17662,593
17662,7153
17662,3578
17662,4306
17662,780
17662,35836
17662,5669
17662,2502
17662,2028
73500,47
73500,318
73500,32587
73500,48780
73500,3578
73500,44665
73500,73017
73500,64614
73500,3949
73500,2858
42454,780
42454,457
42454,2959
42454,1101
42454,1573
42454,1721
42454,380
42454,2916
42454,368
42454,4226
127683,2918
127683,7361
127683,2858
127683,608
127683,8784
127683,37741
127683,1258
127683,1213
127683,1673
127683,1193
43837,47
43837,296
43837,6874
43837,2959
43837,6539
43837,260
43837,1196
43837,2858
43837,2329
43837,50
94687,78499
94687,68954
94687,85414
94687,3793
94687,89745
94687,81847
94687,112852
94687,1196
94687,260
94687,109487
59679,7293
59679,56949
59679,3755
59679,57951
59679,45447
59679,3825
59679,67923
59679,56775
59679,53464
59679,1592
80970,4973
80970,8961
80970,2011
80970,45672
80970,72998
80970,318
80970,296
80970,79132
80970,1265
80970,1
115635,265
115635,69844
115635,969
115635,5525
115635,2359
115635,28
115635,7122
115635,31658
115635,4169
115635,3967
57595,5952
57595,5254
57595,260
57595,1196
57595,8371
57595,7373
57595,1676
57595,3300
57595,5218
57595,1136
88423,4973
88423,4995
88423,48516
88423,2028
88423,2858
88423,2329
88423,5669
88423,7256
88423,608
88423,47
119397,1136
119397,2571
119397,296
119397,4993
119397,4027
119397,480
119397,58559
119397,46578
119397,55820
119397,2997
55479,65130
55479,37741
55479,52973
55479,35836
55479,78499
55479,69757
55479,60069
55479,49530
55479,47610
55479,30749
42194,35836
42194,356
42194,8464
42194,2694
42194,318
42194,2683
42194,2706
42194,8376
42194,3254
42194,3948
56707,1080
56707,904
56707,923
56707,1178
56707,3868
56707,1079
56707,1527
56707,1250
56707,4407
56707,1245
12404,1527
12404,5952
12404,4963
12404,3578
12404,318
12404,2959
12404,2916
12404,1573
12404,6539
12404,5378
122390,1258
122390,3683
122390,2076
122390,1343
122390,1213
122390,1997
122390,2871
122390,1248
122390,1208
122390,8042
135720,2991
135720,5418
135720,296
135720,1036
135720,1220
135720,2791
135720,1240
135720,1208
135720,1262
135720,858
81922,2762
81922,32587
81922,344
81922,231
81922,2329
81922,1089
81922,68157
81922,3578
81922,2542
81922,367
136821,3147
136821,318
136821,356
136821,2700
136821,1213
136821,293
136821,288
136821,5956
136821,5445
136821,1233
127750,2858
127750,8784
127750,7361
127750,30810
127750,46578
127750,54503
127750,8641
127750,57669
127750,69757
127750,81537
46432,58559
46432,2571
46432,2617
46432,4306
46432,3527
46432,70
46432,1215
46432,648
46432,208
46432,253
92485,51662
92485,77561
92485,91529
92485,55247
92485,55363
92485,55276
92485,86882
92485,81562
92485,94864
92485,63113
65406,4993
65406,5952
65406,32587
65406,48516
65406,5418
65406,2959
65406,2571
65406,7143
65406,5995
65406,4886
1108,260
1108,1196
1108,527
1108,2959
1108,44191
1108,5618
1108,1704
1108,2858
1108,56367
1108,4226
93016,58559
93016,70286
93016,47
93016,109487
93016,106920
93016,97752
93016,27773
93016,4973
93016,94466
93016,8950
73687,1265
73687,49272
73687,2858
73687,110
73687,3578
73687,4262
73687,1073
73687,60069
73687,48394
73687,1527
96305,7153
96305,4993
96305,593
96305,2858
96305,318
96305,1258
96305,4979
96305,2291
96305,1073
96305,1704
3922,58559
3922,2571
3922,79132
3922,2959
3922,296
3922,356
3922,318
3922,6874
3922,260
3922,4963
13678,527
13678,30749
13678,1197
13678,4226
13678,1198
13678,8961
13678,898
13678,916
13678,919
13678,58559
63151,2959
63151,541
63151,750
63151,1208
63151,4973
63151,2858
63151,608
63151,1732
63151,1230
63151,778
19066,2762
19066,55118
19066,1208
19066,1265
19066,32
19066,30749
19066,7256
19066,48738
19066,1245
19066,2916
17277,7153
17277,2571
17277,6539
17277,2959
17277,2353
17277,3578
17277,593
17277,4306
17277,589
17277,480
81059,4973
81059,111
81059,2959
81059,593
81059,912
81059,608
81059,1206
81059,1221
81059,2571
81059,1270
89564,5418
89564,1036
89564,2329
89564,1270
89564,1704
89564,54503
89564,2268
89564,344
89564,2797
89564,58998
83151,4886
83151,2424
83151,6873
83151,5900
83151,318
83151,4025
83151,367
83151,648
83151,8984
83151,1961
80912,1580
80912,1907
80912,4306
80912,91542
80912,4886
80912,81847
80912,2355
80912,87232
80912,356
80912,1197
21414,1270
21414,904
21414,1253
21414,1207
21414,1387
21414,4993
21414,1214
21414,1203
21414,7153
21414,2067
109744,44191
109744,55052
109744,56782
109744,49961
109744,48774
109744,50160
109744,47610
109744,41527
109744,45028
109744,51080
123552,1196
123552,1136
123552,296
123552,54503
123552,1270
123552,1210
123552,1089
123552,70286
123552,318
123552,7153
9443,1198
9443,2959
9443,1240
9443,593
9443,318
9443,2571
9443,4105
9443,1261
9443,6731
9443,32
34366,293
34366,47
34366,2858
34366,2959
34366,4239
34366,30707
34366,3967
34366,4226
34366,6953
34366,2571
59230,33794
59230,39183
59230,46976
59230,33166
59230,56367
59230,39292
59230,36517
59230,40819
59230,40583
59230,27790
5015,480
5015,7153
5015,1198
5015,32587
5015,51662
5015,6874
5015,1580
5015,593
5015,49272
5015,1197
98601,2571
98601,8861
98601,2959
98601,968
98601,1261
98601,6874
98601,4878
98601,1258
98601,1215
98601,4128
115849,608
115849,1193
115849,1089
115849,778
115849,1258
115849,1203
115849,4226
115849,1222
115849,68157
115849,55820
67253,2329
67253,50
67253,593
67253,1580
67253,3793
67253,2542
67253,7254
67253,2997
67253,260
67253,1784
88293,589
88293,110
88293,1210
88293,593
88293,2028
88293,1240
88293,380
88293,6539
88293,296
88293,349
30960,4878
30960,1208
30960,593
30960,1265
30960,49272
30960,778
30960,5418
30960,8874
30960,5464
30960,431
115490,589
115490,1291
115490,480
115490,1376
115490,1240
115490,780
115490,5349
115490,1
115490,593
115490,5445
6636,48385
6636,46578
6636,47629
6636,26350
6636,25763
6636,26172
6636,34072
6636,46948
6636,40819
6636,25788
82447,50
82447,2762
82447,4993
82447,1
82447,2959
82447,480
82447,1198
82447,1197
82447,590
82447,1270
38940,4963
38940,2858
38940,1270
38940,6378
38940,1246
38940,5010
38940,6565
38940,6539
38940,454
38940,508
3969,527
3969,1961
3969,318
3969,165
3969,1193
3969,1097
3969,4226
3969,2987
3969,1704
3969,780
120329,46578
120329,63082
120329,54001
120329,7153
120329,4973
120329,5992
120329,80463
120329,2571
120329,5952
120329,318
67077,33004
67077,3052
67077,69122
67077,49272
67077,1197
67077,68954
67077,2716
67077,8665
67077,3578
67077,32587
130504,1270
130504,1198
130504,858
130504,4993
130504,1221
130504,1148
130504,1207
130504,1196
130504,260
130504,2571
87042,41566
87042,48394
87042,48774
87042,4427
87042,141
87042,41569
87042,49272
87042,8368
87042,36517
87042,54997
7205,1
7205,457
7205,4963
7205,318
7205,5445
7205,110
7205,527
7205,165
7205,4886
7205,1214
58359,2761
58359,919
58359,65261
58359,905
58359,1278
58359,3469
58359,1688
58359,928
58359,594
58359,1950
84625,7438
84625,724
84625,5679
84625,6333
84625,45499
84625,353
84625,6707
84625,42723
84625,31696
84625,8961
42252,5903
42252,2571
42252,2959
42252,296
42252,3275
42252,4011
42252,44191
42252,6874
42252,7438
42252,48516
81793,58559
81793,2959
81793,8874
81793,4878
81793,60684
81793,541
81793,34405
81793,76251
81793,60069
81793,48394
88238,7153
88238,223
88238,924
88238,50
88238,1208
88238,2791
88238,2291
88238,608
88238,33794
88238,1270
128409,1210
128409,527
128409,6874
128409,2571
128409,4995
128409,2997
128409,1193
128409,5445
128409,44191
128409,2115
63153,1223
63153,3751
63153,908
63153,898
63153,955
63153,953
63153,8623
63153,440
63153,1307
63153,8711
112378,2762
112378,457
112378,3114
112378,1610
112378,3098
112378,3578
112378,110
112378,6979
112378,5989
112378,1234
124615,7438
124615,2571
124615,1258
124615,2291
124615,7361
124615,593
124615,3949
124615,7147
124615,4848
124615,4720
48982,3949
48982,7361
48982,4011
48982,4995
48982,1213
48982,288
48982,7147
48982,3481
48982,2692
48982,5902
101050,48516
101050,7361
101050,58559
101050,6
101050,96610
101050,4878
101050,1089
101050,99114
101050,36529
101050,5445
94716,2997
94716,1617
94716,296
94716,3424
94716,930
94716,922
94716,2599
94716,1449
94716,5902
94716,5013
76646,1210
76646,47
76646,1198
76646,589
76646,7153
76646,33794
76646,296
76646,59315
76646,480
76646,3578
19474,47
19474,593
19474,356
19474,318
19474,500
19474,2291
19474,4226
19474,5349
19474,8636
19474,55820
34495,1198
34495,1527
34495,2028
34495,110
34495,165
34495,480
34495,466
34495,1610
34495,50
34495,6539
104579,3578
104579,589
104579,1610
104579,2028
104579,5010
104579,1240
104579,1233
104579,1580
104579,1196
104579,1198
19739,923
19739,1247
19739,1198
19739,6539
19739,4973
19739,1208
19739,1079
19739,1220
19739,2791
19739,318
27237,63082
27237,46578
27237,356
27237,58559
27237,1721
27237,1907
27237,81591
27237,54503
27237,4447
27237,52973
35030,3578
35030,780
35030,589
35030,380
35030,2959
35030,260
35030,454
35030,1210
35030,2028
35030,1580
118186,68358
118186,3114
118186,49272
118186,50872
118186,1080
118186,78499
118186,356
118186,5618
118186,79132
118186,38038
73871,899
73871,5989
73871,69757
73871,919
73871,76093
73871,2762
73871,17
73871,1270
73871,66934
73871,5349
75372,1240
75372,1198
75372,1079
75372,1610
75372,50872
75372,608
75372,318
75372,1231
75372,3471
75372,2028
67569,6286
67569,81591
67569,8914
67569,5618
67569,44555
67569,55442
67569,741
67569,48082
67569,3000
67569,49932
50179,356
50179,1721
50179,5878
50179,1527
50179,1580
50179,56367
50179,5445
50179,480
50179,44191
50179,597
77879,4306
77879,2571
77879,1214
77879,5952
77879,3793
77879,8368
77879,6377
77879,6333
77879,356
77879,1198
54331,79132
54331,26662
54331,68954
54331,2571
54331,1073
54331,1907
54331,65261
54331,7099
54331,98809
54331,1270
82439,648
82439,541
82439,1240
82439,1036
82439,356
82439,457
82439,1
82439,318
82439,1079
82439,912
28145,2028
28145,3753
28145,4720
28145,6874
28145,34150
28145,5459
28145,6537
28145,6323
28145,49272
28145,368
111360,60069
111360,79132
111360,2858
111360,318
111360,2571
111360,593
111360,527
111360,597
111360,46578
111360,2145
66410,1210
66410,1214
66410,2858
66410,1259
66410,912
66410,7153
66410,1225
66410,1036
66410,60069
66410,4973
110545,1968
110545,648
110545,1270
110545,3996
110545,1246
110545,33794
110545,592
110545,367
110545,595
110545,858
35408,48780
35408,1441
35408,64957
35408,74789
35408,54259
35408,59784
35408,53125
35408,45722
35408,73017
35408,60069
47268,50
47268,2858
47268,3000
47268,923
47268,296
47268,2571
47268,4226
47268,912
47268,7099
47268,908
111593,50872
111593,6377
111593,1704
111593,97304
111593,1610
111593,63082
111593,1
111593,79132
111593,2571
111593,1265
10560,2502
10560,1060
10560,1258
10560,2997
10560,4128
10560,2710
10560,2716
10560,2959
10560,5294
10560,2318
69134,356
69134,74458
69134,318
69134,80463
69134,89745
69134,2858
69134,72998
69134,5989
69134,81591
69134,81845
18127,8665
18127,46530
18127,40583
18127,45499
18127,33493
18127,34162
18127,40815
18127,7438
18127,7361
18127,1060
49666,1240
49666,780
49666,150
49666,1200
49666,7153
49666,5952
49666,2797
49666,58559
49666,1517
49666,2918
57093,6539
57093,4306
57093,3147
57093,593
57093,5349
57093,1923
57093,32
57093,4995
57093,527
57093,161
33400,1193
33400,318
33400,1682
33400,2997
33400,1080
33400,509
33400,4306
33400,6
33400,858
33400,7034
83923,1580
83923,4306
83923,5991
83923,1
83923,595
83923,318
83923,1246
83923,4027
83923,5349
83923,5299
19204,2959
19204,68358
19204,44191
19204,58559
19204,64614
19204,70286
19204,48516
19204,110
19204,54997
19204,7153
77348,4973
77348,2858
77348,50
77348,2997
77348,5995
77348,4226
77348,6669
77348,5147
77348,6870
77348,2762
94383,110
94383,49530
94383,318
94383,260
94383,36529
94383,55765
94383,54997
94383,27831
94383,733
94383,3717
131052,593
131052,1206
131052,3253
131052,1288
131052,47
131052,6539
131052,553
131052,2174
131052,2804
131052,7387
107156,914
107156,1
107156,1210
107156,1198
107156,17
107156,1291
107156,4886
107156,364
107156,56949
107156,1907
78893,79132
78893,356
78893,2959
78893,81834
78893,56367
78893,58559
78893,6539
78893,2571
78893,52973
78893,5418
95475,1036
95475,32
95475,296
95475,1270
95475,356
95475,1
95475,1291
95475,4226
95475,4306
95475,32587
35074,4308
35074,902
35074,1704
35074,916
35074,1569
35074,914
35074,4995
35074,40819
35074,2324
35074,2724
54976,260
54976,1196
54976,480
54976,2916
54976,2011
54976,2716
54976,1270
54976,7153
54976,442
54976,780
27264,527
27264,1089
27264,593
27264,2959
27264,912
27264,2858
27264,7153
27264,3996
27264,4034
27264,541
85950,81591
85950,296
85950,593
85950,68157
85950,318
85950,48780
85950,2762
85950,5903
85950,4993
85950,50
74289,26084
74289,68358
74289,58559
74289,45722
74289,48780
74289,51662
74289,72998
74289,1197
74289,79132
74289,2019
131443,1270
131443,1080
131443,1213
131443,1220
131443,541
131443,2997
131443,3198
131443,4973
131443,1201
131443,1291
7489,4306
7489,2571
7489,2959
7489,1
7489,1198
7489,4886
7489,5218
7489,364
7489,4270
7489,2762
89848,56367
89848,2858
89848,8981
89848,33171
89848,48696
89848,8784
89848,56782
89848,4144
89848,44555
89848,5992
57366,1527
57366,1246
57366,2329
57366,1219
57366,110
57366,3481
57366,2791
57366,1266
57366,1954
57366,2291
12808,588
12808,1136
12808,1198
12808,318
12808,34
12808,6333
12808,2396
12808,2640
12808,1079
12808,2174
128789,150
128789,2762
128789,3578
128789,589
128789,1097
128789,434
128789,1393
128789,508
128789,1240
128789,1721
87537,7361
87537,34405
87537,50872
87537,46578
87537,44199
87537,8784
87537,6942
87537,30822
87537,40629
87537,5418
28625,5952
28625,7153
28625,2105
28625,5349
28625,58559
28625,4571
28625,60684
28625,8874
28625,2140
28625,76093
109882,608
109882,7361
109882,858
109882,4226
109882,1219
109882,912
109882,1198
109882,1221
109882,47
109882,2918
57128,296
57128,4963
57128,356
57128,79132
57128,364
57128,4226
57128,1210
57128,5989
57128,6539
57128,110
21853,1917
21853,2011
21853,454
21853,590
21853,3753
21853,2797
21853,1584
21853,1127
21853,2012
21853,4886
115083,590
115083,356
115083,474
115083,2353
115083,161
115083,7153
115083,2762
115083,3916
115083,3147
115083,165
129842,48516
129842,4963
129842,79132
129842,1704
129842,47
129842,1580
129842,2918
129842,1968
129842,63082
129842,165
59920,56782
59920,44665
59920,47629
59920,41997
59920,53550
59920,57669
59920,63082
59920,55247
59920,59315
59920,58998
43533,1291
43533,1036
43533,68237
43533,4226
43533,2716
43533,2288
43533,356
43533,1206
43533,2795
43533,3476
120446,1193
120446,589
120446,1240
120446,293
120446,2858
120446,25
120446,2318
120446,924
120446,2329
120446,1198
58351,1225
58351,1276
58351,296
58351,969
58351,1203
58351,50
58351,110
58351,1617
58351,81845
58351,1213
129420,58559
129420,5418
129420,150
129420,79132
129420,3489
129420,2947
129420,10
129420,2194
129420,377
129420,8665
124275,80463
124275,1101
124275,1036
124275,1961
124275,1265
124275,165
124275,36529
124275,81845
124275,55820
124275,99114
64798,50
64798,48385
64798,608
64798,3039
64798,48304
64798,1036
64798,47
64798,16
64798,46578
64798,52973
8115,33794
8115,2571
8115,1196
8115,72998
8115,260
8115,58559
8115,6365
8115,33493
8115,79132
8115,70286
65469,8874
65469,1967
65469,32587
65469,30793
65469,3264
65469,5679
65469,6807
65469,3146
65469,2657
65469,3917
49366,293
49366,7153
49366,2858
49366,6874
49366,47
49366,2028
49366,111
49366,2762
49366,5445
49366,4262
57508,6874
57508,50
57508,3578
57508,858
57508,318
57508,48516
57508,44191
57508,5995
57508,64614
57508,1193
79455,5349
79455,150
79455,4306
79455,34319
79455,34048
79455,5418
79455,1676
79455,6539
79455,8360
79455,8529
85969,3147
85969,47
85969,1265
85969,608
85969,4995
85969,1954
85969,1246
85969,1704
85969,36
85969,2291
20685,318
20685,2762
20685,1073
20685,44195
20685,6711
20685,4886
20685,3535
20685,919
20685,5679
20685,54503
86215,2762
86215,4246
86215,4973
86215,6942
86215,7293
86215,2858
86215,1961
86215,2959
86215,1917
86215,6539
119098,1610
119098,2012
119098,1127
119098,1343
119098,5464
119098,2232
119098,454
119098,56174
119098,7360
119098,55118
49413,47629
49413,955
49413,56152
49413,44195
49413,40629
49413,6377
49413,318
49413,4995
49413,4886
49413,6218
60689,480
60689,5418
60689,1270
60689,6333
60689,367
60689,33493
60689,49272
60689,4886
60689,2762
60689,6934
46751,8636
46751,47
46751,1198
46751,7438
46751,457
46751,48516
46751,7143
46751,5989
46751,780
46751,593
123315,5989
123315,55247
123315,45499
123315,1721
123315,48780
123315,1580
123315,45722
123315,53125
123315,480
123315,1961
78296,293
78296,47
78296,5989
78296,150
78296,3578
78296,318
78296,96079
78296,6874
78296,4886
78296,49272
74743,33794
74743,6539
74743,5952
74743,7153
74743,2571
74743,5378
74743,8807
74743,68954
74743,35836
74743,5418
87567,54286
87567,48780
87567,45722
87567,47610
87567,48385
87567,39183
87567,54272
87567,49961
87567,56367
87567,41997
101455,8360
101455,8961
101455,2571
101455,31658
101455,2628
101455,2762
101455,5349
101455,54001
101455,5218
101455,26662
89677,6365
89677,1196
89677,260
89677,2571
89677,5952
89677,79132
89677,8644
89677,5445
89677,296
89677,5378
65937,7153
65937,589
65937,1240
65937,3408
65937,1625
65937,5445
65937,1923
65937,8873
65937,8981
65937,3105
111430,110
111430,3578
111430,4886
111430,68954
111430,8961
111430,1291
111430,5445
111430,68358
111430,5349
111430,59315
24335,7013
24335,162
24335,6001
24335,7587
24335,27773
24335,3741
24335,1189
24335,94959
24335,8042
24335,1273
70408,593
70408,6539
70408,356
70408,480
70408,592
70408,2329
70408,2194
70408,1090
70408,70
70408,8360
101108,4226
101108,353
101108,110
101108,1201
101108,1997
101108,1214
101108,1090
101108,3527
101108,288
101108,3702
45101,66097
45101,68954
45101,60069
45101,81591
45101,76093
45101,50872
45101,7099
45101,63082
45101,4886
45101,78499
50860,6377
50860,58559
50860,44191
50860,1210
50860,1196
50860,3578
50860,1291
50860,4886
50860,318
50860,1270
29337,858
29337,7153
29337,1
29337,780
29337,457
29337,2028
29337,590
29337,1097
29337,344
29337,592
90302,2762
90302,47
90302,1270
90302,2329
90302,2571
90302,1215
90302,2959
90302,592
90302,3052
90302,2716
128244,7234
128244,39292
128244,8042
128244,3462
128244,930
128244,5147
128244,3134
128244,37741
128244,6985
128244,904
48770,68954
48770,91529
48770,7153
48770,4878
48770,2762
48770,48780
48770,1206
48770,51255
48770,104841
48770,6283
118759,318
118759,48774
118759,6539
118759,7153
118759,4993
118759,4011
118759,4886
118759,4226
118759,4973
118759,1198
40604,593
40604,296
40604,1704
40604,50
40604,1246
40604,1197
40604,1198
40604,1584
40604,1265
40604,2396
92078,5952
92078,4993
92078,6539
92078,1721
92078,1270
92078,1291
92078,364
92078,500
92078,8961
92078,150
61223,1196
61223,4226
61223,3578
61223,2918
61223,4993
61223,2858
61223,260
61223,1580
61223,1721
61223,1073
121237,1206
121237,6987
121237,7387
121237,8507
121237,4226
121237,904
121237,2329
121237,6016
121237,1208
121237,1214
85986,110
85986,1682
85986,5349
85986,457
85986,4973
85986,34405
85986,1222
85986,1270
85986,36529
85986,741
55601,47
55601,296
55601,48516
55601,49272
55601,33794
55601,5903
55601,3147
55601,8798
55601,8589
55601,527
103645,44191
103645,4226
103645,72998
103645,1584
103645,60069
103645,1527
103645,7147
103645,63082
103645,3949
103645,5171
57410,32
57410,58559
57410,110
57410,480
57410,1089
57410,2028
57410,1732
57410,608
57410,588
57410,55820
133107,58559
133107,71535
133107,44191
133107,1214
133107,296
133107,356
133107,318
133107,7360
133107,1198
133107,2762
13875,593
13875,3578
13875,58559
13875,2858
13875,6016
13875,1213
13875,55820
13875,4995
13875,5995
13875,1704
14131,47099
14131,597
14131,31685
14131,8368
14131,8644
14131,6155
14131,5810
14131,34162
14131,356
14131,1380
17115,1036
17115,2858
17115,41285
17115,589
17115,1200
17115,1270
17115,2959
17115,1387
17115,2115
17115,4034
46704,7153
46704,110
46704,1265
46704,4226
46704,3114
46704,36
46704,899
46704,1203
46704,910
46704,1240
69335,4299
69335,3753
69335,6377
69335,266
69335,8533
69335,5991
69335,2396
69335,30793
69335,3052
69335,7451
85770,1721
85770,1240
85770,593
85770,648
85770,48774
85770,3527
85770,10
85770,32
85770,293
85770,4776
4101,589
4101,592
4101,1210
4101,1246
4101,1704
4101,4963
4101,253
4101,2005
4101,150
4101,353
129388,527
129388,2571
129388,1580
129388,5299
129388,4963
129388,593
129388,2716
129388,2762
129388,588
129388,1101
44525,60684
44525,6645
44525,32587
44525,31410
44525,858
44525,1175
44525,48780
44525,47
44525,50
44525,44191
101399,296
101399,733
101399,318
101399,1089
101399,780
101399,377
101399,1954
101399,1222
101399,593
101399,59315
51745,589
51745,37733
51745,293
51745,48774
51745,91529
51745,904
51745,1233
51745,1682
51745,3578
51745,923
13838,736
13838,53996
13838,5299
13838,5816
13838,5989
13838,2716
13838,733
13838,3977
13838,1682
13838,1917
109644,2329
109644,47
109644,32587
109644,3949
109644,1208
109644,48394
109644,50
109644,6016
109644,750
109644,2076
91308,2571
91308,76093
91308,60069
91308,364
91308,63082
91308,4886
91308,260
91308,8970
91308,2959
91308,1210
99893,7147
99893,2959
99893,79132
99893,4226
99893,63082
99893,109374
99893,46578
99893,7153
99893,6863
99893,6539
67915,457
67915,10
67915,539
67915,4993
67915,1356
67915,1682
67915,2987
67915,3114
67915,4886
67915,587
43975,5418
43975,4963
43975,2997
43975,6
43975,1270
43975,2268
43975,1259
43975,1625
43975,1288
43975,293
67874,4226
67874,593
67874,2858
67874,296
67874,527
67874,2571
67874,5991
67874,2324
67874,4011
67874,1225
105709,1721
105709,47
105709,480
105709,296
105709,5952
105709,4993
105709,266
105709,50
105709,58559
105709,7153
125848,4226
125848,110
125848,5952
125848,47
125848,2762
125848,6539
125848,3578
125848,527
125848,163
125848,3147
92910,4223
92910,3300
92910,8798
92910,318
92910,7438
92910,2762
92910,7458
92910,648
92910,32587
92910,33493
40315,4226
40315,4993
40315,293
40315,6874
40315,2858
40315,5952
40315,47
40315,3578
40315,7099
40315,5971
97692,527
97692,2795
97692,3421
97692,1393
97692,2791
97692,2804
97692,1259
97692,1036
97692,1208
97692,3252
91572,48516
91572,88129
91572,70286
91572,69757
91572,64622
91572,64957
91572,60766
91572,55765
91572,97304
91572,76251
86958,778
86958,4973
86958,4226
86958,3949
86958,2692
86958,593
86958,50
86958,8638
86958,3556
86958,5618
4786,318
4786,3578
4786,4262
4786,4993
4786,4226
4786,8798
4786,7254
4786,145
4786,7153
4786,1240
125809,47
125809,50
125809,1274
125809,2858
125809,593
125809,1240
125809,2019
125809,32587
125809,111
125809,4878
37319,4226
37319,4720
37319,4995
37319,2329
37319,6711
37319,3949
37319,8798
37319,3147
37319,318
37319,4963
81583,68954
81583,69122
81583,55820
81583,106782
81583,63082
81583,30793
81583,99114
81583,64614
81583,109374
81583,89864
31425,318
31425,296
31425,4963
31425,5952
31425,4993
31425,46578
31425,32587
31425,3793
31425,4226
31425,6377
59213,2918
59213,7361
59213,1653
59213,4878
59213,8784
59213,2858
59213,6373
59213,2375
59213,350
59213,2712
96934,296
96934,5989
96934,356
96934,33166
96934,4306
96934,53129
96934,52604
96934,377
96934,48780
96934,51086
101394,110
101394,59315
101394,3578
101394,318
101394,7153
101394,48516
101394,4993
101394,49530
101394,2329
101394,50
116579,6539
116579,6942
116579,7361
116579,7147
116579,6373
116579,45722
116579,6281
116579,45447
116579,5218
116579,5679
76003,10
76003,780
76003,4995
76003,6016
76003,778
76003,150
76003,5989
76003,2716
76003,32587
76003,344
99522,1282
99522,2144
99522,1088
99522,1380
99522,6377
99522,46578
99522,7147
99522,2406
99522,4447
99522,1580
29279,8644
29279,5349
29279,1527
29279,5378
29279,33794
29279,3793
29279,1240
29279,1
29279,1200
29279,356
92862,1291
92862,318
92862,2571
92862,260
92862,593
92862,5952
92862,4993
92862,50
92862,1
92862,1240
28802,70286
28802,58559
28802,69122
28802,4886
28802,6377
28802,4226
28802,8961
28802,4306
28802,7360
28802,109374
86570,72011
86570,318
86570,4995
86570,608
86570,6787
86570,72641
86570,1961
86570,527
86570,5013
86570,1704
4474,1198
4474,593
4474,1208
4474,4226
4474,4011
4474,1266
4474,4973
4474,750
4474,1193
4474,1291
87388,750
87388,1208
87388,1089
87388,541
87388,296
87388,1206
87388,7013
87388,1198
87388,34542
87388,904
52520,2918
52520,106920
52520,6711
52520,924
52520,1270
52520,5673
52520,49272
52520,102123
52520,318
52520,43652
103988,1193
103988,2997
103988,7934
103988,1258
103988,5618
103988,778
103988,4226
103988,916
103988,4306
103988,7438
124266,51662
124266,7153
124266,7254
124266,33615
124266,50872
124266,58559
124266,56174
124266,68319
124266,31685
124266,62999
42260,4878
42260,1136
42260,4226
42260,31658
42260,60069
42260,541
42260,8961
42260,68157
42260,2858
42260,778
16524,2918
16524,1923
16524,4886
16524,104
16524,2683
16524,6377
16524,1307
16524,1784
16524,2858
16524,1101
106133,5952
106133,7153
106133,1282
106133,8961
106133,1136
106133,60069
106133,1947
106133,1148
106133,6539
106133,953
117660,318
117660,111362
117660,44191
117660,91529
117660,102125
117660,6874
117660,8665
117660,81834
117660,7143
117660,73017
31177,2762
31177,41566
31177,316
31177,44191
31177,3114
31177,1721
31177,1073
31177,2959
31177,2355
31177,46530
88818,318
88818,5618
88818,296
88818,1258
88818,1584
88818,1230
88818,8014
88818,2916
88818,68237
88818,1203
108582,150
108582,296
108582,318
108582,1265
108582,4085
108582,2003
108582,1302
108582,50
108582,2890
108582,2085
80577,915
80577,908
80577,261
80577,950
80577,914
80577,910
80577,6539
80577,28
80577,2572
80577,318
134699,1210
134699,5952
134699,4993
134699,296
134699,1201
134699,2028
134699,2288
134699,1136
134699,541
134699,1215
70438,44555
70438,4011
70438,1193
70438,527
70438,2858
70438,33794
70438,4306
70438,1246
70438,6539
70438,2997
93973,81845
93973,356
93973,40815
93973,5816
93973,4896
93973,318
93973,91079
93973,1721
93973,80693
93973,4308
135657,1089
135657,2858
135657,296
135657,4973
135657,1080
135657,58559
135657,778
135657,608
135657,54503
135657,1682
21968,8784
21968,8464
21968,7147
21968,42004
21968,593
21968,3793
21968,4447
21968,2395
21968,2355
21968,1028
138171,2959
138171,1089
138171,8874
138171,318
138171,858
138171,48516
138171,8917
138171,3996
138171,296
138171,6874
115165,1036
115165,110
115165,2959
115165,1682
115165,5418
115165,3147
115165,527
115165,2716
115165,1721
115165,55820
96885,1028
96885,46972
96885,6979
96885,86332
96885,45186
96885,102125
96885,2398
96885,3088
96885,106072
96885,2470
116503,1220
116503,1276
116503,750
116503,3996
116503,3671
116503,1210
116503,8207
116503,2502
116503,110
116503,3006
117463,4886
117463,8961
117463,1197
117463,50
117463,457
117463,4306
117463,1704
117463,7153
117463,1198
117463,5349
44458,32
44458,2959
44458,318
44458,8874
44458,904
44458,1073
44458,46578
44458,1199
44458,6711
44458,3362
90754,72998
90754,30707
90754,597
90754,1721
90754,2706
90754,1961
90754,2858
90754,4963
90754,3578
90754,64614
129054,6377
129054,6385
129054,47099
129054,46578
129054,7153
129054,2571
129054,1682
129054,1197
129054,1961
129054,364
119535,6659
119535,52281
119535,6755
119535,46578
119535,8874
119535,32587
119535,45950
119535,44191
119535,2693
119535,47999
6988,47
6988,6874
6988,35836
6988,4011
6988,50
6988,293
6988,3052
6988,32
6988,750
6988,4641
125370,47
125370,4886
125370,2959
125370,44191
125370,4995
125370,40815
125370,1721
125370,5989
125370,33166
125370,41566
47181,5418
47181,1704
47181,2542
47181,2541
47181,1193
47181,6711
47181,4239
47181,1061
47181,7254
47181,1246
81381,6539
81381,6333
81381,316
81381,3033
81381,1270
81381,1676
81381,480
81381,3300
81381,3052
81381,8961
100322,480
100322,110
100322,296
100322,344
100322,593
100322,2028
100322,318
100322,527
100322,2762
100322,1214
36291,39183
36291,34437
36291,55276
36291,48774
36291,55805
36291,48394
36291,46723
36291,31410
36291,6286
36291,46578
50550,2762
50550,780
50550,593
50550,587
50550,356
50550,648
50550,457
50550,2916
50550,1954
50550,150
78495,2716
78495,3114
78495,593
78495,6377
78495,79132
78495,5952
78495,2571
78495,2918
78495,68954
78495,4896
44816,41569
44816,33794
44816,8961
44816,8950
44816,41997
44816,8949
44816,8464
44816,8784
44816,33493
44816,36529
97314,2959
97314,50
97314,44199
97314,64620
97314,2858
97314,4226
97314,2329
97314,5989
97314,1617
97314,55276
73228,58559
73228,7099
73228,60069
73228,3000
73228,44191
73228,8961
73228,65261
73228,50872
73228,6539
73228,6377
81818,4011
81818,2959
81818,2134
81818,4734
81818,1968
81818,1732
81818,784
81818,8807
81818,1517
81818,47
9187,4226
9187,4878
9187,296
9187,32
9187,1527
9187,47
9187,1682
9187,1653
9187,2997
9187,32587
21715,2502
21715,2329
21715,318
21715,3996
21715,4878
21715,3000
21715,6874
21715,4979
21715,7147
21715,778
80361,8950
80361,30822
80361,34162
80361,33493
80361,30812
80361,8798
80361,30707
80361,8784
80361,33679
80361,33437
32925,2858
32925,924
32925,296
32925,1089
32925,1252
32925,1228
32925,593
32925,7983
32925,2750
32925,3812
65644,2762
65644,3996
65644,1732
65644,1265
65644,1270
65644,2542
65644,33794
65644,1246
65644,592
65644,1208
130672,59315
130672,50
130672,48780
130672,33794
130672,5971
130672,4878
130672,48394
130672,7361
130672,1274
130672,6874
95097,858
95097,1244
95097,750
95097,6666
95097,778
95097,4226
95097,1193
95097,924
95097,1219
95097,2959
16162,56367
16162,40732
16162,81591
16162,46578
16162,93840
16162,88163
16162,52644
16162,72395
16162,56339
16162,64575
49818,648
49818,318
49818,33794
49818,2762
49818,1270
49818,480
49818,5349
49818,780
49818,2329
49818,44195
50567,1196
50567,924
50567,59387
50567,750
50567,3503
50567,48082
50567,1210
50567,79357
50567,79132
50567,1200
486,597
486,2424
486,1124
486,4795
486,2100
486,1035
486,4025
486,2080
486,500
486,919
61505,4886
61505,6539
61505,1136
61505,1210
61505,4993
61505,1198
61505,60069
61505,527
61505,68358
61505,5349
68575,922
68575,89492
68575,56782
68575,1178
68575,909
68575,4262
68575,8042
68575,2728
68575,1939
68575,48738
105802,5952
105802,2959
105802,2571
105802,70286
105802,32587
105802,60069
105802,68237
105802,5418
105802,63082
105802,4226
110959,1252
110959,48774
110959,5989
110959,1258
110959,68358
110959,2019
110959,1219
110959,908
110959,88125
110959,5445
33938,8961
33938,2959
33938,79132
33938,356
33938,8368
33938,60069
33938,4306
33938,2571
33938,76093
33938,1136
127479,6787
127479,527
127479,46578
127479,7361
127479,48516
127479,2858
127479,912
127479,56367
127479,318
127479,750
43756,648
43756,1923
43756,344
43756,5418
43756,608
43756,231
43756,1732
43756,4011
43756,1517
43756,69122
75897,7438
75897,6874
75897,1208
75897,589
75897,165
75897,33794
75897,7361
75897,1784
75897,70
75897,434
35433,110
35433,4226
35433,2324
35433,50
35433,858
35433,3246
35433,3147
35433,4995
35433,293
35433,79132
74281,50
74281,4011
74281,52973
74281,1265
74281,8528
74281,68157
74281,441
74281,76251
74281,593
74281,1136
63897,318
63897,4226
63897,1625
63897,593
63897,79132
63897,1196
63897,1208
63897,293
63897,1089
63897,260
124807,5283
124807,7445
124807,8984
124807,3717
124807,46970
124807,3275
124807,31225
124807,34534
124807,3861
124807,6213
78731,7361
78731,593
78731,55820
78731,318
78731,68157
78731,2329
78731,79132
78731,778
78731,70286
78731,48780
112370,2858
112370,4226
112370,2959
112370,2571
112370,6016
112370,7361
112370,44555
112370,50
112370,318
112370,55269
133475,63876
133475,97921
133475,5878
133475,55814
133475,71579
133475,91077
133475,86833
133475,88810
133475,39
133475,5669
98769,1252
98769,912
98769,527
98769,903
98769,1263
98769,1208
98769,923
98769,111
98769,1276
98769,2028
136738,2959
136738,2858
136738,4226
136738,5618
136738,42632
136738,6711
136738,48774
136738,44191
136738,307
136738,1175
20001,1193
20001,1961
20001,1270
20001,165
20001,32
20001,2329
20001,349
20001,223
20001,1201
20001,527
56583,5418
56583,7153
56583,6539
56583,3578
56583,356
56583,8636
56583,49272
56583,480
56583,1210
56583,10
79892,1258
79892,2959
79892,4226
79892,1089
79892,79132
79892,2997
79892,7438
79892,2502
79892,1732
79892,2329
9543,589
9543,2959
9543,5418
9543,33794
9543,356
9543,1198
9543,4963
9543,58559
9543,47
9543,1240
135468,2762
135468,2959
135468,1
135468,2028
135468,1291
135468,6016
135468,4993
135468,4226
135468,543
135468,471
26162,36517
26162,49772
26162,7158
26162,1041
26162,4881
26162,1245
26162,30820
26162,5791
26162,36
26162,535
112512,5618
112512,924
112512,79132
112512,56782
112512,1199
112512,1198
112512,27317
112512,551
112512,51255
112512,1884
65805,648
65805,296
65805,3578
65805,47
65805,2858
65805,2762
65805,4306
65805,1270
65805,4993
65805,2012
57125,296
57125,17
57125,4306
57125,109374
57125,4027
57125,2571
57125,593
57125,588
57125,6874
57125,3911
61044,2028
61044,2502
61044,3948
61044,597
61044,1721
61044,1097
61044,1246
61044,5010
61044,2571
61044,524
10389,41569
10389,48394
10389,56757
10389,46578
10389,56782
10389,37733
10389,48780
10389,33493
10389,56174
10389,54259
98412,96079
98412,68358
98412,318
98412,1610
98412,91630
98412,102445
98412,6378
98412,47
98412,1197
98412,60069
28761,50
28761,1089
28761,1210
28761,8874
28761,1240
28761,4226
28761,8961
28761,4306
28761,1
28761,32
26613,4993
26613,54286
26613,47
26613,63082
26613,2571
26613,79132
26613,3578
26613,74458
26613,527
26613,49272
421,356
421,5952
421,4011
421,780
421,4963
421,1610
421,5349
421,3793
421,6365
421,1136
121850,318
121850,4226
121850,8874
121850,1214
121850,1288
121850,1196
121850,1198
121850,48516
121850,2571
121850,1222
56372,1136
56372,750
56372,7361
56372,1233
56372,1617
56372,1225
56372,541
56372,1307
56372,1198
56372,913
70962,5418
70962,4886
70962,356
70962,1288
70962,1517
70962,3253
70962,588
70962,1219
70962,6874
70962,592
74840,60069
74840,3000
74840,594
74840,48394
74840,239
74840,4519
74840,4878
74840,1219
74840,4016
74840,1015
130951,1136
130951,89745
130951,593
130951,858
130951,1089
130951,54001
130951,8368
130951,4896
130951,4306
130951,4878
105275,33794
105275,1625
105275,2268
105275,7445
105275,8798
105275,474
105275,8958
105275,27821
105275,3039
105275,44199
114653,50
114653,7361
114653,1197
114653,1196
114653,318
114653,47
114653,2762
114653,356
114653,2502
114653,4878
37160,33794
37160,2716
37160,6934
37160,592
37160,4878
37160,3300
37160,356
37160,53996
37160,1206
37160,44191
88830,1197
88830,4995
88830,68954
88830,1291
88830,953
88830,2762
88830,91658
88830,49272
88830,96079
88830,2918
98138,68157
98138,2858
98138,56367
98138,32587
98138,48394
98138,6711
98138,47
98138,50
98138,2329
98138,55269
114780,50
114780,1258
114780,5989
114780,1213
114780,1704
114780,2329
114780,33794
114780,4027
114780,1394
114780,32
83592,480
83592,1270
83592,1527
83592,1136
83592,592
83592,318
83592,1213
83592,4027
83592,2712
83592,8376
26573,6377
26573,7361
26573,5618
26573,8784
26573,6711
26573,4878
26573,4306
26573,5349
26573,7147
26573,3000
93266,2028
93266,2571
93266,296
93266,33794
93266,593
93266,3793
93266,79132
93266,780
93266,59369
93266,87232
74618,4226
74618,44191
74618,2329
74618,6539
74618,4878
74618,1136
74618,38061
74618,1639
74618,50
74618,60684
92036,1089
92036,1198
92036,7438
92036,1036
92036,2329
92036,593
92036,356
92036,5445
92036,480
92036,2683
16625,1198
16625,296
16625,2571
16625,1196
16625,1222
16625,32
16625,50
16625,58559
16625,2858
16625,47
64615,99149
64615,97938
64615,97923
64615,89745
64615,98809
64615,91976
64615,91500
64615,102903
64615,47
64615,60069
122604,2858
122604,47
122604,293
122604,79132
122604,593
122604,1729
122604,4878
122604,2571
122604,7361
122604,555
2015,1721
2015,480
2015,595
2015,1380
2015,364
2015,597
2015,1198
2015,2302
2015,356
2015,1393
132789,8665
132789,364
132789,106782
132789,86332
132789,61132
132789,48780
132789,1270
132789,40815
132789,88129
132789,91542
52629,2762
52629,356
52629,3948
52629,2571
52629,8533
52629,2423
52629,597
52629,4306
52629,2572
52629,480
67931,5995
67931,4034
67931,1265
67931,6947
67931,1344
67931,1408
67931,3196
67931,2176
67931,1217
67931,8798
79059,1210
79059,480
79059,1196
79059,260
79059,2571
79059,527
79059,1265
79059,6539
79059,2761
79059,1234
17583,2858
17583,356
17583,68157
17583,593
17583,79132
17583,99114
17583,7502
17583,3578
17583,4011
17583,1193
110294,2571
110294,5218
110294,6365
110294,6874
110294,5445
110294,2340
110294,8644
110294,253
110294,8529
110294,1
58970,5218
58970,8360
58970,50872
58970,5952
58970,33615
58970,45722
58970,1721
58970,44022
58970,53460
58970,56152
117340,4011
117340,3275
117340,1198
117340,54286
117340,33660
117340,50
117340,33794
117340,527
117340,1197
117340,1221
125170,4306
125170,7293
125170,35836
125170,2329
125170,2959
125170,2571
125170,780
125170,51662
125170,3751
125170,356
67185,4878
67185,7153
67185,104841
67185,51255
67185,111362
67185,2700
67185,60684
67185,68157
67185,1073
67185,2115
16148,527
16148,1193
16148,4226
16148,79132
16148,318
16148,1089
16148,1222
16148,48394
16148,3949
16148,50
55069,968
55069,6502
55069,55820
55069,110
55069,4993
55069,1348
55069,2023
55069,7235
55069,3535
55069,8947
131322,356
131322,296
131322,608
131322,593
131322,2918
131322,1198
131322,1617
131322,1968
131322,1307
131322,457
2484,1270
2484,1124
2484,41566
2484,2080
2484,6753
2484,1784
2484,6565
2484,3996
2484,7247
2484,4022
22392,2571
22392,2572
22392,318
22392,356
22392,2683
22392,71535
22392,2329
22392,51662
22392,33794
22392,4748
138308,1210
138308,32
138308,1291
138308,380
138308,2174
138308,377
138308,527
138308,3147
138308,3481
138308,780
5338,1196
5338,150
5338,1610
5338,1374
5338,318
5338,457
5338,1210
5338,38038
5338,2115
5338,1240
37537,1198
37537,32
37537,3578
37537,1196
37537,1527
37537,8961
37537,47
37537,2762
37537,318
37537,1240
10502,260
10502,4993
10502,95858
10502,95311
10502,74553
10502,6377
10502,72356
10502,98491
10502,1148
10502,2078
74552,7153
74552,457
74552,1197
74552,480
74552,1580
74552,593
74552,2571
74552,318
74552,527
74552,2858
11786,2762
11786,2028
11786,3578
11786,2858
11786,1270
11786,48516
11786,2324
11786,7361
11786,923
11786,1258
7855,8368
7855,79702
7855,48780
7855,76093
7855,296
7855,4963
7855,44191
7855,81834
7855,3114
7855,1197
74737,6373
74737,68791
74737,1240
74737,1377
74737,1645
74737,3826
74737,60069
74737,6539
74737,1573
74737,260
57251,1197
57251,2329
57251,30749
57251,480
57251,3578
57251,2858
57251,4226
57251,296
57251,8961
57251,7438
16746,2959
16746,79132
16746,858
16746,58559
16746,593
16746,30707
16746,4262
16746,3499
16746,356
16746,50
14830,7153
14830,1196
14830,1210
14830,2762
14830,4993
14830,3578
14830,4886
14830,5952
14830,1682
14830,8636
57385,1682
57385,58998
57385,593
57385,7147
57385,46578
57385,52973
57385,40819
57385,1089
57385,1073
57385,2571
51143,589
51143,2716
51143,2329
51143,110
51143,1089
51143,2762
51143,1222
51143,68157
51143,7445
51143,49530
70605,2858
70605,58559
70605,4226
70605,47
70605,1270
70605,1196
70605,2762
70605,79132
70605,50
70605,541
35244,919
35244,1206
35244,5989
35244,32587
35244,68157
35244,2706
35244,1213
35244,4226
35244,1968
35244,1777
69060,8961
69060,5349
69060,3147
69060,8644
69060,2
69060,3753
69060,367
69060,2115
69060,5679
69060,1197
45616,48516
45616,3578
45616,4993
45616,55820
45616,47
45616,1291
45616,2194
45616,27801
45616,32587
45616,1089
4938,593
4938,1089
4938,7361
4938,4878
4938,58559
4938,79132
4938,4011
4938,1732
4938,608
4938,356
10513,1193
10513,2396
10513,4995
10513,7493
10513,590
10513,1247
10513,3451
10513,8147
10513,5445
10513,8970
23960,1198
23960,2762
23960,4993
23960,7143
23960,1544
23960,8360
23960,780
23960,593
23960,231
23960,1954
77298,589
77298,593
77298,3101
77298,1240
77298,1196
77298,2858
77298,1673
77298,1387
77298,2571
77298,2762
14707,97921
14707,2858
14707,56367
14707,318
14707,67087
14707,8784
14707,6711
14707,4022
14707,7147
14707,2329
131051,6539
131051,45722
131051,8961
131051,745
131051,27706
131051,1197
131051,8368
131051,40629
131051,45517
131051,58559
42973,527
42973,1207
42973,1225
42973,4187
42973,33660
42973,6639
42973,6331
42973,7121
42973,7361
42973,5008
114634,5952
114634,2571
114634,7153
114634,4993
114634,1197
114634,4973
114634,1198
114634,5618
114634,4306
114634,2502
68286,293
68286,608
68286,1625
68286,1246
68286,4848
68286,4995
68286,8622
68286,1222
68286,8464
68286,30707
42245,1221
42245,1193
42245,1291
42245,111
42245,541
42245,8950
42245,2762
42245,924
42245,6874
42245,4973
67353,858
67353,6016
67353,1089
67353,7361
67353,4878
67353,2959
67353,4973
67353,2997
67353,293
67353,1206
92770,527
92770,50
92770,337
92770,1199
92770,2467
92770,247
92770,5669
92770,1228
92770,32587
92770,3481
21455,296
21455,1291
21455,59315
21455,79132
21455,2959
21455,8961
21455,2571
21455,6377
21455,76251
21455,2628
41115,589
41115,4886
41115,4995
41115,3996
41115,1270
41115,1291
41115,296
41115,1234
41115,1517
41115,6378
65308,79091
65308,6539
65308,88163
65308,68954
65308,104211
65308,97921
65308,69406
65308,103335
65308,63082
65308,80549
52565,1073
52565,1682
52565,5952
52565,1097
52565,329
52565,2115
52565,6539
52565,58559
52565,1584
52565,588
52619,107141
52619,70293
52619,95167
52619,89492
52619,1962
52619,93740
52619,45517
52619,34072
52619,97923
52619,30749
18862,1198
18862,1136
18862,1196
18862,858
18862,2028
18862,318
18862,2502
18862,1221
18862,33794
18862,54503
130856,593
130856,1285
130856,56367
130856,318
130856,2692
130856,1704
130856,356
130856,2329
130856,1225
130856,1278
88612,318
88612,2959
88612,4226
88612,5903
88612,48774
88612,47
88612,2329
88612,48516
88612,1089
88612,6365
74360,86882
74360,46578
74360,7323
74360,79132
74360,6711
74360,912
74360,3556
74360,6377
74360,81845
74360,3083
4812,1682
4812,1136
4812,260
4812,32
4812,1240
4812,48394
4812,2762
4812,318
4812,70286
4812,1732
107043,3578
107043,1198
107043,527
107043,4995
107043,1291
107043,4973
107043,914
107043,8360
107043,457
107043,8961
43675,2858
43675,7153
43675,4993
43675,318
43675,1270
43675,5952
43675,1625
43675,110
43675,1580
43675,50
29543,6711
29543,1214
29543,593
29543,1206
29543,223
29543,32
29543,608
29543,8784
29543,1193
29543,6016
37967,4085
37967,2539
37967,2000
37967,2001
37967,1198
37967,260
37967,3039
37967,1291
37967,296
37967,593
117498,3578
117498,2571
117498,589
117498,1220
117498,6333
117498,296
117498,4306
117498,541
117498,33493
117498,3793
34486,527
34486,593
34486,150
34486,1234
34486,457
34486,1250
34486,2028
34486,1233
34486,780
34486,1387
64179,1193
64179,48516
64179,7323
64179,80463
64179,2762
64179,63082
64179,55820
64179,2324
64179,81562
64179,608
124533,356
124533,318
124533,296
124533,1653
124533,48774
124533,4995
124533,6874
124533,32
124533,4973
124533,72998
117919,33794
117919,84374
117919,44191
117919,80549
117919,91500
117919,106487
117919,56367
117919,86332
117919,84152
117919,96821
24156,356
24156,7361
24156,2396
24156,1307
24156,527
24156,68954
24156,2716
24156,81845
24156,589
24156,1036
128295,5952
128295,4973
128295,318
128295,593
128295,2571
128295,296
128295,480
128295,1221
128295,2959
128295,4226
53999,318
53999,4239
53999,30707
53999,5989
53999,589
53999,3006
53999,1127
53999,49272
53999,592
53999,55820
47792,4226
47792,1213
47792,608
47792,457
47792,2571
47792,454
47792,3578
47792,6870
47792,2959
47792,6
65040,3996
65040,2571
65040,2858
65040,750
65040,296
65040,48394
65040,3949
65040,1199
65040,1884
65040,924
93690,6787
93690,1208
93690,318
93690,296
93690,3173
93690,750
93690,3252
93690,1704
93690,2571
93690,2231
9545,31685
9545,30812
9545,48780
9545,46578
9545,30707
9545,8949
9545,33794
9545,44199
9545,40819
9545,41285
58393,32
58393,60069
58393,3949
58393,5903
58393,68954
58393,8874
58393,59315
58393,44665
58393,109487
58393,55820
75026,858
75026,2858
75026,356
75026,2683
75026,1517
75026,150
75026,2797
75026,1721
75026,1291
75026,4993
74260,1086
74260,1834
74260,3435
74260,48516
74260,1203
74260,2183
74260,2066
74260,1267
74260,1262
74260,922
54989,293
54989,589
54989,2762
54989,47
54989,4886
54989,3147
54989,1080
54989,1036
54989,288
54989,2291
99477,2858
99477,7361
99477,48394
99477,70286
99477,356
99477,32587
99477,74458
99477,69122
99477,3578
99477,8874
69314,4995
69314,5952
69314,648
69314,1198
69314,318
69314,457
69314,597
69314,480
69314,5418
69314,1270
79195,589
79195,356
79195,593
79195,1240
79195,3578
79195,296
79195,2959
79195,50
79195,4226
79195,1036
95426,1206
95426,5952
95426,778
95426,2959
95426,1089
95426,1682
95426,7153
95426,4973
95426,231
95426,541
127122,1240
127122,296
127122,2959
127122,8665
127122,733
127122,3793
127122,780
127122,5989
127122,56174
127122,3147
124736,4226
124736,1270
124736,1265
124736,2997
124736,1682
124736,1258
124736,377
124736,3578
124736,380
124736,648
54937,48780
54937,380
54937,4226
54937,527
54937,72998
54937,508
54937,2948
54937,1225
54937,1136
54937,7502
35099,2959
35099,6942
35099,46578
35099,112556
35099,8533
35099,2858
35099,6711
35099,7451
35099,106920
35099,86882
104230,1198
104230,1210
104230,1196
104230,5445
104230,1240
104230,165
104230,5954
104230,3578
104230,33794
104230,6539
85838,541
85838,2762
85838,5952
85838,858
85838,589
85838,1240
85838,1270
85838,47
85838,1214
85838,2028
20262,7820
20262,34
20262,26131
20262,4928
20262,25929
20262,32525
20262,3751
20262,6509
20262,3543
20262,1270
133229,318
133229,1274
133229,2959
133229,1196
133229,7090
133229,296
133229,2019
133229,527
133229,6874
133229,4973
101171,102125
101171,2474
101171,33660
101171,61323
101171,68237
101171,69481
101171,44195
101171,6787
101171,88129
101171,86833
86497,296
86497,527
86497,593
86497,46578
86497,608
86497,3578
86497,750
86497,2762
86497,49530
86497,1252
136663,2329
136663,2858
136663,58803
136663,47518
136663,2959
136663,6957
136663,145
136663,7293
136663,6373
136663,2683
34168,79132
34168,76093
34168,68954
34168,102125
34168,111362
34168,91529
34168,91500
34168,58559
34168,5971
34168,106696
30828,953
30828,1198
30828,1221
30828,903
30828,1219
30828,1304
30828,1278
30828,1234
30828,593
30828,527
8938,60069
8938,457
8938,150
8938,260
8938,33794
8938,1198
8938,1246
8938,4963
8938,4973
8938,3147
50300,1240
50300,356
50300,2028
50300,318
50300,4306
50300,8961
50300,3996
50300,1270
50300,7090
50300,2959
53259,2571
53259,60069
53259,6377
53259,50872
53259,7153
53259,79132
53259,6016
53259,778
53259,5952
53259,8961
7037,593
7037,4993
7037,457
7037,2762
7037,2028
7037,4963
7037,1961
7037,527
7037,1036
7037,2502
59409,34162
59409,48385
59409,55765
59409,8528
59409,69122
59409,1213
59409,79132
59409,16
59409,858
59409,61132
73385,923
73385,922
73385,903
73385,933
73385,3334
73385,7215
73385,1204
73385,965
73385,2203
73385,951
28674,58559
28674,480
28674,47
28674,318
28674,356
28674,3147
28674,1923
28674,48516
28674,500
28674,1704
95032,2858
95032,1089
95032,2959
95032,318
95032,48516
95032,1732
95032,1204
95032,1193
95032,79132
95032,2395
83590,260
83590,780
83590,457
83590,356
83590,349
83590,318
83590,1196
83590,1097
83590,4993
83590,1210
80053,480
80053,8961
80053,2987
80053,1732
80053,1968
80053,58559
80053,2502
80053,68954
80053,34
80053,2657
5841,1193
5841,2571
5841,318
5841,293
5841,778
5841,6016
5841,1089
5841,1732
5841,47
5841,50
52563,1193
52563,2997
52563,1230
52563,6016
52563,2959
52563,1136
52563,1221
52563,1197
52563,923
52563,904
4334,589
4334,457
4334,2716
4334,2791
4334,344
4334,1240
4334,2706
4334,2423
4334,2502
4334,231
68900,593
68900,30749
68900,2571
68900,81845
68900,82459
68900,296
68900,8961
68900,1221
68900,2858
68900,72998
86484,1704
86484,4226
86484,1136
86484,1307
86484,318
86484,1
86484,4963
86484,4027
86484,4246
86484,1641
89294,48516
89294,4226
89294,2959
89294,58559
89294,2571
89294,72998
89294,50872
89294,1
89294,49272
89294,8961
6880,3793
6880,1641
6880,1208
6880,1197
6880,2692
6880,8636
6880,5349
6880,858
6880,648
6880,1206
2713,296
2713,88672
2713,2700
2713,102123
2713,1136
2713,79008
2713,1089
2713,356
2713,19
2713,778
65919,32587
65919,54997
65919,46578
65919,7981
65919,31410
65919,55765
65919,51540
65919,8950
65919,39183
65919,55253
133915,4226
133915,858
133915,1732
133915,1258
133915,7323
133915,1193
133915,55820
133915,288
133915,32587
133915,4306
133543,1617
133543,2959
133543,2571
133543,8961
133543,8874
133543,3897
133543,260
133543,1213
133543,2502
133543,1259
76667,60069
76667,2959
76667,79132
76667,7099
76667,89745
76667,76093
76667,96079
76667,87232
76667,68954
76667,111362
48902,6539
48902,87232
48902,1240
48902,1198
48902,589
48902,1291
48902,2115
48902,2571
48902,3793
48902,33794
35717,260
35717,356
35717,1704
35717,1196
35717,7361
35717,1210
35717,6539
35717,8784
35717,318
35717,8961
111231,527
111231,3676
111231,1387
111231,903
111231,923
111231,1203
111231,4226
111231,1221
111231,3949
111231,2932
19039,1777
19039,48394
19039,1193
19039,587
19039,2572
19039,1407
19039,6502
19039,1219
19039,6711
19039,1997
134148,5418
134148,296
134148,1240
134148,2028
134148,589
134148,150
134148,2959
134148,1517
134148,2628
134148,110
116899,1610
116899,2959
116899,5952
116899,4262
116899,2329
116899,223
116899,33794
116899,5292
116899,8636
116899,4226
102770,2762
102770,150
102770,457
102770,356
102770,1961
102770,5989
102770,1408
102770,5445
102770,6947
102770,30707
54817,57528
54817,52281
54817,8798
54817,63113
54817,8961
54817,68952
54817,76251
54817,30793
54817,56145
54817,33834
11586,1213
11586,2571
11586,858
11586,4993
11586,1197
11586,4973
11586,1198
11586,55820
11586,1221
11586,3897
50889,27660
50889,3702
50889,60684
50889,32
50889,31658
50889,7361
50889,1748
50889,924
50889,62336
50889,1210
34222,1196
34222,1210
34222,1
34222,589
34222,3654
34222,6808
34222,4896
34222,2716
34222,480
34222,3114
5753,231
5753,527
5753,593
5753,48516
5753,48385
5753,6016
5753,3948
5753,79132
5753,55820
5753,54503
45813,4878
45813,7361
45813,95510
45813,2291
45813,90405
45813,60069
45813,48394
45813,72998
45813,4226
45813,58559
25906,79132
25906,2762
25906,4973
25906,47
25906,2858
25906,527
25906,6016
25906,44555
25906,608
25906,99114
115474,7361
115474,608
115474,39292
115474,38886
115474,40819
115474,1704
115474,8645
115474,37741
115474,6867
115474,34072
105712,318
105712,260
105712,2571
105712,1210
105712,2194
105712,6
105712,1617
105712,733
105712,457
105712,5445
18447,5418
18447,60074
18447,1917
18447,44191
18447,5445
18447,780
18447,34319
18447,51077
18447,5378
18447,53125
89180,7361
89180,1580
89180,589
89180,541
89180,49272
89180,3793
89180,750
89180,912
89180,60069
89180,6333
30833,3996
30833,7153
30833,1197
30833,3671
30833,1198
30833,593
30833,2918
30833,1210
30833,2762
30833,3578
109470,7153
109470,31658
109470,58559
109470,296
109470,7022
109470,541
109470,5952
109470,55820
109470,2692
109470,1193
96842,589
96842,7143
96842,5418
96842,87222
96842,5445
96842,79224
96842,30707
96842,56174
96842,59369
96842,79091
67300,68954
67300,6377
67300,2858
67300,4308
67300,2291
67300,318
67300,60069
67300,7147
67300,1136
67300,3949
85005,33794
85005,73017
85005,91529
85005,58559
85005,79132
85005,4963
85005,318
85005,59315
85005,3793
85005,74458
81958,8371
81958,59369
81958,6548
81958,7445
81958,8972
81958,95
81958,44665
81958,6188
81958,110
81958,377
123990,1258
123990,111
123990,50
123990,2858
123990,4973
123990,1222
123990,1288
123990,2571
123990,2692
123990,1225
119850,50872
119850,60069
119850,68954
119850,79132
119850,7153
119850,58559
119850,364
119850,356
119850,8360
119850,78499
110434,4011
110434,2571
110434,2502
110434,1193
110434,593
110434,1258
110434,45728
110434,1206
110434,4262
110434,111
57983,1136
57983,50
57983,1500
57983,2918
57983,2571
57983,3897
57983,3253
57983,1968
57983,318
57983,1291
91632,44191
91632,33794
91632,8961
91632,5418
91632,40815
91632,4306
91632,457
91632,7361
91632,2997
91632,5816
103184,6365
103184,377
103184,1580
103184,589
103184,6874
103184,4963
103184,367
103184,1917
103184,733
103184,5952
32107,8874
32107,2959
32107,541
32107,2288
32107,6731
32107,68358
32107,1261
32107,71535
32107,48774
32107,4226
57474,527
57474,1197
57474,7099
57474,1136
57474,7361
57474,4973
57474,5971
57474,750
57474,2858
57474,3996
120479,48516
120479,34048
120479,44555
120479,55820
120479,49530
120479,908
120479,46948
120479,56367
120479,8972
120479,37733
76941,3949
76941,1206
76941,3910
76941,318
76941,7438
76941,6874
76941,356
76941,4306
76941,1221
76941,74458
119610,2599
119610,1961
119610,593
119610,5377
119610,3210
119610,2716
119610,2231
119610,1276
119610,4007
119610,1673
32671,260
32671,1210
32671,5816
32671,2959
32671,8644
32671,68358
32671,3108
32671,1208
32671,30749
32671,41569
841,4306
841,44191
841,2858
841,318
841,4226
841,2959
841,2762
841,3578
841,32587
841,5952
65304,33679
65304,48385
65304,32587
65304,41566
65304,46530
65304,8949
65304,34405
65304,33166
65304,40278
65304,37741
45102,8360
45102,4018
45102,588
45102,2671
45102,7153
45102,1721
45102,2762
45102,1197
45102,520
45102,2081
104571,110
104571,527
104571,2762
104571,7438
104571,6874
104571,293
104571,1036
104571,1080
104571,1732
104571,1214
117270,588
117270,1210
117270,60069
117270,68954
117270,1291
117270,457
117270,81847
117270,3034
117270,527
117270,3675
42101,1240
42101,593
42101,1356
42101,589
42101,541
42101,32
42101,260
42101,2858
42101,1200
42101,3996
67916,40629
67916,4973
67916,63082
67916,364
67916,72998
67916,17
67916,50872
67916,5377
67916,356
67916,8368
73097,2571
73097,2028
73097,3578
73097,5995
73097,1704
73097,1221
73097,80463
73097,30749
73097,86882
73097,64614
114095,971
114095,8879
114095,1219
114095,903
114095,7153
114095,3072
114095,928
114095,1287
114095,914
114095,457
4022,1704
4022,6377
4022,2396
4022,72998
4022,2858
4022,63082
4022,58559
4022,4226
4022,30749
4022,597
5077,58559
5077,4995
5077,110
5077,48780
5077,293
5077,72998
5077,296
5077,2858
5077,32
5077,1527
71689,296
71689,5952
71689,1704
71689,7153
71689,1721
71689,1580
71689,5816
71689,7147
71689,2
71689,110
52091,6377
52091,48780
52091,593
52091,8644
52091,4226
52091,44191
52091,4720
52091,63082
52091,8961
52091,64614
120231,1203
120231,3421
120231,4370
120231,2706
120231,6502
120231,32
120231,1208
120231,1270
120231,923
120231,2011
37681,3578
37681,318
37681,5952
37681,1721
37681,380
37681,3793
37681,32
37681,1485
37681,4720
37681,4246
94667,2028
94667,3578
94667,296
94667,1784
94667,3147
94667,2762
94667,527
94667,2858
94667,63082
94667,2324
58802,3740
58802,6979
58802,3052
58802,2947
58802,70
58802,4214
58802,3264
58802,3671
58802,180
58802,8961
11260,527
11260,2529
11260,920
11260,1287
11260,5952
11260,4993
11260,1097
11260,260
11260,1196
11260,1210
16105,1721
16105,4878
16105,288
16105,293
16105,555
16105,2174
16105,1923
16105,1580
16105,34
16105,2115
78508,457
78508,3578
78508,1198
78508,527
78508,1721
78508,780
78508,1580
78508,500
78508,1240
78508,1036
9748,356
9748,457
9748,296
9748,2858
9748,4226
9748,2502
9748,1089
9748,6874
9748,733
9748,1580
86151,2792
86151,2311
86151,2872
86151,54997
86151,78469
86151,2094
86151,3534
86151,2791
86151,1262
86151,2572
84160,778
84160,1214
84160,593
84160,48385
84160,4226
84160,908
84160,912
84160,3671
84160,2000
84160,2700
122609,5903
122609,1240
122609,1617
122609,61323
122609,36529
122609,7022
122609,1252
122609,4973
122609,6502
122609,1080
47714,5952
47714,4963
47714,7162
47714,2424
47714,1393
47714,5064
47714,266
47714,539
47714,1721
47714,4995
23289,2329
23289,165
23289,2542
23289,58295
23289,54272
23289,4226
23289,4963
23289,733
23289,1527
23289,2700
123902,541
123902,356
123902,593
123902,3578
123902,1617
123902,1240
123902,1961
123902,858
123902,1527
123902,590
51904,778
51904,63876
51904,50912
51904,48082
51904,38886
51904,1230
51904,4226
51904,55052
51904,60950
51904,33880
65997,2329
65997,2762
65997,2858
65997,79132
65997,4776
65997,3949
65997,356
65997,1625
65997,6874
65997,3863
20628,4226
20628,7361
20628,2959
20628,2858
20628,2329
20628,3949
20628,1732
20628,4878
20628,2997
20628,608
90257,908
90257,933
90257,1207
90257,930
90257,955
90257,1086
90257,4973
90257,2203
90257,951
90257,3097
96039,5952
96039,1732
96039,1136
96039,5339
96039,47
96039,6711
96039,2019
96039,1193
96039,50
96039,2750
117216,7361
117216,6016
117216,1089
117216,1193
117216,2324
117216,593
117216,4963
117216,5349
117216,1258
117216,48516
75609,527
75609,4306
75609,2762
75609,4963
75609,110
75609,1704
75609,1961
75609,919
75609,2028
75609,912
67274,1
67274,5952
67274,7153
67274,4993
67274,59315
67274,81834
67274,4963
67274,33794
67274,5349
67274,73017
30213,58559
30213,2571
30213,7361
30213,356
30213,2502
30213,1
30213,51255
30213,4027
30213,1682
30213,2858
97081,1208
97081,46578
97081,2571
97081,55765
97081,30749
97081,44195
97081,40819
97081,8784
97081,48738
97081,778
14069,4878
14069,4226
14069,71535
14069,1345
14069,2329
14069,47
14069,2291
14069,1270
14069,8874
14069,8957
44264,3578
44264,8972
44264,59615
44264,165
44264,2115
44264,56775
44264,5218
44264,10
44264,2947
44264,59315
65568,6874
65568,2997
65568,4720
65568,47
65568,7438
65568,480
65568,111
65568,6016
65568,50
65568,858
45119,1200
45119,1214
45119,480
45119,2762
45119,5445
45119,2028
45119,1682
45119,1270
45119,50
45119,2712
63414,356
63414,47
63414,589
63414,296
63414,1221
63414,1208
63414,2762
63414,2959
63414,1136
63414,527
53942,1035
53942,1193
53942,4014
53942,4912
53942,4464
53942,4857
53942,1096
53942,5404
53942,4280
53942,2779
87305,3793
87305,56775
87305,6333
87305,53996
87305,88140
87305,1580
87305,45186
87305,8984
87305,60074
87305,2571
88118,2716
88118,47
88118,54286
88118,1682
88118,296
88118,56174
88118,3147
88118,4226
88118,1
88118,5816
58069,1617
58069,1275
58069,68358
58069,26133
58069,3479
58069,112852
58069,4478
58069,3448
58069,3071
58069,2105
64222,2571
64222,2019
64222,593
64222,1213
64222,6016
64222,2959
64222,1203
64222,1204
64222,1234
64222,2324
7549,4226
7549,32587
7549,56782
7549,3949
7549,1222
7549,2028
7549,7361
7549,5995
7549,4973
7549,1090
115121,48385
115121,60069
115121,41997
115121,50872
115121,63082
115121,58559
115121,30707
115121,54286
115121,46578
115121,68954
102612,2763
102612,1722
102612,63113
102612,2353
102612,53972
102612,150
102612,2991
102612,733
102612,1240
102612,43871
128630,34072
128630,63082
128630,58559
128630,7502
128630,53121
128630,45517
128630,8972
128630,50872
128630,44195
128630,33660
31642,6920
31642,4298
31642,6643
31642,26094
31642,3741
31642,1252
31642,27266
31642,308
31642,26713
31642,2160
6405,3147
6405,480
6405,5989
6405,8644
6405,104
6405,48516
6405,5349
6405,33794
6405,8665
6405,6502
135097,8464
135097,36529
135097,33794
135097,8950
135097,34048
135097,38061
135097,40278
135097,30707
135097,46723
135097,49530
96780,4144
96780,82459
96780,6286
96780,7981
96780,52952
96780,48385
96780,43376
96780,67255
96780,26840
96780,63876
36527,356
36527,5816
36527,6377
36527,2959
36527,72998
36527,4963
36527,49272
36527,41566
36527,59315
36527,318
76154,68358
76154,356
76154,8874
76154,56174
76154,110
76154,61024
76154,4306
76154,1240
76154,8528
76154,5481
137683,590
137683,2762
137683,1
137683,1784
137683,4995
137683,1259
137683,2398
137683,919
137683,4886
137683,5989
9424,33794
9424,7438
9424,8874
9424,4878
9424,593
9424,2232
9424,4963
9424,3949
9424,1682
9424,1527
61637,1270
61637,4886
61637,356
61637,4993
61637,5445
61637,541
61637,150
61637,6377
61637,2918
61637,3578
89819,2329
89819,296
89819,356
89819,48516
89819,858
89819,593
89819,63082
89819,2571
89819,5989
89819,3755
29916,750
29916,47
29916,48394
29916,44191
29916,4993
29916,2502
29916,260
29916,1196
29916,6
29916,8665
33278,73017
33278,72998
33278,33794
33278,480
33278,57640
33278,2571
33278,780
33278,1198
33278,4270
33278,110
60005,207
60005,39183
60005,1835
60005,41997
60005,7438
60005,3156
60005,32587
60005,8464
60005,372
60005,4975
13942,1387
13942,49272
13942,4886
13942,52042
13942,357
13942,1223
13942,1220
13942,2571
13942,55069
13942,588
74549,30749
74549,1185
74549,33660
74549,508
74549,593
74549,1955
74549,7078
74549,904
74549,25856
74549,1678
113256,750
113256,924
113256,898
113256,1259
113256,953
113256,2396
113256,6993
113256,1961
113256,2731
113256,1086
93234,2232
93234,1240
93234,3462
93234,750
93234,1284
93234,3897
93234,5669
93234,1214
93234,1748
93234,44195
18508,56174
18508,79132
18508,59369
18508,70159
18508,6502
18508,5679
18508,62733
18508,7254
18508,59315
18508,56145
16771,593
16771,4306
16771,110
16771,2762
16771,3147
16771,1393
16771,527
16771,7143
16771,165
16771,590
120620,780
120620,51662
120620,2959
120620,54286
120620,72998
120620,3623
120620,296
120620,70286
120620,73017
120620,68358
31644,6350
31644,5618
31644,3000
31644,4571
31644,7143
31644,3996
31644,7153
31644,2502
31644,5378
31644,6874
119935,50
119935,2997
119935,318
119935,223
119935,1288
119935,6796
119935,1394
119935,1466
119935,1245
119935,246
58235,106696
58235,4993
58235,79132
58235,356
58235,2571
58235,4306
58235,78499
58235,68358
58235,89745
58235,59315
68147,7293
68147,2012
68147,56949
68147,7444
68147,6218
68147,1917
68147,1688
68147,39
68147,1968
68147,55872
19258,7361
19258,34162
19258,8784
19258,8874
19258,8464
19258,8376
19258,33660
19258,39292
19258,40819
19258,33794
86349,593
86349,5952
86349,1210
86349,2571
86349,2959
86349,6539
86349,3578
86349,2502
86349,1270
86349,50
113927,919
113927,1272
113927,3671
113927,2791
113927,1203
113927,4855
113927,3733
113927,2028
113927,953
113927,1247
31356,1704
31356,48394
31356,3556
31356,56715
31356,48516
31356,50
31356,4963
31356,54503
31356,55820
31356,44191
24061,116797
24061,109374
24061,4226
24061,50
24061,111443
24061,296
24061,91529
24061,89745
24061,81845
24061,106100
24828,62081
24828,57368
24828,2762
24828,68237
24828,72998
24828,7254
24828,63072
24828,71838
24828,32
24828,73268
57201,1089
57201,47
57201,2997
57201,778
57201,1682
57201,46578
57201,593
57201,1258
57201,7147
57201,4027
134510,1136
134510,4993
134510,2572
134510,2858
134510,3481
134510,1265
134510,2571
134510,5952
134510,44195
134510,46976
11921,1208
11921,296
11921,858
11921,1089
11921,318
11921,1213
11921,1080
11921,6016
11921,1221
11921,1136
107167,2403
107167,1552
107167,457
107167,1101
107167,3444
107167,2797
107167,356
107167,474
107167,1917
107167,377
112538,4085
112538,1246
112538,2762
112538,4226
112538,3421
112538,8961
112538,3481
112538,3996
112538,3897
112538,1527
112083,2571
112083,5952
112083,4993
112083,5618
112083,31658
112083,1175
112083,48394
112083,6711
112083,8983
112083,1080
24781,80463
24781,1089
24781,89492
24781,296
24781,2329
24781,1213
24781,4011
24781,74458
24781,80906
24781,356
71281,54503
71281,2502
71281,4963
71281,78499
71281,318
71281,68954
71281,5989
71281,2683
71281,63082
71281,32587
114579,1348
114579,1136
114579,1230
114579,924
114579,1206
114579,4973
114579,2019
114579,4720
114579,1214
114579,3134
29624,50
29624,4878
29624,32
29624,1288
29624,47
29624,1080
29624,1222
29624,593
29624,4873
29624,4011
94970,593
94970,7361
94970,4973
94970,32
94970,2542
94970,1206
94970,296
94970,778
94970,1080
94970,541
114666,1961
114666,3068
114666,6787
114666,500
114666,858
114666,63082
114666,3448
114666,30749
114666,88810
114666,1234
73478,1198
73478,3147
73478,56367
73478,457
73478,3996
73478,377
73478,6377
73478,527
73478,7438
73478,56174
10558,4014
10558,3578
10558,2959
10558,4973
10558,2762
10558,508
10558,296
10558,4993
10558,364
10558,4308
59768,71535
59768,79132
59768,60756
59768,47
59768,2571
59768,63131
59768,8807
59768,4623
59768,785
59768,54785
122205,318
122205,4262
122205,1466
122205,296
122205,50
122205,37731
122205,5954
122205,48780
122205,4776
122205,293
110515,4226
110515,1219
110515,1193
110515,1201
110515,32
110515,1136
110515,1270
110515,592
110515,318
110515,527
21983,1527
21983,1291
21983,356
21983,551
21983,3000
21983,34405
21983,2762
21983,7147
21983,2081
21983,8368
135885,32587
135885,58559
135885,5952
135885,4993
135885,7153
135885,7445
135885,44665
135885,4963
135885,49530
135885,54736
19783,2571
19783,356
19783,4963
19783,33794
19783,2858
19783,3052
19783,2918
19783,4239
19783,5445
19783,3275
99890,4973
99890,4963
99890,3578
99890,7361
99890,2012
99890,5445
99890,2329
99890,3147
99890,588
99890,377
13595,2959
13595,296
13595,1136
13595,5902
13595,541
13595,44195
13595,5618
13595,38038
13595,2291
13595,1197
26503,4226
26503,3972
26503,908
26503,923
26503,3000
26503,2692
26503,6874
26503,1527
26503,6618
26503,1200
18631,72998
18631,79132
18631,3147
18631,3578
18631,67255
18631,5418
18631,58559
18631,2959
18631,106487
18631,4995
134864,318
134864,858
134864,1210
134864,4848
134864,58559
134864,1136
134864,2858
134864,48394
134864,109487
134864,1232
77967,3578
77967,150
77967,780
77967,1097
77967,1200
77967,1580
77967,648
77967,2959
77967,58559
77967,541
58117,1527
58117,608
58117,778
58117,2028
58117,293
58117,2194
58117,4011
58117,1036
58117,6539
58117,55820
42890,48394
42890,2028
42890,110
42890,590
42890,4993
42890,1201
42890,82459
42890,44191
42890,33794
42890,5952
90096,2762
90096,2028
90096,2959
90096,589
90096,5952
90096,3147
90096,4963
90096,32
90096,7153
90096,4226
118495,1
118495,7361
118495,4306
118495,2959
118495,76093
118495,1193
118495,72226
118495,2858
118495,2502
118495,318
21857,4016
21857,8961
21857,4886
21857,2355
21857,5349
21857,1022
21857,2080
21857,1210
21857,45722
21857,356
114963,1270
114963,8636
114963,7153
114963,4886
114963,594
114963,2716
114963,1967
114963,2571
114963,1
114963,2406
22643,1265
22643,593
22643,2571
22643,356
22643,2997
22643,1198
22643,1961
22643,3578
22643,3996
22643,480
75661,1210
75661,32
75661,2858
75661,2329
75661,4011
75661,356
75661,3147
75661,1240
75661,6502
75661,5445
31929,60069
31929,58559
31929,33794
31929,3578
31929,81845
31929,111759
31929,48780
31929,4973
31929,104841
31929,5618
41828,858
41828,30749
41828,63082
41828,63876
41828,14
41828,2858
41828,593
41828,39292
41828,64614
41828,48738
24411,4878
24411,60069
24411,1732
24411,79132
24411,1206
24411,55820
24411,4226
24411,7361
24411,2997
24411,2502
13297,778
13297,2858
13297,593
13297,296
13297,1089
13297,2762
13297,50
13297,1225
13297,1080
13297,1197
35518,2959
35518,593
35518,2502
35518,260
35518,4011
35518,4306
35518,3578
35518,1266
35518,1210
35518,2858
20836,1193
20836,1036
20836,1200
20836,32587
20836,924
20836,778
20836,47
20836,541
20836,63082
20836,48394
68990,2329
68990,1036
68990,778
68990,7502
68990,81845
68990,64614
68990,82459
68990,48774
68990,80463
68990,89492
30376,8665
30376,1200
30376,91500
30376,110
30376,4776
30376,377
30376,1097
30376,106487
30376,1676
30376,2278
8785,2858
8785,2329
8785,3949
8785,1208
8785,1193
8785,8014
8785,1222
8785,4848
8785,97
8785,2843
86627,6377
86627,318
86627,1682
86627,1
86627,47
86627,7153
86627,4993
86627,48516
86627,44191
86627,4226
44179,32
44179,79132
44179,318
44179,2571
44179,32587
44179,2858
44179,6874
44179,1089
44179,44191
44179,48516
114531,595
114531,68954
114531,64575
114531,1247
114531,39
114531,48394
114531,63082
114531,5995
114531,86898
114531,1059
133577,4993
133577,7361
133577,6874
133577,2858
133577,527
133577,63082
133577,4720
133577,293
133577,1089
133577,1193
29306,5952
29306,7153
29306,33794
29306,2959
29306,1198
29306,593
29306,58998
29306,480
29306,356
29306,1291
100190,50
100190,5952
100190,1196
100190,296
100190,4011
100190,32587
100190,1089
100190,47
100190,2028
100190,4226
95616,79132
95616,2959
95616,4878
95616,1206
95616,1199
95616,1921
95616,750
95616,1274
95616,60069
95616,296
84246,4896
84246,68135
84246,45499
84246,3793
84246,73017
84246,40815
84246,46972
84246,3785
84246,4306
84246,8368
9167,480
9167,733
9167,6377
9167,5418
9167,5218
9167,58559
9167,59315
9167,1917
9167,79132
9167,5349
44120,1267
44120,5995
44120,7139
44120,1204
44120,1207
44120,3359
44120,1219
44120,1193
44120,8873
44120,37741
56520,54503
56520,32587
56520,1210
56520,33794
56520,59315
56520,2762
56520,356
56520,3504
56520,64839
56520,52281
80756,2571
80756,356
80756,4226
80756,50
80756,2858
80756,4034
80756,150
80756,2028
80756,592
80756,4306
105095,858
105095,1240
105095,780
105095,1208
105095,2329
105095,2762
105095,48516
105095,4011
105095,1221
105095,3793
52841,3060
52841,745
52841,1961
52841,318
52841,904
52841,3101
52841,457
52841,3751
52841,1674
52841,1304
87992,231
87992,1580
87992,48516
87992,1222
87992,3114
87992,1917
87992,3717
87992,60069
87992,6188
87992,1552
14623,296
14623,4226
14623,318
14623,50
14623,2762
14623,1270
14623,110
14623,356
14623,2028
14623,1036
854,6874
854,6539
854,110
854,260
854,356
854,1198
854,7438
854,8961
854,3793
854,5349
45025,434
45025,1036
45025,165
45025,380
45025,1580
45025,648
45025,1917
45025,587
45025,3107
45025,4677
56302,4011
56302,6874
56302,593
56302,47
56302,1527
56302,318
56302,51662
56302,4963
56302,858
56302,2115
58088,1704
58088,50
58088,1197
58088,4034
58088,2692
58088,6711
58088,32587
58088,111
58088,99114
58088,4886
138493,2012
138493,2011
138493,1270
138493,53125
138493,589
138493,33615
138493,2762
138493,593
138493,110
138493,2628
36048,56367
36048,48780
36048,7373
36048,52328
36048,34048
36048,7361
36048,30812
36048,31658
36048,41566
36048,54001
101703,33166
101703,3510
101703,7147
101703,33794
101703,44199
101703,8368
101703,1203
101703,30707
101703,2953
101703,33493
21488,50
21488,2997
21488,52281
21488,2692
21488,356
21488,1206
21488,2542
21488,6016
21488,44191
21488,8784
97178,2571
97178,4226
97178,2324
97178,2858
97178,54259
97178,296
97178,3147
97178,2762
97178,40815
97178,8873
112518,5952
112518,6539
112518,380
112518,2918
112518,2011
112518,733
112518,1240
112518,4085
112518,1968
112518,2353
130527,1198
130527,356
130527,50
130527,593
130527,1089
130527,1222
130527,3949
130527,1200
130527,7022
130527,293
35854,7153
35854,1704
35854,58559
35854,5445
35854,32
35854,541
35854,68358
35854,4246
35854,4308
35854,2502
82695,588
82695,7147
82695,54997
82695,5010
82695,6953
82695,147
82695,55052
82695,48516
82695,3535
82695,2997
82943,1197
82943,4306
82943,1376
82943,68358
82943,8360
82943,2716
82943,1374
82943,1375
82943,2797
82943,356
61990,1208
61990,47
61990,4226
61990,4011
61990,1097
61990,150
61990,1961
61990,6
61990,5445
61990,4306
81637,5618
81637,79702
81637,112852
81637,33794
81637,76251
81637,6283
81637,4878
81637,1202
81637,3052
81637,778
34189,1732
34189,750
34189,63082
34189,1260
34189,923
34189,1252
34189,1227
34189,4226
34189,1258
34189,7361
114805,5464
114805,3730
114805,5959
114805,6953
114805,4262
114805,33166
114805,5956
114805,431
114805,2952
114805,288
36052,480
36052,1198
36052,1196
36052,260
36052,589
36052,4878
36052,541
36052,48394
36052,33794
36052,527
48059,2762
48059,1
48059,541
48059,1136
48059,4886
48059,912
48059,1291
48059,8961
48059,8368
48059,68954
32327,593
32327,1136
32327,1199
32327,4878
32327,5903
32327,2858
32327,318
32327,1748
32327,4973
32327,1270
29480,919
29480,588
29480,364
29480,595
29480,597
29480,2081
29480,4993
29480,1197
29480,5952
29480,46578
138004,780
138004,1198
138004,1291
138004,33794
138004,2959
138004,648
138004,318
138004,296
138004,377
138004,5349
102956,1517
102956,216
102956,1036
102956,1552
102956,3578
102956,733
102956,480
102956,318
102956,2706
102956,1198
109716,150
109716,2028
109716,1610
109716,3147
109716,2268
109716,6539
109716,1291
109716,457
109716,4993
109716,3448
123935,1193
123935,7361
123935,46723
123935,6016
123935,54286
123935,74458
123935,40148
123935,356
123935,58559
123935,1227
92546,3730
92546,1086
92546,1258
92546,1178
92546,3075
92546,1248
92546,541
92546,7820
92546,3435
92546,5291
68482,4995
68482,7361
68482,1917
68482,4993
68482,318
68482,33679
68482,44195
68482,6539
68482,3578
68482,4226
40842,1089
40842,2858
40842,4226
40842,1245
40842,3468
40842,2959
40842,527
40842,593
40842,30749
40842,1276
71791,8807
71791,4878
71791,52281
71791,344
71791,47
71791,367
71791,593
71791,6863
71791,4239
71791,19
29411,2762
29411,356
29411,296
29411,4973
29411,7361
29411,2997
29411,593
29411,1704
29411,1617
29411,3578
48695,1247
48695,1265
48695,2692
48695,6711
48695,541
48695,3996
48695,912
48695,778
48695,919
48695,5225
15563,7153
15563,4226
15563,2858
15563,2959
15563,2571
15563,356
15563,2324
15563,5952
15563,593
15563,47
115213,6377
115213,56367
115213,4022
115213,4995
115213,5989
115213,109374
115213,2324
115213,1704
115213,1961
115213,4886
51199,63082
51199,55820
51199,103980
51199,55276
51199,56788
51199,40583
51199,97921
51199,48738
51199,47629
51199,30812
118814,60069
118814,2959
118814,296
118814,58559
118814,4973
118814,2858
118814,1203
118814,56367
118814,1207
118814,356
103133,7153
103133,924
103133,6874
103133,2700
103133,54272
103133,527
103133,4306
103133,44191
103133,778
103133,1208
101533,32
101533,733
101533,648
101533,2571
101533,150
101533,165
101533,2959
101533,480
101533,7153
101533,1198
85242,7444
85242,7361
85242,356
85242,1721
85242,7451
85242,5066
85242,46578
85242,2959
85242,7293
85242,595
22283,1961
22283,296
22283,527
22283,2571
22283,1220
22283,593
22283,1291
22283,6539
22283,2396
22283,3114
63054,68954
63054,608
63054,1089
63054,293
63054,1210
63054,1258
63054,858
63054,1732
63054,5989
63054,109374
16736,589
16736,4226
16736,2028
16736,1270
16736,1193
16736,150
16736,1
16736,380
16736,648
16736,592
109290,7153
109290,1198
109290,593
109290,527
109290,3578
109290,648
109290,27821
109290,1270
109290,590
109290,30812
123370,296
123370,4973
123370,2019
123370,2997
123370,924
123370,5291
123370,923
123370,750
123370,1199
123370,541
24914,5418
24914,6808
24914,54286
24914,8665
24914,7569
24914,457
24914,208
24914,45517
24914,59315
24914,72998
39154,70286
39154,46578
39154,51662
39154,44191
39154,55820
39154,8874
39154,30793
39154,54272
39154,66097
39154,8368
83498,316
83498,1240
83498,589
83498,1275
83498,2571
83498,110
83498,1270
83498,1210
83498,329
83498,1198
41571,68237
41571,593
41571,7361
41571,69122
41571,318
41571,66097
41571,48394
41571,356
41571,1258
41571,31658
113129,6373
113129,1259
113129,2420
113129,6377
113129,70286
113129,2694
113129,63082
113129,592
113129,1302
113129,6934
123350,296
123350,2858
123350,1073
123350,1258
123350,318
123350,2571
123350,53953
123350,5679
123350,56174
123350,500
17935,7438
17935,6874
17935,2571
17935,4011
17935,1240
17935,589
17935,1198
17935,1527
17935,49272
17935,1291
77935,1193
77935,2329
77935,3160
77935,6711
77935,1222
77935,111
77935,5225
77935,1288
77935,1673
77935,1230
38729,44191
38729,81847
38729,356
38729,66934
38729,33794
38729,2762
38729,56367
38729,76093
38729,33779
38729,51255
87577,4878
87577,33794
87577,44191
87577,8784
87577,56367
87577,48394
87577,48780
87577,4011
87577,34405
87577,30749
17522,32
17522,70286
17522,32587
17522,1240
17522,4011
17522,68157
17522,2959
17522,51662
17522,3578
17522,60684
90311,110
90311,4995
90311,356
90311,1961
90311,3448
90311,3916
90311,1270
90311,3147
90311,1234
90311,6565
15999,47
15999,318
15999,2858
15999,527
15999,46578
15999,6711
15999,4848
15999,1258
15999,1958
15999,2025
113726,56949
113726,597
113726,66203
113726,2671
113726,88810
113726,84374
113726,1721
113726,97921
113726,1569
113726,356
32670,457
32670,733
32670,11
32670,1722
32670,1270
32670,2000
32670,539
32670,2006
32670,2268
32670,2058
33411,50
33411,33794
33411,1265
33411,2028
33411,3578
33411,480
33411,1580
33411,47
33411,4963
33411,4306
75303,60069
75303,4226
75303,293
75303,1206
75303,4878
75303,778
75303,6377
75303,32
75303,70286
75303,551
34779,858
34779,914
34779,593
34779,4973
34779,912
34779,2571
34779,1089
34779,2959
34779,356
34779,750
23704,1961
23704,318
23704,1265
23704,1784
23704,5349
23704,3408
23704,2797
23704,7438
23704,597
23704,1073
100118,527
100118,7132
100118,1197
100118,1225
100118,4361
100118,318
100118,6331
100118,30749
100118,908
100118,1230
9917,2858
9917,47
9917,6539
9917,4226
9917,52973
9917,4306
9917,4878
9917,46578
9917,588
9917,49530
131414,2716
131414,1580
131414,454
131414,5445
131414,2571
131414,648
131414,480
131414,2000
131414,3793
131414,1097
40390,2858
40390,593
40390,2571
40390,1193
40390,1213
40390,50
40390,1270
40390,1258
40390,1089
40390,858
96426,296
96426,56174
96426,47
96426,48516
96426,51255
96426,4011
96426,8961
96426,1580
96426,165
96426,57669
59755,46578
59755,54286
59755,40815
59755,44195
59755,39292
59755,40819
59755,33166
59755,45722
59755,5418
59755,597
72223,6539
72223,45722
72223,91500
72223,8961
72223,63992
72223,46062
72223,364
72223,4447
72223,40815
72223,4700
94136,50
94136,48780
94136,6874
94136,1206
94136,4239
94136,778
94136,4993
94136,36529
94136,46578
94136,33794
10084,593
10084,50
10084,4973
10084,4011
10084,7361
10084,6953
10084,1704
10084,4995
10084,44195
10084,8950
16060,1036
16060,110
16060,32587
16060,79132
16060,480
16060,72998
16060,1220
16060,60069
16060,51255
16060,1682
35743,2762
35743,2028
35743,1201
35743,1196
35743,260
35743,858
35743,1214
35743,2949
35743,1090
35743,1210
49177,4306
49177,47
49177,8644
49177,293
49177,56174
49177,5459
49177,2628
49177,51255
49177,60069
49177,2011
27842,6377
27842,2028
27842,2542
27842,47
27842,2329
27842,4011
27842,7438
27842,5464
27842,3275
27842,1682
65784,588
65784,919
65784,6377
65784,595
65784,2571
65784,150
65784,2080
65784,2081
65784,1907
65784,6753
63476,48394
63476,2959
63476,1203
63476,60069
63476,1291
63476,1089
63476,111
63476,48780
63476,4973
63476,1682
74633,30812
74633,8949
74633,68157
74633,38886
74633,46976
74633,38038
74633,40819
74633,55276
74633,63082
74633,55118
97015,2858
97015,1185
97015,3967
97015,2020
97015,5791
97015,1296
97015,508
97015,1961
97015,4973
97015,1293
126596,96610
126596,76251
126596,88744
126596,91542
126596,85414
126596,76093
126596,73017
126596,4993
126596,5952
126596,69844
134525,364
134525,6870
134525,1645
134525,46578
134525,81845
134525,63082
134525,48394
134525,7158
134525,1961
134525,6377
97521,3006
97521,2391
97521,2707
97521,1645
97521,1259
97521,2502
97521,5266
97521,3105
97521,480
97521,527
102244,48780
102244,33004
102244,56367
102244,34437
102244,37729
102244,26662
102244,30793
102244,48082
102244,48385
102244,8950
86338,68205
86338,66171
86338,56174
86338,59315
86338,67923
86338,78469
86338,68135
86338,33158
86338,76077
86338,47518
68458,2273
68458,1
68458,1580
68458,2959
68458,2028
68458,4963
68458,1270
68458,6365
68458,3916
68458,344
127959,1580
127959,1220
127959,1391
127959,4489
127959,163
127959,5445
127959,2791
127959,2762
127959,5459
127959,541
119199,2959
119199,7022
119199,4226
119199,2329
119199,68157
119199,593
119199,4011
119199,7090
119199,99114
119199,1080
70996,527
70996,356
70996,1198
70996,1214
70996,2762
70996,2571
70996,110
70996,590
70996,457
70996,2000
37559,3527
37559,5418
37559,3578
37559,318
37559,356
37559,58559
37559,480
37559,1206
37559,70286
37559,4963
90824,4993
90824,5952
90824,7153
90824,6539
90824,33794
90824,44665
90824,8665
90824,5445
90824,33493
90824,48516
90736,318
90736,356
90736,44191
90736,58559
90736,2571
90736,2959
90736,33794
90736,1704
90736,110
90736,6539
74966,6539
74966,50872
74966,1580
74966,1036
74966,380
74966,8360
74966,1092
74966,1625
74966,1370
74966,74727
29304,1617
29304,50
29304,457
29304,32587
29304,2542
29304,1732
29304,4995
29304,1258
29304,79132
29304,7153
65472,2571
65472,2858
65472,4973
65472,3578
65472,2959
65472,47
65472,858
65472,593
65472,2762
65472,5995
122939,1230
122939,1954
122939,2795
122939,3471
122939,8961
122939,919
122939,2791
122939,50872
122939,1939
122939,8623
109075,1203
109075,59315
109075,3996
109075,908
109075,1136
109075,6333
109075,953
109075,595
109075,3578
109075,50
93886,33794
93886,5445
93886,1721
93886,7143
93886,40629
93886,84954
93886,4014
93886,253
93886,2858
93886,2028
78937,357
78937,5218
78937,1079
78937,1641
78937,1961
78937,1580
78937,1307
78937,6377
78937,6942
78937,356
44858,3083
44858,296
44858,4144
44858,4226
44858,46578
44858,2692
44858,55820
44858,2732
44858,307
44858,8638
12729,1721
12729,3147
12729,480
12729,590
12729,356
12729,47
12729,4034
12729,780
12729,1220
12729,3114
59078,50872
59078,4886
59078,60069
59078,5816
59078,8961
59078,1
59078,53996
59078,6377
59078,4896
59078,46972
91969,364
91969,6539
91969,356
91969,2355
91969,4361
91969,1262
91969,1204
91969,593
91969,858
91969,590
127071,7323
127071,2571
127071,5445
127071,4226
127071,3578
127071,5902
127071,4886
127071,2959
127071,4878
127071,5377
123423,318
123423,356
123423,2571
123423,1291
123423,5064
123423,68954
123423,60069
123423,40629
123423,4306
123423,8961
138067,1210
138067,2115
138067,4226
138067,6874
138067,1222
138067,2000
138067,1201
138067,1732
138067,1220
138067,3996
82233,965
82233,750
82233,951
82233,8228
82233,955
82233,923
82233,2019
82233,1288
82233,953
82233,8337
96875,5218
96875,2329
96875,5995
96875,2028
96875,593
96875,50
96875,46723
96875,3949
96875,1089
96875,8961
13782,260
13782,1214
13782,527
13782,2858
13782,858
13782,2028
13782,1617
13782,2997
13782,110
13782,3578
132276,5418
132276,480
132276,260
132276,1198
132276,1196
132276,6539
132276,5952
132276,7153
132276,2000
132276,7143
18142,2762
18142,47
18142,356
18142,4973
18142,46578
18142,1206
18142,293
18142,111
18142,5418
18142,589
37581,58559
37581,588
37581,2571
37581,1291
37581,1088
37581,6942
37581,3147
37581,8360
37581,593
37581,2028
116077,58559
116077,7361
116077,296
116077,71535
116077,47
116077,2232
116077,54995
116077,1921
116077,60684
116077,44191
61699,500
61699,260
61699,2054
61699,3114
61699,4306
61699,586
61699,5218
61699,33794
61699,6378
61699,1097
113443,110
113443,1527
113443,61240
113443,3996
113443,2291
113443,2028
113443,1673
113443,1682
113443,290
113443,1090
47356,541
47356,3578
47356,2959
47356,2858
47356,68954
47356,49272
47356,110
47356,356
47356,70286
47356,1270
92840,32587
92840,2762
92840,150
92840,6365
92840,5445
92840,5952
92840,7153
92840,33794
92840,1208
92840,1732
100728,3578
100728,589
100728,7361
100728,1
100728,110
100728,1200
100728,55820
100728,68358
100728,1270
100728,1240
56474,5349
56474,39
56474,1500
56474,1197
56474,1777
56474,2959
56474,1527
56474,1968
56474,1653
56474,4571
117817,858
117817,780
117817,457
117817,2959
117817,1196
117817,260
117817,541
117817,165
117817,3578
117817,4993
101242,1090
101242,2160
101242,1084
101242,924
101242,2951
101242,3198
101242,3386
101242,7076
101242,1617
101242,2194
9647,5952
9647,4993
9647,1610
9647,150
9647,1580
9647,2858
9647,2959
9647,296
9647,377
9647,648
22213,2617
22213,5882
22213,39435
22213,3793
22213,8666
22213,56152
22213,33836
22213,40815
22213,7324
22213,53125
56070,2959
56070,1198
56070,318
56070,50
56070,593
56070,58559
56070,1196
56070,527
56070,541
56070,750
74683,110
74683,527
74683,593
74683,111
74683,356
74683,1732
74683,1089
74683,2858
74683,47
74683,56782
84405,54286
84405,4886
84405,8961
84405,49272
84405,1210
84405,3916
84405,33794
84405,8665
84405,6378
84405,356
77522,318
77522,7361
77522,1197
77522,903
77522,593
77522,908
77522,1207
77522,5952
77522,7153
77522,4993
28285,1213
28285,1222
28285,4993
28285,2571
28285,318
28285,1193
28285,56782
28285,50
28285,35836
28285,56367
68865,356
68865,296
68865,58559
68865,4963
68865,2858
68865,1704
68865,5299
68865,1968
68865,8984
68865,4447
125342,1580
125342,4025
125342,10
125342,2273
125342,5872
125342,4016
125342,595
125342,6373
125342,5418
125342,2006
12395,6539
12395,260
12395,3793
12395,110
12395,2959
12395,6333
12395,76093
12395,7438
12395,318
12395,858
54782,1089
54782,2959
54782,356
54782,6539
54782,42725
54782,47640
54782,8874
54782,8807
54782,2700
54782,1270
45402,7361
45402,356
45402,68157
45402,2858
45402,58559
45402,4878
45402,3949
45402,778
45402,1222
45402,4262
132671,593
132671,1210
132671,1196
132671,260
132671,4993
132671,2959
132671,1270
132671,356
132671,47
132671,2762
137865,59315
137865,48780
137865,8961
137865,48394
137865,54272
137865,364
137865,69122
137865,1682
137865,30793
137865,527
78840,4306
78840,60069
78840,110
78840,33794
78840,7153
78840,318
78840,58559
78840,527
78840,1
78840,48516
100471,25891
100471,25952
100471,25938
100471,34072
100471,26084
100471,38038
100471,25870
100471,25940
100471,5147
100471,53123
7020,1097
7020,3462
7020,1136
7020,1080
7020,1220
7020,1952
7020,858
7020,923
7020,4306
7020,7234
14449,223
14449,58559
14449,908
14449,1212
14449,1617
14449,3039
14449,2700
14449,2019
14449,33794
14449,70286
123054,1197
123054,1210
123054,31878
123054,2571
123054,1136
123054,4993
123054,4979
123054,5952
123054,2502
123054,3911
29638,5219
29638,6373
29638,8644
29638,8961
29638,72407
29638,60069
29638,8810
29638,780
29638,5459
29638,588
51992,1210
51992,356
51992,1206
51992,750
51992,2987
51992,32
51992,2011
51992,3174
51992,59315
51992,46976
18200,49272
18200,5418
18200,5349
18200,51662
18200,1704
18200,589
18200,3147
18200,1610
18200,8665
18200,4963
76835,3000
76835,48774
76835,593
76835,7361
76835,2329
76835,296
76835,1196
76835,750
76835,56782
76835,1210
112618,1196
112618,1580
112618,1210
112618,2571
112618,3578
112618,2028
112618,2858
112618,50
112618,110
112618,48516
102552,4886
102552,4306
102552,60069
102552,7361
102552,33794
102552,1210
102552,1196
102552,7147
102552,5989
102552,41566
111891,4886
111891,31658
111891,8360
111891,4306
111891,4366
111891,65261
111891,2687
111891,551
111891,41566
111891,79091
123392,5903
123392,4226
123392,356
123392,7361
123392,48780
123392,70286
123392,5989
123392,8644
123392,54286
123392,48774
47932,32
47932,1270
47932,1291
47932,33794
47932,589
47932,318
47932,70286
47932,68358
47932,1265
47932,4963
79623,6539
79623,44191
79623,3578
79623,6874
79623,32
79623,79132
79623,1196
79623,2762
79623,1210
79623,260
52654,903
52654,1304
52654,4361
52654,1234
52654,2352
52654,908
52654,1247
52654,1207
52654,1617
52654,2797
83635,5618
83635,5952
83635,7153
83635,1148
83635,541
83635,50
83635,1221
83635,4973
83635,2762
83635,1210
118353,78499
118353,7361
118353,79132
118353,551
118353,318
118353,4973
118353,8464
118353,51255
118353,66097
118353,6502
48425,480
48425,1270
48425,6539
48425,3578
48425,4886
48425,44191
48425,7361
48425,589
48425,5989
48425,3793
131069,1136
131069,50
131069,51662
131069,480
131069,110
131069,4995
131069,1270
131069,72998
131069,2502
131069,4022
72468,7153
72468,1210
72468,2858
72468,1200
72468,47
72468,1
72468,356
72468,1097
72468,592
72468,741
72994,593
72994,318
72994,527
72994,1221
72994,1961
72994,2028
72994,356
72994,509
72994,2959
72994,7361
25414,1265
25414,32
25414,1500
25414,1968
25414,2797
25414,1259
25414,150
25414,6539
25414,110
25414,5669
122524,2664
122524,71535
122524,88125
122524,6377
122524,8961
122524,2762
122524,919
122524,72998
122524,1340
122524,914
12158,4105
12158,3039
12158,1387
12158,2916
12158,1500
12158,6979
12158,223
12158,2028
12158,2918
12158,32
107918,2762
107918,4226
107918,6874
107918,318
107918,2028
107918,48780
107918,356
107918,7438
107918,48516
107918,4776
127897,47
127897,68954
127897,2329
127897,70286
127897,52973
127897,67087
127897,593
127897,36529
127897,54286
127897,49272
20066,7090
20066,5418
20066,4701
20066,4973
20066,6776
20066,3996
20066,4226
20066,4963
20066,6377
20066,5135
24454,296
24454,589
24454,858
24454,1617
24454,16
24454,6
24454,592
24454,1196
24454,593
24454,50
108358,5952
108358,4993
108358,47
108358,1270
108358,1200
108358,1036
108358,1527
108358,8961
108358,99114
108358,5445
112179,4963
112179,49272
112179,2762
112179,59315
112179,68157
112179,2571
112179,6377
112179,70286
112179,1291
112179,64614
132113,60069
132113,68319
132113,53996
132113,60072
132113,33794
132113,62081
132113,5952
132113,7153
132113,4993
132113,58025
8488,3578
8488,2716
8488,296
8488,2959
8488,51662
8488,1610
8488,1201
8488,1222
8488,2791
8488,3300
125387,78499
125387,68237
125387,7361
125387,50
125387,56782
125387,2959
125387,60069
125387,46578
125387,2858
125387,56367
127757,33794
127757,45499
127757,35836
127757,5816
127757,8644
127757,33493
127757,6378
127757,53996
127757,56367
127757,46578
1048,44199
1048,89774
1048,106782
1048,3897
1048,1961
1048,8798
1048,527
1048,98961
1048,6016
1048,4022
95767,1230
95767,337
95767,912
95767,2997
95767,8958
95767,1784
95767,5995
95767,1185
95767,508
95767,1183
935,4973
935,2571
935,589
935,8360
935,1682
935,356
935,1246
935,6539
935,908
935,6711
107130,79132
107130,33493
107130,71535
107130,6502
107130,61024
107130,53000
107130,97913
107130,2700
107130,2959
107130,95441
54641,1
54641,1198
54641,64969
54641,6537
54641,6365
54641,6539
54641,8961
54641,1376
54641,4886
54641,6934
94811,593
94811,2329
94811,1274
94811,589
94811,2028
94811,1198
94811,318
94811,51662
94811,5903
94811,1089
130877,1206
130877,608
130877,4973
130877,1258
130877,1208
130877,1199
130877,5952
130877,7153
130877,4993
130877,1175
110233,51662
110233,1196
110233,1210
110233,260
110233,3578
110233,2959
110233,356
110233,44191
110233,1291
110233,780
42791,2959
42791,2028
42791,480
42791,1214
42791,33493
42791,6539
42791,2329
42791,6934
42791,8947
42791,1198
50201,47
50201,318
50201,79132
50201,2959
50201,1210
50201,1222
50201,68157
50201,32
50201,74458
50201,70286
112922,1580
112922,72998
112922,316
112922,79132
112922,6979
112922,56174
112922,82461
112922,733
112922,1036
112922,2105
95547,58347
95547,40629
95547,357
95547,916
95547,2193
95547,597
95547,6539
95547,81847
95547,1500
95547,2716
1704,79132
1704,2959
1704,4993
1704,69122
1704,6539
1704,8874
1704,5952
1704,7153
1704,44191
1704,79702
70981,2762
70981,110
70981,1097
70981,1721
70981,913
70981,318
70981,1252
70981,1
70981,1221
70981,1203
99985,608
99985,2959
99985,1394
99985,1240
99985,38038
99985,750
99985,551
99985,4571
99985,593
99985,34405
76065,110
76065,1704
76065,356
76065,1259
76065,50
76065,1193
76065,1221
76065,527
76065,2329
76065,47
116869,4226
116869,1206
116869,7153
116869,293
116869,48516
116869,58559
116869,318
116869,4995
116869,1221
116869,1193
76283,1704
76283,47
76283,111
76283,527
76283,2762
76283,454
76283,4995
76283,1732
76283,1721
76283,1265
21868,2762
21868,750
21868,5618
21868,1193
21868,1214
21868,1
21868,7361
21868,457
21868,1234
21868,1201
52692,296
52692,648
52692,8636
52692,2329
52692,54286
52692,1291
52692,1198
52692,1485
52692,3623
52692,2115
69731,33794
69731,58559
69731,586
69731,49272
69731,480
69731,589
69731,7361
69731,5995
69731,4718
69731,32
58161,2571
58161,4973
58161,3996
58161,318
58161,260
58161,4223
58161,1291
58161,1198
58161,1242
58161,4103
31002,1
31002,356
31002,4963
31002,480
31002,58559
31002,1022
31002,2424
31002,2291
31002,1291
31002,110
130446,2858
130446,778
130446,32
130446,293
130446,1258
130446,2288
130446,4437
130446,67255
130446,82242
130446,1089
34897,7153
34897,4993
34897,4973
34897,2959
34897,1136
34897,318
34897,79132
34897,48394
34897,56367
34897,7361
96749,109374
96749,4226
96749,2858
96749,99114
96749,260
96749,858
96749,112852
96749,541
96749,778
96749,4878
126067,913
126067,1269
126067,750
126067,4848
126067,911
126067,32
126067,1175
126067,4973
126067,235
126067,4027
125240,1213
125240,608
125240,1252
125240,1288
125240,1617
125240,593
125240,750
125240,1221
125240,3551
125240,1673
67618,1721
67618,1682
67618,6016
67618,1198
67618,1193
67618,50
67618,1222
67618,364
67618,6874
67618,541
101555,7361
101555,4973
101555,46578
101555,7323
101555,44694
101555,5878
101555,8973
101555,6942
101555,36517
101555,6711
66678,1240
66678,589
66678,780
66678,1301
66678,592
66678,150
66678,380
66678,329
66678,1198
66678,377
11651,7153
11651,293
11651,1136
11651,1221
11651,1252
11651,1258
11651,8961
11651,5782
11651,1222
11651,2502
58817,356
58817,4973
58817,2571
58817,91542
58817,73017
58817,81591
58817,86882
58817,68954
58817,6942
58817,60069
58628,72998
58628,48516
58628,49272
58628,68954
58628,33166
58628,27611
58628,48780
58628,63082
58628,69481
58628,30707
107535,7153
107535,6874
107535,4963
107535,165
107535,2115
107535,3147
107535,6365
107535,1210
107535,480
107535,1961
2071,1214
2071,1732
2071,608
2071,4034
2071,2502
2071,3160
2071,2858
2071,551
2071,223
2071,1527
113835,1580
113835,296
113835,356
113835,5349
113835,1198
113835,7153
113835,4993
113835,33794
113835,4963
113835,589
91642,47
91642,527
91642,63082
91642,44555
91642,8961
91642,778
91642,4995
91642,858
91642,1
91642,68954
38903,5349
38903,6539
38903,7099
38903,4226
38903,2959
38903,318
38903,296
38903,40815
38903,527
38903,5690
43552,69844
43552,68954
43552,79702
43552,112852
43552,6377
43552,1580
43552,56367
43552,6539
43552,106920
43552,66934
33751,5952
33751,4993
33751,7153
33751,318
33751,89745
33751,68157
33751,2329
33751,111362
33751,2858
33751,4878
12700,55820
12700,68954
12700,48774
12700,68358
12700,82459
12700,68237
12700,49272
12700,41569
12700,56782
12700,37729
126894,1221
126894,2571
126894,2858
126894,2329
126894,318
126894,2959
126894,750
126894,1136
126894,541
126894,47
132426,593
132426,2762
132426,318
132426,1250
132426,1234
132426,1304
132426,1079
132426,4361
132426,1198
132426,527
137342,3578
137342,7143
137342,5445
137342,5463
137342,4901
137342,7324
137342,7153
137342,1479
137342,1408
137342,8798
124629,1270
124629,4226
124629,260
124629,1196
124629,3578
124629,1200
124629,1036
124629,4306
124629,110
124629,527
70681,750
70681,2692
70681,246
70681,1449
70681,3481
70681,6620
70681,3911
70681,6867
70681,2248
70681,608
117971,930
117971,1262
117971,6378
117971,1086
117971,73017
117971,1028
117971,7072
117971,954
117971,26084
117971,53972
93258,2858
93258,1258
93258,1210
93258,293
93258,2329
93258,4262
93258,48516
93258,1653
93258,27773
93258,6711
78440,1580
78440,4963
78440,1291
78440,780
78440,356
78440,1210
78440,552
78440,1376
78440,5349
78440,2424
102931,3897
102931,593
102931,1235
102931,318
102931,4226
102931,2959
102931,2502
102931,47
102931,1193
102931,4979
64349,35836
64349,586
64349,364
64349,2918
64349,500
64349,8641
64349,1968
64349,7173
64349,4886
64349,593
77081,3578
77081,2959
77081,1240
77081,1036
77081,16
77081,6
77081,8228
77081,1258
77081,5445
77081,4034
137313,50
137313,480
137313,260
137313,527
137313,593
137313,1136
137313,150
137313,1196
137313,858
137313,6711
124447,3949
124447,2858
124447,1258
124447,6502
124447,70286
124447,44974
124447,1193
124447,27773
124447,8957
124447,5954
72649,1210
72649,66934
72649,1136
72649,1198
72649,593
72649,5952
72649,7153
72649,4993
72649,4226
72649,99114
15439,1258
15439,778
15439,1997
15439,7361
15439,2329
15439,3949
15439,56367
15439,2959
15439,1206
15439,593
50797,48780
50797,296
50797,2571
50797,3578
50797,49272
50797,48774
50797,49530
50797,55118
50797,46723
50797,53972
128809,110
128809,1136
128809,541
128809,318
128809,4993
128809,31658
128809,44191
128809,3000
128809,3578
128809,1
79441,5952
79441,2571
79441,6539
79441,110
79441,3996
79441,4993
79441,1210
79441,1275
79441,3793
79441,1198
84633,2329
84633,5989
84633,5952
84633,1291
84633,50
84633,1961
84633,4226
84633,1197
84633,858
84633,3256
43717,1136
43717,1721
43717,260
43717,1198
43717,8368
43717,8360
43717,3578
43717,2628
43717,780
43717,2987
29719,4016
29719,50872
29719,78499
29719,81847
29719,2081
29719,1197
29719,76093
29719,356
29719,4993
29719,58559
133992,60069
133992,56152
133992,8368
133992,76093
133992,69844
133992,45722
133992,4246
133992,33615
133992,37729
133992,53125
91525,68157
91525,2329
91525,608
91525,296
91525,4973
91525,48516
91525,1089
91525,778
91525,593
91525,47
29566,2571
29566,1
29566,2762
29566,46578
29566,4306
29566,68954
29566,1270
29566,1265
29566,69122
29566,500
131010,6377
131010,4973
131010,48394
131010,2997
131010,364
131010,4979
131010,7438
131010,1270
131010,6711
131010,1136
22964,7361
22964,2959
22964,46578
22964,56367
22964,63082
22964,8784
22964,318
22964,68954
22964,8874
22964,4878
34328,54286
34328,5418
34328,2028
34328,296
34328,527
34328,4226
34328,8665
34328,58559
34328,55765
34328,1221
40271,1367
40271,5952
40271,2085
40271,4340
40271,296
40271,2571
40271,318
40271,2028
40271,33158
40271,1193
35945,40815
35945,50872
35945,68358
35945,46578
35945,54286
35945,8665
35945,96079
35945,76093
35945,48394
35945,80463
127890,70286
127890,2329
127890,48394
127890,55442
127890,5971
127890,32
127890,48774
127890,1921
127890,4873
127890,60069
74590,50
74590,2858
74590,2329
74590,47
74590,4262
74590,4226
74590,593
74590,1208
74590,778
74590,2571
27631,48516
27631,1089
27631,3578
27631,58559
27631,48304
27631,778
27631,49530
27631,527
27631,2028
27631,44555
50620,47
50620,296
50620,1291
50620,4993
50620,593
50620,8961
50620,4011
50620,260
50620,1196
50620,48516
16956,1196
16956,1036
16956,1089
16956,2692
16956,1682
16956,1136
16956,5445
16956,1210
16956,4963
16956,608
35029,6539
35029,1527
35029,1291
35029,8636
35029,1198
35029,1210
35029,1580
35029,2959
35029,44191
35029,1200
72720,79132
72720,2858
72720,6874
72720,81845
72720,45720
72720,56367
72720,4878
72720,2424
72720,63082
72720,47
136267,46578
136267,1704
136267,318
136267,56367
136267,48516
136267,81591
136267,4963
136267,80489
136267,72011
136267,40819
49243,6666
49243,1220
49243,1219
49243,5105
49243,903
49243,1333
49243,1199
49243,7396
49243,858
49243,1296
64592,60069
64592,49530
64592,54286
64592,64957
64592,48516
64592,49272
64592,68157
64592,72998
64592,74458
64592,46723
136989,91630
136989,80463
136989,91529
136989,45186
136989,54286
136989,35836
136989,96079
136989,89745
136989,102445
136989,97304
67239,79132
67239,2997
67239,1653
67239,356
67239,1527
67239,2762
67239,3578
67239,44555
67239,293
67239,3949
84809,6539
84809,2762
84809,908
84809,457
84809,1234
84809,954
84809,3578
84809,1242
84809,953
84809,6377
89598,1580
89598,1291
89598,1270
89598,3793
89598,77561
89598,59369
89598,1610
89598,2011
89598,1704
89598,49272
113922,6502
113922,541
113922,4226
113922,70286
113922,58559
113922,68358
113922,2858
113922,318
113922,1200
113922,260
122161,1206
122161,2959
122161,1200
122161,1214
122161,1089
122161,1208
122161,7361
122161,1732
122161,6711
122161,589
112256,79091
112256,50872
112256,59784
112256,8961
112256,4447
112256,364
112256,76093
112256,68954
112256,85367
112256,31685
45040,4085
45040,457
45040,2571
45040,4002
45040,3255
45040,2302
45040,2423
45040,3361
45040,1265
45040,5989
84971,1261
84971,2455
84971,7984
84971,6659
84971,2232
84971,2867
84971,1347
84971,7360
84971,7115
84971,5853
43334,593
43334,293
43334,50
43334,2858
43334,296
43334,1089
43334,2997
43334,2542
43334,318
43334,7438
53877,72998
53877,3578
53877,741
53877,480
53877,68157
53877,5903
53877,4226
53877,60069
53877,59315
53877,1270
51243,356
51243,1213
51243,858
51243,296
51243,2329
51243,1208
51243,110
51243,1221
51243,111
51243,2762
44086,318
44086,296
44086,4878
44086,4226
44086,7361
44086,96610
44086,8961
44086,108932
44086,109374
44086,1136
76101,5816
76101,81834
76101,2687
76101,54259
76101,69844
76101,5952
76101,7153
76101,4993
76101,60069
76101,68954
84887,1682
84887,6874
84887,733
84887,2762
84887,54286
84887,5445
84887,1097
84887,4886
84887,48394
84887,2791
43246,4995
43246,99114
43246,91658
43246,527
43246,72998
43246,102407
43246,60950
43246,74458
43246,97921
43246,90405
113541,30825
113541,5900
113541,1784
113541,5989
113541,2424
113541,8529
113541,31685
113541,3408
113541,43836
113541,6870
99158,541
99158,2858
99158,32
99158,858
99158,2959
99158,750
99158,7361
99158,58559
99158,1089
99158,47
119571,318
119571,1136
119571,1193
119571,1196
119571,50
119571,46578
119571,6711
119571,593
119571,48394
119571,6874
12629,2762
12629,1089
12629,111
12629,1961
12629,589
12629,8873
12629,1246
12629,1094
12629,1200
12629,1997
114311,4226
114311,6874
114311,318
114311,8957
114311,51662
114311,50
114311,32587
114311,48385
114311,27773
114311,1213
97891,318
97891,1527
97891,1258
97891,70286
97891,68157
97891,6539
97891,50
97891,7502
97891,48394
97891,3702
96649,33794
96649,54503
96649,36529
96649,1222
96649,44665
96649,1580
96649,7458
96649,780
96649,7293
96649,4816
57121,4027
57121,3114
57121,2761
57121,58559
57121,1265
57121,2997
57121,3000
57121,1270
57121,2959
57121,296
132826,5952
132826,7153
132826,60069
132826,2571
132826,2762
132826,48516
132826,50
132826,68954
132826,33794
132826,4878
46857,2959
46857,39
46857,364
46857,1136
46857,63082
46857,40870
46857,588
46857,56367
46857,4886
46857,2291
63013,318
63013,2028
63013,296
63013,59315
63013,59369
63013,110
63013,74458
63013,64614
63013,96610
63013,6378
116116,68157
116116,296
116116,1193
116116,2324
116116,74458
116116,4995
116116,5147
116116,63082
116116,3252
116116,1258
89966,7438
89966,1210
89966,1240
89966,593
89966,2987
89966,5952
89966,1198
89966,1196
89966,2700
89966,7153
5773,1285
5773,1
5773,1219
5773,1197
5773,1333
5773,2762
5773,2288
5773,1997
5773,5952
5773,7153
4843,33660
4843,110
4843,150
4843,356
4843,912
4843,318
4843,2762
4843,1961
4843,3147
4843,1234
2034,1198
2034,593
2034,1240
2034,2329
2034,589
2034,1732
2034,1291
2034,356
2034,1222
2034,1136
84629,6377
84629,4963
84629,457
84629,2353
84629,480
84629,5418
84629,3623
84629,30707
84629,1036
84629,8665
32415,32
32415,48516
32415,2762
32415,1222
32415,593
32415,356
32415,1270
32415,527
32415,377
32415,1193
63807,5418
63807,2571
63807,2762
63807,2028
63807,47
63807,6539
63807,3147
63807,356
63807,5464
63807,4306
82513,71535
82513,68358
82513,56367
82513,60069
82513,51255
82513,58998
82513,63131
82513,58559
82513,35836
82513,62434
95646,2502
95646,3255
95646,3477
95646,253
95646,1271
95646,1246
95646,2657
95646,1258
95646,2161
95646,3253
112935,2716
112935,1240
112935,1291
112935,4085
112935,2947
112935,1517
112935,2003
112935,592
112935,2459
112935,2115
124801,68954
124801,74450
124801,79091
124801,58559
124801,33679
124801,79139
124801,50872
124801,56775
124801,75341
124801,60069
31496,8360
31496,8961
31496,4306
31496,5618
31496,1721
31496,8970
31496,50872
31496,2125
31496,30816
31496,33493
84645,4973
84645,593
84645,2692
84645,908
84645,8961
84645,1269
84645,527
84645,3671
84645,3481
84645,913
26085,2571
26085,2959
26085,296
26085,5418
26085,48516
26085,1196
26085,73017
26085,68157
26085,79132
26085,260
88448,4993
88448,2959
88448,2762
88448,2571
88448,364
88448,79132
88448,6377
88448,150
88448,480
88448,4226
60912,5952
60912,260
60912,4993
60912,593
60912,3996
60912,541
60912,858
60912,7153
60912,1265
60912,4973
23102,54001
23102,87232
23102,1210
23102,316
23102,86332
23102,1198
23102,5349
23102,592
23102,45722
23102,65682
125274,2628
125274,356
125274,110
125274,595
125274,1
125274,480
125274,2355
125274,1270
125274,5349
125274,3793
11927,4973
11927,2762
11927,50
11927,296
11927,46578
11927,3897
11927,1961
11927,110
11927,2571
11927,1193
90027,6377
90027,1
90027,608
90027,908
90027,904
90027,1203
90027,750
90027,2324
90027,1617
90027,2762
43476,356
43476,44191
43476,2858
43476,6502
43476,1967
43476,48394
43476,2762
43476,1089
43476,1032
43476,4720
51537,79132
51537,68954
51537,58559
51537,4226
51537,46578
51537,60069
51537,44195
51537,3949
51537,30810
51537,68157
13807,593
13807,3793
13807,59315
13807,318
13807,1136
13807,4886
13807,1968
13807,2617
13807,8360
13807,586
113741,4993
113741,1291
113741,3578
113741,2571
113741,344
113741,2959
113741,7153
113741,5952
113741,2502
113741,1610
17434,1580
17434,4306
17434,1704
17434,858
17434,2858
17434,4878
17434,33166
17434,6
17434,6377
17434,1222
102671,46578
102671,2959
102671,4973
102671,750
102671,5952
102671,50
102671,39292
102671,4979
102671,904
102671,260
47928,2028
47928,48738
47928,1193
47928,6016
47928,48516
47928,2762
47928,1206
47928,6874
47928,41997
47928,1200
89503,260
89503,2858
89503,58559
89503,4963
89503,81845
89503,5989
89503,2329
89503,5418
89503,4995
89503,3578
46976,318
46976,296
46976,2291
46976,2959
46976,2858
46976,8376
46976,2571
46976,4886
46976,8961
46976,337
119720,2329
119720,111
119720,2858
119720,750
119720,7153
119720,1208
119720,1136
119720,58559
119720,7361
119720,47
123652,68157
123652,47
123652,49530
123652,79132
123652,1213
123652,1617
123652,1250
123652,1610
123652,356
123652,5952
82633,6365
82633,1200
82633,34405
82633,5400
82633,442
82633,2826
82633,1265
82633,2329
82633,7445
82633,1573
119833,2078
119833,2080
119833,2081
119833,1032
119833,8961
119833,50872
119833,78499
119833,588
119833,2087
119833,1907
91235,60069
91235,541
91235,70286
91235,68237
91235,2105
91235,1584
91235,1396
91235,2571
91235,3175
91235,8914
97076,318
97076,296
97076,2411
97076,2762
97076,2028
97076,1270
97076,780
97076,208
97076,2858
97076,2950
19768,858
19768,2997
19768,1136
19768,1207
19768,910
19768,1617
19768,527
19768,1204
19768,1086
19768,1197
16370,1
16370,534
16370,539
16370,5349
16370,1246
16370,2028
16370,1296
16370,4973
16370,593
16370,33794
115656,2959
115656,55820
115656,296
115656,50
115656,608
115656,2997
115656,750
115656,94959
115656,6711
115656,1221
30623,2716
30623,7153
30623,50
30623,1198
30623,2959
30623,589
30623,1200
30623,2571
30623,150
30623,110
92896,2028
92896,4306
92896,364
92896,2762
92896,380
92896,733
92896,736
92896,1721
92896,3408
92896,597
68051,589
68051,356
68051,3578
68051,110
68051,50
68051,2858
68051,457
68051,2028
68051,32587
68051,5418
112237,91529
112237,32
112237,33166
112237,6711
112237,6870
112237,2762
112237,48774
112237,49272
112237,1732
112237,1721
49534,588
49534,1196
49534,260
49534,4896
49534,2987
49534,8368
49534,1210
49534,8961
49534,6377
49534,1
105335,7361
105335,44555
105335,32
105335,527
105335,2571
105335,4235
105335,44191
105335,27773
105335,3949
105335,6874
2158,858
2158,1089
2158,442
2158,70
2158,1079
2158,8961
2158,1027
2158,2396
2158,4085
2158,1729
55088,1213
55088,33794
55088,6874
55088,7153
55088,1200
55088,52281
55088,7438
55088,51255
55088,1206
55088,750
24623,1210
24623,32
24623,58559
24623,293
24623,296
24623,750
24623,1748
24623,55167
24623,50
24623,8874
112344,1721
112344,60069
112344,64957
112344,1193
112344,68157
112344,4973
112344,4720
112344,293
112344,1172
112344,64622
87495,47610
87495,54286
87495,48516
87495,81845
87495,49272
87495,58559
87495,43396
87495,97304
87495,79132
87495,55290
125540,48516
125540,74458
125540,296
125540,44665
125540,6016
125540,58559
125540,2571
125540,8950
125540,63082
125540,50
49497,4878
49497,2959
49497,8874
49497,910
49497,551
49497,1136
49497,912
49497,58559
49497,4226
49497,51255
67015,356
67015,4973
67015,1214
67015,1036
67015,64614
67015,2019
67015,4878
67015,111
67015,2700
67015,2502
121499,318
121499,60069
121499,4973
121499,4226
121499,48516
121499,49272
121499,48394
121499,2762
121499,296
121499,593
32413,2302
32413,6377
32413,8961
32413,2571
32413,2997
32413,1079
32413,2396
32413,110
32413,1682
32413,3751
124449,2959
124449,48394
124449,595
124449,356
124449,77561
124449,3793
124449,73017
124449,87232
124449,296
124449,76251
29511,8961
29511,364
29511,8874
29511,1198
29511,4973
29511,2291
29511,4886
29511,7153
29511,8464
29511,356
9720,4963
9720,904
9720,903
9720,1247
9720,1276
9720,1278
9720,551
9720,4776
9720,1370
9720,7387
112418,3081
112418,4973
112418,4720
112418,4018
112418,7162
112418,4022
112418,1246
112418,1645
112418,58559
112418,40629
73903,34048
73903,588
73903,60069
73903,1387
73903,2571
73903,56367
73903,68954
73903,44191
73903,5989
73903,70286
51057,7153
51057,60684
51057,1676
51057,72998
51057,1196
51057,318
51057,7361
51057,589
51057,1240
51057,68358
45270,1222
45270,527
45270,2762
45270,3481
45270,3160
45270,1682
45270,5992
45270,5989
45270,1221
45270,6708
134021,589
134021,457
134021,736
134021,5445
134021,3578
134021,1917
134021,1584
134021,2762
134021,1198
134021,33794
93782,296
93782,1136
93782,1196
93782,1732
93782,2858
93782,7361
93782,5956
93782,2997
93782,3868
93782,6807
64928,49272
64928,5418
64928,54286
64928,1527
64928,8636
64928,48516
64928,8641
64928,68358
64928,608
64928,6934
91346,59315
91346,5952
91346,7153
91346,260
91346,1527
91346,1197
91346,780
91346,150
91346,316
91346,296
72884,318
72884,1198
72884,296
72884,47
72884,1580
72884,33794
72884,5418
72884,1291
72884,5445
72884,2858
115378,2028
115378,2762
115378,4963
115378,5816
115378,3176
115378,1580
115378,527
115378,5679
115378,5349
115378,4896
8979,53996
8979,51662
8979,7373
8979,60040
8979,56174
8979,50872
8979,4963
8979,2640
8979,253
8979,7481
7894,527
7894,8958
7894,357
7894,4022
7894,1680
7894,31685
7894,33166
7894,2502
7894,1088
7894,5014
105362,1580
105362,1196
105362,7153
105362,4306
105362,648
105362,3114
105362,1291
105362,2571
105362,8360
105362,33493
106086,47
106086,356
106086,2959
106086,2858
106086,49272
106086,46578
106086,7153
106086,4993
106086,48385
106086,1721
51883,56782
51883,55995
51883,55052
51883,57368
51883,27846
51883,48774
51883,7361
51883,48516
51883,6711
51883,8950
85662,50872
85662,54286
85662,48780
85662,48774
85662,44195
85662,41997
85662,33166
85662,8949
85662,61323
85662,54997
7784,111
7784,1193
7784,60684
7784,2160
7784,89745
7784,1270
7784,38061
7784,98809
7784,3994
7784,6
33143,1198
33143,2571
33143,2762
33143,1035
33143,953
33143,1333
33143,1674
33143,1207
33143,3147
33143,1193
117675,593
117675,50
117675,1086
117675,608
117675,1079
117675,6662
117675,2186
117675,2788
117675,541
117675,1214
53336,527
53336,2324
53336,63082
53336,79132
53336,60069
53336,50872
53336,81845
53336,88125
53336,4886
53336,500
54248,318
54248,56174
54248,69122
54248,55765
54248,4776
54248,8798
54248,54503
54248,5956
54248,47
54248,44199
100374,4306
100374,40629
100374,318
100374,54259
100374,6753
100374,50872
100374,1
100374,2359
100374,527
100374,4225
62117,2959
62117,1198
62117,7502
62117,79132
62117,318
62117,589
62117,60069
62117,50
62117,4993
62117,7153
109904,1208
109904,6016
109904,1196
109904,55820
109904,48394
109904,56782
109904,48774
109904,541
109904,1210
109904,778
53814,356
53814,296
53814,8961
53814,50
53814,5445
53814,1265
53814,3751
53814,1500
53814,47
53814,3052
26078,7153
26078,5989
26078,356
26078,6539
26078,6377
26078,4995
26078,4886
26078,5952
26078,1704
26078,2671
113923,7361
113923,58559
113923,293
113923,750
113923,44191
113923,49272
113923,48385
113923,1201
113923,79132
113923,76251
36662,2329
36662,91529
36662,2571
36662,79132
36662,296
36662,72998
36662,74458
36662,76093
36662,56367
36662,64614
98310,318
98310,58559
98310,33794
98310,91529
98310,78499
98310,480
98310,88125
98310,2081
98310,1580
98310,5816
1222,6874
1222,2028
1222,5952
1222,3578
1222,111
1222,4306
1222,475
1222,2396
1222,588
1222,6539
70473,296
70473,60069
70473,4878
70473,68954
70473,1
70473,68157
70473,51662
70473,54503
70473,1089
70473,5618
51297,908
51297,608
51297,593
51297,1225
51297,903
51297,1252
51297,527
51297,1148
51297,750
51297,913
72553,58559
72553,68358
72553,68791
72553,1527
72553,72998
72553,33794
72553,924
72553,2012
72553,5459
72553,1198
49524,6539
49524,1136
49524,5952
49524,318
49524,593
49524,2959
49524,527
49524,4306
49524,5445
49524,589
120773,50
120773,110
120773,380
120773,4963
120773,32
120773,648
120773,2716
120773,1208
120773,2706
120773,7438
57349,8965
57349,8961
57349,27706
57349,50601
57349,2161
57349,56152
57349,3489
57349,7293
57349,40815
57349,41573
30998,64614
30998,3421
30998,3039
30998,527
30998,377
30998,5989
30998,81932
30998,4022
30998,4007
30998,1663
48663,260
48663,173
48663,344
48663,356
48663,1544
48663,432
48663,296
48663,420
48663,784
48663,780
46979,593
46979,4226
46979,50
46979,4878
46979,27773
46979,7022
46979,2288
46979,6774
46979,3949
46979,4973
42368,7361
42368,1219
42368,1225
42368,2959
42368,593
42368,246
42368,1285
42368,2599
42368,26064
42368,1256
133755,1196
133755,5952
133755,50
133755,7153
133755,4973
133755,1610
133755,2686
133755,33794
133755,497
133755,6539
99555,1
99555,527
99555,8961
99555,2028
99555,356
99555,7153
99555,5952
99555,150
99555,1704
99555,6539
35258,6539
35258,1682
35258,2321
35258,2716
35258,1961
35258,380
35258,4963
35258,8961
35258,4027
35258,2301
74437,3793
74437,364
74437,318
74437,5349
74437,2762
74437,1265
74437,3114
74437,3578
74437,110
74437,2716
52452,33166
52452,47610
52452,8798
52452,37733
52452,70286
52452,64614
52452,68157
52452,60684
52452,4056
52452,30707
36393,2329
36393,2959
36393,1206
36393,296
36393,1089
36393,1215
36393,54995
36393,968
36393,6957
36393,1261
65083,1198
65083,356
65083,2571
65083,1210
65083,6539
65083,4995
65083,1136
65083,4306
65083,1035
65083,1246
124174,44191
124174,2329
124174,50
124174,4226
124174,318
124174,1214
124174,2028
124174,780
124174,4306
124174,6539
76911,6365
76911,50
76911,2916
76911,1080
76911,4963
76911,293
76911,3793
76911,364
76911,48394
76911,1225
135099,2571
135099,356
135099,593
135099,6711
135099,527
135099,1214
135099,1923
135099,480
135099,1617
135099,32587
120466,1197
120466,1214
120466,593
120466,1210
120466,2571
120466,318
120466,1387
120466,858
120466,2791
120466,924
84288,356
84288,593
84288,3147
84288,4878
84288,741
84288,1198
84288,1274
84288,39446
84288,2985
84288,5146
96544,60069
96544,1375
96544,1270
96544,2571
96544,364
96544,1214
96544,110
96544,8636
96544,2393
96544,924
40539,2571
40539,110
40539,3578
40539,58559
40539,2959
40539,5010
40539,356
40539,260
40539,4995
40539,6502
6297,2329
6297,4226
6297,50
6297,68157
6297,49272
6297,48516
6297,356
6297,78160
6297,32587
6297,68954
92821,2959
92821,293
92821,778
92821,47
92821,541
92821,2571
92821,1089
92821,2542
92821,7153
92821,4993
110825,6863
110825,1884
110825,2109
110825,55765
110825,4776
110825,589
110825,5902
110825,778
110825,1617
110825,333
2013,50
2013,4226
2013,6539
2013,5952
2013,4973
2013,2959
2013,4963
2013,589
2013,356
2013,318
14374,2959
14374,32587
14374,33794
14374,6867
14374,1221
14374,34542
14374,2542
14374,97
14374,32
14374,40819
27731,2700
27731,356
27731,2571
27731,47
27731,32587
27731,1241
27731,6731
27731,33794
27731,1240
27731,79008
48909,72998
48909,3949
48909,102125
48909,97752
48909,98809
48909,106489
48909,527
48909,5995
48909,30812
48909,33493
104916,58559
104916,27873
104916,8874
104916,71535
104916,2288
104916,99114
104916,8914
104916,106100
104916,91529
104916,48385
38809,1210
38809,76093
38809,2571
38809,68358
38809,4306
38809,6377
38809,8961
38809,98809
38809,541
38809,58559
36365,5418
36365,150
36365,33794
36365,4306
36365,1580
36365,4963
36365,3578
36365,2683
36365,1198
36365,4886
56961,58295
56961,5400
56961,2858
56961,33679
56961,51935
56961,349
56961,88140
56961,55765
56961,4306
56961,97923
58976,110
58976,4226
58976,150
58976,1291
58976,1198
58976,293
58976,32587
58976,4993
58976,6539
58976,33794
12130,2959
12130,6711
12130,2692
12130,4027
12130,37729
12130,1682
12130,30793
12130,1884
12130,46578
12130,608
80716,2959
80716,8961
80716,2918
80716,50
80716,48774
80716,223
80716,4226
80716,1210
80716,60040
80716,7802
60925,5669
60925,593
60925,2762
60925,50
60925,1225
60925,1527
60925,58
60925,1584
60925,2502
60925,1265
108147,1
108147,4306
108147,79132
108147,2762
108147,4886
108147,6377
108147,5952
108147,4993
108147,78499
108147,58559
65356,4011
65356,593
65356,318
65356,4878
65356,778
65356,1213
65356,2542
65356,32587
65356,7387
65356,1228
58603,1704
58603,4993
58603,32
58603,1265
58603,2762
58603,50
58603,1208
58603,1
58603,6377
58603,7153
40300,7361
40300,527
40300,2028
40300,2571
40300,58559
40300,608
40300,296
40300,6874
40300,3578
40300,32
30713,49272
30713,5816
30713,4973
30713,4995
30713,33794
30713,4720
30713,51662
30713,7438
30713,58559
30713,60069
76888,260
76888,1196
76888,1584
76888,1270
76888,2918
76888,2174
76888,2858
76888,2012
76888,356
76888,2340
75312,4226
75312,4878
75312,296
75312,55269
75312,2395
75312,1089
75312,46578
75312,778
75312,30810
75312,5618
93625,89745
93625,91529
93625,318
93625,58559
93625,87232
93625,3793
93625,33794
93625,110
93625,3578
93625,8368
22543,480
22543,30749
22543,110
22543,2990
22543,4993
22543,5010
22543,5872
22543,780
22543,2959
22543,54286
93146,58559
93146,31658
93146,5971
93146,7924
93146,54503
93146,25788
93146,56782
93146,5618
93146,65261
93146,44555
15521,33794
15521,91529
15521,5618
15521,60069
15521,2918
15521,2502
15521,296
15521,68954
15521,1732
15521,96610
109456,296
109456,2329
109456,58559
109456,2959
109456,3949
109456,356
109456,51662
109456,4873
109456,2502
109456,48780
73565,2959
73565,76093
73565,780
73565,2012
73565,2174
73565,2011
73565,69757
73565,3489
73565,6539
73565,58559
74565,7361
74565,1704
74565,5418
74565,63082
74565,457
74565,5445
74565,68954
74565,80463
74565,1784
74565,6377
22300,44191
22300,58559
22300,88125
22300,5952
22300,81834
22300,7153
22300,296
22300,6539
22300,318
22300,4226
39969,55280
39969,95088
39969,74324
39969,59126
39969,47999
39969,27846
39969,7361
39969,63859
39969,79132
39969,68954
97625,2141
97625,31420
97625,54997
97625,55765
97625,4370
97625,414
97625,2539
97625,5151
97625,7173
97625,5076
2217,7361
2217,4995
2217,1271
2217,7147
2217,4308
2217,4246
2217,1584
2217,1784
2217,4963
2217,3052
17954,150
17954,457
17954,32
17954,33794
17954,1198
17954,1270
17954,527
17954,3793
17954,4226
17954,4963
58270,8361
58270,1573
58270,1527
58270,356
58270,53972
58270,1544
58270,5481
58270,7254
58270,1485
58270,3751
84444,5445
84444,4963
84444,296
84444,1610
84444,1036
84444,2115
84444,54286
84444,48780
84444,8961
84444,1704
123686,1198
123686,1240
123686,1261
123686,4105
123686,1196
123686,924
123686,260
123686,150
123686,7022
123686,1210
35849,69481
35849,105844
35849,106782
35849,1704
35849,112290
35849,88810
35849,50
35849,78499
35849,102993
35849,102194
100892,5445
100892,2081
100892,4995
100892,41566
100892,318
100892,2571
100892,527
100892,8368
100892,5816
100892,4896
90138,3105
90138,1304
90138,39292
90138,1219
90138,1247
90138,1674
90138,34437
90138,40278
90138,5015
90138,3897
36626,318
36626,5952
36626,356
36626,58559
36626,40815
36626,527
36626,7361
36626,4226
36626,44191
36626,6365
74685,56367
74685,58559
74685,55820
74685,1961
74685,48780
74685,4995
74685,1060
74685,64839
74685,44199
74685,69122
91547,3730
91547,1193
91547,541
91547,1219
91547,903
91547,8207
91547,1945
91547,923
91547,318
91547,1263
24003,858
24003,593
24003,527
24003,260
24003,49530
24003,293
24003,2028
24003,2329
24003,54286
24003,59315
72045,920
72045,1193
72045,2959
72045,2396
72045,509
72045,8973
72045,778
72045,527
72045,1961
72045,899
1073,4878
1073,2858
1073,4886
1073,4993
1073,7361
1073,1198
1073,7153
1073,5952
1073,2011
1073,1291
5805,527
5805,1198
5805,898
5805,1204
5805,6254
5805,47629
5805,899
5805,1250
5805,50
5805,44555
14734,293
14734,2329
14734,8874
14734,3793
14734,48780
14734,1222
14734,32
14734,1617
14734,8636
14734,8961
65349,55282
65349,68952
65349,56339
65349,45081
65349,8957
65349,1717
65349,51709
65349,1347
65349,56145
65349,3409
129105,79132
129105,47099
129105,8533
129105,80463
129105,3916
129105,55872
129105,58559
129105,49530
129105,64957
129105,63082
125241,3052
125241,7451
125241,5902
125241,8366
125241,2599
125241,3186
125241,4867
125241,3882
125241,4975
125241,8966
61640,45722
61640,3000
61640,4896
61640,37729
61640,3081
61640,44191
61640,58559
61640,79132
61640,2291
61640,1196
76843,37386
76843,56171
76843,68358
76843,47997
76843,54503
76843,37830
76843,51662
76843,53996
76843,48394
76843,8874
38834,356
38834,260
38834,1210
38834,4306
38834,59315
38834,3996
38834,110
38834,33794
38834,8961
38834,44191
82433,105504
82433,97304
82433,89492
82433,59369
82433,80489
82433,6378
82433,4963
82433,72641
82433,145
82433,5418
2423,106487
2423,89492
2423,97304
2423,3916
2423,79132
2423,1197
2423,81845
2423,98154
2423,1704
2423,2571
29833,4979
29833,6377
29833,1500
29833,2248
29833,6711
29833,1968
29833,1288
29833,8961
29833,1247
29833,2858
91557,2571
91557,47
91557,356
91557,48516
91557,1270
91557,33794
91557,35836
91557,480
91557,150
91557,8961
74222,1252
74222,2288
74222,4027
74222,1079
74222,589
74222,2528
74222,3703
74222,109374
74222,32587
74222,111759
119014,33794
119014,48780
119014,48516
119014,318
119014,96079
119014,2571
119014,4226
119014,49530
119014,59315
119014,2028
78860,778
78860,1921
78860,2997
78860,6016
78860,6874
78860,7361
78860,2076
78860,4226
78860,6666
78860,7748
15758,85881
15758,81847
15758,71579
15758,364
15758,81784
15758,87222
15758,51834
15758,94070
15758,80549
15758,54259
133235,68157
133235,48516
133235,296
133235,4963
133235,356
133235,33794
133235,2959
133235,3578
133235,5989
133235,51255
81485,106782
81485,7361
81485,99114
81485,44191
81485,89745
81485,3578
81485,7153
81485,88744
81485,112623
81485,68157
131572,5952
131572,318
131572,4993
131572,60069
131572,47
131572,7153
131572,48774
131572,70286
131572,48780
131572,2028
39441,6787
39441,1242
39441,1203
39441,1252
39441,1267
39441,1950
39441,8337
39441,6777
39441,110
39441,1276
107608,2762
107608,1961
107608,55820
107608,527
107608,2313
107608,1221
107608,50
107608,4848
107608,293
107608,1201
35054,55820
35054,60069
35054,1196
35054,1
35054,3000
35054,4226
35054,1206
35054,46578
35054,2997
35054,1258
85573,34319
85573,4958
85573,5151
85573,48780
85573,1240
85573,296
85573,527
85573,4018
85573,2402
85573,1527
11201,1241
11201,1982
11201,968
11201,1991
11201,57274
11201,2288
11201,7387
11201,7360
11201,1975
11201,53000
85190,5299
85190,8784
85190,253
85190,55820
85190,45720
85190,55267
85190,69844
85190,1962
85190,50685
85190,7155
47052,1274
47052,8464
47052,31878
47052,48394
47052,36529
47052,27660
47052,49530
47052,30707
47052,5690
47052,3996
19840,1270
19840,1198
19840,2396
19840,1704
19840,2571
19840,2959
19840,318
19840,2858
19840,539
19840,2115
128879,6377
128879,6539
128879,6373
128879,8984
128879,6378
128879,356
128879,45722
128879,5952
128879,97921
128879,58559
15339,356
15339,1036
15339,293
15339,6874
15339,608
15339,1249
15339,44555
15339,858
15339,1089
15339,80906
27273,7361
27273,2329
27273,593
27273,1198
27273,318
27273,3578
27273,48516
27273,33794
27273,858
27273,2028
107508,46578
107508,6942
107508,2858
107508,7153
107508,5377
107508,63082
107508,6711
107508,4308
107508,593
107508,5989
91964,50
91964,1136
91964,318
91964,1198
91964,589
91964,260
91964,5952
91964,1196
91964,1291
91964,54286
67355,58559
67355,2571
67355,4973
67355,2959
67355,7361
67355,4027
67355,48516
67355,1732
67355,1206
67355,1193
59362,608
59362,6016
59362,1193
59362,2291
59362,7327
59362,2997
59362,4973
59362,1213
59362,593
59362,1196
61410,296
61410,593
61410,2858
61410,50
61410,4973
61410,356
61410,527
61410,4246
61410,2762
61410,2571
66144,2571
66144,1
66144,480
66144,296
66144,4226
66144,593
66144,7361
66144,260
66144,59315
66144,48516
14331,593
14331,7147
14331,1285
14331,3081
14331,2174
14331,72731
14331,56367
14331,1197
14331,74458
14331,30810
26022,296
26022,1036
26022,2997
26022,1136
26022,593
26022,50
26022,457
26022,1923
26022,1288
26022,223
118882,8961
118882,30793
118882,44199
118882,34162
118882,33166
118882,30749
118882,44195
118882,33639
118882,32587
118882,34405
38398,3578
38398,260
38398,593
38398,48774
38398,1210
38398,44191
38398,1089
38398,110
38398,1387
38398,31878
57957,1206
57957,7153
57957,2959
57957,2571
57957,1221
57957,5952
57957,924
57957,6874
57957,1136
57957,1196
133196,32
133196,4878
133196,593
133196,1089
133196,2997
133196,1206
133196,2329
133196,3949
133196,608
133196,778
75244,1210
75244,1196
75244,1213
75244,4226
75244,1222
75244,7361
75244,1197
75244,1291
75244,1732
75244,3897
47476,48780
47476,55820
47476,55765
47476,46976
47476,33166
47476,56788
47476,59315
47476,47610
47476,58295
47476,55290
114112,5952
114112,4993
114112,58559
114112,356
114112,2858
114112,109374
114112,31658
114112,55820
114112,1527
114112,7153
38820,3676
38820,51540
38820,1237
38820,2076
38820,27904
38820,680
38820,2160
38820,3788
38820,1258
38820,6748
72056,2858
72056,44191
72056,750
72056,4226
72056,778
72056,4873
72056,48394
72056,48774
72056,7438
72056,1921
113617,6874
113617,44191
113617,1198
113617,48516
113617,50
113617,32
113617,3578
113617,7153
113617,4993
113617,5952
57881,410
57881,541
57881,1784
57881,32
57881,1198
57881,4370
57881,33794
57881,2539
57881,5377
57881,51662
31811,2997
31811,3996
31811,2959
31811,2291
31811,1073
31811,4308
31811,2858
31811,8910
31811,2657
31811,7147
30166,318
30166,7438
30166,7323
30166,1682
30166,2571
30166,44555
30166,1097
30166,1291
30166,8873
30166,110
29258,4886
29258,4306
29258,5679
29258,3408
29258,8360
29258,39
29258,500
29258,5502
29258,2572
29258,4963
65614,588
65614,4306
65614,6377
65614,6539
65614,1198
65614,480
65614,3793
65614,1291
65614,68358
65614,79132
17508,2502
17508,1721
17508,292
17508,736
17508,8665
17508,45722
17508,4306
17508,5989
17508,1
17508,1682
13517,6539
13517,1136
13517,596
13517,260
13517,3429
13517,2571
13517,38038
13517,2959
13517,1198
13517,593
57691,5952
57691,4993
57691,32
57691,1198
57691,32587
57691,1291
57691,1089
57691,527
57691,44191
57691,3578
95655,7153
95655,4011
95655,51662
95655,5952
95655,6539
95655,4226
95655,33794
95655,10
95655,589
95655,5989
42680,1101
42680,3360
42680,2424
42680,3098
42680,8614
42680,586
42680,349
42680,4291
42680,440
42680,539
29117,608
29117,527
29117,356
29117,7153
29117,4306
29117,1704
29117,110
29117,2762
29117,1291
29117,3578
90536,1196
90536,2571
90536,44191
90536,51662
90536,34405
90536,48394
90536,2959
90536,4878
90536,79132
90536,5349
92755,4011
92755,32587
92755,74458
92755,72998
92755,51255
92755,296
92755,49272
92755,46578
92755,73017
92755,4239
10598,2329
10598,5418
10598,2571
10598,2959
10598,2502
10598,8665
10598,6874
10598,8644
10598,7254
10598,7445
75104,260
75104,1036
75104,6539
75104,3793
75104,5349
75104,1210
75104,480
75104,5574
75104,8636
75104,36519
36585,858
36585,50
36585,2858
36585,104841
36585,99114
36585,296
36585,1136
36585,7502
36585,92259
36585,84152
63237,480
63237,6333
63237,1917
63237,3793
63237,589
63237,1
63237,648
63237,2628
63237,1584
63237,380
14236,1291
14236,223
14236,2716
14236,39
14236,1923
14236,597
14236,32
14236,4963
14236,1193
14236,1
49877,4886
49877,1258
49877,2916
49877,1
49877,1097
49877,2858
49877,1573
49877,1784
49877,3081
49877,2003
54348,5989
54348,4954
54348,4886
54348,6378
54348,2764
54348,1961
54348,3148
54348,6879
54348,2762
54348,858
84467,4016
84467,780
84467,2959
84467,364
84467,588
84467,45722
84467,296
84467,6874
84467,2355
84467,7361
68081,778
68081,1206
68081,2959
68081,318
68081,356
68081,2571
68081,527
68081,4973
68081,1682
68081,1222
5337,4306
5337,296
5337,4226
5337,593
5337,4995
5337,64957
5337,7254
5337,4973
5337,597
5337,1955
101344,4306
101344,2706
101344,2329
101344,377
101344,6365
101344,648
101344,2683
101344,104
101344,7143
101344,3753
57879,2762
57879,780
57879,4306
57879,1198
57879,1210
57879,318
57879,2028
57879,588
57879,457
57879,6377
44081,1249
44081,3702
44081,1220
44081,6286
44081,1199
44081,26776
44081,745
44081,4973
44081,1232
44081,1233
18205,2918
18205,608
18205,50
18205,318
18205,296
18205,7361
18205,2997
18205,3897
18205,223
18205,2542
100546,912
100546,914
100546,7090
100546,3052
100546,34405
100546,8665
100546,2396
100546,2167
100546,364
100546,1907
83461,150
83461,19
83461,2858
83461,6874
83461,3527
83461,4226
83461,3052
83461,32587
83461,1213
83461,1215
74451,6377
74451,33166
74451,8665
74451,8636
74451,8360
74451,7254
74451,7153
74451,8874
74451,8368
74451,2959
97671,6377
97671,8784
97671,8961
97671,1259
97671,4816
97671,1517
97671,3253
97671,6942
97671,39
97671,1268
29329,78499
29329,1270
29329,2028
29329,527
29329,899
29329,2935
29329,954
29329,1207
29329,1387
29329,76093
50718,2858
50718,1089
50718,541
50718,296
50718,101
50718,8874
50718,50
50718,260
50718,293
50718,5902
40979,608
40979,7438
40979,1222
40979,1221
40979,356
40979,1291
40979,47
40979,1214
40979,110
40979,5418
65825,1954
65825,2918
65825,318
65825,1291
65825,2804
65825,1663
65825,858
65825,2000
65825,1090
65825,2716
2847,111
2847,6807
2847,541
2847,1222
2847,3703
2847,1219
2847,1387
2847,4437
2847,6858
2847,858
69895,48774
69895,2858
69895,4979
69895,1288
69895,3535
69895,55765
69895,527
69895,46578
69895,5952
69895,7153
7038,3683
7038,1729
7038,1288
7038,608
7038,1230
7038,8949
7038,55269
7038,38886
7038,1449
7038,2502
68650,4963
68650,55820
68650,356
68650,6539
68650,2502
68650,4014
68650,4027
68650,1246
68650,4306
68650,527
63617,1136
63617,4011
63617,68157
63617,47
63617,51255
63617,60069
63617,7438
63617,79008
63617,593
63617,48516
66494,1961
66494,2762
66494,2959
66494,150
66494,527
66494,593
66494,1221
66494,1198
66494,1584
66494,1270
24399,4226
24399,1270
24399,4878
24399,6502
24399,2762
24399,46578
24399,2657
24399,1193
24399,2997
24399,47
11850,1213
11850,356
11850,4878
11850,293
11850,1198
11850,33794
11850,47
11850,1222
11850,1193
11850,32
93445,4886
93445,2571
93445,904
93445,8961
93445,260
93445,1207
93445,1197
93445,1204
93445,4995
93445,3578
103029,1961
103029,1240
103029,597
103029,527
103029,356
103029,457
103029,1704
103029,2716
103029,648
103029,592
88757,1206
88757,356
88757,2329
88757,778
88757,1193
88757,6539
88757,2997
88757,3160
88757,5669
88757,1080
23859,356
23859,5349
23859,3578
23859,318
23859,33794
23859,2762
23859,4993
23859,1704
23859,4995
23859,3793
49685,2762
49685,2959
49685,2997
49685,1193
49685,778
49685,1089
49685,4226
49685,2028
49685,1617
49685,2918
27395,2991
27395,1721
27395,356
27395,7153
27395,2628
27395,1214
27395,296
27395,5952
27395,4993
27395,1270
90871,5618
90871,6711
90871,7361
90871,1206
90871,4848
90871,4995
90871,44191
90871,1464
90871,7438
90871,1584
74600,2858
74600,7361
74600,55820
74600,44694
74600,48738
74600,5878
74600,306
74600,3362
74600,4235
74600,49961
102156,2858
102156,318
102156,6711
102156,4886
102156,1089
102156,593
102156,6016
102156,48394
102156,1196
102156,4993
83797,1196
83797,5952
83797,2993
83797,4993
83797,49272
83797,33794
83797,2990
83797,296
83797,2376
83797,7569
74411,59315
74411,7361
74411,8961
74411,4886
74411,2571
74411,63082
74411,1197
74411,33794
74411,46578
74411,79132
89825,2571
89825,8874
89825,7022
89825,7153
89825,1136
89825,356
89825,3949
89825,1089
89825,46578
89825,7147
66899,68954
66899,4306
66899,527
66899,595
66899,7143
66899,5218
66899,81845
66899,7458
66899,47
66899,8533
14274,6016
14274,4973
14274,4226
14274,2858
14274,7361
14274,5225
14274,56367
14274,1147
14274,290
14274,6867
56136,8961
56136,260
56136,1210
56136,1291
56136,1080
56136,8368
56136,1269
56136,2396
56136,6377
56136,7720
23639,1333
23639,2324
23639,81845
23639,86882
23639,6870
23639,2997
23639,2571
23639,923
23639,78499
23639,910
18909,60069
18909,78499
18909,8961
18909,551
18909,2048
18909,2959
18909,1032
18909,2918
18909,1097
18909,76093
87953,2762
87953,7361
87953,70286
87953,5445
87953,48394
87953,32587
87953,3175
87953,1206
87953,1258
87953,106920
115095,77561
115095,44191
115095,6377
115095,5418
115095,4963
115095,73017
115095,367
115095,2716
115095,344
115095,54286
135550,7234
135550,7089
135550,6305
135550,2181
135550,5013
135550,2184
135550,1250
135550,1178
135550,1283
135550,1348
44017,32
44017,1270
44017,2028
44017,2329
44017,4226
44017,1923
44017,8961
44017,1210
44017,4995
44017,780
55295,6377
55295,356
55295,1198
55295,1270
55295,5816
55295,4306
55295,1097
55295,4886
55295,1
55295,1704
117858,1208
117858,1196
117858,111
117858,2502
117858,1449
117858,3897
117858,1193
117858,912
117858,32
117858,2571
92518,48774
92518,4329
92518,37733
92518,32587
92518,599
92518,69640
92518,54997
92518,51255
92518,6617
92518,41997
109550,296
109550,3147
109550,4306
109550,48780
109550,2959
109550,48516
109550,47610
109550,2858
109550,6377
109550,6539
117459,318
117459,4886
117459,4306
117459,356
117459,2716
117459,58559
117459,2762
117459,1704
117459,296
117459,4896
93732,2918
93732,318
93732,1080
93732,1136
93732,356
93732,3253
93732,543
93732,2959
93732,2571
93732,2700
36604,5349
36604,4306
36604,6539
36604,1
36604,31658
36604,2628
36604,480
36604,33794
36604,588
36604,4963
71841,2858
71841,2959
71841,2571
71841,55820
71841,3949
71841,7361
71841,7981
71841,2329
71841,69481
71841,32587
21844,44195
21844,2959
21844,46976
21844,48394
21844,40815
21844,4027
21844,6807
21844,1080
21844,54272
21844,54190
53166,1527
53166,68954
53166,2571
53166,4963
53166,4896
53166,4306
53166,3114
53166,10
53166,2716
53166,588
111088,1282
111088,72226
111088,81591
111088,1997
111088,2366
111088,2761
111088,1673
111088,8235
111088,8961
111088,34542
96553,50
96553,80489
96553,48516
96553,88163
96553,88129
96553,84954
96553,85414
96553,56174
96553,6378
96553,55247
47368,2571
47368,2959
47368,1197
47368,1033
47368,5971
47368,2096
47368,48394
47368,3000
47368,1032
47368,58559
93954,7153
93954,68237
93954,4878
93954,541
93954,908
93954,60684
93954,60069
93954,48774
93954,59315
93954,1203
136268,105844
136268,89864
136268,48774
136268,34528
136268,56782
136268,60069
136268,53550
136268,97304
136268,89745
136268,93721
98685,1527
98685,5952
98685,260
98685,1196
98685,1214
98685,2716
98685,3793
98685,3703
98685,296
98685,2916
136635,1080
136635,2716
136635,2011
136635,1073
136635,1089
136635,3793
136635,1
136635,4886
136635,8961
136635,6377
99358,480
99358,1246
99358,1704
99358,5952
99358,4306
99358,1302
99358,1358
99358,4022
99358,6365
99358,1674
70412,52281
70412,41569
70412,59315
70412,54995
70412,60684
70412,79702
70412,61323
70412,7438
70412,51255
70412,91529
61733,2067
61733,1949
61733,923
61733,969
61733,3196
61733,1242
61733,953
61733,954
61733,4995
61733,1247
95073,1527
95073,592
95073,5952
95073,8961
95073,4993
95073,33794
95073,50
95073,3114
95073,3578
95073,10
46705,7458
46705,8665
46705,47
46705,40815
46705,41997
46705,49272
46705,1213
46705,5956
46705,593
46705,3916
125186,1214
125186,527
125186,2571
125186,2762
125186,2716
125186,593
125186,1101
125186,8340
125186,4963
125186,3507
96122,60069
96122,356
96122,58559
96122,6377
96122,6539
96122,72998
96122,4995
96122,44555
96122,7323
96122,81845
97819,7361
97819,35836
97819,8970
97819,8958
97819,30898
97819,30810
97819,32298
97819,34319
97819,39231
97819,27808
79306,780
79306,63082
79306,2028
79306,4306
79306,1704
79306,80463
79306,364
79306,33794
79306,1580
79306,5418
114716,5989
114716,44191
114716,4995
114716,50872
114716,1097
114716,597
114716,8636
114716,33493
114716,527
114716,318
40032,266
40032,858
40032,593
40032,2324
40032,2571
40032,920
40032,508
40032,1213
40032,337
40032,1610
44420,86332
44420,2571
44420,2959
44420,4993
44420,5952
44420,7153
44420,3578
44420,33794
44420,73017
44420,6539
69500,3087
69500,2231
69500,3252
69500,5055
69500,1639
69500,180
69500,3052
69500,11
69500,4571
69500,2321
940,6773
940,5902
940,2997
940,3949
940,1732
940,5878
940,4967
940,8910
940,34153
940,6299
106718,1682
106718,1270
106718,5989
106718,5445
106718,1653
106718,72998
106718,4306
106718,480
106718,4973
106718,72011
16643,48516
16643,1196
16643,260
16643,47
16643,593
16643,589
16643,3578
16643,50
16643,1240
16643,1036
6075,593
6075,1197
6075,1214
6075,1234
6075,898
6075,969
6075,903
6075,58559
6075,914
6075,955
89258,1210
89258,3578
89258,1240
89258,589
89258,377
89258,50
89258,231
89258,32587
89258,364
89258,6539
91678,1272
91678,4042
91678,2797
91678,1608
91678,349
91678,34
91678,2858
91678,434
91678,4085
91678,3524
73274,2571
73274,110
73274,733
73274,3578
73274,50
73274,150
73274,454
73274,6
73274,1036
73274,296
54838,608
54838,1221
54838,1206
54838,1252
54838,55820
54838,3362
54838,4262
54838,1222
54838,50
54838,1219
80006,8957
80006,33794
80006,1090
80006,47
80006,4993
80006,593
80006,1208
80006,1089
80006,7153
80006,5952
58213,1345
58213,1997
58213,3499
58213,247
58213,2455
58213,1982
58213,593
58213,4008
58213,2003
58213,1673
43521,68157
43521,2959
43521,63082
43521,7361
43521,58559
43521,6874
43521,2858
43521,32587
43521,5418
43521,50
133789,49272
133789,318
133789,356
133789,6377
133789,59315
133789,54259
133789,1
133789,5418
133789,2762
133789,4896
95404,593
95404,2959
95404,2858
95404,5618
95404,2571
95404,3949
95404,2357
95404,1206
95404,1172
95404,44694
126921,593
126921,1704
126921,902
126921,4306
126921,6942
126921,58559
126921,1271
126921,337
126921,364
126921,4878
133913,1704
133913,8961
133913,1291
133913,47
133913,589
133913,527
133913,2762
133913,457
133913,1036
133913,2502
105267,1527
105267,648
105267,2959
105267,150
105267,2858
105267,1580
105267,589
105267,6539
105267,597
105267,1097
104186,44191
104186,1961
104186,1198
104186,4886
104186,1213
104186,480
104186,1617
104186,589
104186,2716
104186,5418
62988,1198
62988,593
62988,1580
62988,32
62988,260
62988,296
62988,293
62988,780
62988,60069
62988,1265
88024,34162
88024,33004
88024,8961
88024,8874
88024,8798
88024,49272
88024,8665
88024,44191
88024,44195
88024,41569
19334,1291
19334,924
19334,1199
19334,3070
19334,3996
19334,1527
19334,592
19334,2959
19334,3175
19334,1175
129142,595
129142,6377
129142,4995
129142,356
129142,597
129142,3408
129142,2396
129142,1380
129142,1246
129142,593
20811,3578
20811,778
20811,3996
20811,1682
20811,3949
20811,2329
20811,1193
20811,31658
20811,593
20811,527
17882,1213
17882,1246
17882,1247
17882,1258
17882,608
17882,1259
17882,3481
17882,2028
17882,2997
17882,3949
88060,2858
88060,2959
88060,1089
88060,1617
88060,16
88060,58559
88060,3949
88060,293
88060,2502
88060,1704
118895,32587
118895,318
118895,1625
118895,293
118895,527
118895,8949
118895,3328
118895,27773
118895,1747
118895,1645
117094,6539
117094,6365
117094,33679
117094,3977
117094,6541
117094,5445
117094,4886
117094,6377
117094,1092
117094,253
93154,79132
93154,4973
93154,4993
93154,1206
93154,58559
93154,1089
93154,4226
93154,1198
93154,356
93154,318
131366,80463
131366,48516
131366,55820
131366,60069
131366,81845
131366,30707
131366,32587
131366,69122
131366,48780
131366,48774
70747,1387
70747,923
70747,3498
70747,4326
70747,1208
70747,3006
70747,919
70747,6724
70747,1136
70747,4306
48284,71264
48284,364
48284,60069
48284,3114
48284,53121
48284,595
48284,79091
48284,1702
48284,76093
48284,67408
546,3578
546,1527
546,1265
546,1704
546,4226
546,1210
546,260
546,25
546,778
546,2997
111739,1193
111739,593
111739,3481
111739,1265
111739,2997
111739,6711
111739,2028
111739,1270
111739,1961
111739,1208
19836,1136
19836,2762
19836,4014
19836,4011
19836,337
19836,8961
19836,2291
19836,8970
19836,2542
19836,5669
53701,1690
53701,7293
53701,588
53701,3535
53701,2329
53701,35836
53701,4571
53701,592
53701,5900
53701,4973
44240,2018
44240,344
44240,5810
44240,47518
44240,8641
44240,4366
44240,5092
44240,6383
44240,4748
44240,2572
56589,608
56589,2329
56589,2762
56589,296
56589,32
56589,110
56589,2997
56589,1704
56589,1089
56589,46578
57575,1961
57575,46976
57575,919
57575,1682
57575,3408
57575,2424
57575,63082
57575,68954
57575,1641
57575,1247
61563,36529
61563,68954
61563,30707
61563,59315
61563,85414
61563,44191
61563,91529
61563,49530
61563,66097
61563,7502
138233,4973
138233,4226
138233,44555
138233,593
138233,85414
138233,5995
138233,3147
138233,63082
138233,6016
138233,7361
109371,733
109371,3147
109371,2028
109371,6373
109371,2762
109371,780
109371,8644
109371,53996
109371,8961
109371,59369
73521,4886
73521,318
73521,2716
73521,4963
73521,3578
73521,1193
73521,4993
73521,50
73521,2683
73521,1732
107983,3435
107983,318
107983,1213
107983,2203
107983,1208
107983,1206
107983,2176
107983,1248
107983,1258
107983,1254
84049,7153
84049,593
84049,89745
84049,2324
84049,60069
84049,69757
84049,2329
84049,44191
84049,68954
84049,48780
887,7361
887,2959
887,296
887,63082
887,7153
887,32587
887,4878
887,27773
887,68237
887,68157
53430,778
53430,4878
53430,3949
53430,1222
53430,858
53430,541
53430,106782
53430,527
53430,5952
53430,7153
114117,3793
114117,6539
114117,4993
114117,1527
114117,2617
114117,2115
114117,33493
114117,1917
114117,2683
114117,6934
106431,47
106431,50
106431,60684
106431,60069
106431,44195
106431,3578
106431,5952
106431,7153
106431,4993
106431,71535
46131,2918
46131,1196
46131,260
46131,1210
46131,1954
46131,780
46131,648
46131,3578
46131,150
46131,3527
49991,6373
49991,33679
49991,6539
49991,1
49991,1517
49991,5481
49991,4886
49991,8368
49991,8957
49991,5218
94704,6377
94704,1214
94704,3147
94704,293
94704,4011
94704,858
94704,3578
94704,5418
94704,60069
94704,733
79406,2762
79406,593
79406,2918
79406,1704
79406,1060
79406,4973
79406,4995
79406,3911
79406,4034
79406,527
118598,1206
118598,1240
118598,61240
118598,527
118598,7361
118598,1201
118598,1208
118598,2028
118598,3435
118598,912
136351,1682
136351,2571
136351,5952
136351,2959
136351,1206
136351,1246
136351,1527
136351,593
136351,2858
136351,2997
67057,356
67057,50
67057,4306
67057,44191
67057,7438
67057,1197
67057,2918
67057,7147
67057,3793
67057,51255
130812,7361
130812,4973
130812,6874
130812,5952
130812,2076
130812,27773
130812,778
130812,1193
130812,1274
130812,58559
40617,838
40617,26502
40617,4571
40617,7107
40617,8376
40617,38038
40617,3397
40617,2145
40617,8969
40617,3398
61176,7153
61176,5952
61176,2329
61176,47
61176,593
61176,48394
61176,1136
61176,3996
61176,527
61176,58559
120808,593
120808,4878
120808,2571
120808,69757
120808,296
120808,67087
120808,63082
120808,356
120808,54503
120808,7444
99744,858
99744,6539
99744,1291
99744,527
99744,2762
99744,150
99744,593
99744,1270
99744,5445
99744,63082
62570,32
62570,1222
62570,4011
62570,318
62570,54997
62570,1466
62570,2542
62570,4878
62570,44199
62570,1193
109473,1580
109473,7438
109473,33794
109473,6377
109473,527
109473,6953
109473,2997
109473,46578
109473,4878
109473,3252
133955,1721
133955,1198
133955,8360
133955,1196
133955,2628
133955,253
133955,316
133955,587
133955,5816
133955,8368
116419,58559
116419,593
116419,48394
116419,56367
116419,4878
116419,1193
116419,1285
116419,2692
116419,1206
116419,1207
79735,8961
79735,4896
79735,3147
79735,5418
79735,356
79735,8368
79735,5816
79735,5349
79735,8665
79735,5218
83449,33794
83449,4993
83449,4306
83449,3793
83449,8636
83449,6539
83449,1210
83449,1136
83449,5952
83449,1580
19190,4886
19190,595
19190,4306
19190,54001
19190,8360
19190,45722
19190,1721
19190,4025
19190,8961
19190,56949
10040,1527
10040,296
10040,2959
10040,6539
10040,1
10040,1210
10040,593
10040,589
10040,2762
10040,3996
44013,2762
44013,356
44013,597
44013,318
44013,1961
44013,2571
44013,1097
44013,3408
44013,1704
44013,500
34697,858
34697,50
34697,1196
34697,2858
34697,589
34697,1136
34697,648
34697,165
34697,1265
34697,1221
85610,6539
85610,46976
85610,60069
85610,4886
85610,480
85610,44191
85610,2918
85610,1265
85610,5989
85610,5418
89082,7361
89082,593
89082,1193
89082,2959
89082,1704
89082,750
89082,4973
89082,5669
89082,2918
89082,1073
21105,33794
21105,51662
21105,7361
21105,48394
21105,32
21105,58559
21105,6016
21105,48780
21105,44665
21105,27773
5102,3949
5102,5349
5102,5992
5102,2572
5102,2599
5102,4034
5102,35836
5102,1784
5102,1247
5102,608
108513,3578
108513,648
108513,527
108513,2959
108513,5418
108513,2762
108513,48394
108513,1214
108513,1527
108513,2028
124915,1240
124915,1089
124915,47
124915,4993
124915,4306
124915,110
124915,480
124915,48394
124915,59315
124915,1617
119467,31658
119467,37733
119467,46578
119467,57669
119467,50068
119467,58559
119467,59315
119467,31410
119467,38038
119467,41997
133338,4963
133338,1198
133338,6539
133338,2571
133338,5418
133338,4306
133338,6565
133338,1196
133338,349
133338,318
56120,4993
56120,4995
56120,50
56120,1222
56120,32
56120,1527
56120,1258
56120,5679
56120,3386
56120,5952
44871,6874
44871,33794
44871,296
44871,3578
44871,2278
44871,593
44871,2167
44871,70
44871,3996
44871,2959
35828,5989
35828,1
35828,318
35828,5418
35828,110
35828,3793
35828,3147
35828,2762
35828,33794
35828,1580
137904,27803
137904,5878
137904,6954
137904,8128
137904,1172
137904,6787
137904,6216
137904,2396
137904,1234
137904,5377
89130,364
89130,49910
89130,575
89130,6383
89130,6338
89130,455
89130,1487
89130,49647
89130,4054
89130,2036
35662,33794
35662,60069
35662,2716
35662,1270
35662,318
35662,32
35662,4226
35662,4306
35662,2700
35662,5618
84920,3578
84920,608
84920,296
84920,2291
84920,7361
84920,1197
84920,3147
84920,1036
84920,35836
84920,6874
135123,912
135123,1196
135123,1148
135123,6947
135123,1210
135123,4306
135123,908
135123,1580
135123,2762
135123,8636
74272,2329
74272,858
74272,4226
74272,74458
74272,318
74272,27773
74272,5989
74272,7438
74272,60069
74272,1265
23263,1127
23263,2505
23263,53000
23263,1274
23263,33085
23263,29
23263,34323
23263,74685
23263,2122
23263,1327
23410,4993
23410,7153
23410,590
23410,8665
23410,3578
23410,1291
23410,59315
23410,356
23410,49530
23410,48304
104927,260
104927,7153
104927,49272
104927,5418
104927,5989
104927,2194
104927,2329
104927,1213
104927,1210
104927,33660
91443,527
91443,1222
91443,1704
91443,2918
91443,33166
91443,2700
91443,260
91443,3052
91443,750
91443,1291
19337,1214
19337,2028
19337,110
19337,32587
19337,2959
19337,356
19337,4011
19337,318
19337,4034
19337,541
120744,589
120744,47
120744,318
120744,96079
120744,72011
120744,4226
120744,44191
120744,89492
120744,6539
120744,96610
6078,2174
6078,2959
6078,2716
6078,587
6078,3114
6078,161
6078,1089
6078,208
6078,10
6078,1961
27010,858
27010,1270
27010,1
27010,296
27010,367
27010,1258
27010,1089
27010,1580
27010,648
27010,3147
78595,4306
78595,50
78595,1704
78595,4226
78595,3147
78595,1291
78595,1210
78595,6874
78595,7254
78595,1198
34000,48394
34000,4878
34000,4973
34000,6350
34000,7099
34000,1193
34000,2329
34000,2291
34000,55269
34000,46578
109476,1291
109476,527
109476,2762
109476,1196
109476,356
109476,1270
109476,2028
109476,780
109476,4226
109476,4995
7120,1302
7120,1197
7120,1101
7120,1907
7120,1380
7120,3255
7120,1017
7120,2687
7120,2355
7120,62
53763,589
53763,1974
53763,1270
53763,1221
53763,1387
53763,2571
53763,3499
53763,480
53763,1258
53763,150
75210,1221
75210,1092
75210,2858
75210,1136
75210,1343
75210,4720
75210,5952
75210,4993
75210,1784
75210,1061
48221,47
48221,778
48221,1193
48221,2997
48221,1213
48221,1208
48221,1258
48221,750
48221,6711
48221,1732
5076,150
5076,2858
5076,590
5076,8961
5076,539
5076,1580
5076,2959
5076,4306
5076,608
5076,589
113369,1206
113369,1387
113369,586
113369,2858
113369,33794
113369,58559
113369,32587
113369,3949
113369,68157
113369,7438
7633,318
7633,1258
7633,1921
7633,110
7633,296
7633,3000
7633,150
7633,7361
7633,4993
7633,50
101146,33794
101146,79132
101146,4886
101146,589
101146,60684
101146,6874
101146,61240
101146,62336
101146,1198
101146,1210
32572,7438
32572,50
32572,356
32572,5445
32572,1291
32572,1265
32572,1784
32572,589
32572,4886
32572,3147
42432,2858
42432,2324
42432,1246
42432,8973
42432,1193
42432,5669
42432,2692
42432,318
42432,7323
42432,7042
123981,608
123981,1961
123981,356
123981,56367
123981,2987
123981,1784
123981,919
123981,6377
123981,2396
123981,2657
53117,2329
53117,4226
53117,2571
53117,2959
53117,593
53117,74458
53117,2028
53117,5952
53117,4993
53117,47
83490,480
83490,2571
83490,150
83490,4306
83490,2115
83490,4963
83490,4014
83490,316
83490,1270
83490,2762
87693,7153
87693,364
87693,5349
87693,4306
87693,2710
87693,110
87693,32587
87693,1682
87693,588
87693,592
89031,2124
89031,344
89031,2706
89031,588
89031,6287
89031,51662
89031,55872
89031,7147
89031,356
89031,2141
77521,1193
77521,2959
77521,1198
77521,3911
77521,551
77521,39183
77521,1270
77521,1230
77521,32
77521,919
16301,1089
16301,2997
16301,246
16301,1259
16301,1263
16301,8645
16301,5902
16301,527
16301,39183
16301,5673
65954,2571
65954,72998
65954,2959
65954,45722
65954,64614
65954,5349
65954,2329
65954,74458
65954,33794
65954,260
64754,1262
64754,1201
64754,356
64754,48516
64754,589
64754,1240
64754,5952
64754,780
64754,5349
64754,1610
41618,1198
41618,318
41618,1291
41618,2028
41618,3359
41618,541
41618,800
41618,81845
41618,608
41618,1234
57023,2959
57023,296
57023,1799
57023,2060
57023,180
57023,3275
57023,1580
57023,8641
57023,8528
57023,6378
72998,8917
72998,8464
72998,8961
72998,33162
72998,40815
72998,32587
72998,7090
72998,8644
72998,8874
72998,8983
117854,57368
117854,7254
117854,48304
117854,33166
117854,48394
117854,3147
117854,4995
117854,51662
117854,58559
117854,30707
88227,7361
88227,2571
88227,4226
88227,2959
88227,50
88227,68237
88227,6016
88227,1193
88227,44555
88227,858
54105,40815
54105,79132
54105,58559
54105,4306
54105,3793
54105,4993
54105,1197
54105,5952
54105,7153
54105,79702
128034,260
128034,1196
128034,4993
128034,4306
128034,318
128034,296
128034,1210
128034,68954
128034,1682
128034,1527
87843,4993
87843,98809
87843,6539
87843,1196
87843,73017
87843,77561
87843,59784
87843,91542
87843,1210
87843,96079
108721,318
108721,3578
108721,4011
108721,1089
108721,1682
108721,466
108721,70
108721,5445
108721,6874
108721,2716
135003,1580
135003,3578
135003,356
135003,2671
135003,8360
135003,8961
135003,33493
135003,3793
135003,110
135003,1270
45080,1291
45080,608
45080,913
45080,1580
45080,1193
45080,2028
45080,1252
45080,2716
45080,4306
45080,1036
62038,1197
62038,1
62038,1580
62038,357
62038,2396
62038,1270
62038,1073
62038,1265
62038,4979
62038,4973
79734,4886
79734,356
79734,47
79734,1288
79734,3949
79734,593
79734,2683
79734,56367
79734,51255
79734,4995
70631,356
70631,2997
70631,924
70631,4979
70631,2291
70631,593
70631,1073
70631,750
70631,1136
70631,2571
34432,4878
34432,46578
34432,4226
34432,4973
34432,56367
34432,2908
34432,4720
34432,50742
34432,3499
34432,81591
58379,318
58379,2858
58379,74458
58379,593
58379,296
58379,2959
58379,4226
58379,44191
58379,48394
58379,858
113674,296
113674,4886
113674,5349
113674,780
113674,593
113674,46578
113674,1136
113674,260
113674,8636
113674,589
86085,593
86085,1240
86085,589
86085,1136
86085,5989
86085,1682
86085,2987
86085,3147
86085,2329
86085,736
46755,1210
46755,50
46755,47
46755,3793
46755,318
46755,356
46755,2858
46755,4878
46755,7438
46755,6874
59981,4306
59981,318
59981,6016
59981,356
59981,32
59981,1258
59981,2762
59981,4995
59981,6874
59981,588
29845,3793
29845,1240
29845,924
29845,1214
29845,1584
29845,44191
29845,150
29845,59315
29845,4370
29845,3527
102798,70286
102798,50
102798,68157
102798,57669
102798,64839
102798,4881
102798,1089
102798,2959
102798,6874
102798,46578
116638,593
116638,7361
116638,2858
116638,2997
116638,589
116638,1961
116638,1653
116638,1584
116638,296
116638,2762
38538,1270
38538,296
38538,2959
38538,8961
38538,480
38538,48394
38538,1200
38538,318
38538,1214
38538,541
41876,8947
41876,4388
41876,6880
41876,51927
41876,48518
41876,5784
41876,31427
41876,70159
41876,6888
41876,4720
127478,2762
127478,33794
127478,4995
127478,208
127478,4896
127478,104
127478,7143
127478,48
127478,2393
127478,2918
99436,4011
99436,2762
99436,296
99436,1206
99436,778
99436,3949
99436,58559
99436,68157
99436,6
99436,32587
98796,318
98796,4973
98796,2762
98796,8368
98796,1968
98796,2502
98796,2248
98796,1246
98796,2571
98796,1285
50280,2542
50280,7361
50280,46578
50280,1732
50280,318
50280,3949
50280,2997
50280,79132
50280,55820
50280,68954
3186,1
3186,2617
3186,2762
3186,480
3186,780
3186,2959
3186,589
3186,4886
3186,380
3186,442
62741,4878
62741,2858
62741,1193
62741,58559
62741,50
62741,6502
62741,1219
62741,527
62741,2762
62741,7361
3456,356
3456,527
3456,1704
3456,2329
3456,1625
3456,1617
3456,858
3456,1036
3456,3578
3456,2028
28409,63082
28409,2959
28409,595
28409,356
28409,69757
28409,6377
28409,4896
28409,56367
28409,4306
28409,6942
60392,480
60392,4327
60392,6539
60392,953
60392,2085
60392,1250
60392,919
60392,2406
60392,356
60392,2716
67671,3578
67671,1265
67671,46578
67671,1259
67671,110
67671,40819
67671,6942
67671,1393
67671,2329
67671,480
84108,50872
84108,48385
84108,33794
84108,34072
84108,54272
84108,53894
84108,35836
84108,48516
84108,48394
84108,52973
7772,2329
7772,2571
7772,1214
7772,1258
7772,4848
7772,1200
7772,293
7772,4878
7772,4011
7772,318
55580,3578
55580,3000
55580,1527
55580,588
55580,4993
55580,1682
55580,590
55580,1304
55580,1028
55580,2193
99175,47
99175,2571
99175,38061
99175,778
99175,85414
99175,1682
99175,1265
99175,1732
99175,71535
99175,88129
98671,8961
98671,2797
98671,1265
98671,2716
98671,1291
98671,6377
98671,55280
98671,539
98671,38038
98671,60397
81790,4973
81790,527
81790,1097
81790,588
81790,587
81790,4226
81790,32
81790,344
81790,589
81790,380
61903,296
61903,6016
61903,4226
61903,1089
61903,47
61903,3910
61903,2318
61903,1921
61903,111
61903,778
51378,2023
51378,1258
51378,1214
51378,1219
51378,1129
51378,1701
51378,5853
51378,318
51378,6993
51378,608
115803,357
115803,6942
115803,2268
115803,7
115803,1307
115803,4014
115803,2671
115803,1393
115803,3255
115803,1198
108586,1
108586,1136
108586,2716
108586,1387
108586,2571
108586,1278
108586,1270
108586,4306
108586,1214
108586,54286
77017,7153
77017,904
77017,1265
77017,318
77017,3675
77017,26084
77017,5299
77017,497
77017,955
77017,357
57286,1213
57286,48516
57286,296
57286,4226
57286,56782
57286,48394
57286,1193
57286,778
57286,750
57286,47
19635,1580
19635,1270
19635,1214
19635,33794
19635,1200
19635,380
19635,5445
19635,6377
19635,1265
19635,1
23969,318
23969,2502
23969,50
23969,1884
23969,1136
23969,79132
23969,1222
23969,58559
23969,1258
23969,593
27059,2716
27059,7153
27059,590
27059,1573
27059,2858
27059,2028
27059,1584
27059,5445
27059,780
27059,95
24475,7569
24475,82459
24475,1210
24475,2403
24475,1213
24475,51540
24475,3682
24475,1954
24475,2160
24475,1997
87164,33679
87164,30822
87164,41569
87164,7361
87164,32029
87164,7445
87164,40819
87164,30810
87164,40583
87164,5954
62637,586
62637,4018
62637,380
62637,1265
62637,6155
62637,4447
62637,1097
62637,4995
62637,44004
62637,31685
80005,4226
80005,5618
80005,318
80005,2329
80005,7361
80005,48394
80005,68157
80005,99114
80005,260
80005,4011
124448,2858
124448,8784
124448,63082
124448,7361
124448,27815
124448,5225
124448,6711
124448,7147
124448,1271
124448,527
37247,1197
37247,5618
37247,260
37247,1196
37247,3114
37247,5349
37247,1210
37247,588
37247,8970
37247,356
84092,593
84092,4993
84092,81845
84092,1704
84092,904
84092,527
84092,58559
84092,5952
84092,50
84092,912
72281,4878
72281,4973
72281,2571
72281,3160
72281,1732
72281,94959
72281,5445
72281,44191
72281,97
72281,924
24788,4886
24788,77561
24788,1580
24788,480
24788,51662
24788,60069
24788,1291
24788,2115
24788,1573
24788,2716
90078,47610
90078,79091
90078,81847
90078,45186
90078,56145
90078,55765
90078,33615
90078,54259
90078,67408
90078,60040
66836,7587
66836,7564
66836,3364
66836,7924
66836,4144
66836,3736
66836,5333
66836,8477
66836,1252
66836,4406
11668,5015
11668,33794
11668,6711
11668,8949
11668,48780
11668,1673
11668,30812
11668,3160
11668,34437
11668,1635
67044,32
67044,50
67044,4963
67044,296
67044,7438
67044,2028
67044,318
67044,6874
67044,2571
67044,3996
122257,2858
122257,7361
122257,318
122257,608
122257,6711
122257,50
122257,4973
122257,2959
122257,541
122257,2571
77091,7361
77091,2858
77091,4226
77091,48394
77091,1206
77091,2297
77091,2762
77091,1682
77091,1136
77091,6377
17898,4878
17898,2959
17898,7373
17898,31804
17898,65682
17898,32
17898,5618
17898,31658
17898,2571
17898,1214
54374,4973
54374,3000
54374,1206
54374,593
54374,4878
54374,750
54374,7099
54374,6350
54374,4226
54374,6807
79460,32
79460,32587
79460,110
79460,4846
79460,1347
79460,6721
79460,733
79460,1370
79460,3020
79460,2167
100964,5349
100964,150
100964,4993
100964,5952
100964,3578
100964,367
100964,8961
100964,165
100964,110
100964,1387
131976,1
131976,2762
131976,318
131976,356
131976,2858
131976,3578
131976,2571
131976,480
131976,3275
131976,1097
8207,608
8207,111
8207,3000
8207,72226
8207,50
8207,1682
8207,356
8207,8950
8207,1219
8207,77455
8758,82459
8758,6502
8758,50
8758,541
8758,1
8758,4306
8758,1089
8758,56367
8758,7147
8758,34405
108771,541
108771,593
108771,54286
108771,79132
108771,1704
108771,2762
108771,7153
108771,1207
108771,7361
108771,50872
83413,63082
83413,81845
83413,150
83413,1704
83413,597
83413,72998
83413,8533
83413,70293
83413,527
83413,1307
65401,64575
65401,86882
65401,38886
65401,60950
65401,50740
65401,34072
65401,105844
65401,52973
65401,7055
65401,58559
127452,50
127452,7361
127452,5952
127452,912
127452,527
127452,2762
127452,7153
127452,588
127452,4886
127452,953
54384,47
54384,5445
54384,5418
54384,296
54384,2762
54384,7153
54384,59315
54384,6874
54384,4963
54384,1036
97418,79132
97418,2571
97418,4776
97418,33794
97418,8665
97418,48516
97418,4011
97418,4223
97418,110
97418,32587
21860,2628
21860,5618
21860,527
21860,1527
21860,4874
21860,1282
21860,4995
21860,7099
21860,6934
21860,3527
73577,34542
73577,1252
73577,39292
73577,55280
73577,858
73577,46578
73577,1719
73577,78574
73577,44694
73577,48738
131806,1196
131806,1
131806,33794
131806,58559
131806,1270
131806,60069
131806,1210
131806,260
131806,2571
131806,54001
73105,780
73105,231
73105,296
73105,1573
73105,6539
73105,1917
73105,377
73105,733
73105,1270
73105,832
29184,79132
29184,81845
29184,46578
29184,48394
29184,63082
29184,3897
29184,81591
29184,69757
29184,53123
29184,8873
24219,2194
24219,2232
24219,1672
24219,2427
24219,5669
24219,165
24219,4448
24219,55276
24219,51931
24219,3686
87619,46578
87619,1258
87619,3949
87619,1729
87619,2291
87619,924
87619,527
87619,318
87619,2028
87619,1653
6114,2949
6114,2947
6114,1230
6114,2948
6114,1244
6114,7084
6114,5876
6114,7934
6114,5060
6114,7983
47687,77561
47687,110102
47687,112852
47687,2571
47687,87232
47687,112623
47687,72998
47687,103042
47687,4993
47687,95510
41226,91529
41226,34150
41226,86332
41226,33794
41226,58559
41226,91500
41226,80363
41226,112852
41226,46335
41226,72998
14214,49272
14214,2716
14214,6377
14214,4027
14214,1500
14214,1265
14214,1732
14214,56367
14214,2502
14214,40815
49105,2762
49105,1270
49105,1214
49105,3198
49105,260
49105,1253
49105,1219
49105,3147
49105,3471
49105,527
79150,1580
79150,780
79150,318
79150,1196
79150,457
79150,4226
79150,8961
79150,1
79150,5349
79150,2858
81609,48516
81609,55820
81609,58559
81609,293
81609,3275
81609,1748
81609,44191
81609,1625
81609,1732
81609,5903
163,2329
163,51662
163,44191
163,296
163,48516
163,2571
163,4963
163,3578
163,49272
163,55765
4257,7361
4257,356
4257,106782
4257,8533
4257,4226
4257,2571
4257,4973
4257,63082
4257,58559
4257,92259
2523,2174
2523,2959
2523,2291
2523,2657
2523,2700
2523,45
2523,6874
2523,1270
2523,1258
2523,5679
38235,50
38235,318
38235,110
38235,733
38235,2329
38235,48516
38235,541
38235,32587
38235,1625
38235,5989
4450,43396
4450,47099
4450,6753
4450,8970
4450,63062
4450,49278
4450,7502
4450,3713
4450,84954
4450,84392
77599,648
77599,356
77599,150
77599,2410
77599,329
77599,2640
77599,1961
77599,2762
77599,1372
77599,2115
81769,1193
81769,2542
81769,3362
81769,6870
81769,3147
81769,356
81769,1617
81769,1732
81769,1704
81769,2762
41515,4226
41515,2858
41515,296
41515,527
41515,1198
41515,4011
41515,56367
41515,7361
41515,3147
41515,46578
33713,3556
33713,34405
33713,2145
33713,6942
33713,3897
33713,6881
33713,1653
33713,54259
33713,50685
33713,3052
39253,3134
39253,3730
39253,5177
39253,913
39253,965
39253,858
39253,8125
39253,6783
39253,905
39253,951
71686,91529
71686,2916
71686,4085
71686,541
71686,68954
71686,2791
71686,1923
71686,1682
71686,7438
71686,66934
34430,47
34430,1089
34430,4226
34430,296
34430,6016
34430,2329
34430,32
34430,6874
34430,32587
34430,55820
388,5952
388,7153
388,4993
388,778
388,356
388,44191
388,3000
388,2291
388,7022
388,589
117501,4226
117501,356
117501,344
117501,318
117501,2502
117501,6874
117501,288
117501,2997
117501,4239
117501,6016
6572,60069
6572,356
6572,2571
6572,2959
6572,3793
6572,6539
6572,44191
6572,70286
6572,520
6572,1527
8645,1291
8645,367
8645,260
8645,4886
8645,2762
8645,1036
8645,588
8645,377
8645,593
8645,165
26372,6377
26372,2959
26372,356
26372,6539
26372,1198
26372,1291
26372,5679
26372,40815
26372,480
26372,4896
40412,3578
40412,5816
40412,4886
40412,296
40412,3409
40412,4958
40412,318
40412,33679
40412,60069
40412,53972
48272,50
48272,33794
48272,44199
48272,68954
48272,4011
48272,3578
48272,44665
48272,48774
48272,47610
48272,32587
37984,1210
37984,356
37984,296
37984,593
37984,260
37984,480
37984,592
37984,594
37984,2762
37984,110
55034,480
55034,1580
55034,919
55034,110
55034,2617
55034,6541
55034,2716
55034,1479
55034,6934
55034,8972
11498,296
11498,3578
11498,60069
11498,5445
11498,780
11498,593
11498,3147
11498,1198
11498,1291
11498,7153
46031,1270
46031,1580
46031,4226
46031,2858
46031,5445
46031,165
46031,2762
46031,150
46031,780
46031,778
54359,68358
54359,69526
54359,4306
54359,4878
54359,1240
54359,32587
54359,5903
54359,1210
54359,49530
54359,7445
62784,593
62784,1198
62784,48516
62784,1221
62784,1208
62784,223
62784,2959
62784,1252
62784,356
62784,2997
101155,1199
101155,2959
101155,55247
101155,33166
101155,1270
101155,1263
101155,555
101155,60069
101155,70
101155,6947
9297,2571
9297,2959
9297,72998
9297,4995
9297,4226
9297,30749
9297,2858
9297,858
9297,64034
9297,58559
96222,4878
96222,1196
96222,47
96222,356
96222,2762
96222,2858
96222,110
96222,32
96222,858
96222,293
19435,2028
19435,58559
19435,1198
19435,527
19435,1291
19435,33794
19435,48780
19435,733
19435,47
19435,780
115730,58559
115730,2502
115730,2918
115730,1704
115730,1721
115730,63082
115730,318
115730,69757
115730,4022
115730,780
20948,7153
20948,3000
20948,1884
20948,1748
20948,3703
20948,1213
20948,1240
20948,33794
20948,2028
20948,55118
14954,1197
14954,608
14954,904
14954,2571
14954,1617
14954,2944
14954,969
14954,1252
14954,1136
14954,1225
27105,50
27105,2028
27105,593
27105,2329
27105,2762
27105,4995
27105,4993
27105,648
27105,3147
27105,56367
125718,2018
125718,7361
125718,2908
125718,5945
125718,1088
125718,3418
125718,265
125718,8949
125718,34437
125718,247
128406,3527
128406,7123
128406,1732
128406,2985
128406,1345
128406,2716
128406,1210
128406,3210
128406,1219
128406,1200
35483,750
35483,6016
35483,6874
35483,293
35483,2542
35483,593
35483,2028
35483,2324
35483,111
35483,2700
58765,111
58765,2959
58765,7361
58765,4235
58765,1084
58765,1206
58765,910
58765,908
58765,904
58765,527
5898,1198
5898,4306
5898,2762
5898,4963
5898,4226
5898,5445
5898,1210
5898,1291
5898,593
5898,1682
60653,4995
60653,1266
60653,1246
60653,1721
60653,1923
60653,2716
60653,2858
60653,50
60653,2001
60653,2011
5893,50
5893,110
5893,318
5893,1193
5893,1221
5893,2905
5893,527
5893,79132
5893,64614
5893,1089
71532,68157
71532,5952
71532,6377
71532,7153
71532,4776
71532,7361
71532,55820
71532,6874
71532,57669
71532,54286
36842,1252
36842,1207
36842,50
36842,923
36842,1267
36842,913
36842,296
36842,5995
36842,40819
36842,33166
48307,1200
48307,1213
48307,1198
48307,541
48307,356
48307,6016
48307,1252
48307,1221
48307,1193
48307,2762
122393,7361
122393,260
122393,78499
122393,60069
122393,58559
122393,1198
122393,4226
122393,2028
122393,1193
122393,1210
90689,1198
90689,3147
90689,527
90689,1097
90689,208
90689,1653
90689,592
90689,32587
90689,4963
90689,442
42241,1270
42241,110
42241,1
42241,59315
42241,480
42241,4027
42241,3578
42241,6377
42241,33493
42241,4886
112126,50872
112126,2329
112126,8961
112126,364
112126,3114
112126,89864
112126,1704
112126,79132
112126,60069
112126,59784
109652,2329
109652,2858
109652,4226
109652,4886
109652,6377
109652,858
109652,5669
109652,7438
109652,750
109652,1223
34520,8961
34520,4993
34520,4308
34520,8360
34520,364
34520,4995
34520,318
34520,4963
34520,5377
34520,1197
22500,33794
22500,7361
22500,4027
22500,6016
22500,1193
22500,37741
22500,6385
22500,63082
22500,8464
22500,5669
117127,2959
117127,2571
117127,48516
117127,318
117127,8368
117127,1198
117127,1210
117127,60069
117127,68157
117127,54286
102309,1
102309,1682
102309,50
102309,4306
102309,316
102309,4226
102309,6874
102309,6333
102309,6377
102309,4886
64435,4886
64435,50
64435,5816
64435,2858
64435,4306
64435,47
64435,7438
64435,6874
64435,150
64435,2571
37386,541
37386,1196
37386,260
37386,293
37386,527
37386,58559
37386,480
37386,32
37386,1617
37386,1704
29889,2858
29889,7361
29889,356
29889,8368
29889,5816
29889,79132
29889,318
29889,2291
29889,3949
29889,2329
46631,2858
46631,296
46631,356
46631,2959
46631,50
46631,68157
46631,58559
46631,5995
46631,2324
46631,63082
129253,2617
129253,3147
129253,648
129253,4886
129253,3253
129253,2011
129253,1222
129253,3671
129253,733
129253,736
131772,6377
131772,6539
131772,595
131772,45722
131772,8368
131772,586
131772,1580
131772,5502
131772,3948
131772,5349
73590,8970
73590,1704
73590,4995
73590,150
73590,2571
73590,2918
73590,8464
73590,4027
73590,5669
73590,5989
26198,6947
26198,926
26198,5995
26198,1246
26198,33493
26198,33794
26198,1944
26198,8622
26198,3147
26198,2115
108915,1089
108915,68157
108915,296
108915,2502
108915,50
108915,48516
108915,58559
108915,63131
108915,54503
108915,69757
123104,296
123104,318
123104,2571
123104,3000
123104,59784
123104,31878
123104,4306
123104,1199
123104,32
123104,1288
93741,2858
93741,111
93741,356
93741,50
93741,1193
93741,1208
93741,3996
93741,58559
93741,750
93741,924
113479,5618
113479,1653
113479,1748
113479,1580
113479,2762
113479,50
113479,541
113479,8636
113479,3175
113479,380
47043,1210
47043,593
47043,1291
47043,590
47043,4306
47043,2028
47043,4995
47043,1196
47043,50
47043,1097
62528,1704
62528,3147
62528,2762
62528,474
62528,6539
62528,527
62528,2194
62528,5418
62528,3098
62528,296
11679,6539
11679,32
11679,2959
11679,4226
11679,590
11679,2329
11679,3147
11679,1682
11679,109374
11679,1136
1446,5349
1446,44191
1446,5618
1446,8636
1446,1274
1446,27660
1446,5952
1446,4993
1446,7153
1446,5903
61282,7153
61282,2959
61282,4878
61282,1136
61282,50
61282,1197
61282,8784
61282,5952
61282,52973
61282,44195
74243,5954
74243,1193
74243,4878
74243,80463
74243,2231
74243,293
74243,778
74243,1732
74243,81562
74243,4975
86388,7160
86388,1580
86388,6242
86388,1387
86388,253
86388,2710
86388,1196
86388,260
86388,1210
86388,27317
8538,2085
8538,1907
8538,2081
8538,356
8538,71535
8538,3499
8538,1380
8538,3275
8538,1032
8538,66097
30497,36517
30497,58559
30497,30749
30497,40629
30497,64614
30497,47610
30497,8665
30497,44191
30497,34048
30497,8340
50506,858
50506,593
50506,7361
50506,2028
50506,54286
50506,60069
50506,2329
50506,1240
50506,6016
50506,48394
137026,2571
137026,296
137026,356
137026,4226
137026,2324
137026,48516
137026,6016
137026,318
137026,50
137026,6377
72842,6711
72842,2997
72842,593
72842,4306
72842,2324
72842,4993
72842,318
72842,2692
72842,5952
72842,7323
128846,527
128846,2858
128846,1193
128846,1208
128846,1204
128846,79132
128846,1247
128846,7153
128846,1196
128846,260
88889,3751
88889,2355
88889,32031
88889,5618
88889,364
88889,588
88889,72737
88889,40339
88889,6539
88889,38038
28951,2959
28951,296
28951,1136
28951,4306
28951,4886
28951,2028
28951,1197
28951,2918
28951,8961
28951,33794
35910,1183
35910,1265
35910,2396
35910,68269
35910,6942
35910,70293
35910,39183
35910,265
35910,63876
35910,2359
6444,480
6444,6539
6444,1136
6444,1198
6444,296
6444,2918
6444,364
6444,593
6444,2502
6444,588
19526,54286
19526,40815
19526,51662
19526,4973
19526,50872
19526,56174
19526,6016
19526,104841
19526,115617
19526,6378
104293,110
104293,589
104293,1265
104293,4226
104293,1270
104293,2028
104293,780
104293,480
104293,1968
104293,457
113991,60069
113991,54001
113991,68954
113991,45499
113991,73017
113991,60684
113991,69481
113991,8917
113991,33166
113991,79695
128283,7153
128283,4993
128283,457
128283,296
128283,593
128283,5952
128283,5418
128283,4226
128283,150
128283,260
10286,307
10286,858
10286,4226
10286,6993
10286,5339
10286,2068
10286,3814
10286,8405
10286,608
10286,7089
110206,7361
110206,47
110206,1196
110206,780
110206,50
110206,1198
110206,1223
110206,2997
110206,1210
110206,1193
6719,57669
6719,8910
6719,8970
6719,8638
6719,7265
6719,7361
6719,52973
6719,3535
6719,56286
6719,50912
70453,34072
70453,27432
70453,27878
70453,44199
70453,6216
70453,36527
70453,30707
70453,55820
70453,54997
70453,7382
60367,59315
60367,318
60367,2571
60367,97304
60367,7153
60367,81845
60367,68358
60367,73017
60367,4993
60367,59784
70822,4306
70822,79132
70822,2858
70822,2706
70822,54001
70822,6377
70822,63082
70822,1923
70822,4246
70822,72998
70661,527
70661,50
70661,904
70661,318
70661,593
70661,6787
70661,1204
70661,910
70661,1250
70661,1234
47542,1215
47542,1077
47542,1333
47542,1278
47542,2968
47542,2657
47542,2003
47542,2872
47542,1079
47542,1483
133546,4226
133546,58559
133546,2571
133546,48780
133546,1198
133546,47
133546,4878
133546,68237
133546,48394
133546,318
56165,1214
56165,593
56165,1258
56165,7153
56165,2160
56165,541
56165,1219
56165,2329
56165,48394
56165,2788
128397,2858
128397,32587
128397,1732
128397,608
128397,4878
128397,593
128397,50
128397,55820
128397,53519
128397,2502
51991,104841
51991,88810
51991,1357
51991,509
51991,48394
51991,1271
51991,44555
51991,47629
51991,109374
51991,72998
27674,32
27674,37386
27674,4370
27674,48774
27674,3793
27674,6333
27674,27904
27674,34319
27674,6502
27674,1527
5865,6942
5865,4896
5865,364
5865,4306
5865,4995
5865,4993
5865,588
5865,79132
5865,40815
5865,3114
106496,48385
106496,51255
106496,2959
106496,78209
106496,48516
106496,79008
106496,59369
106496,74458
106496,49272
106496,76077
28953,5952
28953,4306
28953,2959
28953,589
28953,1240
28953,2916
28953,1136
28953,293
28953,1079
28953,2918
84390,648
84390,2916
84390,2115
84390,316
84390,49272
84390,2232
84390,5574
84390,3527
84390,32029
84390,6373
6727,356
6727,32
6727,4262
6727,1270
6727,353
6727,924
6727,7438
6727,1527
6727,1136
6727,5618
39533,47
39533,6539
39533,2028
39533,4963
39533,5952
39533,356
39533,2706
39533,150
39533,8360
39533,364
104088,5952
104088,33794
104088,2571
104088,589
104088,1
104088,3681
104088,1270
104088,6016
104088,2762
104088,2329
105168,81845
105168,68954
105168,34072
105168,8873
105168,55247
105168,32582
105168,93721
105168,97938
105168,104841
105168,90866
52681,1265
52681,1080
52681,2716
52681,1200
52681,1089
52681,5060
52681,3671
52681,1258
52681,2991
52681,750
117049,296
117049,4226
117049,1617
117049,1265
117049,2997
117049,593
117049,1193
117049,2959
117049,2571
117049,2502
66578,65261
66578,6350
66578,2571
66578,3000
66578,1198
66578,72737
66578,81847
66578,480
66578,72226
66578,66934
80285,4993
80285,318
80285,2502
80285,1265
80285,48394
80285,2028
80285,7254
80285,7147
80285,5608
80285,48043
132941,541
132941,3578
132941,1291
132941,364
132941,32587
132941,2628
132941,1270
132941,593
132941,6377
132941,45722
32455,5445
32455,1527
32455,32
32455,1961
32455,1208
32455,1682
32455,590
32455,4262
32455,1270
32455,1200
128033,1270
128033,1213
128033,3578
128033,3996
128033,49272
128033,32587
128033,480
128033,44191
128033,1617
128033,1961
110190,2959
110190,5265
110190,5528
110190,2797
110190,785
110190,1197
110190,4678
110190,1676
110190,596
110190,1552
105820,1036
105820,2762
105820,480
105820,32587
105820,356
105820,3578
105820,316
105820,1240
105820,593
105820,253
61258,58559
61258,47
61258,3578
61258,593
61258,7143
61258,1222
61258,5152
61258,33162
61258,7254
61258,7502
28820,62434
28820,60756
28820,35836
28820,68319
28820,52245
28820,6936
28820,44191
28820,66171
28820,69278
28820,42725
12744,2393
12744,1198
12744,1210
12744,2571
12744,356
12744,260
12744,318
12744,60069
12744,6377
12744,480
69237,296
69237,2858
69237,4226
69237,58559
69237,5989
69237,3897
69237,4027
69237,46578
69237,593
69237,4973
97479,1291
97479,59315
97479,1197
97479,1198
97479,908
97479,102445
97479,87232
97479,3793
97479,66934
97479,88140
135574,8636
135574,51662
135574,1682
135574,91542
135574,480
135574,81834
135574,76093
135574,78499
135574,1270
135574,1527
23695,1291
23695,1196
23695,58559
23695,6539
23695,3578
23695,1270
23695,1580
23695,56367
23695,316
23695,208
90783,2959
90783,1210
90783,60069
90783,3000
90783,589
90783,318
90783,1291
90783,541
90783,1198
90783,7099
9731,750
9731,588
9731,8961
9731,6807
9731,51255
9731,78499
9731,54272
9731,44191
9731,1210
9731,8874
124093,79132
124093,88140
124093,77561
124093,38798
124093,48394
124093,96821
124093,56174
124093,98961
124093,69406
124093,79293
68137,4226
68137,2959
68137,5952
68137,72998
68137,1210
68137,5445
68137,89745
68137,1527
68137,70286
68137,6934
16244,2571
16244,4993
16244,6377
16244,8961
16244,1
16244,2858
16244,2762
16244,7438
16244,7361
16244,46578
127944,8665
127944,44195
127944,150
127944,44199
127944,5952
127944,4993
127944,55276
127944,33166
127944,3916
127944,8132
14319,1097
14319,1246
14319,150
14319,357
14319,5995
14319,593
14319,56367
14319,508
14319,4306
14319,7361
125269,7153
125269,6539
125269,33794
125269,50872
125269,4993
125269,49530
125269,58295
125269,4963
125269,61248
125269,5952
117397,4995
117397,1958
117397,4809
117397,4014
117397,6870
117397,7158
117397,4465
117397,1302
117397,1096
117397,4034
2663,6539
2663,6377
2663,4306
2663,2858
2663,296
2663,30707
2663,48516
2663,5989
2663,597
2663,64622
112086,8533
112086,3897
112086,52973
112086,1302
112086,5377
112086,39
112086,597
112086,40819
112086,2858
112086,6936
95181,1653
95181,592
95181,68358
95181,48394
95181,1206
95181,2291
95181,6539
95181,1676
95181,50
95181,356
98332,48516
98332,5952
98332,356
98332,1270
98332,55820
98332,2028
98332,3578
98332,60069
98332,48780
98332,1206
12767,68358
12767,34072
12767,41569
12767,59784
12767,69122
12767,72998
12767,30810
12767,46578
12767,34542
12767,37729
8913,1527
8913,2571
8913,2762
8913,33493
8913,1127
8913,316
8913,1748
8913,480
8913,5378
8913,4370
122430,1732
122430,2571
122430,1884
122430,2291
122430,1274
122430,750
122430,3996
122430,741
122430,3949
122430,7361
7110,6377
7110,480
7110,296
7110,2959
7110,1265
7110,597
7110,1682
7110,3114
7110,2174
7110,1923
83419,2858
83419,70286
83419,79132
83419,58559
83419,4011
83419,296
83419,7153
83419,33794
83419,7361
83419,356
95810,780
95810,2716
95810,1961
95810,1206
95810,5445
95810,924
95810,150
95810,1220
95810,296
95810,8961
37838,47
37838,32
37838,2571
37838,2959
37838,593
37838,1208
37838,4973
37838,1201
37838,924
37838,3578
65626,1
65626,589
65626,8961
65626,2628
65626,1198
65626,480
65626,1580
65626,1240
65626,6365
65626,377
36745,8949
36745,41997
36745,30707
36745,8645
36745,33794
36745,37733
36745,32587
36745,8961
36745,39183
36745,30820
81939,5952
81939,7153
81939,4993
81939,5991
81939,1246
81939,356
81939,58559
81939,4995
81939,1136
81939,2080
105578,3970
105578,3832
105578,6140
105578,7115
105578,3627
105578,1219
105578,2901
105578,7891
105578,7387
105578,6748
89046,1197
89046,3578
89046,52973
89046,3949
89046,2716
89046,47
89046,56367
89046,52281
89046,53000
89046,1213
107958,110
107958,527
107958,1036
107958,58559
107958,608
107958,4993
107958,1270
107958,589
107958,79132
107958,3949
12982,2918
12982,1136
12982,260
12982,296
12982,1193
12982,1240
12982,1214
12982,1291
12982,1265
12982,4226
126897,5617
126897,6539
126897,8874
126897,551
126897,3081
126897,2657
126897,6942
126897,49272
126897,56757
126897,4973
86463,60069
86463,8950
86463,48780
86463,593
86463,2959
86463,74458
86463,70286
86463,68157
86463,48394
86463,1222
115457,1527
115457,1240
115457,480
115457,2959
115457,589
115457,5349
115457,2028
115457,1036
115457,3996
115457,5445
40882,36517
40882,30707
40882,8983
40882,48738
40882,50872
40882,40583
40882,41997
40882,48516
40882,35836
40882,55820
36765,3000
36765,2858
36765,2997
36765,105844
36765,4226
36765,55442
36765,5690
36765,1732
36765,4848
36765,6016
63244,1206
63244,1193
63244,2571
63244,913
63244,1
63244,1225
63244,6807
63244,1214
63244,1732
63244,3471
42862,1
42862,4447
42862,1580
42862,81834
42862,356
42862,2571
42862,6377
42862,318
42862,72998
42862,1088
118442,1196
118442,318
118442,5952
118442,5445
118442,2997
118442,6333
118442,46578
118442,33794
118442,3793
118442,1210
104291,296
104291,1136
104291,7843
104291,33903
104291,858
104291,6711
104291,4226
104291,79132
104291,356
104291,7361
43417,356
43417,63082
43417,2329
43417,7361
43417,608
43417,56367
43417,64575
43417,778
43417,69757
43417,70286
117820,1225
117820,4973
117820,1234
117820,912
117820,1197
117820,1193
117820,4993
117820,920
117820,914
117820,39292
56439,6539
56439,1136
56439,1198
56439,7153
56439,2716
56439,780
56439,1291
56439,2762
56439,356
56439,33493
60956,62155
60956,54001
60956,56367
60956,67734
60956,5618
60956,8784
60956,46578
60956,58559
60956,902
60956,2291
50899,296
50899,594
50899,1219
50899,750
50899,1206
50899,919
50899,593
50899,5952
50899,6987
50899,6377
40543,6377
40543,1196
40543,3793
40543,1580
40543,780
40543,6539
40543,8636
40543,364
40543,4963
40543,457
91687,60069
91687,68954
91687,54001
91687,5218
91687,44022
91687,69844
91687,59784
91687,4973
91687,364
91687,41566
118556,32
118556,50
118556,648
118556,5418
118556,778
118556,6874
118556,2858
118556,344
118556,44665
118556,1206
52208,48516
52208,2028
52208,7153
52208,318
52208,2571
52208,3578
52208,2329
52208,2959
52208,527
52208,4306
108545,4886
108545,2716
108545,1214
108545,6539
108545,589
108545,2959
108545,1527
108545,5445
108545,293
108545,1610
53615,2571
53615,73017
53615,59315
53615,70286
53615,5903
53615,99114
53615,76251
53615,68237
53615,71535
53615,260
84396,82459
84396,3671
84396,58559
84396,1197
84396,76251
84396,61024
84396,1288
84396,86332
84396,111
84396,27801
60931,1136
60931,593
60931,2918
60931,4027
60931,6874
60931,1682
60931,231
60931,2762
60931,5989
60931,32587
11285,2918
11285,3039
11285,3363
11285,1387
11285,2174
11285,1220
11285,3421
11285,2804
11285,4361
11285,1265
114057,1206
114057,6711
114057,3081
114057,4720
114057,4848
114057,5679
114057,1704
114057,3481
114057,2710
114057,3033
14827,59315
14827,4011
14827,296
14827,6807
14827,4226
14827,7361
14827,48516
14827,8961
14827,1704
14827,2028
115601,2858
115601,5952
115601,356
115601,7153
115601,593
115601,480
115601,3253
115601,1206
115601,541
115601,1682
79614,2028
79614,2959
79614,33794
79614,296
79614,3578
79614,58559
79614,260
79614,1196
79614,1214
79614,60069
4118,1097
4118,6874
4118,4993
4118,780
4118,47
4118,318
4118,1240
4118,260
4118,1923
4118,1704
75275,608
75275,5952
75275,1240
75275,1732
75275,1258
75275,6874
75275,49272
75275,356
75275,1080
75275,2997
34051,68157
34051,46976
34051,79132
34051,1884
34051,4027
34051,88129
34051,8950
34051,3000
34051,3160
34051,59387
79452,858
79452,1196
79452,1198
79452,356
79452,2571
79452,1272
79452,2951
79452,1208
79452,296
79452,1136
47490,480
47490,92259
47490,4226
47490,457
47490,648
47490,1732
47490,81591
47490,1682
47490,64839
47490,1265
106476,805
106476,39
106476,1805
106476,3793
106476,490
106476,1704
106476,597
106476,587
106476,1580
106476,2803
72742,318
72742,1580
72742,6377
72742,4886
72742,5349
72742,3147
72742,5418
72742,3916
72742,110
72742,2959
81465,953
81465,899
81465,915
81465,904
81465,4979
81465,7669
81465,50740
81465,912
81465,46578
81465,26084
16695,91630
16695,87232
16695,44191
16695,96079
16695,2329
16695,296
16695,81932
16695,6874
16695,44195
16695,7438
3443,48780
3443,48774
3443,44191
3443,4963
3443,55820
3443,4878
3443,3052
3443,36529
3443,70286
3443,1884
15979,4306
15979,1240
15979,1220
15979,316
15979,33794
15979,2947
15979,1917
15979,3033
15979,58559
15979,3578
112753,99114
112753,1221
112753,54286
112753,79132
112753,4011
112753,8961
112753,3578
112753,55820
112753,6016
112753,47
16442,5952
16442,260
16442,593
16442,2959
16442,527
16442,1193
16442,58559
16442,1203
16442,912
16442,923
45647,33794
45647,1196
45647,2028
45647,296
45647,2959
45647,3578
45647,8644
45647,780
45647,49272
45647,4226
79794,1148
79794,63082
79794,60069
79794,8961
79794,5995
79794,44709
79794,69757
79794,69844
79794,4886
79794,1223
69327,4226
69327,296
69327,593
69327,56367
69327,4963
69327,33794
69327,377
69327,4776
69327,780
69327,1721
11523,96079
11523,1198
11523,527
11523,3578
11523,356
11523,318
11523,2028
11523,2959
11523,4995
11523,48516
85132,1198
85132,2762
85132,1210
85132,1246
85132,1291
85132,260
85132,1320
85132,2021
85132,357
85132,356
124318,30749
124318,1213
124318,318
124318,924
124318,356
124318,1225
124318,1136
124318,923
124318,37741
124318,6711
127433,1210
127433,260
127433,58559
127433,1240
127433,480
127433,7361
127433,32
127433,1196
127433,2028
127433,593
96947,1625
96947,3176
96947,3052
96947,1394
96947,4034
96947,6711
96947,3253
96947,1784
96947,5989
96947,319
58553,1608
58553,2572
58553,2858
58553,3671
58553,8641
58553,1517
58553,5902
58553,7293
58553,595
58553,924
27660,6377
27660,2571
27660,4993
27660,2762
27660,4886
27660,7153
27660,1035
27660,914
27660,5952
27660,4308
60030,457
60030,50
60030,2959
60030,527
60030,2858
60030,356
60030,1259
60030,4226
60030,2028
60030,110
22030,2085
22030,1073
22030,4886
22030,593
22030,58559
22030,5218
22030,4993
22030,2987
22030,1136
22030,551
98185,7438
98185,6874
98185,2858
98185,1208
98185,8798
98185,589
98185,32587
98185,555
98185,7022
98185,5445
2314,47
2314,59315
2314,1196
2314,1036
2314,4993
2314,1610
2314,5418
2314,541
2314,1291
2314,68358
6465,39292
6465,44195
6465,44555
6465,58559
6465,36517
6465,66934
6465,51255
6465,34072
6465,76093
6465,8961
1317,589
1317,4306
1317,4993
1317,58559
1317,3793
1317,1265
1317,8961
1317,1682
1317,595
1317,33794
94855,44191
94855,7143
94855,8533
94855,3147
94855,40629
94855,6942
94855,2336
94855,47610
94855,5991
94855,3967
98726,2762
98726,2683
98726,1
98726,48738
98726,32587
98726,33166
98726,6539
98726,3752
98726,49272
98726,5481
99,50
99,4226
99,2571
99,1089
99,293
99,57669
99,68237
99,32
99,6807
99,1193
120279,50
120279,32
120279,480
120279,7153
120279,593
120279,356
120279,1193
120279,1721
120279,1270
120279,1
137010,1704
137010,3578
137010,2959
137010,858
137010,5989
137010,7361
137010,60069
137010,4878
137010,55820
137010,49272
87132,2858
87132,6711
87132,318
87132,50
87132,7361
87132,296
87132,55820
87132,5902
87132,4226
87132,55276
17960,69122
17960,59315
17960,60756
17960,97913
17960,76251
17960,35836
17960,1
17960,78499
17960,8360
17960,92422
95605,63082
95605,6016
95605,3949
95605,296
95605,38886
95605,72011
95605,33880
95605,71466
95605,8949
95605,6867
121012,4027
121012,2918
121012,50
121012,1214
121012,1617
121012,4034
121012,110
121012,750
121012,1213
121012,2194
39989,33794
39989,68319
39989,60040
39989,4993
39989,5952
39989,7153
39989,52722
39989,5378
39989,79132
39989,73017
40922,3578
40922,50
40922,1208
40922,1203
40922,1219
40922,1097
40922,3471
40922,1252
40922,3095
40922,2268
13445,1196
13445,1240
13445,589
13445,2571
13445,1291
13445,260
13445,58559
13445,1215
13445,3793
13445,1198
53106,110
53106,4223
53106,858
53106,1272
53106,47629
53106,318
53106,4103
53106,1224
53106,44555
53106,5747
72008,39292
72008,90439
72008,71211
72008,97921
72008,48774
72008,33493
72008,56757
72008,81591
72008,104841
72008,26148
50761,2762
50761,6539
50761,2028
50761,527
50761,858
50761,318
50761,1262
50761,8665
50761,4226
50761,8961
56475,7361
56475,7153
56475,68157
56475,47
56475,3949
56475,110
56475,109487
56475,64614
56475,2028
56475,81845
82885,296
82885,480
82885,4973
82885,318
82885,380
82885,356
82885,60069
82885,377
82885,1265
82885,6539
79451,50
79451,593
79451,2959
79451,296
79451,3949
79451,32
79451,4973
79451,7327
79451,4878
79451,1206
121479,7361
121479,46578
121479,4973
121479,2997
121479,36517
121479,2020
121479,6867
121479,44555
121479,49272
121479,1635
11429,3578
11429,8368
11429,110
11429,260
11429,1196
11429,3996
11429,7090
11429,296
11429,3793
11429,8983
40008,4848
40008,1089
40008,52281
40008,7076
40008,73017
40008,4963
40008,72171
40008,3052
40008,1227
40008,55363
49771,2302
49771,597
49771,4025
49771,1784
49771,3408
49771,11
49771,1307
49771,440
49771,5299
49771,500
111758,8961
111758,47
111758,35836
111758,3996
111758,1961
111758,1580
111758,1517
111758,7147
111758,110
111758,49272
24279,4226
24279,1196
24279,33794
24279,2329
24279,110
24279,47
24279,296
24279,318
24279,64614
24279,260
49208,72641
49208,56367
49208,99114
49208,107141
49208,106696
49208,595
49208,95167
49208,81591
49208,64957
49208,82459
95629,2858
95629,99114
95629,1
95629,2959
95629,68954
95629,4995
95629,2329
95629,68157
95629,81591
95629,106696
48815,1097
48815,2174
48815,91529
48815,5952
48815,1220
48815,1246
48815,34405
48815,68157
48815,457
48815,2791
94250,1291
94250,380
94250,1136
94250,500
94250,110
94250,2959
94250,457
94250,590
94250,434
94250,648
78084,296
78084,7153
78084,76093
78084,48780
78084,527
78084,78499
78084,48394
78084,3578
78084,6539
78084,7669
116692,457
116692,3948
116692,6942
116692,59369
116692,5989
116692,2268
116692,648
116692,1393
116692,8984
116692,2918
95916,2763
95916,260
95916,1396
95916,3317
95916,5418
95916,2406
95916,497
95916,1912
95916,236
95916,1625
83603,296
83603,59315
83603,7153
83603,1214
83603,4878
83603,68358
83603,541
83603,4011
83603,1198
83603,741
35572,104841
35572,7361
35572,79132
35572,2571
35572,81845
35572,97938
35572,97921
35572,106782
35572,94959
35572,2858
48727,6874
48727,2028
48727,3147
48727,7454
48727,2490
48727,7438
48727,1721
48727,46530
48727,4720
48727,3623
100685,50872
100685,54259
100685,47610
100685,98809
100685,53125
100685,60069
100685,58559
100685,68954
100685,33794
100685,51471
59873,4011
59873,2313
59873,4262
59873,2160
59873,3418
59873,3897
59873,3105
59873,1103
59873,1212
59873,3310
130875,4973
130875,750
130875,1258
130875,7361
130875,7327
130875,5147
130875,2959
130875,2019
130875,2010
130875,3462
50979,70286
50979,69122
50979,47
50979,2959
50979,4995
50979,589
50979,3793
50979,5349
50979,648
50979,4886
21076,8961
21076,40815
21076,6378
21076,8360
21076,6539
21076,2918
21076,4886
21076,5299
21076,34162
21076,4306
64503,58559
64503,44191
64503,2329
64503,3996
64503,5669
64503,48780
64503,55820
64503,6502
64503,318
64503,1200
44531,8961
44531,953
44531,1097
44531,260
44531,1196
44531,4995
44531,1302
44531,3994
44531,5989
44531,1
57830,6874
57830,33794
57830,4344
57830,53996
57830,4226
57830,44191
57830,2001
57830,1200
57830,2000
57830,3996
26881,5418
26881,4993
26881,6539
26881,49272
26881,5010
26881,7153
26881,5952
26881,70286
26881,2959
26881,4963
137716,318
137716,4878
137716,1200
137716,356
137716,353
137716,1215
137716,2542
137716,51255
137716,8874
137716,293
59416,296
59416,2571
59416,318
59416,2858
59416,58559
59416,1704
59416,4226
59416,47
59416,593
59416,1193
91542,3052
91542,2918
91542,1197
91542,110
91542,1210
91542,260
91542,3552
91542,3421
91542,1270
91542,6539
121844,2997
121844,356
121844,2973
121844,1258
121844,1213
121844,3152
121844,1956
121844,1394
121844,1673
121844,750
46664,4963
46664,2571
46664,4973
46664,58559
46664,2959
46664,109374
46664,5995
46664,54286
46664,6539
46664,2324
19830,7361
19830,1704
19830,1291
19830,40819
19830,1258
19830,33493
19830,7445
19830,39292
19830,5989
19830,8874
38765,2858
38765,1270
38765,4306
38765,593
38765,2571
38765,7438
38765,1580
38765,4392
38765,7934
38765,4993
30918,89492
30918,72011
30918,68954
30918,76093
30918,82459
30918,2542
30918,4973
30918,2959
30918,97304
30918,81932
11105,4993
11105,1580
11105,318
11105,1198
11105,4886
11105,2502
11105,7153
11105,1291
11105,1265
11105,1073
75332,48516
75332,48394
75332,5218
75332,1090
75332,26007
75332,590
75332,1089
75332,33493
75332,32
75332,1208
28605,4878
28605,5618
28605,7361
28605,2959
28605,356
28605,1732
28605,593
28605,99114
28605,3000
28605,68157
108173,296
108173,2959
108173,2413
108173,1136
108173,6377
108173,1967
108173,7361
108173,2141
108173,2139
108173,1029
11,4886
11,37386
11,4370
11,58025
11,3986
11,8961
11,2
11,4343
11,47
11,1127
62853,3114
62853,4886
62853,260
62853,4306
62853,33794
62853,4993
62853,39183
62853,588
62853,2716
62853,150
54490,1777
54490,1485
54490,784
54490,8949
54490,95
54490,104
54490,231
54490,2424
54490,1092
54490,376
118872,46976
118872,4963
118872,54286
118872,44195
118872,318
118872,51255
118872,2502
118872,8949
118872,1
118872,35836
134163,4993
134163,7090
134163,27773
134163,46578
134163,778
134163,2502
134163,1288
134163,8641
134163,8910
134163,1198
56711,454
56711,4963
56711,3448
56711,318
56711,597
56711,1246
56711,1777
56711,1088
56711,6155
56711,852
44737,3578
44737,7438
44737,8644
44737,1240
44737,8371
44737,2617
44737,1320
44737,253
44737,110
44737,27193
2756,1230
2756,8961
2756,8376
2756,34162
2756,2797
2756,6863
2756,3948
2756,904
2756,48385
2756,908
2928,79132
2928,50
2928,6874
2928,1214
2928,48394
2928,68157
2928,4873
2928,1732
2928,8950
2928,48774
52534,33794
52534,44191
52534,68319
52534,6539
52534,2571
52534,89745
52534,60074
52534,68791
52534,5903
52534,6934
122244,63082
122244,1704
122244,593
122244,527
122244,1270
122244,58559
122244,79132
122244,50
122244,97304
122244,1265
81367,34405
81367,4993
81367,5952
81367,7153
81367,33162
81367,8371
81367,68358
81367,70286
81367,27801
81367,2115
30303,4226
30303,296
30303,2571
30303,1221
30303,593
30303,50
30303,1203
30303,56788
30303,1193
30303,1210
137388,1196
137388,68157
137388,58559
137388,2959
137388,1200
137388,110
137388,356
137388,4993
137388,1198
137388,5952
75031,2762
75031,4226
75031,356
75031,2959
75031,1210
75031,1198
75031,1291
75031,527
75031,89745
75031,589
66585,527
66585,110
66585,8961
66585,1197
66585,7153
66585,2571
66585,2959
66585,1196
66585,48516
66585,1198
85928,34405
85928,1198
85928,31658
85928,1291
85928,47
85928,4878
85928,5146
85928,49272
85928,1036
85928,27660
85085,2329
85085,2858
85085,1136
85085,6874
85085,7438
85085,5010
85085,1485
85085,10
85085,1265
85085,3114
63495,1206
63495,50
63495,3052
63495,1527
63495,2700
63495,593
63495,1222
63495,1258
63495,1682
63495,318
2696,4306
2696,593
2696,7361
2696,1270
2696,500
2696,56367
2696,778
2696,32
2696,480
2696,1198
80623,2959
80623,2571
80623,296
80623,72011
80623,48780
80623,1682
80623,61323
80623,527
80623,55765
80623,63082
71680,46578
71680,48696
71680,55814
71680,56286
71680,89470
71680,48780
71680,90057
71680,27904
71680,86882
71680,63808
69512,2571
69512,48516
69512,2959
69512,2028
69512,2858
69512,58559
69512,2329
69512,4973
69512,4226
69512,3578
83598,296
83598,110
83598,318
83598,1206
83598,4973
83598,4995
83598,1784
83598,1357
83598,2739
83598,3578
79237,1193
79237,58559
79237,2076
79237,4973
79237,61240
79237,6711
79237,318
79237,1884
79237,7099
79237,6874
115972,2762
115972,589
115972,4226
115972,527
115972,780
115972,541
115972,110
115972,1265
115972,1291
115972,1214
81541,35836
81541,2959
81541,2572
81541,37384
81541,69122
81541,54503
81541,5110
81541,79132
81541,44191
81541,62434
117182,1270
117182,2762
117182,6377
117182,4886
117182,63082
117182,2858
117182,2028
117182,1265
117182,5989
117182,1210
3086,595
3086,2571
3086,1396
3086,2115
3086,1028
3086,1035
3086,3578
3086,592
3086,2353
3086,2529
102572,4878
102572,27317
102572,3949
102572,7361
102572,750
102572,4848
102572,4226
102572,1222
102572,2959
102572,6016
58483,6377
58483,4306
58483,49272
58483,318
58483,72998
58483,4963
58483,440
58483,80463
58483,8360
58483,76093
96847,1956
96847,590
96847,1259
96847,3147
96847,7619
96847,3296
96847,2137
96847,52435
96847,457
96847,34072
29824,4226
29824,1240
29824,2571
29824,2918
29824,1214
29824,4995
29824,1136
29824,6874
29824,480
29824,7438
27206,2716
27206,2804
27206,953
27206,2115
27206,8636
27206,919
27206,50872
27206,88125
27206,79132
27206,4993
121085,6377
121085,2762
121085,50
121085,3994
121085,2858
121085,4226
121085,8961
121085,1704
121085,356
121085,2959
104531,541
104531,7361
104531,4973
104531,6773
104531,5618
104531,58559
104531,1199
104531,4878
104531,32
104531,48774
96860,2918
96860,165
96860,1580
96860,733
96860,318
96860,527
96860,364
96860,1214
96860,2706
96860,736
137657,5952
137657,296
137657,8961
137657,589
137657,2571
137657,457
137657,3578
137657,593
137657,293
137657,1275
10417,44191
10417,6377
10417,110
10417,30793
10417,33679
10417,32031
10417,51077
10417,37729
10417,6934
10417,7454
75264,7153
75264,356
75264,32
75264,1206
75264,4993
75264,47
75264,593
75264,1193
75264,608
75264,4973
122368,7043
122368,7748
122368,8195
122368,1248
122368,3730
122368,6783
122368,5147
122368,7071
122368,2068
122368,3075
80378,2762
80378,46578
80378,910
80378,1219
80378,1259
80378,912
80378,8949
80378,899
80378,47
80378,588
71315,47610
71315,38061
71315,46578
71315,33794
71315,30793
71315,36517
71315,48394
71315,44191
71315,38038
71315,37741
50210,6942
50210,1580
50210,7147
50210,4014
50210,4963
50210,30793
50210,500
50210,8636
50210,40629
50210,2115
27983,2329
27983,33794
27983,32587
27983,48780
27983,111759
27983,73017
27983,3578
27983,27773
27983,5952
27983,68157
80120,1210
80120,6539
80120,1196
80120,260
80120,76093
80120,79132
80120,551
80120,1270
80120,480
80120,50872
58054,1230
58054,7361
58054,4973
58054,296
58054,48394
58054,750
58054,924
58054,2997
58054,5618
58054,2731
112921,50
112921,318
112921,858
112921,1193
112921,1197
112921,1242
112921,1704
112921,3671
112921,541
112921,608
60293,6333
60293,260
60293,3793
60293,1196
60293,1210
60293,6539
60293,4963
60293,2571
60293,364
60293,588
86519,457
86519,2858
86519,1270
86519,50
86519,112556
86519,4226
86519,590
86519,111362
86519,106782
86519,58559
113081,4262
113081,733
113081,3984
113081,32587
113081,1213
113081,1283
113081,3928
113081,7387
113081,50
113081,296
90746,7361
90746,4973
90746,63082
90746,296
90746,2571
90746,58559
90746,1247
90746,48394
90746,53894
90746,7323
69306,4878
69306,2858
69306,4014
69306,1197
69306,48394
69306,1207
69306,261
69306,8784
69306,1704
69306,2762
38096,4226
38096,4878
38096,180
38096,318
38096,293
38096,356
38096,2502
38096,1732
38096,1206
38096,1136
77542,296
77542,1198
77542,47
77542,1196
77542,593
77542,4993
77542,4027
77542,1291
77542,1209
77542,4881
66646,8810
66646,2021
66646,5040
66646,173
66646,2571
66646,3704
66646,2986
66646,32
66646,6934
66646,1918
103832,5989
103832,50872
103832,8360
103832,7323
103832,2959
103832,7147
103832,8970
103832,47
103832,902
103832,81845
129841,4011
129841,593
129841,2028
129841,1193
129841,7438
129841,457
129841,4963
129841,68157
129841,32587
129841,1270
34062,1206
34062,6874
34062,356
34062,7438
34062,1136
34062,48385
34062,858
34062,51255
34062,480
34062,4878
20639,4886
20639,8636
20639,5349
20639,4993
20639,79091
20639,3793
20639,74458
20639,91542
20639,86880
20639,4896
73589,70286
73589,3751
73589,70
73589,38038
73589,3740
73589,4306
73589,87232
73589,1370
73589,2683
73589,88744
33320,296
33320,8665
33320,99114
33320,5903
33320,4011
33320,68157
33320,2329
33320,3578
33320,6874
33320,47
74471,7361
74471,4226
74471,2858
74471,1225
74471,1148
74471,903
74471,1247
74471,4014
74471,1653
74471,1219
102209,4226
102209,318
102209,541
102209,1197
102209,7153
102209,58559
102209,1210
102209,858
102209,6350
102209,2762
57543,357
57543,8961
57543,39
57543,1641
57543,6867
57543,339
57543,597
57543,1307
57543,1923
57543,539
3392,2571
3392,6539
3392,5952
3392,7153
3392,17
3392,81845
3392,2572
3392,595
3392,4306
3392,318
19284,32
19284,2762
19284,1625
19284,84954
19284,7163
19284,5445
19284,589
19284,4226
19284,95875
19284,1573
86124,1580
86124,5349
86124,2918
86124,2571
86124,59315
86124,60069
86124,33794
86124,1917
86124,1968
86124,500
135575,2959
135575,4226
135575,7438
135575,318
135575,3578
135575,48516
135575,7361
135575,6539
135575,912
135575,1221
108153,44665
108153,2571
108153,7153
108153,296
108153,2959
108153,2329
108153,48516
108153,318
108153,4993
108153,47
73095,72998
73095,4896
73095,356
73095,2959
73095,54001
73095,73017
73095,99114
73095,2028
73095,5418
73095,8636
106333,8042
106333,1221
106333,1228
106333,7419
106333,912
106333,2019
106333,750
106333,26172
106333,6993
106333,1178
122574,6539
122574,33794
122574,8644
122574,59315
122574,3300
122574,53996
122574,5872
122574,4963
122574,33679
122574,60069
53125,2571
53125,5952
53125,1270
53125,32587
53125,1393
53125,1036
53125,3147
53125,4776
53125,5989
53125,480
107867,3949
107867,593
107867,608
107867,1206
107867,778
107867,4878
107867,4973
107867,2997
107867,1732
107867,1080
108971,3147
108971,4306
108971,48516
108971,51662
108971,2762
108971,7143
108971,1136
108971,1210
108971,1196
108971,1036
85933,32
85933,296
85933,924
85933,6711
85933,2692
85933,2762
85933,1704
85933,778
85933,527
85933,30749
106904,296
106904,56367
106904,2324
106904,4306
106904,527
106904,48780
106904,9010
106904,6016
106904,293
106904,2571
66353,5620
66353,364
66353,588
66353,56949
66353,7380
66353,40629
66353,5957
66353,8972
66353,8643
66353,8808
45442,3793
45442,4963
45442,7143
45442,33493
45442,8360
45442,150
45442,260
45442,2959
45442,8368
45442,5064
43811,53464
43811,45499
43811,3081
43811,724
43811,56757
43811,34150
43811,551
43811,5349
43811,56171
43811,59501
13348,912
13348,5445
13348,1270
13348,1653
13348,1265
13348,919
13348,4896
13348,339
13348,3897
13348,1028
48520,98809
48520,110
48520,2329
48520,79132
48520,5952
48520,1527
48520,2542
48520,4306
48520,32587
48520,1222
37618,2858
37618,4246
37618,5991
37618,50
37618,4306
37618,4901
37618,1059
37618,1291
37618,5013
37618,7361
101942,4963
101942,858
101942,4011
101942,1221
101942,6016
101942,49272
101942,44199
101942,1197
101942,8784
101942,2692
90516,8533
90516,33166
90516,3897
90516,6539
90516,2324
90516,8970
90516,30749
90516,1059
90516,3186
90516,7162
23182,4306
23182,60069
23182,68954
23182,4993
23182,595
23182,3114
23182,919
23182,59315
23182,1136
23182,2
132349,2028
132349,6377
132349,1407
132349,6058
132349,2115
132349,3147
132349,2011
132349,380
132349,45722
132349,8947
89733,587
89733,539
89733,1259
89733,1246
89733,3147
89733,500
89733,2858
89733,318
89733,4995
89733,2424
70743,1213
70743,47
70743,5418
70743,2329
70743,68157
70743,5995
70743,81845
70743,110
70743,63082
70743,3147
71544,6448
71544,4327
71544,1250
71544,3256
71544,1204
71544,1127
71544,1234
71544,2944
71544,2401
71544,3702
81795,32
81795,7361
81795,4973
81795,5618
81795,2762
81795,1089
81795,32587
81795,44191
81795,48394
81795,48516
108851,293
108851,2858
108851,32
108851,110
108851,541
108851,47
108851,3793
108851,165
108851,2916
108851,2762
36241,2541
36241,73017
36241,69122
36241,6539
36241,5418
36241,1270
36241,1968
36241,6942
36241,68358
36241,2918
76890,457
76890,30812
76890,8529
76890,1198
76890,349
76890,3753
76890,1101
76890,27821
76890,3793
76890,6333
79851,608
79851,1213
79851,2762
79851,47
79851,2918
79851,32
79851,1193
79851,3578
79851,1270
79851,1265
47984,593
47984,750
47984,1193
47984,2858
47984,2329
47984,56367
47984,2571
47984,1258
47984,3949
47984,608
121093,58559
121093,593
121093,7147
121093,66097
121093,1
121093,364
121093,4886
121093,64957
121093,74789
121093,4993
102750,47
102750,318
102750,260
102750,55765
102750,7143
102750,2329
102750,53322
102750,3753
102750,4226
102750,45722
10087,4246
10087,7669
10087,6539
10087,4993
10087,7153
10087,2572
10087,1197
10087,5952
10087,73017
10087,68358
34899,32587
34899,72998
34899,44195
34899,50872
34899,44191
34899,81845
34899,81591
34899,55118
34899,30707
34899,34542
30467,296
30467,318
30467,6874
30467,6377
30467,377
30467,48516
30467,7153
30467,3578
30467,54286
30467,5952
56902,2716
56902,1036
56902,2762
56902,2959
56902,296
56902,316
56902,1917
56902,367
56902,165
56902,2858
78112,318
78112,5618
78112,4226
78112,3000
78112,33794
78112,3793
78112,296
78112,47
78112,741
78112,110
112350,50
112350,59315
112350,32587
112350,3578
112350,4226
112350,33794
112350,44191
112350,5952
112350,4993
112350,1221
15724,4226
15724,4973
15724,608
15724,2692
15724,79132
15724,7153
15724,858
15724,589
15724,60069
15724,7361
124482,2858
124482,296
124482,356
124482,2959
124482,1193
124482,912
124482,924
124482,60069
124482,7361
124482,1682
131795,33794
131795,8917
131795,6502
131795,8798
131795,5995
131795,6947
131795,8874
131795,7090
131795,1222
131795,7649
44122,1954
44122,1193
44122,1209
44122,541
44122,527
44122,1136
44122,4027
44122,47
44122,1213
44122,150
4156,2858
4156,4226
4156,356
4156,593
4156,318
4156,3147
4156,5952
4156,81591
4156,74458
4156,1968
72517,1198
72517,2716
72517,1387
72517,260
72517,1466
72517,1997
72517,223
72517,555
72517,441
72517,480
136794,58559
136794,49272
136794,5971
136794,46976
136794,44195
136794,8961
136794,38061
136794,38038
136794,6618
136794,8874
105967,110
105967,593
105967,1197
105967,1262
105967,7153
105967,356
105967,527
105967,480
105967,4973
105967,589
61568,1221
61568,4878
61568,32587
61568,27773
61568,2571
61568,1527
61568,7153
61568,4993
61568,5952
61568,1288
65731,296
65731,356
65731,4995
65731,3635
65731,593
65731,79132
65731,2858
65731,4226
65731,2959
65731,2571
32632,31658
32632,551
32632,1348
32632,2437
32632,48774
32632,235
32632,54259
32632,3175
32632,1339
32632,2997
126745,541
126745,4226
126745,6502
126745,2916
126745,3578
126745,480
126745,34048
126745,2028
126745,3949
126745,1921
4712,2948
4712,1136
4712,1274
4712,5952
4712,8961
4712,720
4712,3984
4712,1373
4712,3030
4712,27731
30317,911
30317,1912
30317,3435
30317,2194
30317,61132
30317,25750
30317,87306
30317,2770
30317,41716
30317,2529
114776,4306
114776,1270
114776,1527
114776,1580
114776,1136
114776,1198
114776,2716
114776,1080
114776,1291
114776,6333
4860,480
4860,59315
4860,4226
4860,1270
4860,1240
4860,1
4860,597
4860,47
4860,2028
4860,527
99255,59315
99255,1197
99255,6539
99255,33794
99255,50872
99255,356
99255,47610
99255,2762
99255,4886
99255,1246
16027,58559
16027,480
16027,593
16027,7153
16027,4306
16027,60069
16027,4995
16027,47
16027,2628
16027,2324
104958,778
104958,2329
104958,7361
104958,8914
104958,296
104958,593
104958,1206
104958,27592
104958,79132
104958,42632
39776,47
39776,2329
39776,1089
39776,858
39776,2502
39776,1193
39776,593
39776,48780
39776,2997
39776,4878
96692,6539
96692,6874
96692,5618
96692,60069
96692,48394
96692,4886
96692,7438
96692,1036
96692,68954
96692,4226
126597,79132
126597,2571
126597,2858
126597,2959
126597,1089
126597,7361
126597,1193
126597,593
126597,58559
126597,318
79024,2959
79024,32
79024,68237
79024,58559
79024,79132
79024,1653
79024,2021
79024,1240
79024,296
79024,5903
54029,150
54029,1214
54029,4262
54029,2858
54029,33166
54029,8961
54029,4776
54029,1240
54029,1213
54029,7445
91900,32
91900,111362
91900,110
91900,2762
91900,3578
91900,44191
91900,356
91900,1198
91900,32587
91900,49530
97880,597
97880,2959
97880,2571
97880,2858
97880,296
97880,7293
97880,1485
97880,2329
97880,4022
97880,344
97753,858
97753,48516
97753,527
97753,41997
97753,1617
97753,1221
97753,4306
97753,31658
97753,4973
97753,6016
84963,6874
84963,6377
84963,5952
84963,4993
84963,7438
84963,60069
84963,4306
84963,7153
84963,56367
84963,51662
81386,7361
81386,2959
81386,2858
81386,6016
81386,3052
81386,223
81386,3481
81386,180
81386,5669
81386,1704
52647,3578
52647,1200
52647,1291
52647,1214
52647,1210
52647,2959
52647,480
52647,296
52647,91529
52647,5445
109772,6377
109772,364
109772,1485
109772,3949
109772,4995
109772,318
109772,296
109772,6874
109772,2918
109772,1682
59066,68157
59066,68237
59066,4973
59066,91529
59066,480
59066,7361
59066,2329
59066,1225
59066,92259
59066,3578
25632,593
25632,1704
25632,2959
25632,1682
25632,1961
25632,1923
25632,3408
25632,2671
25632,539
25632,337
36319,4226
36319,608
36319,32
36319,1721
36319,593
36319,1097
36319,2028
36319,1265
36319,590
36319,780
70848,898
70848,1196
70848,1
70848,150
70848,919
70848,1035
70848,900
70848,1269
70848,4993
70848,7153
70089,593
70089,33794
70089,1291
70089,6377
70089,1198
70089,6874
70089,3578
70089,7361
70089,480
70089,1240
97851,858
97851,2959
97851,1258
97851,1080
97851,2692
97851,593
97851,1222
97851,778
97851,4235
97851,6380
58842,33794
58842,58559
58842,480
58842,7153
58842,34048
58842,593
58842,2858
58842,1097
58842,924
58842,1208
117855,3408
117855,508
117855,2268
117855,8949
117855,41285
117855,454
117855,1343
117855,30707
117855,4034
117855,1704
10765,5151
10765,56949
10765,1073
10765,2144
10765,2571
10765,39
10765,2918
10765,2541
10765,4306
10765,3210
62349,648
62349,2959
62349,110
62349,1221
62349,6539
62349,1625
62349,7143
62349,4306
62349,1240
62349,5445
17358,1193
17358,858
17358,6016
17358,4973
17358,2324
17358,1246
17358,5878
17358,318
17358,1704
17358,608
75199,69122
75199,49530
75199,1732
75199,82459
75199,1222
75199,4963
75199,64614
75199,5989
75199,73017
75199,32
1736,1517
1736,6188
1736,4306
1736,4963
1736,3253
1736,223
1736,2706
1736,6863
1736,34162
1736,3421
5478,6874
5478,47
5478,1215
5478,59315
5478,1214
5478,593
5478,3275
5478,44191
5478,68157
5478,48780
53151,1089
53151,80489
53151,858
53151,3275
53151,110
53151,593
53151,356
53151,3578
53151,55118
53151,55765
20073,1240
20073,480
20073,5445
20073,2011
20073,733
20073,380
20073,1265
20073,1210
20073,150
20073,3147
116564,593
116564,357
116564,318
116564,1641
116564,235
116564,515
116564,1230
116564,1214
116564,2396
116564,345
25596,318
25596,6016
25596,1293
25596,1221
25596,356
25596,858
25596,1222
25596,10
25596,296
25596,527
111745,593
111745,2571
111745,296
111745,7361
111745,6874
111745,1270
111745,4226
111745,1136
111745,33794
111745,260
42611,6539
42611,589
42611,593
42611,1580
42611,33794
42611,3578
42611,2858
42611,1198
42611,5445
42611,49272
16349,32
16349,5952
16349,7361
16349,7153
16349,44191
16349,5445
16349,3578
16349,3994
16349,6870
16349,4995
38949,2762
38949,6539
38949,1704
38949,2571
38949,4993
38949,110
38949,1270
38949,33794
38949,4886
38949,2959
74192,4973
74192,6874
74192,1258
74192,1206
74192,4226
74192,593
74192,68237
74192,318
74192,2329
74192,356
28118,53996
28118,41566
28118,41569
28118,34048
28118,40815
28118,55995
28118,98809
28118,54001
28118,68358
28118,79132
90079,1193
90079,50
90079,457
90079,2918
90079,527
90079,1270
90079,2858
90079,296
90079,3147
90079,1259
6184,50
6184,89745
6184,4226
6184,296
6184,68157
6184,356
6184,589
6184,3578
6184,109487
6184,6539
26855,1032
26855,2421
26855,2804
26855,1968
26855,2096
26855,3418
26855,3
26855,7004
26855,587
26855,3450
92680,593
92680,2203
92680,2871
92680,4037
92680,1260
92680,7116
92680,50
92680,1982
92680,3510
92680,3801
7015,1101
7015,1380
7015,920
7015,368
7015,104
7015,597
7015,7318
7015,37720
7015,1917
7015,3948
121723,4326
121723,2407
121723,1997
121723,8880
121723,1954
121723,2003
121723,8464
121723,8665
121723,5049
121723,2420
84502,4306
84502,79132
84502,2959
84502,527
84502,60069
84502,356
84502,72998
84502,260
84502,8961
84502,92259
8147,4993
8147,6539
8147,1704
8147,4995
8147,356
8147,8665
8147,2028
8147,858
8147,6942
8147,4901
28043,5952
28043,593
28043,2959
28043,2858
28043,858
28043,750
28043,296
28043,1198
28043,1208
28043,608
70272,106782
70272,2858
70272,4973
70272,58559
70272,296
70272,318
70272,4226
70272,2571
70272,48780
70272,60069
25637,356
25637,68358
25637,58559
25637,1073
25637,73017
25637,1022
25637,3793
25637,72998
25637,45517
25637,87232
121105,589
121105,5349
121105,3793
121105,4306
121105,2762
121105,110
121105,7153
121105,318
121105,5445
121105,1097
72269,1610
72269,356
72269,1270
72269,2918
72269,8665
72269,5418
72269,1097
72269,4995
72269,81845
72269,3147
135320,593
135320,1198
135320,5618
135320,7153
135320,70286
135320,4993
135320,4973
135320,750
135320,1210
135320,2858
79077,2762
79077,1580
79077,110
79077,6539
79077,47
79077,4993
79077,48516
79077,2329
79077,79132
79077,5989
39214,318
39214,4226
39214,2395
39214,4641
39214,3676
39214,78574
39214,1247
39214,6620
39214,56367
39214,2599
7526,44191
7526,8961
7526,4993
7526,4306
7526,527
7526,608
7526,1198
7526,597
7526,7147
7526,3578
78622,68954
78622,7361
78622,5618
78622,1732
78622,56367
78622,4027
78622,2918
78622,6711
78622,31658
78622,608
17215,480
17215,6539
17215,1291
17215,589
17215,1214
17215,54286
17215,1270
17215,7502
17215,1240
17215,1036
99015,7153
99015,2858
99015,4993
99015,1196
99015,5418
99015,44191
99015,5952
99015,4963
99015,6874
99015,4306
25277,4306
25277,296
25277,1270
25277,904
25277,2571
25277,3077
25277,1682
25277,4993
25277,2858
25277,1073
35594,1198
35594,6377
35594,590
35594,480
35594,457
35594,1270
35594,2762
35594,4973
35594,5952
35594,4993
129966,47
129966,4306
129966,3578
129966,6539
129966,318
129966,2706
129966,110
129966,589
129966,293
129966,593
19063,2959
19063,74458
19063,7099
19063,6350
19063,76093
19063,65261
19063,4993
19063,48394
19063,68954
19063,88744
31721,7361
31721,1175
31721,318
31721,4437
31721,7115
31721,1278
31721,4546
31721,3706
31721,235
31721,1288
88795,41569
88795,33166
88795,4616
88795,34162
88795,40819
88795,33660
88795,7018
88795,7162
88795,5418
88795,6944
19612,6539
19612,5952
19612,35836
19612,33493
19612,45722
19612,1196
19612,260
19612,2628
19612,5378
19612,8368
15824,59315
15824,46578
15824,33166
15824,55247
15824,69757
15824,67087
15824,53123
15824,33794
15824,34162
15824,44195
130051,593
130051,7153
130051,4993
130051,527
130051,7925
130051,70286
130051,5952
130051,60069
130051,2959
130051,31184
127963,1089
127963,356
127963,7153
127963,4993
127963,2571
127963,466
127963,2028
127963,110
127963,593
127963,7438
40635,593
40635,1198
40635,2858
40635,4226
40635,60069
40635,68954
40635,1196
40635,79132
40635,4973
40635,1213
75392,5445
75392,5952
75392,4993
75392,2959
75392,296
75392,6934
75392,7153
75392,1527
75392,5989
75392,63082
3206,110
3206,2571
3206,111
3206,356
3206,55820
3206,1193
3206,4011
3206,48394
3206,44555
3206,307
3296,1721
3296,318
3296,2762
3296,1198
3296,593
3296,1221
3296,912
3296,150
3296,2858
3296,586
135388,47
135388,648
135388,150
135388,4011
135388,1036
135388,2268
135388,2353
135388,46976
135388,56367
135388,1923
56288,6377
56288,56367
56288,46578
56288,1721
56288,63082
56288,1022
56288,4306
56288,8533
56288,364
56288,40815
40523,86332
40523,65982
40523,82461
40523,51255
40523,7482
40523,51662
40523,87232
40523,27611
40523,31184
40523,1275
72755,2916
72755,480
72755,587
72755,1089
72755,2959
72755,592
72755,1610
72755,150
72755,4226
72755,165
24184,5995
24184,110
24184,3147
24184,4306
24184,527
24184,47
24184,49530
24184,50
24184,5418
24184,33166
85881,58559
85881,79132
85881,1206
85881,4973
85881,2329
85881,1193
85881,110
85881,68157
85881,48394
85881,50
26748,2502
26748,7153
26748,4993
26748,7361
26748,2571
26748,1682
26748,356
26748,1246
26748,5349
26748,588
21262,344
21262,260
21262,3578
21262,33794
21262,4226
21262,2762
21262,592
21262,527
21262,4993
21262,60069
101032,2858
101032,63082
101032,63876
101032,318
101032,57669
101032,778
101032,55280
101032,4973
101032,296
101032,7361
104508,58559
104508,1721
104508,2959
104508,4306
104508,364
104508,1704
104508,2572
104508,1073
104508,69122
104508,1968
47832,1210
47832,356
47832,4226
47832,1
47832,4886
47832,858
47832,1258
47832,46578
47832,608
47832,318
85226,1206
85226,778
85226,1193
85226,79357
85226,1258
85226,318
85226,4979
85226,55269
85226,593
85226,2692
40451,589
40451,5418
40451,356
40451,51662
40451,2329
40451,48516
40451,6365
40451,8665
40451,49530
40451,1198
8451,4306
8451,6539
8451,4886
8451,6377
8451,7361
8451,5618
8451,3949
8451,4226
8451,32587
8451,46578
122066,296
122066,1136
122066,58559
122066,2959
122066,68954
122066,59315
122066,8961
122066,1036
122066,2762
122066,69122
105040,69122
105040,48394
105040,46578
105040,59315
105040,33794
105040,46976
105040,96610
105040,53894
105040,71535
105040,32587
28823,364
28823,3948
28823,3114
28823,6539
28823,33493
28823,4718
28823,4388
28823,1717
28823,48385
28823,40815
54530,50
54530,356
54530,7153
54530,110
54530,3578
54530,2028
54530,2571
54530,2762
54530,3147
54530,47
6318,2762
6318,2291
6318,47
6318,593
6318,4979
6318,3258
6318,2581
6318,4447
6318,2329
6318,8376
49428,45499
49428,7099
49428,32587
49428,41566
49428,48774
49428,46976
49428,45950
49428,40819
49428,5971
49428,5618
43936,2795
43936,1270
43936,1923
43936,356
43936,3552
43936,1517
43936,3039
43936,2571
43936,2706
43936,2717
24243,597
24243,1721
24243,2942
24243,1302
24243,1246
24243,1270
24243,72641
24243,586
24243,539
24243,1
121334,2028
121334,2502
121334,1653
121334,587
121334,3147
121334,2268
121334,1923
121334,8970
121334,2324
121334,1097
78811,296
78811,5669
78811,7438
78811,2959
78811,6711
78811,4973
78811,2858
78811,1270
78811,8784
78811,27846
47510,1580
47510,480
47510,3793
47510,5349
47510,1198
47510,919
47510,8961
47510,500
47510,262
47510,59315
9100,2959
9100,480
9100,48780
9100,4720
9100,7361
9100,1682
9100,1265
9100,72998
9100,88163
9100,46578
43046,112852
43046,4226
43046,72998
43046,104841
43046,70286
43046,7361
43046,5445
43046,1214
43046,50
43046,109487
136055,356
136055,63131
136055,48385
136055,1704
136055,5110
136055,8665
136055,86345
136055,60756
136055,2028
136055,4306
122403,1213
122403,1089
122403,1198
122403,2329
122403,527
122403,3481
122403,608
122403,1197
122403,48516
122403,3147
60271,588
60271,5952
60271,1291
60271,4993
60271,2918
60271,6377
60271,3671
60271,1282
60271,3253
60271,318
18115,55820
18115,58559
18115,44191
18115,51091
18115,48774
18115,1197
18115,48394
18115,55280
18115,106489
18115,87232
23321,48516
23321,4262
23321,1732
23321,1089
23321,58559
23321,68157
23321,4011
23321,50
23321,2028
23321,1221
107684,2571
107684,2959
107684,4226
107684,1219
107684,318
107684,1203
107684,111
107684,608
107684,903
107684,1252
113503,1089
113503,593
113503,7153
113503,318
113503,2571
113503,44191
113503,5952
113503,4993
113503,1198
113503,1193
65924,47
65924,1201
65924,318
65924,778
65924,2329
65924,1206
65924,555
65924,8874
65924,1213
65924,293
14422,5952
14422,2087
14422,1907
14422,2572
14422,60069
14422,69122
14422,48
14422,1022
14422,5816
14422,1028
52814,541
52814,58559
52814,72998
52814,48774
52814,46578
52814,5218
52814,4308
52814,1036
52814,7361
52814,54272
111899,2858
111899,1206
111899,2692
111899,4973
111899,296
111899,527
111899,608
111899,1527
111899,1281
111899,1747
54910,79132
54910,44191
54910,33166
54910,64957
54910,45499
54910,77561
54910,54286
54910,46530
54910,41569
54910,68954
98264,318
98264,79132
98264,5618
98264,260
98264,7361
98264,1210
98264,1198
98264,7099
98264,4226
98264,5971
26719,7361
26719,50
26719,2858
26719,4973
26719,4011
26719,32
26719,2542
26719,4226
26719,3578
26719,593
34790,32
34790,4993
34790,380
34790,293
34790,587
34790,5445
34790,3039
34790,329
34790,1
34790,2115
11938,4993
11938,2571
11938,296
11938,2858
11938,2028
11938,608
11938,904
11938,47
11938,58559
11938,1240
111188,56367
111188,8961
111188,40815
111188,48774
111188,40819
111188,5971
111188,39292
111188,46976
111188,39183
111188,8970
128535,1240
128535,5418
128535,54286
128535,68358
128535,48516
128535,356
128535,2762
128535,32
128535,150
128535,2329
56492,1674
56492,3844
56492,8623
56492,969
56492,2302
56492,899
56492,4995
56492,7149
56492,1958
56492,7107
117173,2571
117173,6711
117173,61323
117173,47
117173,1682
117173,1206
117173,750
117173,7323
117173,714
117173,2329
25825,49272
25825,60069
25825,44191
25825,58559
25825,33794
25825,8665
25825,56367
25825,7438
25825,48774
25825,55442
22854,5219
22854,3785
22854,2716
22854,6373
22854,1
22854,8360
22854,1682
22854,2232
22854,2683
22854,4886
79238,296
79238,48774
79238,1136
79238,5418
79238,69481
79238,7361
79238,48780
79238,858
79238,1089
79238,74458
28768,68358
28768,58559
28768,908
28768,91529
28768,81845
28768,541
28768,1291
28768,4306
28768,1148
28768,2019
101029,32587
101029,1
101029,60069
101029,59315
101029,44665
101029,45722
101029,76093
101029,5218
101029,10
101029,5349
95789,5618
95789,48780
95789,48394
95789,82459
95789,81845
95789,56782
95789,7361
95789,4886
95789,57669
95789,109374
72541,4973
72541,6773
72541,2858
72541,27773
72541,50872
72541,4226
72541,608
72541,1089
72541,1884
72541,61236
17654,2959
17654,1704
17654,50
17654,104
17654,4623
17654,356
17654,8641
17654,3210
17654,3552
17654,1291
124785,2959
124785,54286
124785,55290
124785,48516
124785,1089
124785,2329
124785,589
124785,49272
124785,44199
124785,1721
69318,109374
69318,2858
69318,58559
69318,2762
69318,50
69318,4995
69318,2324
69318,3578
69318,1291
69318,1240
66183,2918
66183,1197
66183,46578
66183,919
66183,1380
66183,1968
66183,7153
66183,4993
66183,6377
66183,68954
32408,3147
32408,356
32408,593
32408,5445
32408,1917
32408,590
32408,6377
32408,1221
32408,377
32408,58559
95017,1214
95017,1198
95017,923
95017,1136
95017,1212
95017,260
95017,1253
95017,3462
95017,1193
95017,1252
88245,60069
88245,3793
88245,44191
88245,110
88245,8636
88245,34405
88245,2959
88245,5445
88245,49272
88245,27611
51142,1348
51142,1175
51142,1748
51142,4878
51142,2140
51142,1345
51142,6774
51142,1921
51142,1340
51142,2076
50230,2858
50230,2396
50230,342
50230,4246
50230,6942
50230,8961
50230,6377
50230,17
50230,1307
50230,2336
72835,593
72835,2019
72835,4973
72835,3629
72835,5291
72835,2731
72835,7361
72835,2997
72835,922
72835,1212
40191,318
40191,1307
40191,4995
40191,1271
40191,4025
40191,4041
40191,1393
40191,3448
40191,587
40191,2539
1815,7438
1815,6539
1815,6870
1815,4776
1815,7143
1815,4995
1815,356
1815,5254
1815,32
1815,7254
36854,2571
36854,2858
36854,4993
36854,260
36854,7438
36854,6874
36854,7361
36854,47
36854,1
36854,592
64074,2571
64074,593
64074,1208
64074,1193
64074,858
64074,1252
64074,750
64074,4226
64074,50
64074,32
53053,2762
53053,1214
53053,1527
53053,1291
53053,7147
53053,1206
53053,541
53053,6539
53053,4720
53053,1732
55661,1217
55661,923
55661,608
55661,1252
55661,7700
55661,306
55661,5147
55661,1211
55661,1809
55661,593
65743,3996
65743,2924
65743,527
65743,364
65743,110
65743,5349
65743,1097
65743,1270
65743,8370
65743,6874
129863,55820
129863,58295
129863,64614
129863,2571
129863,72998
129863,60040
129863,53996
129863,64983
129863,56788
129863,46578
129752,6377
129752,1704
129752,3996
129752,1721
129752,589
129752,49272
129752,296
129752,48516
129752,364
129752,1240
54960,260
54960,2858
54960,8961
54960,48516
54960,2959
54960,6874
54960,8665
54960,7438
54960,1193
54960,7147
70627,2076
70627,30810
70627,1206
70627,2858
70627,4848
70627,543
70627,1285
70627,2918
70627,260
70627,4973
56889,296
56889,1196
56889,1060
56889,1968
56889,8784
56889,223
56889,2795
56889,2580
56889,1210
56889,2791
76299,2959
76299,260
76299,4993
76299,58559
76299,1
76299,3578
76299,59315
76299,1210
76299,1270
76299,1198
103744,2096
103744,33794
103744,8961
103744,58559
103744,68954
103744,59315
103744,1
103744,71535
103744,2291
103744,551
127405,318
127405,2571
127405,260
127405,1197
127405,68157
127405,48394
127405,88125
127405,3949
127405,99114
127405,2858
94405,1
94405,2858
94405,2959
94405,4022
94405,6365
94405,527
94405,5445
94405,4886
94405,53129
94405,364
128961,296
128961,1089
128961,3535
128961,1206
128961,2858
128961,2959
128961,3949
128961,1343
128961,4262
128961,593
89520,110
89520,356
89520,1036
89520,1240
89520,4306
89520,7143
89520,3257
89520,780
89520,1028
89520,41566
1678,7318
1678,4535
1678,3753
1678,1246
1678,51471
1678,26528
1678,30749
1678,8965
1678,1035
1678,64114
112346,608
112346,7361
112346,4011
112346,318
112346,2542
112346,50
112346,74458
112346,8874
112346,1193
112346,48516
77630,1293
77630,1036
77630,4262
77630,2762
77630,4720
77630,16
77630,6377
77630,1955
77630,7438
77630,1408
122760,597
122760,5218
122760,50872
122760,595
122760,1721
122760,7153
122760,296
122760,4995
122760,2959
122760,4993
98865,54372
98865,47999
98865,67997
98865,86833
98865,44694
98865,46850
98865,48394
98865,40583
98865,55253
98865,71327
68172,4963
68172,457
68172,80463
68172,2268
68172,48516
68172,4034
68172,1198
68172,97304
68172,84392
68172,55820
23354,2762
23354,318
23354,1704
23354,8665
23354,593
23354,1721
23354,2396
23354,6377
23354,357
23354,2959
46063,2959
46063,1265
46063,597
46063,1036
46063,1240
46063,1784
46063,32
46063,1704
46063,72998
46063,5989
123371,1198
123371,1258
123371,296
123371,457
123371,33166
123371,2997
123371,1923
123371,1358
123371,1968
123371,590
93505,6377
93505,344
93505,1265
93505,79132
93505,76093
93505,68954
93505,527
93505,81564
93505,1240
93505,99114
11998,1206
11998,750
11998,7569
11998,2700
11998,1198
11998,2716
11998,1214
11998,33004
11998,2571
11998,2529
98766,4226
98766,1784
98766,150
98766,1193
98766,1225
98766,1580
98766,4886
98766,480
98766,908
98766,3751
125636,3481
125636,6881
125636,7139
125636,911
125636,8784
125636,1537
125636,7361
125636,2396
125636,2690
125636,30822
48184,356
48184,3462
48184,2571
48184,260
48184,527
48184,50
48184,1219
48184,1252
48184,1210
48184,6711
94848,6539
94848,2762
94848,364
94848,4306
94848,356
94848,1197
94848,2571
94848,8961
94848,6377
94848,68358
18900,750
18900,1258
18900,4848
18900,1265
18900,1682
18900,109374
18900,3504
18900,68237
18900,48394
18900,48774
80353,296
80353,5989
80353,1784
80353,1193
80353,912
80353,527
80353,2959
80353,50
80353,1097
80353,2028
68155,5010
68155,6539
68155,8665
68155,48780
68155,593
68155,377
68155,4223
68155,8636
68155,49530
68155,1625
18712,33794
18712,68358
18712,91529
18712,79132
18712,8949
18712,34048
18712,46578
18712,69122
18712,8961
18712,48774
75385,2858
75385,2571
75385,541
75385,593
75385,47
75385,750
75385,2959
75385,48394
75385,7361
75385,64839
29663,5952
29663,5816
29663,480
29663,595
29663,6377
29663,81834
29663,4896
29663,216
29663,5989
29663,69757
8347,296
8347,2329
8347,4105
8347,1241
8347,1215
8347,57274
8347,3917
8347,8957
8347,4878
8347,53000
60324,5952
60324,7153
60324,318
60324,1089
60324,4878
60324,2502
60324,2571
60324,3996
60324,1258
60324,110
11627,4878
11627,55820
11627,1235
11627,34542
11627,3683
11627,1136
11627,2019
11627,714
11627,1201
11627,2731
30915,40819
30915,4027
30915,4995
30915,527
30915,63082
30915,8533
30915,4299
30915,8784
30915,4225
30915,64034
1376,3176
1376,500
1376,736
1376,4973
1376,7361
1376,8961
1376,6874
1376,3471
1376,1266
1376,432
87548,2716
87548,1270
87548,2571
87548,2683
87548,318
87548,1240
87548,589
87548,47
87548,2762
87548,4993
120421,3578
120421,2762
120421,589
120421,356
120421,32
120421,2959
120421,592
120421,2028
120421,1222
120421,288
119284,40629
119284,53125
119284,58559
119284,5349
119284,1197
119284,595
119284,356
119284,2396
119284,1035
119284,1198
63587,5418
63587,33493
63587,4993
63587,318
63587,1376
63587,34405
63587,1272
63587,5064
63587,45722
63587,8665
57448,4239
57448,39
57448,147
57448,1777
57448,2762
57448,2694
57448,356
57448,6323
57448,2291
57448,337
115888,2858
115888,4226
115888,48780
115888,44191
115888,6539
115888,593
115888,3147
115888,2762
115888,2028
115888,2329
97857,527
97857,79132
97857,1
97857,81845
97857,49272
97857,858
97857,68954
97857,150
97857,63082
97857,33794
105066,4993
105066,260
105066,2028
105066,2858
105066,7361
105066,7153
105066,5952
105066,32587
105066,3578
105066,293
2626,318
2626,5418
2626,1262
2626,750
2626,1136
2626,49272
2626,858
2626,1204
2626,34405
2626,1291
45723,72226
45723,6377
45723,356
45723,2858
45723,7361
45723,94959
45723,2571
45723,79091
45723,6874
45723,4993
58667,8966
58667,34437
58667,37741
58667,8970
58667,8949
58667,61132
58667,6881
58667,67087
58667,48082
58667,45950
98849,593
98849,2959
98849,2858
98849,4973
98849,4034
98849,6016
98849,608
98849,541
98849,48516
98849,55118
52632,2329
52632,7361
52632,2028
52632,215
52632,858
52632,4967
52632,593
52632,3949
52632,66665
52632,1270
3182,7153
3182,1210
3182,110
3182,318
3182,2959
3182,1704
3182,1610
3182,8665
3182,32
3182,1198
2591,1089
2591,2997
2591,3996
2591,7361
2591,1527
2591,293
2591,1196
2591,7147
2591,260
2591,1197
53808,318
53808,356
53808,4878
53808,260
53808,32587
53808,1527
53808,1089
53808,110
53808,1625
53808,4306
44584,356
44584,4886
44584,2762
44584,953
44584,1961
44584,3578
44584,4995
44584,1234
44584,1304
44584,4027
125070,7153
125070,356
125070,595
125070,377
125070,48
125070,780
125070,480
125070,1917
125070,1380
125070,1101
14793,110
14793,2329
14793,750
14793,356
14793,47
14793,58559
14793,745
14793,1240
14793,1270
14793,1291
107605,58295
107605,318
107605,57951
107605,81788
107605,59369
107605,56587
107605,56949
107605,79132
107605,858
107605,593
37822,1089
37822,32587
37822,7361
37822,50
37822,4226
37822,30707
37822,46578
37822,8784
37822,293
37822,44195
130830,1198
130830,4993
130830,17
130830,150
130830,5952
130830,7153
130830,2762
130830,8961
130830,1246
130830,1704
32076,4011
32076,1270
32076,593
32076,2700
32076,1220
32076,4226
32076,1923
32076,2762
32076,1291
32076,2683
90935,1196
90935,1198
90935,1291
90935,8961
90935,3081
90935,551
90935,593
90935,1219
90935,32
90935,3793
73727,3186
73727,597
73727,8873
73727,1968
73727,33166
73727,7451
73727,8622
73727,5669
73727,1246
73727,7160
125852,260
125852,1196
125852,2959
125852,2571
125852,541
125852,4226
125852,6874
125852,3793
125852,7438
125852,2762
109399,2762
109399,296
109399,27803
109399,5878
109399,3578
109399,110
109399,4995
109399,1270
109399,3083
109399,318
23032,4878
23032,2959
23032,8874
23032,7438
23032,4226
23032,260
23032,4973
23032,3114
23032,592
23032,5673
4347,41997
4347,54286
4347,60069
4347,32587
4347,48774
4347,69481
4347,48394
4347,72998
4347,72011
4347,31878
100337,593
100337,318
100337,1
100337,2571
100337,48516
100337,44665
100337,480
100337,2329
100337,6377
100337,3578
114549,150
114549,47
114549,4226
114549,318
114549,5679
114549,4034
114549,292
114549,4963
114549,2959
114549,589
115648,1089
115648,32
115648,2571
115648,296
115648,50
115648,778
115648,1214
115648,318
115648,750
115648,2762
106032,356
106032,47
106032,6016
106032,4973
106032,91658
106032,318
106032,80463
106032,73017
106032,72998
106032,8798
136524,527
136524,6711
136524,2571
136524,858
136524,4848
136524,7153
136524,1208
136524,1213
136524,2395
136524,1080
84430,49272
84430,47
84430,2858
84430,4011
84430,527
84430,48780
84430,2028
84430,293
84430,92259
84430,36529
14737,2011
14737,2918
14737,2797
14737,1307
14737,2000
14737,2716
14737,356
14737,1270
14737,2124
14737,920
90559,2858
90559,5952
90559,7153
90559,58559
90559,2329
90559,318
90559,3578
90559,6365
90559,7438
90559,4226
49668,778
49668,3556
49668,902
49668,441
49668,5617
49668,4973
49668,5377
49668,58559
49668,1032
49668,3186
134028,6377
134028,4027
134028,32587
134028,919
134028,1073
134028,4979
134028,1258
134028,2174
134028,293
134028,1732
84852,912
84852,56367
84852,916
84852,951
84852,40819
84852,5377
84852,950
84852,5299
84852,6711
84852,6942
89336,1213
89336,1208
89336,541
89336,111
89336,1222
89336,4262
89336,356
89336,48516
89336,32
89336,2692
130286,2694
130286,5218
130286,4890
130286,7161
130286,765
130286,6287
130286,7451
130286,4886
130286,7444
130286,39183
103943,593
103943,903
103943,1252
103943,2600
103943,6197
103943,1997
103943,1193
103943,2571
103943,7044
103943,7327
868,3498
868,1258
868,1198
868,750
868,1206
868,3196
868,1952
868,1674
868,2194
868,6662
62259,2997
62259,7323
62259,48394
62259,2959
62259,3556
62259,7147
62259,2324
62259,38886
62259,593
62259,6016
27278,30812
27278,30707
27278,8607
27278,41997
27278,33794
27278,37741
27278,6777
27278,8966
27278,40815
27278,7311
73346,97921
73346,3147
73346,63082
73346,92259
73346,858
73346,5952
73346,7153
73346,4993
73346,4011
73346,44191
99148,1196
99148,2000
99148,1
99148,5418
99148,1265
99148,8961
99148,2716
99148,68358
99148,91529
99148,49272
61970,2571
61970,1198
61970,318
61970,7361
61970,8961
61970,4886
61970,608
61970,593
61970,6377
61970,1617
65204,4973
65204,56367
65204,8961
65204,2571
65204,1136
65204,2329
65204,44191
65204,1729
65204,2692
65204,1206
52650,96610
52650,8874
52650,1704
52650,51662
52650,2762
52650,480
52650,54503
52650,527
52650,68358
52650,30707
68341,34162
68341,30793
68341,33437
68341,41569
68341,40815
68341,40278
68341,8961
68341,33166
68341,44191
68341,27592
60845,32
60845,1089
60845,858
60845,2858
60845,1617
60845,1213
60845,3897
60845,35836
60845,2997
60845,293
46358,2858
46358,318
46358,55247
46358,40819
46358,296
46358,33166
46358,6016
46358,527
46358,2324
46358,2329
88142,2028
88142,51935
88142,33162
88142,53972
88142,648
88142,356
88142,58559
88142,55765
88142,318
88142,44665
84317,3949
84317,47
84317,356
84317,4226
84317,1193
84317,2959
84317,1213
84317,1208
84317,7153
84317,1704
99983,3569
99983,6711
99983,6953
99983,2843
99983,7361
99983,7323
99983,27834
99983,714
99983,5995
99983,2076
62419,1198
62419,750
62419,1204
62419,1949
62419,4406
62419,912
62419,110
62419,1210
62419,940
62419,1284
60666,54001
60666,38038
60666,68358
60666,41566
60666,66934
60666,45499
60666,60487
60666,53894
60666,56367
60666,34072
126917,1089
126917,82459
126917,85414
126917,296
126917,55118
126917,69122
126917,1036
126917,59369
126917,1210
126917,112623
113552,3793
113552,364
113552,741
113552,589
113552,1274
113552,110
113552,6333
113552,33493
113552,4886
113552,1
42124,653
42124,185
42124,1407
42124,2485
42124,5502
42124,2722
42124,317
42124,5679
42124,6502
42124,196
59269,590
59269,4973
59269,36
59269,2542
59269,8961
59269,7147
59269,33794
59269,3949
59269,21
59269,300
41263,4226
41263,1265
41263,4878
41263,1197
41263,1206
41263,4979
41263,356
41263,56367
41263,318
41263,904
137429,1527
137429,32
137429,1240
137429,750
137429,2948
137429,1270
137429,2916
137429,2991
137429,1079
137429,356
8615,1198
8615,110
8615,5952
8615,1222
8615,1090
8615,2028
8615,2329
8615,6874
8615,858
8615,1206
13112,2571
13112,1222
13112,2959
13112,356
13112,589
13112,592
13112,2858
13112,2329
13112,1240
13112,165
98320,750
98320,44199
98320,33154
98320,2502
98320,44191
98320,32587
98320,33166
98320,33004
98320,49272
98320,8622
93669,6755
93669,1028
93669,79702
93669,2997
93669,2717
93669,3793
93669,5618
93669,68157
93669,1282
93669,4553
122318,6333
122318,1246
122318,1270
122318,41566
122318,1307
122318,539
122318,497
122318,838
122318,1025
122318,34072
61894,4226
61894,1200
61894,1198
61894,1193
61894,1252
61894,589
61894,592
61894,527
61894,1221
61894,1213
137209,32587
137209,3996
137209,2959
137209,7147
137209,7361
137209,1210
137209,1136
137209,6377
137209,2858
137209,2997
11831,1198
11831,29
11831,6620
11831,4878
11831,162
11831,1732
11831,2959
11831,1222
11831,541
11831,318
18964,54286
18964,58559
18964,2959
18964,1610
18964,1580
18964,1704
18964,2947
18964,4993
18964,597
18964,2716
89948,47
89948,541
89948,1220
89948,1193
89948,6874
89948,6377
89948,1258
89948,33794
89948,7147
89948,2858
51075,60074
51075,83613
51075,40851
51075,68791
51075,90249
51075,103249
51075,97913
51075,101864
51075,91500
51075,95207
45015,30810
45015,55820
45015,31878
45015,34437
45015,56782
45015,26776
45015,34542
45015,33880
45015,66097
45015,54503
100015,2028
100015,608
100015,111
100015,1210
100015,1212
100015,3435
100015,1
100015,293
100015,1090
100015,1233
30053,4306
30053,4973
30053,3578
30053,2028
30053,68157
30053,48780
30053,69122
30053,7361
30053,293
30053,6365
74546,36276
74546,34542
74546,4914
74546,7209
74546,26400
74546,71464
74546,2732
74546,5147
74546,2395
74546,72226
109517,593
109517,2762
109517,527
109517,296
109517,3793
109517,586
109517,4226
109517,587
109517,2011
109517,1225
7084,356
7084,296
7084,593
7084,2683
7084,553
7084,2791
7084,1923
7084,2716
7084,2918
7084,318
73540,72998
73540,4226
73540,6874
73540,2959
73540,51662
73540,3578
73540,48780
73540,48516
73540,8665
73540,50
39745,1214
39745,2692
39745,51662
39745,1210
39745,1196
39745,541
39745,50
39745,260
39745,46976
39745,4873
25071,1282
25071,2186
25071,915
25071,594
25071,1032
25071,551
25071,2203
25071,595
25071,3996
25071,7832
63547,593
63547,33794
63547,50
63547,7438
63547,81591
63547,3578
63547,55820
63547,4011
63547,46578
63547,527
89896,4262
89896,32587
89896,48516
89896,7387
89896,40278
89896,1215
89896,7360
89896,6957
89896,413
89896,30749
38184,3793
38184,6874
38184,165
38184,1370
38184,37733
38184,1291
38184,51935
38184,6323
38184,6502
38184,377
50441,4995
50441,79702
50441,70286
50441,33794
50441,5669
50441,4776
50441,2997
50441,71535
50441,77455
50441,55247
119907,7360
119907,5219
119907,5679
119907,4725
119907,5065
119907,799
119907,58559
119907,1590
119907,2995
119907,1345
29357,50
29357,2997
29357,4027
29357,5669
29357,1196
29357,608
29357,5445
29357,1240
29357,1653
29357,1265
76814,593
76814,47
76814,589
76814,457
76814,48516
76814,150
76814,1240
76814,8132
76814,1580
76814,3275
8753,2858
8753,296
8753,593
8753,480
8753,150
8753,1
8753,380
8753,364
8753,79132
8753,4226
120514,2028
120514,480
120514,2762
120514,1240
120514,588
120514,2194
120514,1961
120514,1200
120514,1136
120514,4993
54779,2571
54779,608
54779,79132
54779,4226
54779,1213
54779,3949
54779,1193
54779,111
54779,1258
54779,1208
79236,110
79236,7153
79236,5952
79236,457
79236,318
79236,593
79236,1197
79236,2502
79236,4993
79236,2028
95924,4963
95924,527
95924,593
95924,58559
95924,2959
95924,4226
95924,44191
95924,110
95924,6539
95924,2858
61920,1193
61920,1387
61920,527
61920,920
61920,1
61920,923
61920,2918
61920,1136
61920,1097
61920,594
123265,318
123265,3578
123265,1704
123265,69122
123265,47
123265,6539
123265,2291
123265,2
123265,5989
123265,35836
79872,58559
79872,56367
79872,48516
79872,33166
79872,40819
79872,53894
79872,64620
79872,56788
79872,1213
79872,858
2368,6874
2368,3481
2368,48516
2368,2959
2368,296
2368,8784
2368,1222
2368,89804
2368,6440
2368,38061
59714,8961
59714,68358
59714,5291
59714,3030
59714,7766
59714,7099
59714,1212
59714,2019
59714,69122
59714,54272
130872,6016
130872,1089
130872,4973
130872,2997
130872,4878
130872,6874
130872,1258
130872,27773
130872,31658
130872,2571
107277,4878
107277,7147
107277,1193
107277,318
107277,5995
107277,60069
107277,5225
107277,1682
107277,50
107277,81591
91439,47
91439,527
91439,81562
91439,64614
91439,55247
91439,74458
91439,3006
91439,48738
91439,2542
91439,30749
83214,1997
83214,2329
83214,48304
83214,55247
83214,1923
83214,48738
83214,784
83214,8950
83214,4239
83214,1625
87553,500
87553,1580
87553,1270
87553,1222
87553,919
87553,3897
87553,2268
87553,1219
87553,4034
87553,30812
55063,33794
55063,6539
55063,48516
55063,5679
55063,51255
55063,3793
55063,4963
55063,5502
55063,6377
55063,356
125998,2858
125998,8154
125998,296
125998,4993
125998,4973
125998,924
125998,1193
125998,593
125998,2571
125998,1206
127022,53996
127022,5378
127022,1033
127022,40815
127022,1197
127022,1580
127022,1270
127022,4896
127022,45722
127022,616
48319,608
48319,898
48319,903
48319,913
48319,928
48319,1212
48319,1244
48319,1234
48319,1204
48319,318
18352,527
18352,1193
18352,912
18352,7361
18352,750
18352,356
18352,2858
18352,296
18352,5995
18352,909
122608,1
122608,838
122608,4886
122608,3578
122608,953
122608,356
122608,1225
122608,1610
122608,914
122608,4995
134701,356
134701,2716
134701,589
134701,1240
134701,1682
134701,593
134701,541
134701,2916
134701,6016
134701,1527
53346,58295
53346,88129
53346,33154
53346,34405
53346,61132
53346,58998
53346,44199
53346,41716
53346,76093
53346,59336
102642,589
102642,1291
102642,2716
102642,2762
102642,1196
102642,1210
102642,593
102642,296
102642,318
102642,648
40361,2918
40361,899
40361,953
40361,3147
40361,1291
40361,110
40361,2028
40361,1704
40361,903
40361,898
96559,6539
96559,79132
96559,5349
96559,88140
96559,6377
96559,595
96559,588
96559,68358
96559,5952
96559,7153
68128,1917
68128,356
68128,41569
68128,1265
68128,1485
68128,1704
68128,527
68128,1101
68128,35836
68128,1777
39440,7153
39440,296
39440,356
39440,8961
39440,1036
39440,51255
39440,1198
39440,6377
39440,260
39440,2502
66891,2571
66891,1214
66891,1527
66891,2012
66891,3527
66891,589
66891,1240
66891,260
66891,2628
66891,1270
124980,50
124980,4226
124980,1213
124980,2329
124980,1
124980,8961
124980,1291
124980,33794
124980,150
124980,457
84361,44191
84361,6874
84361,6539
84361,296
84361,7438
84361,356
84361,2232
84361,3081
84361,1580
84361,1320
75597,2762
75597,1291
75597,48774
75597,3147
75597,4226
75597,165
75597,44191
75597,6016
75597,1617
75597,48780
548,595
548,539
548,4306
548,500
548,377
548,1721
548,588
548,339
548,2762
548,1517
132179,7438
132179,6874
132179,2329
132179,2762
132179,2028
132179,1208
132179,2916
132179,4963
132179,1213
132179,1
74602,2858
74602,1580
74602,2716
74602,1270
74602,2997
74602,1307
74602,8368
74602,318
74602,1968
74602,356
105419,2959
105419,68954
105419,750
105419,1208
105419,1089
105419,7099
105419,2028
105419,4973
105419,541
105419,593
76107,1197
76107,78499
76107,72998
76107,97913
76107,3147
76107,48774
76107,79091
76107,81564
76107,68791
76107,6539
57014,589
57014,2716
57014,68358
57014,79132
57014,68954
57014,5816
57014,50
57014,2288
57014,2291
57014,1997
109730,594
109730,3114
109730,4886
109730,2081
109730,2018
109730,4016
109730,2087
109730,1136
109730,1197
109730,596
47144,4878
47144,4226
47144,6874
47144,58559
47144,47
47144,1089
47144,7438
47144,55820
47144,1136
47144,2858
135806,80463
135806,49530
135806,2571
135806,1682
135806,55820
135806,4886
135806,64957
135806,64969
135806,33794
135806,364
62375,42738
62375,7324
62375,8798
62375,34048
62375,8665
62375,8636
62375,30816
62375,34319
62375,40629
62375,35957
81907,3000
81907,2858
81907,29
81907,31658
81907,55442
81907,4641
81907,72226
81907,4642
81907,55269
81907,30810
15671,50
15671,1265
15671,356
15671,1212
15671,2028
15671,908
15671,1193
15671,4027
15671,2571
15671,1219
59003,1270
59003,8610
59003,2819
59003,720
59003,3671
59003,1203
59003,2300
59003,1220
59003,6787
59003,1077
35093,1210
35093,589
35093,1270
35093,1975
35093,58559
35093,4306
35093,318
35093,1977
35093,6377
35093,1136
106750,2571
106750,2858
106750,296
106750,4034
106750,2959
106750,593
106750,527
106750,8949
106750,7323
106750,1784
27160,3578
27160,318
27160,32587
27160,593
27160,2706
27160,733
27160,5989
27160,165
27160,33794
27160,2028
67676,2716
67676,4896
67676,5349
67676,8368
67676,1961
67676,4901
67676,3996
67676,4018
67676,3408
67676,2763
63107,4973
63107,79132
63107,318
63107,2858
63107,2762
63107,81845
63107,5995
63107,2959
63107,2571
63107,1961
12743,527
12743,293
12743,2858
12743,1222
12743,55820
12743,296
12743,48394
12743,48780
12743,778
12743,260
121123,1240
121123,2028
121123,6377
121123,5445
121123,648
121123,3793
121123,2716
121123,5349
121123,1527
121123,6333
37041,2208
37041,955
37041,7831
37041,933
37041,908
37041,31658
37041,8711
37041,7834
37041,26776
37041,6156
54075,8874
54075,8950
54075,5903
54075,74458
54075,44191
54075,70286
54075,1221
54075,76251
54075,27773
54075,253
30937,4226
30937,2959
30937,7090
30937,6377
30937,4308
30937,33794
30937,4878
30937,4014
30937,32587
30937,318
96052,3578
96052,7438
96052,6874
96052,356
96052,778
96052,7153
96052,1527
96052,3996
96052,5418
96052,5349
78131,356
78131,1291
78131,316
78131,296
78131,1580
78131,1097
78131,750
78131,2858
78131,150
78131,4226
78728,39183
78728,38886
78728,40278
78728,34048
78728,31878
78728,40815
78728,32587
78728,8949
78728,36517
78728,34437
43239,74685
43239,33834
43239,40732
43239,296
43239,47
43239,2232
43239,69275
43239,52281
43239,54995
43239,4878
26662,296
26662,1248
26662,923
26662,1230
26662,1213
26662,318
26662,903
26662,608
26662,2858
26662,2186
18815,1246
18815,912
18815,1079
18815,357
18815,6377
18815,1198
18815,3996
18815,50
18815,608
18815,25
130311,74458
130311,150
130311,79702
130311,8784
130311,6711
130311,780
130311,1214
130311,3897
130311,4963
130311,6283
3760,296
3760,47
3760,593
3760,1270
3760,50
3760,48394
3760,1704
3760,2716
3760,1265
3760,3751
24662,593
24662,6016
24662,858
24662,2858
24662,1258
24662,4235
24662,1206
24662,356
24662,527
24662,1221
95914,318
95914,4306
95914,2571
95914,4886
95914,6539
95914,293
95914,3949
95914,1213
95914,5952
95914,7153
98598,60069
98598,5816
98598,4226
98598,79132
98598,44191
98598,92259
98598,4896
98598,2858
98598,7254
98598,3793
86456,35836
86456,33660
86456,36517
86456,41569
86456,44191
86456,8970
86456,40583
86456,41566
86456,31878
86456,27773
68489,1197
68489,81845
68489,5952
68489,2028
68489,2762
68489,457
68489,1270
68489,1293
68489,3996
68489,1172
43214,48516
43214,318
43214,1527
43214,8360
43214,54272
43214,1721
43214,1270
43214,2291
43214,2710
43214,3147
17863,1136
17863,318
17863,50
17863,2571
17863,4973
17863,48394
17863,1213
17863,3000
17863,68157
17863,44555
124676,3702
124676,3421
124676,858
124676,4262
124676,1196
124676,2716
124676,608
124676,110
124676,6333
124676,2194
20584,7099
20584,1196
20584,260
20584,5971
20584,2012
20584,356
20584,1240
20584,6350
20584,31658
20584,741
37171,47
37171,2959
37171,1270
37171,260
37171,858
37171,150
37171,592
37171,2762
37171,457
37171,6502
135333,91529
135333,68157
135333,58559
135333,70286
135333,293
135333,32587
135333,60069
135333,40815
135333,7099
135333,33794
42298,296
42298,1089
42298,2997
42298,3788
42298,1212
42298,2571
42298,608
42298,908
42298,6920
42298,1572
73888,8984
73888,5418
73888,33004
73888,33679
73888,7361
73888,27821
73888,30707
73888,33166
73888,8910
73888,40819
127873,296
127873,1198
127873,1210
127873,5952
127873,58559
127873,924
127873,1291
127873,3578
127873,33794
127873,68358
100585,68157
100585,48516
100585,4993
100585,48780
100585,96610
100585,76251
100585,77561
100585,59315
100585,50
100585,1196
69842,597
69842,2858
69842,2959
69842,47
69842,7361
69842,49272
69842,39183
69842,4014
69842,54272
69842,5679
124933,7153
124933,33794
124933,589
124933,44191
124933,1704
124933,6016
124933,3793
124933,60684
124933,70286
124933,260
27057,47
27057,2959
27057,296
27057,2858
27057,1089
27057,4878
27057,2542
27057,6016
27057,4973
27057,5902
78604,7153
78604,5989
78604,2571
78604,4973
78604,4993
78604,318
78604,40629
78604,8529
78604,5995
78604,6155
86052,296
86052,7360
86052,2959
86052,54995
86052,551
86052,4878
86052,71535
86052,1258
86052,58559
86052,3535
70974,588
70974,8360
70974,6377
70974,1022
70974,8961
70974,4306
70974,37729
70974,6539
70974,2081
70974,48
121374,91500
121374,4973
121374,48780
121374,6942
121374,3578
121374,593
121374,1721
121374,2324
121374,47610
121374,8533
47089,1
47089,5816
47089,2
47089,4896
47089,6539
47089,79132
47089,1704
47089,1073
47089,5989
47089,4022
41724,4993
41724,7153
41724,79132
41724,58559
41724,150
41724,5418
41724,4963
41724,59315
41724,1704
41724,260
75559,2858
75559,32587
75559,70286
75559,55820
75559,7361
75559,48774
75559,293
75559,48516
75559,44191
75559,6016
105752,50
105752,1198
105752,296
105752,4973
105752,1196
105752,260
105752,2762
105752,47
105752,912
105752,1208
4739,1240
4739,1136
4739,480
4739,1617
4739,2918
4739,1208
4739,457
4739,4011
4739,1
4739,4306
2274,59369
2274,6874
2274,5445
2274,58295
2274,57669
2274,4720
2274,49278
2274,69122
2274,1258
2274,260
43102,4226
43102,260
43102,47
43102,356
43102,593
43102,2858
43102,7153
43102,1073
43102,1617
43102,3897
137433,1193
137433,858
137433,7361
137433,6016
137433,4226
137433,527
137433,27773
137433,1617
137433,457
137433,2762
99904,1136
99904,7361
99904,260
99904,3996
99904,1
99904,8961
99904,356
99904,480
99904,527
99904,1270
55750,4014
55750,8966
55750,6377
55750,2321
55750,8622
55750,342
55750,2858
55750,2324
55750,6218
55750,8961
51476,6377
51476,2571
51476,1089
51476,296
51476,293
51476,8961
51476,2762
51476,1225
51476,1247
51476,3897
85148,46578
85148,58559
85148,88163
85148,91658
85148,74458
85148,589
85148,1617
85148,62374
85148,60069
85148,597
21746,593
21746,296
21746,350
21746,153
21746,1408
21746,2502
21746,597
21746,1200
21746,367
21746,1641
106193,1997
106193,2028
106193,4993
106193,3578
106193,1206
106193,5903
106193,527
106193,111
106193,1291
106193,924
79916,2762
79916,3147
79916,595
79916,79132
79916,480
79916,1097
79916,1036
79916,3527
79916,1721
79916,1387
138289,589
138289,44199
138289,2028
138289,7143
138289,494
138289,3836
138289,8644
138289,3793
138289,2916
138289,3527
5817,58559
5817,68157
5817,2959
5817,46578
5817,3000
5817,68954
5817,48394
5817,296
5817,5618
5817,60069
51641,6874
51641,2329
51641,54503
51641,296
51641,48780
51641,6502
51641,56782
51641,42725
51641,2571
51641,4011
2024,8874
2024,60069
2024,4878
2024,7361
2024,6502
2024,5903
2024,59315
2024,51662
2024,5618
2024,30810
82426,457
82426,2028
82426,1270
82426,1387
82426,1198
82426,3147
82426,1704
82426,2762
82426,1266
82426,1197
119989,106489
119989,4848
119989,2232
119989,81562
119989,111759
119989,1961
119989,356
119989,91658
119989,733
119989,1206
34701,63082
34701,30749
34701,110
34701,4973
34701,541
34701,4306
34701,6711
34701,3006
34701,150
34701,904
99648,58559
99648,74510
99648,2329
99648,47
99648,58295
99648,4011
99648,72554
99648,89629
99648,2571
99648,55820
87290,1
87290,4306
87290,5418
87290,8360
87290,6377
87290,2959
87290,4027
87290,6333
87290,56367
87290,2762
133362,858
133362,2966
133362,2692
133362,4848
133362,5878
133362,6016
133362,3996
133362,3083
133362,288
133362,308
64279,58559
64279,2571
64279,4995
64279,1682
64279,7361
64279,111759
64279,104841
64279,47
64279,106920
64279,1704
89134,1198
89134,63082
89134,6016
89134,356
89134,1
89134,2571
89134,68954
89134,2028
89134,4973
89134,2997
21604,6539
21604,88125
21604,40815
21604,73017
21604,33679
21604,79132
21604,68554
21604,41566
21604,6934
21604,6564
77132,608
77132,318
77132,7361
77132,3897
77132,1029
77132,1380
77132,1784
77132,3252
77132,2762
77132,2739
45525,7361
45525,2858
45525,69122
45525,5995
45525,778
45525,7323
45525,5952
45525,7153
45525,3949
45525,57669
64434,593
64434,4993
64434,1136
64434,318
64434,260
64434,296
64434,2918
64434,4226
64434,6377
64434,32587
127961,318
127961,1732
127961,1617
127961,111
127961,4979
127961,56782
127961,1206
127961,61323
127961,48774
127961,32587
60292,74458
60292,44191
60292,3147
60292,4995
60292,3578
60292,7153
60292,4993
60292,2028
60292,1682
60292,81845
137592,72998
137592,5445
137592,58559
137592,70286
137592,33794
137592,68954
137592,27611
137592,316
137592,1193
137592,8914
29324,8874
29324,33794
29324,8961
29324,44191
29324,38038
29324,31696
29324,33834
29324,36529
29324,6323
29324,33493
128329,2858
128329,4306
128329,2959
128329,1196
128329,68157
128329,69122
128329,1136
128329,6377
128329,54503
128329,4878
43453,1210
43453,30793
43453,3793
43453,4886
43453,260
43453,8644
43453,3147
43453,1580
43453,1721
43453,1270
91536,1213
91536,2329
91536,6874
91536,111
91536,6539
91536,589
91536,1240
91536,1258
91536,3948
91536,1704
31323,4993
31323,541
31323,2997
31323,318
31323,1265
31323,2716
31323,1073
31323,588
31323,29
31323,7153
21051,8665
21051,2028
21051,8360
21051,5218
21051,2353
21051,5103
21051,3147
21051,2804
21051,7445
21051,4022
108491,2959
108491,56367
108491,46578
108491,2329
108491,1206
108491,35836
108491,44195
108491,8784
108491,68073
108491,2502
108597,1265
108597,356
108597,1196
108597,858
108597,7153
108597,5952
108597,4993
108597,1704
108597,1208
108597,2716
65645,6539
65645,318
65645,2762
65645,541
65645,6333
65645,4306
65645,8961
65645,6874
65645,7438
65645,1617
137807,1210
137807,2329
137807,2011
137807,1304
137807,923
137807,3499
137807,1333
137807,2916
137807,1247
137807,527
5477,7153
5477,4993
5477,356
5477,527
5477,296
5477,260
5477,58559
5477,2762
5477,1198
5477,1193
131885,1270
131885,4306
131885,589
131885,593
131885,1089
131885,5418
131885,1704
131885,1196
131885,2716
131885,4011
138437,318
138437,8910
138437,5902
138437,8641
138437,2542
138437,66934
138437,480
138437,4873
138437,82459
138437,4963
53652,102125
53652,53996
53652,1485
53652,76251
53652,4718
53652,4306
53652,88125
53652,1721
53652,45722
53652,2617
94138,5010
94138,6016
94138,2194
94138,8798
94138,1961
94138,1213
94138,1240
94138,293
94138,7147
94138,1090
45523,7438
45523,1210
45523,110
45523,593
45523,2959
45523,608
45523,1617
45523,58559
45523,1270
45523,457
107615,1136
107615,1198
107615,2571
107615,541
107615,50
107615,1197
107615,2762
107615,1201
107615,1196
107615,1278
65536,1923
65536,586
65536,1721
65536,35836
65536,339
65536,8533
65536,1682
65536,39
65536,2706
65536,6377
41427,48516
41427,80463
41427,54372
41427,64614
41427,30749
41427,52042
41427,55765
41427,56782
41427,46723
41427,81845
45147,2959
45147,58559
45147,1620
45147,3535
45147,5065
45147,8783
45147,2881
45147,48774
45147,5418
45147,5502
70068,3448
70068,3408
70068,81845
70068,47610
70068,30812
70068,31685
70068,60069
70068,4306
70068,527
70068,4995
23296,4995
23296,6565
23296,1610
23296,110
23296,318
23296,2762
23296,588
23296,2355
23296,4795
23296,1231
74990,6539
74990,2959
74990,8961
74990,296
74990,4306
74990,2762
74990,2571
74990,364
74990,1073
74990,1270
84078,1270
84078,1240
84078,2028
84078,1198
84078,2858
84078,2762
84078,2571
84078,111
84078,1258
84078,1213
90630,1210
90630,1291
90630,2959
90630,2329
90630,1221
90630,4995
90630,480
90630,7502
90630,4306
90630,54286
82777,356
82777,1307
82777,339
82777,3844
82777,318
82777,4963
82777,1704
82777,4069
82777,3257
82777,6942
27762,2329
27762,32
27762,2959
27762,2019
27762,5690
27762,6016
27762,1884
27762,1200
27762,4011
27762,6807
108686,35836
108686,356
108686,4306
108686,63082
108686,39
108686,3408
108686,4995
108686,5989
108686,45720
108686,1380
24557,356
24557,1089
24557,47
24557,7153
24557,6365
24557,293
24557,7254
24557,8665
24557,1193
24557,1682
34494,3536
34494,4306
34494,3408
34494,2115
34494,5308
34494,36525
34494,4246
34494,361
34494,6944
34494,48516
924,27773
924,296
924,4878
924,58559
924,76251
924,7438
924,71535
924,1089
924,8874
924,48394
21612,50
21612,2571
21612,58559
21612,47
21612,7361
21612,356
21612,4973
21612,5618
21612,1089
21612,2291
81706,104841
81706,96079
81706,59315
81706,68954
81706,89745
81706,31658
81706,106696
81706,34405
81706,70286
81706,48780
113050,1036
113050,6863
113050,2268
113050,1246
113050,2115
113050,4489
113050,7293
113050,1257
113050,5377
113050,1302
89775,4886
89775,1198
89775,318
89775,648
89775,5445
89775,6377
89775,1101
89775,7143
89775,1610
89775,150
114708,58559
114708,68157
114708,111
114708,750
114708,57669
114708,70286
114708,293
114708,527
114708,48774
114708,4878
120269,2762
120269,1198
120269,50
120269,4226
120269,2028
120269,7502
120269,2324
120269,48780
120269,293
120269,68954
19443,6539
19443,5952
19443,7153
19443,4306
19443,356
19443,2959
19443,50872
19443,4993
19443,5816
19443,1580
83806,104
83806,7361
83806,480
83806,2291
83806,2997
83806,1682
83806,3948
83806,6188
83806,1884
83806,48516
62957,50
62957,51255
62957,2028
62957,356
62957,7153
62957,3275
62957,858
62957,2273
62957,5952
62957,344
20513,5618
20513,4306
20513,6365
20513,7981
20513,741
20513,3000
20513,1210
20513,27728
20513,318
20513,3949
94462,356
94462,4963
94462,58559
94462,1196
94462,260
94462,1704
94462,110
94462,5952
94462,4993
94462,2571
7047,1240
7047,51662
7047,589
7047,40815
7047,4262
7047,6934
7047,89745
7047,44191
7047,48780
7047,4011
85393,2959
85393,2762
85393,1704
85393,2502
85393,4226
85393,1747
85393,223
85393,46578
85393,1193
85393,356
11659,2959
11659,1270
11659,480
11659,2716
11659,4973
11659,1527
11659,7361
11659,1580
11659,1682
11659,4995
103852,296
103852,32
103852,2959
103852,79132
103852,7153
103852,356
103852,2329
103852,48780
103852,47610
103852,70286
60408,296
60408,44191
60408,48780
60408,59315
60408,2571
60408,68358
60408,8641
60408,589
60408,858
60408,54503
111785,33794
111785,5418
111785,54286
111785,4993
111785,7153
111785,60069
111785,26614
111785,5952
111785,53996
111785,49272
72644,1214
72644,8961
72644,1208
72644,1222
72644,924
72644,1090
72644,541
72644,1213
72644,5445
72644,1206
99682,2424
99682,4306
99682,356
99682,364
99682,4993
99682,539
99682,110
99682,1485
99682,1569
99682,3408
87977,2329
87977,1032
87977,1208
87977,4973
87977,5945
87977,2997
87977,4370
87977,1206
87977,2959
87977,2174
71394,63082
71394,79132
71394,88810
71394,69757
71394,81591
71394,68954
71394,7361
71394,4896
71394,54001
71394,40815
68463,296
68463,778
68463,4226
68463,3949
68463,55269
68463,5902
68463,46578
68463,6711
68463,1193
68463,608
71781,38038
71781,31658
71781,6773
71781,40815
71781,33004
71781,8970
71781,8376
71781,27317
71781,5617
71781,33834
11335,56367
11335,33166
11335,2571
11335,356
11335,5989
11335,8132
11335,81845
11335,63082
11335,527
11335,5377
15454,6539
15454,260
15454,1196
15454,2571
15454,296
15454,110
15454,1210
15454,6874
15454,3793
15454,4886
76523,1270
76523,1210
76523,6874
76523,1221
76523,5349
76523,6365
76523,7438
76523,7361
76523,1214
76523,780
118588,6539
118588,1682
118588,4226
118588,733
118588,318
118588,2762
118588,2858
118588,1923
118588,3996
118588,527
60373,26131
60373,56782
60373,7587
60373,4144
60373,48516
60373,5147
60373,2731
60373,6666
60373,46855
60373,910
44159,1
44159,58559
44159,6350
44159,2571
44159,54001
44159,8368
44159,5816
44159,44191
44159,1197
44159,48394
27820,48394
27820,70286
27820,4878
27820,4886
27820,87232
27820,7361
27820,1732
27820,68157
27820,3578
27820,50
129311,7361
129311,2329
129311,50
129311,1206
129311,2762
129311,293
129311,5349
129311,3996
129311,7022
129311,1590
43942,2959
43942,858
43942,2858
43942,6016
43942,50
43942,4226
43942,296
43942,3681
43942,30707
43942,1221
52009,64620
52009,86882
52009,48738
52009,37741
52009,81591
52009,65130
52009,56782
52009,72720
52009,80463
52009,33166
132976,1210
132976,1270
132976,2762
132976,318
132976,3578
132976,2959
132976,296
132976,480
132976,589
132976,593
119785,7361
119785,527
119785,4306
119785,356
119785,296
119785,912
119785,1197
119785,318
119785,3996
119785,2396
106512,1250
106512,1219
106512,608
106512,2019
106512,923
106512,60069
106512,1291
106512,55820
106512,903
106512,592
71147,1704
71147,356
71147,4995
71147,318
71147,8961
71147,6942
71147,2321
71147,3897
71147,1246
71147,1270
4146,2858
4146,318
4146,47
4146,1206
4146,7153
4146,356
4146,110
4146,3578
4146,2028
4146,58559
70568,4226
70568,296
70568,858
70568,2858
70568,903
70568,48516
70568,1203
70568,2762
70568,1250
70568,1266
109597,4306
109597,30793
109597,778
109597,2762
109597,1682
109597,318
109597,7153
109597,1961
109597,1246
109597,5952
68413,356
68413,2571
68413,296
68413,3949
68413,4975
68413,1704
68413,58559
68413,7254
68413,4226
68413,8957
61744,1269
61744,1079
61744,2657
61744,1256
61744,1952
61744,6230
61744,2946
61744,953
61744,8623
61744,296
46235,4306
46235,2420
46235,2706
46235,2797
46235,2355
46235,32587
46235,2700
46235,2858
46235,1198
46235,367
90781,1527
90781,1376
90781,3793
90781,7153
90781,4993
90781,1748
90781,34405
90781,1356
90781,1200
90781,318
76728,1580
76728,356
76728,296
76728,59315
76728,1258
76728,48780
76728,4878
76728,1625
76728,72998
76728,4720
13989,4993
13989,5952
13989,593
13989,2959
13989,3578
13989,8961
13989,2762
13989,35836
13989,608
13989,6874
70976,597
70976,377
70976,500
70976,1270
70976,586
70976,736
70976,2571
70976,318
70976,2617
70976,4022
25181,1197
25181,356
25181,35836
25181,111
25181,2028
25181,1259
25181,1220
25181,5418
25181,778
25181,4306
45252,2571
45252,318
45252,1200
45252,593
45252,1198
45252,1214
45252,2288
45252,356
45252,2028
45252,165
34448,58803
34448,45720
34448,80549
34448,33679
34448,5014
34448,78499
34448,76093
34448,72641
34448,7285
34448,53322
41890,110
41890,6016
41890,527
41890,72998
41890,48394
41890,3578
41890,68157
41890,2858
41890,2329
41890,2028
70984,296
70984,8665
70984,318
70984,4963
70984,44191
70984,7361
70984,6539
70984,2329
70984,32587
70984,2028
32487,32
32487,48780
32487,79132
32487,74458
32487,589
32487,5445
32487,61323
32487,79702
32487,57368
32487,52328
13730,3671
13730,2407
13730,898
13730,1231
13730,2949
13730,2779
13730,1083
13730,923
13730,4571
13730,2243
37029,1196
37029,1198
37029,593
37029,260
37029,608
37029,318
37029,55820
37029,1200
37029,1208
37029,4226
53498,2699
53498,71535
53498,1241
53498,1994
53498,1258
53498,1347
53498,71500
53498,7387
53498,968
53498,53953
111042,5218
111042,2959
111042,364
111042,1
111042,6377
111042,356
111042,4993
111042,5971
111042,69122
111042,50872
28929,49272
28929,2959
28929,1198
28929,58559
28929,78499
28929,260
28929,1196
28929,59784
28929,4973
28929,48780
105544,593
105544,7361
105544,296
105544,2329
105544,1682
105544,4878
105544,924
105544,31658
105544,1193
105544,1732
42295,47
42295,2571
42295,1219
42295,2959
42295,858
42295,924
42295,1222
42295,79132
42295,912
42295,1221
48740,593
48740,2959
48740,541
48740,608
48740,3671
48740,1258
48740,260
48740,1222
48740,924
48740,2502
59939,296
59939,81562
59939,2291
59939,1214
59939,97938
59939,337
59939,3160
59939,266
59939,1387
59939,778
31234,733
31234,1580
31234,593
31234,51662
31234,2028
31234,6539
31234,6377
31234,2762
31234,5418
31234,260
85055,44191
85055,2959
85055,5952
85055,780
85055,1
85055,6377
85055,6539
85055,1580
85055,380
85055,377
133916,4306
133916,296
133916,318
133916,6942
133916,7153
133916,46578
133916,8784
133916,4226
133916,2396
133916,4993
50156,1196
50156,1527
50156,5445
50156,2762
50156,2959
50156,593
50156,4226
50156,260
50156,7438
50156,380
52248,7153
52248,4993
52248,2571
52248,6350
52248,5690
52248,296
52248,50872
52248,55167
52248,741
52248,4878
108407,1219
108407,6380
108407,7013
108407,928
108407,3435
108407,4903
108407,5812
108407,594
108407,903
108407,5878
30261,7438
30261,1240
30261,1206
30261,2858
30261,50
30261,4848
30261,1222
30261,32587
30261,1729
30261,4993
118585,33794
118585,1197
118585,5952
118585,4993
118585,41566
118585,54001
118585,2716
118585,58559
118585,68358
118585,8169
41484,223
41484,2918
41484,435
41484,3254
41484,784
41484,1753
41484,88
41484,1391
41484,4226
41484,8376
32035,1198
32035,68358
32035,1196
32035,48780
32035,44191
32035,110
32035,6539
32035,296
32035,60069
32035,1210
109355,110
109355,593
109355,5010
109355,68157
109355,2542
109355,3147
109355,7147
109355,6874
109355,55820
109355,858
73461,58559
73461,6377
73461,3147
73461,2959
73461,72998
73461,5995
73461,47610
73461,6539
73461,68954
73461,47099
16182,1089
16182,6016
16182,296
16182,48516
16182,903
16182,608
16182,2858
16182,1252
16182,1266
16182,1214
92200,541
92200,2005
92200,2502
92200,608
92200,1235
92200,1259
92200,4848
92200,2762
92200,1278
92200,1089
46698,5620
46698,3916
46698,4447
46698,4018
46698,5349
46698,1073
46698,1028
46698,1020
46698,5418
46698,4700
34179,81845
34179,33493
34179,59315
34179,1393
34179,45517
34179,44191
34179,45722
34179,5418
34179,48780
34179,79091
124065,1270
124065,589
124065,1210
124065,47
124065,2028
124065,2716
124065,588
124065,1580
124065,457
124065,780
40021,97304
40021,58559
40021,55820
40021,64839
40021,30812
40021,32587
40021,79132
40021,81591
40021,39183
40021,99114
66260,58559
66260,6537
66260,87232
66260,70286
66260,33794
66260,68791
66260,8644
66260,84152
66260,2959
66260,60069
41507,1200
41507,7153
41507,1270
41507,2571
41507,4720
41507,4226
41507,367
41507,5989
41507,253
41507,6874
138472,4226
138472,2959
138472,1704
138472,46578
138472,56367
138472,69122
138472,778
138472,64839
138472,7254
138472,1961
99164,111
99164,1248
99164,924
99164,4144
99164,8042
99164,1252
99164,4914
99164,7327
99164,296
99164,1206
125069,593
125069,1265
125069,1198
125069,150
125069,50
125069,5418
125069,3147
125069,1225
125069,8961
125069,1197
91175,50872
91175,595
91175,356
91175,1197
91175,5952
91175,7153
91175,4993
91175,33493
91175,26133
91175,594
19344,2571
19344,480
19344,733
19344,1027
19344,7153
19344,4993
19344,780
19344,2420
19344,1907
19344,165
80736,608
80736,5618
80736,1136
80736,4226
80736,1210
80736,2997
80736,1089
80736,2692
80736,32
80736,858
122221,110
122221,4226
122221,4973
122221,356
122221,1193
122221,2028
122221,2959
122221,608
122221,1221
122221,912
97780,7361
97780,1682
97780,778
97780,2959
97780,1527
97780,527
97780,750
97780,4027
97780,4886
97780,2762
35943,50
35943,457
35943,53972
35943,161
35943,2278
35943,1201
35943,6378
35943,1213
35943,2194
35943,58559
90899,2028
90899,1200
90899,356
90899,780
90899,33493
90899,318
90899,8961
90899,45499
90899,47
90899,5816
55551,2918
55551,2762
55551,318
55551,2959
55551,7361
55551,1198
55551,3793
55551,3481
55551,2997
55551,1704
33601,4878
33601,3556
33601,46578
33601,94959
33601,8784
33601,69757
33601,8910
33601,81591
33601,2858
33601,7265
12402,2858
12402,3535
12402,1029
12402,2294
12402,2011
12402,7361
12402,38038
12402,4519
12402,596
12402,1517
92549,733
92549,780
92549,150
92549,2571
92549,597
92549,380
92549,2000
92549,110
92549,4963
92549,587
93046,4963
93046,4896
93046,5445
93046,5349
93046,5418
93046,2762
93046,44191
93046,2329
93046,2617
93046,296
5329,4235
5329,6874
5329,2329
5329,3948
5329,593
5329,1193
5329,4226
5329,1258
5329,44191
5329,1230
72898,356
72898,2571
72898,7153
72898,4993
72898,858
72898,48516
72898,1221
72898,1196
72898,296
72898,4973
115473,778
115473,6377
115473,3481
115473,4995
115473,4848
115473,2324
115473,1704
115473,37741
115473,1617
115473,7371
3208,2987
3208,1682
3208,480
3208,1175
3208,4226
3208,1921
3208,1193
3208,5618
3208,2010
3208,1219
99486,3578
99486,1197
99486,6807
99486,4993
99486,1193
99486,1732
99486,7153
99486,608
99486,1220
99486,55820
92134,8961
92134,5952
92134,7153
92134,364
92134,1270
92134,150
92134,1210
92134,1196
92134,5445
92134,648
65253,593
65253,1198
65253,2762
65253,32
65253,44191
65253,32587
65253,2916
65253,1682
65253,6365
65253,47
114446,65130
114446,69712
114446,56941
114446,55247
114446,72998
114446,5066
114446,58559
114446,64716
114446,56152
114446,58998
83089,2329
83089,296
83089,4226
83089,1206
83089,778
83089,7147
83089,318
83089,8784
83089,4975
83089,5989
63806,7438
63806,2959
63806,1527
63806,593
63806,4306
63806,1080
63806,1200
63806,2762
63806,1198
63806,33493
45849,318
45849,1961
45849,608
45849,1271
45849,1088
45849,4246
45849,337
45849,1186
45849,1673
45849,1263
25167,6539
25167,73017
25167,51662
25167,33794
25167,318
25167,356
25167,296
25167,48780
25167,1221
25167,74458
21878,4993
21878,7153
21878,1754
21878,5418
21878,33493
21878,32587
21878,5903
21878,7445
21878,44191
21878,3081
122879,367
122879,60069
122879,2692
122879,1212
122879,589
122879,2987
122879,1196
122879,260
122879,1682
122879,1732
80034,60069
80034,68954
80034,2762
80034,46976
80034,1213
80034,111
80034,5902
80034,80549
80034,50872
80034,91500
34156,58559
34156,2762
34156,56174
34156,296
34156,2858
34156,48412
34156,33166
34156,4344
34156,65216
34156,43936
49705,7361
49705,2571
49705,608
49705,2959
49705,32587
49705,5618
49705,1136
49705,2858
49705,52281
49705,778
132749,356
132749,3793
132749,8961
132749,3996
132749,1197
132749,318
132749,1136
132749,33493
132749,4878
132749,8360
55571,318
55571,2858
55571,81845
55571,7361
55571,86882
55571,60069
55571,68954
55571,3949
55571,78039
55571,5618
18906,32
18906,59387
18906,70286
18906,27773
18906,4973
18906,48394
18906,2542
18906,1464
18906,96610
18906,84152
13433,2959
13433,58559
13433,4011
13433,6807
13433,8874
13433,4993
13433,520
13433,5952
13433,1036
13433,367
512,2959
512,6365
512,527
512,1208
512,3256
512,1270
512,1961
512,380
512,2628
512,4995
27320,50
27320,8961
27320,4226
27320,4979
27320,3911
27320,7361
27320,2502
27320,4027
27320,608
27320,318
42395,3793
42395,318
42395,1210
42395,2959
42395,260
42395,356
42395,2716
42395,5349
42395,5445
42395,3578
70431,5418
70431,4701
70431,7143
70431,36529
70431,59315
70431,59369
70431,51935
70431,85414
70431,5349
70431,260
2903,1500
2903,4308
2903,1073
2903,4973
2903,7153
2903,1617
2903,21
2903,4734
2903,3994
2903,1527
94720,4963
94720,480
94720,2762
94720,1517
94720,1073
94720,6539
94720,1485
94720,2329
94720,1721
94720,2700
42372,31658
42372,38038
42372,7569
42372,720
42372,2118
42372,33834
42372,6731
42372,7573
42372,1128
42372,54259
63567,54286
63567,110
63567,49530
63567,593
63567,68157
63567,3147
63567,99114
63567,6539
63567,49272
63567,81845
13230,1259
13230,2762
13230,593
13230,3098
13230,2028
13230,1036
13230,2194
13230,1240
13230,529
13230,527
117407,260
117407,33794
117407,8874
117407,1197
117407,2571
117407,1215
117407,1196
117407,2502
117407,2657
117407,1210
43068,532
43068,8636
43068,5349
43068,2700
43068,2541
43068,288
43068,4744
43068,1120
43068,866
43068,2710
100867,1193
100867,32587
100867,4226
100867,5952
100867,2329
100867,56757
100867,3949
100867,2324
100867,318
100867,1089
123536,527
123536,150
123536,593
123536,2028
123536,47
123536,1527
123536,4995
123536,253
123536,8977
123536,8361
16372,2762
16372,50
16372,2918
16372,1961
16372,356
16372,318
16372,1923
16372,1968
16372,2959
16372,2396
120513,296
120513,4878
120513,7361
120513,3578
120513,4226
120513,5989
120513,1923
120513,6188
120513,44191
120513,71535
134801,2858
134801,47
134801,3578
134801,593
134801,356
134801,2959
134801,1258
134801,2762
134801,2329
134801,353
98295,47
98295,7361
98295,2329
98295,2858
98295,1732
98295,3949
98295,1080
98295,1222
98295,6711
98295,593
42778,593
42778,1197
42778,1196
42778,527
42778,356
42778,50872
42778,54286
42778,1242
42778,1270
42778,48516
2292,1193
2292,296
2292,356
2292,318
2292,2291
2292,1206
2292,1198
2292,4993
2292,1136
2292,2396
67647,85414
67647,46578
67647,69122
67647,7361
67647,84152
67647,7323
67647,8961
67647,5608
67647,1175
67647,55820
55635,6377
55635,356
55635,6539
55635,5952
55635,2959
55635,2762
55635,2858
55635,7361
55635,2329
55635,4963
98793,4306
98793,1196
98793,1259
98793,1682
98793,50
98793,380
98793,4027
98793,4034
98793,1214
98793,3793
90816,110
90816,1997
90816,1961
90816,648
90816,2115
90816,3527
90816,4085
90816,1233
90816,1580
90816,2762
134297,1210
134297,1653
134297,260
134297,2336
134297,608
134297,1198
134297,8360
134297,342
134297,1682
134297,1270
71581,356
71581,3578
71581,318
71581,44195
71581,2959
71581,8665
71581,4995
71581,110
71581,2571
71581,4306
46768,48516
46768,7361
46768,4226
46768,750
46768,48394
46768,608
46768,4878
46768,58559
46768,56782
46768,2959
105920,1230
105920,3996
105920,4306
105920,1080
105920,3751
105920,595
105920,2571
105920,8961
105920,1247
105920,919
90241,296
90241,1193
90241,56367
90241,46578
90241,4979
90241,48394
90241,2291
90241,356
90241,1230
90241,8873
113693,318
113693,296
113693,48516
113693,1258
113693,2291
113693,35836
113693,2571
113693,1704
113693,60069
113693,4239
43471,1097
43471,527
43471,590
43471,356
43471,33166
43471,1721
43471,30749
43471,587
43471,1270
43471,6016
36288,4306
36288,318
36288,2858
36288,7254
36288,5445
36288,589
36288,1961
36288,47
36288,1721
36288,4022
134805,63082
134805,48394
134805,2762
134805,2858
134805,44191
134805,56367
134805,4306
134805,1704
134805,778
134805,40819
58893,608
58893,858
58893,318
58893,296
58893,2997
58893,4979
58893,1203
58893,2329
58893,912
58893,30810
129446,4973
129446,4022
129446,4306
129446,47
129446,32
129446,318
129446,4720
129446,590
129446,2324
129446,1258
87405,1961
87405,593
87405,34
87405,150
87405,1198
87405,590
87405,1704
87405,480
87405,457
87405,4886
40552,8961
40552,7153
40552,4993
40552,318
40552,4963
40552,68954
40552,2762
40552,5952
40552,4995
40552,60069
33771,4914
33771,3741
33771,4226
33771,5147
33771,7748
33771,2858
33771,2712
33771,7043
33771,42094
33771,1284
102284,1136
102284,32587
102284,1206
102284,1923
102284,8874
102284,6539
102284,1777
102284,1682
102284,2700
102284,4979
134401,61323
134401,56788
134401,39183
134401,49822
134401,48738
134401,63082
134401,34162
134401,48385
134401,50872
134401,54503
128420,111
128420,7361
128420,2804
128420,260
128420,2194
128420,1259
128420,8874
128420,16
128420,1663
128420,1242
96366,4306
96366,593
96366,1682
96366,1784
96366,1259
96366,1225
96366,500
96366,953
96366,2174
96366,1580
51026,47
51026,780
51026,593
51026,541
51026,1527
51026,32
51026,7254
51026,8644
51026,84152
51026,1917
62934,6377
62934,2000
62934,2028
62934,318
62934,1200
62934,8665
62934,1610
62934,380
62934,7438
62934,48516
3106,2858
3106,2959
3106,2011
3106,480
3106,780
3106,1961
3106,1193
3106,64614
3106,541
3106,1721
64718,45950
64718,912
64718,48780
64718,49272
64718,1945
64718,923
64718,59315
64718,34162
64718,8636
64718,37741
121383,33794
121383,2028
121383,5349
121383,6539
121383,2273
121383,5952
121383,480
121383,6502
121383,2167
121383,8957
64498,5618
64498,3254
64498,3033
64498,33004
64498,8917
64498,6807
64498,3000
64498,26662
64498,7099
64498,27904
99565,356
99565,1221
99565,55820
99565,593
99565,6016
99565,1193
99565,60069
99565,318
99565,2997
99565,922
8116,8961
8116,2959
8116,480
8116,2762
8116,1210
8116,8368
8116,296
8116,1073
8116,593
8116,4226
23014,750
23014,4226
23014,1222
23014,1136
23014,1206
23014,1193
23014,260
23014,50
23014,2918
23014,2997
54964,48780
54964,1221
54964,63082
54964,5952
54964,7153
54964,2194
54964,1617
54964,7502
54964,30749
54964,5995
45780,1246
45780,3671
45780,593
45780,1079
45780,2291
45780,2686
45780,6807
45780,1193
45780,3396
45780,3996
93829,72998
93829,87232
93829,91529
93829,58559
93829,33794
93829,69122
93829,111362
93829,1198
93829,68358
93829,8368
68502,2572
68502,4308
68502,8970
68502,4306
68502,4054
68502,4973
68502,40819
68502,4014
68502,6539
68502,356
36366,60069
36366,41566
36366,4886
36366,5378
36366,316
36366,4963
36366,648
36366,5418
36366,6934
36366,8783
69291,50872
69291,33166
69291,36517
69291,56607
69291,54997
69291,90866
69291,46578
69291,27821
69291,30749
69291,72641
33561,8644
33561,6377
33561,8961
33561,6218
33561,41566
33561,30793
33561,6333
33561,7153
33561,1653
33561,8798
94377,49530
94377,6377
94377,48516
94377,84601
94377,110
94377,47
94377,380
94377,8798
94377,91630
94377,64983
662,778
662,6711
662,3949
662,1193
662,6016
662,223
662,1214
662,1270
662,1200
662,1198
135933,1704
135933,50
135933,1210
135933,1265
135933,1198
135933,2858
135933,110
135933,2959
135933,8961
135933,2028
52592,81834
52592,80463
52592,112852
52592,2571
52592,6539
52592,595
52592,8533
52592,54001
52592,69122
52592,6333
122387,3147
122387,858
122387,587
122387,593
122387,1954
122387,2959
122387,5989
122387,1097
122387,4226
122387,296
106308,53894
106308,63082
106308,34359
106308,70293
106308,40826
106308,56788
106308,56333
106308,40819
106308,55820
106308,55814
93365,4027
93365,2329
93365,2076
93365,2313
93365,1214
93365,2997
93365,6440
93365,589
93365,4881
93365,97
80874,1210
80874,32587
80874,1193
80874,7147
80874,551
80874,2291
80874,2997
80874,3535
80874,54503
80874,44191
33274,48738
33274,80463
33274,40278
33274,31410
33274,55052
33274,79132
33274,48516
33274,48780
33274,44555
33274,40870
12793,7153
12793,1682
12793,1584
12793,59784
12793,1266
12793,1293
12793,68954
12793,7099
12793,1193
12793,6711
49590,480
49590,4886
49590,3793
49590,589
49590,260
49590,5952
49590,253
49590,2628
49590,2174
49590,318
40305,6377
40305,4963
40305,6539
40305,593
40305,4226
40305,1961
40305,1
40305,44665
40305,1580
40305,6016
85414,44191
85414,2858
85414,5445
85414,5952
85414,1682
85414,6953
85414,2571
85414,356
85414,63082
85414,4306
105003,1089
105003,7153
105003,1213
105003,3578
105003,2959
105003,2571
105003,32587
105003,260
105003,7438
105003,527
95297,318
95297,3578
95297,7153
95297,3147
95297,110
95297,2671
95297,5989
95297,597
95297,593
95297,150
34572,2762
34572,50
34572,32
34572,1198
34572,111
34572,1214
34572,356
34572,527
34572,7438
34572,260
71330,32587
71330,6502
71330,102445
71330,7438
71330,79702
71330,48394
71330,54286
71330,53000
71330,1291
71330,79091
52628,2762
52628,5952
52628,7153
52628,4993
52628,356
52628,2959
52628,4886
52628,4995
52628,8604
52628,357
58715,780
58715,2706
58715,4306
58715,6377
58715,3578
58715,44191
58715,1136
58715,2028
58715,69122
58715,1704
9311,2571
9311,4878
9311,58559
9311,68157
9311,593
9311,1258
9311,57669
9311,51255
9311,55820
9311,71535
95495,912
95495,2858
95495,1213
95495,1230
95495,32291
95495,4733
95495,293
95495,7361
95495,1203
95495,2763
27367,6283
27367,8607
27367,5291
27367,5618
27367,2810
27367,750
27367,541
27367,2571
27367,858
27367,7925
86861,1283
86861,899
86861,933
86861,913
86861,150
86861,1203
86861,1950
86861,4002
86861,1012
86861,1276
12465,923
12465,750
12465,154
12465,1080
12465,2712
12465,356
12465,2160
12465,1221
12465,7934
12465,3910
81183,356
81183,1704
81183,2571
81183,2762
81183,6870
81183,1617
81183,5989
81183,457
81183,33166
81183,5995
58313,8961
58313,8983
58313,8665
58313,40815
58313,33794
58313,7090
58313,3252
58313,4007
58313,4993
58313,3578
55123,1036
55123,2858
55123,4963
55123,2959
55123,3578
55123,2762
55123,3147
55123,2012
55123,4306
55123,50
95750,4306
95750,4022
95750,3578
95750,72998
95750,76251
95750,74458
95750,4896
95750,5816
95750,106489
95750,296
134765,48394
134765,79132
134765,356
134765,7361
134765,4973
134765,4993
134765,58559
134765,5618
134765,7147
134765,110
87106,4499
87106,2502
87106,3671
87106,1220
87106,3552
87106,50
87106,3253
87106,1197
87106,3039
87106,1136
113513,4995
113513,3578
113513,33794
113513,593
113513,2762
113513,4963
113513,60069
113513,4027
113513,5418
113513,1517
21200,318
21200,58559
21200,1209
21200,922
21200,1254
21200,1945
21200,1266
21200,1203
21200,2571
21200,2028
45858,4226
45858,50
45858,48516
45858,2329
45858,49272
45858,3275
45858,296
45858,4011
45858,589
45858,2502
2197,40815
2197,4896
2197,2572
2197,4823
2197,58559
2197,356
2197,56152
2197,2080
2197,1028
2197,4447
1755,5679
1755,32587
1755,48780
1755,2571
1755,6242
1755,1210
1755,318
1755,8368
1755,407
1755,589
40796,7153
40796,1198
40796,296
40796,1704
40796,6333
40796,4993
40796,588
40796,5952
40796,44191
40796,4886
72924,858
72924,1089
72924,32
72924,1210
72924,318
72924,50
72924,32587
72924,1213
72924,4011
72924,1270
125597,48516
125597,2502
125597,356
125597,79132
125597,68954
125597,7361
125597,2571
125597,4226
125597,1197
125597,68157
41208,527
41208,1258
41208,47
41208,56367
41208,364
41208,4973
41208,72720
41208,1206
41208,30749
41208,78039
22674,54286
22674,72998
22674,88140
22674,48780
22674,85414
22674,44199
22674,49272
22674,32587
22674,33493
22674,51662
37425,5445
37425,1961
37425,5418
37425,1213
37425,7361
37425,1036
37425,1222
37425,1090
37425,54286
37425,5989
108453,5299
108453,1304
108453,920
108453,1035
108453,1961
108453,1124
108453,2352
108453,3363
108453,1307
108453,356
46743,2692
46743,562
46743,4334
46743,4226
46743,2732
46743,541
46743,235
46743,3996
46743,7371
46743,1214
95535,3578
95535,5952
95535,50
95535,99114
95535,7502
95535,4886
95535,6016
95535,6377
95535,5418
95535,2324
77246,50872
77246,2020
77246,1206
77246,1732
77246,253
77246,4011
77246,6539
77246,72011
77246,4014
77246,3052
3429,1258
3429,541
3429,50
3429,5995
3429,1089
3429,904
3429,81845
3429,2324
3429,1214
3429,750
120342,46578
120342,56367
120342,912
120342,1197
120342,6377
120342,63082
120342,720
120342,52435
120342,915
120342,1269
72791,31658
72791,2502
72791,5349
72791,3793
72791,66934
72791,59315
72791,356
72791,68358
72791,1220
72791,81834
25594,527
25594,4995
25594,3578
25594,260
25594,1682
25594,5418
25594,4306
25594,1645
25594,44191
25594,2502
90698,7361
90698,3911
90698,60069
90698,1223
90698,3897
90698,745
90698,63082
90698,5225
90698,1307
90698,2858
100042,778
100042,32
100042,4878
100042,1136
100042,293
100042,7153
100042,1089
100042,5952
100042,1258
100042,318
71035,595
71035,6539
71035,318
71035,2329
71035,520
71035,293
71035,2396
71035,2762
71035,1682
71035,3147
108908,3917
108908,4865
108908,1347
108908,3355
108908,5254
108908,47952
108908,4128
108908,31696
108908,2826
108908,1590
42931,32
42931,648
42931,58559
42931,588
42931,6874
42931,4306
42931,32587
42931,586
42931,1517
42931,4886
67723,1240
67723,1580
67723,380
67723,457
67723,318
67723,593
67723,1721
67723,2028
67723,736
67723,595
65638,1234
65638,1247
65638,912
65638,1225
65638,1246
65638,5060
65638,1250
65638,1293
65638,1252
65638,1204
110753,8665
110753,1270
110753,5816
110753,4896
110753,2628
110753,648
110753,457
110753,3753
110753,1722
110753,1101
7086,2329
7086,74458
7086,593
7086,1206
7086,68954
7086,89864
7086,96610
7086,68237
7086,81591
7086,2858
92618,49272
92618,27611
92618,44191
92618,60069
92618,1376
92618,4963
92618,2959
92618,8961
92618,1374
92618,72998
71414,318
71414,589
71414,457
71414,858
71414,1240
71414,377
71414,2997
71414,32
71414,1089
71414,1213
105811,2028
105811,110
105811,59315
105811,33794
105811,2115
105811,356
105811,5349
105811,6539
105811,91529
105811,102125
51092,7361
51092,1617
51092,527
51092,1682
51092,58559
51092,48780
51092,1090
51092,55765
51092,6874
51092,1393
56977,364
56977,2858
56977,2959
56977,39
56977,253
56977,593
56977,4995
56977,6377
56977,1527
56977,7361
103033,3147
103033,2959
103033,364
103033,6333
103033,5952
103033,2762
103033,8360
103033,8961
103033,2028
103033,1580
82560,84152
82560,2571
82560,1258
82560,1213
82560,318
82560,78349
82560,83134
82560,3948
82560,2858
82560,48516
72905,2028
72905,47
72905,593
72905,1
72905,6377
72905,1198
72905,2502
72905,1210
72905,8961
72905,8636
36430,7153
36430,4993
36430,593
36430,2959
36430,6502
36430,4370
36430,296
36430,1653
36430,5952
36430,356
132936,3578
132936,593
132936,8961
132936,588
132936,318
132936,2028
132936,33660
132936,8970
132936,33794
132936,6377
87678,32
87678,1213
87678,2997
87678,54503
87678,3949
87678,51255
87678,1206
87678,52973
87678,56782
87678,6016
47786,6539
47786,4886
47786,6365
47786,1270
47786,44191
47786,45722
47786,1198
47786,150
47786,500
47786,780
40753,527
40753,4993
40753,7153
40753,4226
40753,2329
40753,593
40753,5952
40753,47
40753,356
40753,48780
113869,4037
113869,2186
113869,2130
113869,3334
113869,955
113869,2599
113869,1193
113869,800
113869,1238
113869,1079
73689,55052
73689,40629
73689,48780
73689,534
73689,69757
73689,64957
73689,68269
73689,81845
73689,8970
73689,68954
83101,904
83101,608
83101,5008
83101,3435
83101,3468
83101,1
83101,8491
83101,1617
83101,942
83101,1284
55595,1704
55595,4973
55595,1193
55595,49272
55595,33166
55595,48385
55595,2324
55595,41997
55595,1729
55595,2712
22600,68358
22600,49272
22600,48516
22600,5989
22600,5010
22600,48780
22600,3916
22600,1265
22600,4963
22600,89745
32093,5349
32093,87306
32093,296
32093,81591
32093,86332
32093,648
32093,7458
32093,83349
32093,1240
32093,56587
108983,2858
108983,733
108983,2716
108983,3578
108983,1240
108983,1704
108983,1097
108983,592
108983,150
108983,4306
59352,6333
59352,45499
59352,32587
59352,54001
59352,68319
59352,55908
59352,44665
59352,741
59352,2762
59352,48394
21343,27773
21343,2959
21343,91529
21343,44191
21343,2947
21343,7438
21343,57669
21343,1291
21343,1198
21343,69122
103528,7361
103528,7147
103528,8950
103528,2959
103528,32587
103528,527
103528,58559
103528,4720
103528,4011
103528,1653
135411,296
135411,1196
135411,1721
135411,1246
135411,31658
135411,63082
135411,318
135411,527
135411,81591
135411,33794
18119,5952
18119,1777
18119,919
18119,2918
18119,2762
18119,2858
18119,2
18119,2572
18119,1682
18119,2174
32785,1232
32785,750
32785,44555
32785,541
32785,318
32785,1265
32785,1198
32785,2858
32785,6016
32785,165
137352,2571
137352,1200
137352,4993
137352,592
137352,480
137352,11
137352,541
137352,4995
137352,733
137352,1704
63373,593
63373,318
63373,1213
63373,50
63373,111
63373,2329
63373,608
63373,7361
63373,55820
63373,48516
59761,4011
59761,1089
59761,2683
59761,318
59761,6934
59761,50
59761,1265
59761,49530
59761,1222
59761,1036
18076,7153
18076,296
18076,4993
18076,2858
18076,342
18076,1073
18076,543
18076,1285
18076,318
18076,50
21176,7022
21176,7360
21176,1527
21176,47
21176,593
21176,60684
21176,5618
21176,3917
21176,5254
21176,70286
53949,1196
53949,593
53949,318
53949,2571
53949,68157
53949,293
53949,1208
53949,858
53949,47
53949,33794
16977,6711
16977,8949
16977,7438
16977,3949
16977,296
16977,4973
16977,4979
16977,27721
16977,1230
16977,2959
27468,5952
27468,5349
27468,593
27468,1136
27468,296
27468,480
27468,1210
27468,318
27468,1380
27468,59315
107157,1265
107157,8961
107157,3578
107157,2916
107157,1917
107157,2959
107157,2115
107157,457
107157,2716
107157,1704
32554,7361
32554,2329
32554,5464
32554,527
32554,30707
32554,111
32554,8961
32554,8529
32554,6377
32554,5995
4967,4489
4967,33004
4967,8972
4967,8528
4967,78637
4967,95510
4967,32596
4967,34162
4967,7004
4967,3825
60532,3000
60532,7361
60532,356
60532,4886
60532,1136
60532,63082
60532,3751
60532,720
60532,79132
60532,551
64309,2692
64309,2858
64309,5618
64309,608
64309,8874
64309,318
64309,38038
64309,48394
64309,1732
64309,5971
26144,58559
26144,7387
26144,968
26144,318
26144,1222
26144,5618
26144,71535
26144,7022
26144,2329
26144,2571
31647,1732
31647,1206
31647,2858
31647,750
31647,1208
31647,1252
31647,4881
31647,1617
31647,608
31647,1258
37426,1213
37426,5989
37426,110
37426,4226
37426,2028
37426,63082
37426,1193
37426,2329
37426,5995
37426,58559
73696,6539
73696,780
73696,5952
73696,1393
73696,357
73696,2716
73696,1610
73696,4022
73696,3147
73696,5989
115440,588
115440,1022
115440,1197
115440,2572
115440,26084
115440,2087
115440,1035
115440,1367
115440,1951
115440,4308
70849,7361
70849,8874
70849,2174
70849,593
70849,7090
70849,47
70849,1215
70849,4027
70849,2700
70849,2716
133040,920
133040,74458
133040,1213
133040,1193
133040,80463
133040,88810
133040,89904
133040,1103
133040,47
133040,99114
64488,1240
64488,1994
64488,2716
64488,480
64488,2916
64488,2985
64488,1387
64488,2000
64488,1304
64488,1036
118269,1258
118269,4027
118269,3160
118269,778
118269,6385
118269,6870
118269,858
118269,1193
118269,4973
118269,4878
131013,4993
131013,2959
131013,7153
131013,49272
131013,52973
131013,6378
131013,49530
131013,6188
131013,5952
131013,356
63837,1198
63837,527
63837,4973
63837,2858
63837,858
63837,260
63837,4878
63837,5618
63837,44191
63837,70286
125037,47
125037,318
125037,2028
125037,68157
125037,6016
125037,4995
125037,7361
125037,2762
125037,2232
125037,6874
54404,6539
54404,356
54404,8529
54404,4306
54404,47
54404,110
54404,3578
54404,805
54404,2763
54404,4995
129137,8636
129137,6377
129137,588
129137,364
129137,6333
129137,6539
129137,5445
129137,3948
129137,8360
129137,4886
59308,3638
59308,49272
59308,7153
59308,1270
59308,44191
59308,2301
59308,3000
59308,1278
59308,52435
59308,51255
75621,3527
75621,1
75621,5418
75621,150
75621,3578
75621,318
75621,648
75621,32
75621,110
75621,8644
81222,318
81222,47
81222,2858
81222,110
81222,2028
81222,50
81222,4226
81222,260
81222,1196
81222,1198
41131,41566
41131,40819
41131,8970
41131,32587
41131,45499
41131,8949
41131,38038
41131,33004
41131,3421
41131,8636
118491,1204
118491,1234
118491,3435
118491,1945
118491,930
118491,4226
118491,2324
118491,5008
118491,1208
118491,926
80185,904
80185,903
80185,34437
80185,4235
80185,3462
80185,62250
80185,910
80185,7937
80185,8656
80185,8973
121045,2762
121045,4995
121045,48516
121045,733
121045,72998
121045,5010
121045,1270
121045,4223
121045,5445
121045,296
43022,1961
43022,2918
43022,1208
43022,1259
43022,597
43022,1213
43022,1090
43022,1136
43022,1221
43022,1291
115740,68237
115740,2571
115740,5903
115740,52328
115740,70286
115740,56174
115740,1748
115740,59315
115740,71530
115740,44191
45681,1721
45681,5218
45681,1196
45681,45722
45681,1035
45681,4369
45681,3717
45681,2671
45681,783
45681,3489
46329,908
46329,1219
46329,922
46329,923
46329,2208
46329,904
46329,2010
46329,5147
46329,7116
46329,1212
102576,4226
102576,7361
102576,58559
102576,4306
102576,899
102576,296
102576,904
102576,1080
102576,527
102576,5618
130356,110
130356,2858
130356,356
130356,2028
130356,457
130356,47
130356,6016
130356,48516
130356,858
130356,1214
31968,480
31968,6377
31968,1270
31968,318
31968,780
31968,344
31968,2706
31968,593
31968,2028
31968,33794
66854,2571
66854,91529
66854,87232
66854,356
66854,59369
66854,4993
66854,7153
66854,74458
66854,527
66854,48516
119055,2081
119055,2941
119055,1947
119055,2174
119055,1081
119055,2858
119055,364
119055,34
119055,587
119055,345
66088,49272
66088,70286
66088,35836
66088,69122
66088,81845
66088,44191
66088,56782
66088,73017
66088,51662
66088,56367
7358,2959
7358,4963
7358,5349
7358,33794
7358,2628
7358,2502
7358,44191
7358,110
7358,780
7358,5445
114366,6365
114366,318
114366,4886
114366,6377
114366,4306
114366,2762
114366,5418
114366,364
114366,6934
114366,5445
42640,5618
42640,1213
42640,8917
42640,4848
42640,253
42640,48774
42640,5669
42640,72226
42640,95441
42640,96610
43501,4993
43501,1270
43501,1196
43501,2571
43501,356
43501,296
43501,1214
43501,32
43501,593
43501,7153
70145,54286
70145,6378
70145,3578
70145,356
70145,780
70145,3555
70145,2353
70145,6281
70145,1370
70145,2571
78911,480
78911,2353
78911,3444
78911,3527
78911,2959
78911,47
78911,1270
78911,356
78911,1580
78911,32
1246,8961
1246,4973
1246,1136
1246,1197
1246,1079
1246,68954
1246,969
1246,914
1246,34405
1246,1198
73659,296
73659,2288
73659,6502
73659,593
73659,58559
73659,1270
73659,1215
73659,47
73659,32
73659,4226
106703,79132
106703,593
106703,1193
106703,1291
106703,2683
106703,1201
106703,1206
106703,111
106703,480
106703,7361
117865,4306
117865,50
117865,296
117865,356
117865,48516
117865,58559
117865,4995
117865,7361
117865,2028
117865,527
71651,6016
71651,5995
71651,318
71651,293
71651,2324
71651,50872
71651,356
71651,296
71651,49530
71651,4995
123426,307
123426,1136
123426,1208
123426,2115
123426,1
123426,8961
123426,1097
123426,2028
123426,48394
123426,7438
99770,32587
99770,33794
99770,7361
99770,70286
99770,1214
99770,6807
99770,5445
99770,59315
99770,60069
99770,1240
95270,2571
95270,1213
95270,2329
95270,4011
95270,2858
95270,1617
95270,593
95270,44195
95270,6016
95270,7361
97467,60069
97467,5349
97467,58559
97467,33794
97467,2571
97467,2716
97467,1136
97467,4886
97467,480
97467,1
103624,4973
103624,81845
103624,1246
103624,4027
103624,1136
103624,6385
103624,4995
103624,68954
103624,50740
103624,356
23094,527
23094,2571
23094,79132
23094,1206
23094,778
23094,4993
23094,356
23094,608
23094,1203
23094,924
112195,79132
112195,16
112195,50
112195,2997
112195,6016
112195,527
112195,1228
112195,6870
112195,1617
112195,1266
69176,26662
69176,50872
69176,1196
69176,296
69176,31658
69176,2959
69176,741
69176,30793
69176,6774
69176,7934
60655,59315
60655,49530
60655,64620
60655,56367
60655,55765
60655,35836
60655,48780
60655,55290
60655,39292
60655,106916
14343,63082
14343,56367
14343,81591
14343,7361
14343,4878
14343,2571
14343,5952
14343,68954
14343,44191
14343,72226
50568,1198
50568,6874
50568,32
50568,50
50568,6377
50568,7361
50568,8961
50568,1240
50568,4306
50568,2762
15783,480
15783,1704
15783,4306
15783,1270
15783,6377
15783,4886
15783,60069
15783,109487
15783,63082
15783,4022
87573,27773
87573,88129
87573,8950
87573,37733
87573,4235
87573,1464
87573,46976
87573,69122
87573,71464
87573,27700
32955,608
32955,35836
32955,2762
32955,1197
32955,4034
32955,539
32955,3897
32955,8622
32955,5669
32955,1682
106340,2959
106340,1198
106340,1197
106340,4886
106340,48394
106340,58559
106340,296
106340,8961
106340,7361
106340,70286
13666,3089
13666,50872
13666,1260
13666,7215
13666,30749
13666,2203
13666,46803
13666,32160
13666,25753
13666,26111
25231,4973
25231,5992
25231,32
25231,1258
25231,7361
25231,7371
25231,345
25231,4878
25231,3083
25231,6874
13439,50
13439,527
13439,2858
13439,356
13439,2918
13439,590
13439,2028
13439,508
13439,3147
13439,4995
71552,54001
71552,6942
71552,5952
71552,4993
71552,7153
71552,2571
71552,44191
71552,8360
71552,46976
71552,1197
113755,54001
113755,1580
113755,53125
113755,6377
113755,2571
113755,33646
113755,60074
113755,1
113755,4886
113755,6287
85172,4886
85172,58559
85172,60069
85172,7254
85172,50872
85172,296
85172,50
85172,367
85172,54286
85172,47610
38335,6305
38335,7087
38335,955
38335,7079
38335,2022
38335,943
38335,4784
38335,199
38335,6852
38335,3363
76138,7327
76138,2203
76138,904
76138,37733
76138,7361
76138,908
76138,953
76138,1248
76138,3089
76138,1207
85034,48394
85034,33880
85034,37733
85034,8981
85034,4642
85034,8973
85034,48744
85034,51540
85034,49961
85034,37729
11832,34162
11832,2273
11832,64969
11832,58559
11832,2335
11832,45672
11832,4701
11832,5572
11832,3173
11832,2694
123466,1086
123466,44199
123466,30812
123466,1625
123466,34162
123466,1923
123466,36529
123466,1092
123466,2278
123466,1377
137315,110
137315,4226
137315,480
137315,356
137315,3578
137315,46578
137315,780
137315,48516
137315,1193
137315,4973
70616,1240
70616,2571
70616,380
70616,593
70616,2028
70616,58559
70616,4226
70616,367
70616,231
70616,1097
116998,2694
116998,2683
116998,380
116998,1036
116998,8641
116998,589
116998,3617
116998,1918
116998,150
116998,19
72575,32587
72575,1732
72575,296
72575,2959
72575,6502
72575,7438
72575,48516
72575,2858
72575,50
72575,7153
7235,1089
7235,541
7235,2858
7235,3996
7235,858
7235,32
7235,4226
7235,4993
7235,6807
7235,1208
22961,1208
22961,2918
22961,110
22961,2762
22961,1136
22961,1198
22961,4226
22961,1265
22961,1304
22961,8961
32928,4262
32928,4226
32928,1198
32928,2571
32928,2858
32928,527
32928,49530
32928,2028
32928,593
32928,36529
42465,1580
42465,356
42465,58559
42465,231
42465,1291
42465,2706
42465,165
42465,1517
42465,2683
42465,4011
38194,1210
38194,5952
38194,4993
38194,356
38194,4886
38194,4306
38194,110
38194,480
38194,60069
38194,1197
83879,1206
83879,2997
83879,1732
83879,4027
83879,778
83879,2692
83879,2291
83879,1193
83879,745
83879,4878
60958,595
60958,5952
60958,54001
60958,40815
60958,2762
60958,58559
60958,5418
60958,3408
60958,6378
60958,1580
33384,4329
33384,1227
33384,3196
33384,7896
33384,3339
33384,1248
33384,3030
33384,1254
33384,16
33384,2871
63078,318
63078,2948
63078,41997
63078,33166
63078,5902
63078,1265
63078,36517
63078,4973
63078,33493
63078,5418
81057,1079
81057,296
81057,515
81057,593
81057,2076
81057,2966
81057,1732
81057,3730
81057,2131
81057,2959
117499,356
117499,1732
117499,1961
117499,589
117499,2324
117499,8873
117499,1225
117499,1200
117499,27773
117499,1265
33784,4886
33784,296
33784,593
33784,2571
33784,2762
33784,8961
33784,4226
33784,79132
33784,48774
33784,68157
3589,589
3589,8874
3589,1200
3589,1748
3589,7361
3589,1206
3589,1221
3589,3994
3589,778
3589,1193
27072,48394
27072,51662
27072,44191
27072,54286
27072,296
27072,356
27072,110
27072,1704
27072,54997
27072,3275
103329,35836
103329,33166
103329,7438
103329,8798
103329,40819
103329,5418
103329,34162
103329,7143
103329,30707
103329,8784
76369,8197
76369,8239
76369,6433
76369,923
76369,3742
76369,2010
76369,7063
76369,3089
76369,6666
76369,5373
102258,3996
102258,2762
102258,2571
102258,318
102258,1259
102258,30707
102258,47
102258,7153
102258,1213
102258,1198
87274,750
87274,1089
87274,55820
87274,778
87274,1206
87274,1213
87274,48516
87274,2329
87274,608
87274,4226
71939,58559
71939,3578
71939,56174
71939,2028
71939,88744
71939,5010
71939,6537
71939,31410
71939,91529
71939,91500
23755,150
23755,4792
23755,27660
23755,55282
23755,8977
23755,2329
23755,588
23755,410
23755,541
23755,33794
34454,8644
34454,72378
34454,3701
34454,64997
34454,68791
34454,6303
34454,87306
34454,5349
34454,1831
34454,60040
54358,2762
54358,4011
54358,1089
54358,2028
54358,2291
54358,1704
54358,3052
54358,1213
54358,2683
54358,31878
37506,2329
37506,58559
37506,318
37506,7445
37506,5010
37506,3916
37506,48516
37506,1378
37506,2571
37506,1704
52395,296
52395,1
52395,457
52395,1214
52395,780
52395,5445
52395,72998
52395,56367
52395,2959
52395,110
68848,593
68848,296
68848,39
68848,3949
68848,3556
68848,6711
68848,56367
68848,8366
68848,1345
68848,2174
57254,1213
57254,858
57254,4993
57254,296
57254,293
57254,1089
57254,1193
57254,1221
57254,79132
57254,1222
9585,2762
9585,1197
9585,1704
9585,296
9585,593
9585,1222
9585,1193
9585,1198
9585,1136
9585,1
68812,80489
68812,2231
68812,48774
68812,61024
68812,67087
68812,5903
68812,55247
68812,76251
68812,2997
68812,6281
7545,111
7545,1193
7545,1172
7545,1258
7545,50
7545,1206
7545,30707
7545,2542
7545,5878
7545,5989
113770,91529
113770,8949
113770,97921
113770,79132
113770,86882
113770,40819
113770,59315
113770,68237
113770,96079
113770,30707
108587,4963
108587,1200
108587,2571
108587,587
108587,3578
108587,63082
108587,1584
108587,6711
108587,54286
108587,2987
88785,1094
88785,541
88785,480
88785,457
88785,5051
88785,1291
88785,2716
88785,1
88785,3081
88785,2657
45165,588
45165,58559
45165,364
45165,70293
45165,41566
45165,56367
45165,2355
45165,69406
45165,5952
45165,7153
116274,1580
116274,1200
116274,2571
116274,1270
116274,33493
116274,1653
116274,3300
116274,1690
116274,3527
116274,2628
1274,858
1274,223
1274,32
1274,541
1274,4027
1274,750
1274,1884
1274,30810
1274,551
1274,1246
99384,47
99384,296
99384,356
99384,5294
99384,4995
99384,2571
99384,2028
99384,6874
99384,1645
99384,858
119501,1270
119501,6377
119501,38038
119501,50872
119501,32
119501,68954
119501,1199
119501,357
119501,1198
119501,4027
21293,2571
21293,50
21293,4993
21293,356
21293,2762
21293,5418
21293,69122
21293,44199
21293,59315
21293,59369
10788,49278
10788,8798
10788,6
10788,59369
10788,6281
10788,43921
10788,72998
10788,5418
10788,73017
10788,71838
48051,4447
48051,7444
48051,1569
48051,2485
48051,356
48051,1367
48051,2953
48051,3988
48051,78499
48051,6794
52548,5952
52548,318
52548,7153
52548,4993
52548,2959
52548,50
52548,32
52548,1136
52548,4963
52548,6539
108104,60074
108104,88744
108104,59369
108104,58803
108104,4993
108104,68791
108104,91630
108104,56174
108104,71838
108104,48780
48325,356
48325,2692
48325,1206
48325,2858
48325,2997
48325,1080
48325,593
48325,1246
48325,364
48325,551
88540,595
88540,588
88540,1
88540,6297
88540,40815
88540,1148
88540,4886
88540,3114
88540,45431
88540,45722
34467,1198
34467,1208
34467,527
34467,5618
34467,318
34467,923
34467,5291
34467,2858
34467,1207
34467,1214
38791,904
38791,858
38791,318
38791,1214
38791,1213
38791,541
38791,1200
38791,1219
38791,1221
38791,2186
131255,50872
131255,48774
131255,45499
131255,51255
131255,49272
131255,34319
131255,37729
131255,48394
131255,33493
131255,48780
83831,4306
83831,6539
83831,6377
83831,78499
83831,45722
83831,595
83831,4447
83831,4963
83831,59315
83831,50872
73920,318
73920,904
73920,79132
73920,1136
73920,58559
73920,593
73920,951
73920,8228
73920,1284
73920,930
10942,1721
10942,593
10942,364
10942,318
10942,4886
10942,6333
10942,588
10942,4963
10942,527
10942,480
121753,3578
121753,356
121753,63082
121753,2571
121753,6539
121753,4995
121753,7458
121753,6942
121753,44191
121753,81591
87601,593
87601,2329
87601,47
87601,4226
87601,741
87601,3578
87601,1270
87601,58559
87601,780
87601,6874
70443,69757
70443,1721
70443,39183
70443,5377
70443,5816
70443,88810
70443,364
70443,45720
70443,4306
70443,59725
8949,5952
8949,4993
8949,48780
8949,589
8949,2858
8949,1682
8949,3147
8949,1
8949,7153
8949,55765
88135,4226
88135,8961
88135,527
88135,608
88135,3996
88135,8360
88135,3578
88135,858
88135,1136
88135,7438
59165,6377
59165,78499
59165,68954
59165,4878
59165,3000
59165,1580
59165,356
59165,318
59165,59315
59165,90866
40169,56367
40169,69757
40169,58559
40169,33794
40169,59315
40169,68954
40169,72998
40169,69844
40169,6377
40169,60069
92469,46578
92469,4306
92469,63082
92469,1
92469,76093
92469,1136
92469,68157
92469,3114
92469,2571
92469,6539
68016,527
68016,318
68016,356
68016,4963
68016,63082
68016,1704
68016,72011
68016,6942
68016,2959
68016,2571
24307,1210
24307,4226
24307,1136
24307,50
24307,1193
24307,527
24307,3000
24307,7153
24307,4993
24307,858
86908,5445
86908,4963
86908,4901
86908,6365
86908,44191
86908,51662
86908,53972
86908,3717
86908,593
86908,4226
116941,4993
116941,58559
116941,2959
116941,260
116941,48774
116941,60069
116941,5903
116941,1527
116941,72998
116941,7153
84173,2858
84173,7361
84173,2959
84173,79132
84173,4993
84173,1258
84173,1136
84173,4973
84173,32
84173,608
119028,1206
119028,318
119028,1097
119028,6539
119028,4995
119028,260
119028,3418
119028,3147
119028,2115
119028,480
24301,593
24301,356
24301,4993
24301,110
24301,1923
24301,353
24301,832
24301,2502
24301,780
24301,7153
47395,480
47395,111
47395,590
47395,1945
47395,1704
47395,1250
47395,1721
47395,1079
47395,8958
47395,1270
86214,8961
86214,44191
86214,1281
86214,2959
86214,7361
86214,37729
86214,2467
86214,6440
86214,2987
86214,48774
25695,80463
25695,541
25695,296
25695,1214
25695,2858
25695,76251
25695,67997
25695,7438
25695,7361
25695,85412
51714,2858
51714,4226
51714,2762
51714,1198
51714,48516
51714,2028
51714,6016
51714,59315
51714,780
51714,1221
97249,648
97249,4306
97249,1721
97249,2000
97249,539
97249,4993
97249,2011
97249,592
97249,316
97249,5952
12666,480
12666,4993
12666,7153
12666,356
12666,6539
12666,4886
12666,6377
12666,3751
12666,5349
12666,5952
126513,480
126513,8636
126513,3578
126513,110
126513,8961
126513,5418
126513,1196
126513,3996
126513,50
126513,2959
107128,2142
107128,54286
107128,595
107128,2683
107128,1517
107128,2572
107128,56949
107128,2123
107128,6793
107128,1021
106776,858
106776,1080
106776,2028
106776,1221
106776,6874
106776,99114
106776,750
106776,1206
106776,150
106776,109487
1922,110
1922,1214
1922,2329
1922,5900
1922,43936
1922,344
1922,5010
1922,145
1922,1608
1922,1917
24293,6377
24293,1265
24293,46578
24293,1704
24293,1
24293,4963
24293,480
24293,2716
24293,1682
24293,1961
40399,349
40399,2028
40399,1196
40399,1210
40399,2858
40399,47
40399,5445
40399,457
40399,5349
40399,1
55176,47
55176,778
55176,2329
55176,4226
55176,3949
55176,4308
55176,1206
55176,7153
55176,2291
55176,1258
19623,59387
19623,32
19623,29
19623,27904
19623,1175
19623,4226
19623,8014
19623,4370
19623,58559
19623,5690
88896,1196
88896,1222
88896,318
88896,2858
88896,1210
88896,64614
88896,1617
88896,1270
88896,1610
88896,44195
32769,2959
32769,527
32769,4226
32769,2762
32769,1270
32769,1193
32769,4995
32769,63082
32769,1246
32769,1265
123843,1247
123843,908
123843,2396
123843,300
123843,8961
123843,4973
123843,1079
123843,1961
123843,5952
123843,551
62238,1270
62238,32
62238,5952
62238,296
62238,1240
62238,4995
62238,2858
62238,1198
62238,1036
62238,4963
6088,5952
6088,4993
6088,7153
6088,2571
6088,3000
6088,5971
6088,858
6088,60069
6088,5690
6088,260
88055,1193
88055,4226
88055,2858
88055,111
88055,2329
88055,1729
88055,69122
88055,7323
88055,38061
88055,1206
75877,4226
75877,7361
75877,2858
75877,296
75877,1193
75877,608
75877,1732
75877,908
75877,1617
75877,6787
127260,58559
127260,79132
127260,64716
127260,85414
127260,84152
127260,59315
127260,356
127260,67197
127260,106487
127260,47099
12343,64957
12343,4022
12343,6377
12343,48394
12343,35836
12343,72998
12343,5816
12343,8368
12343,4995
12343,1485
41251,2762
41251,7361
41251,55118
41251,57368
41251,49272
41251,7254
41251,44199
41251,2997
41251,6874
41251,58295
138435,58559
138435,260
138435,1221
138435,110
138435,527
138435,79132
138435,2571
138435,541
138435,1203
138435,1196
120425,8961
120425,110
120425,33166
120425,4886
120425,920
120425,508
120425,6870
120425,40629
120425,500
120425,608
11175,1136
11175,2997
11175,1682
11175,1080
11175,32
11175,6711
11175,1732
11175,4226
11175,318
11175,7460
128124,318
128124,527
128124,110
128124,4995
128124,2028
128124,2329
128124,33166
128124,5989
128124,74458
128124,64957
130416,2096
130416,4306
130416,4308
130416,56367
130416,1028
130416,1207
130416,39
130416,46578
130416,3114
130416,1270
78358,589
78358,1580
78358,786
78358,2
78358,733
78358,3793
78358,1917
78358,788
78358,1210
78358,592
61634,56367
61634,2571
61634,7361
61634,588
61634,1196
61634,1198
61634,60072
61634,2858
61634,44191
61634,1210
59853,27808
59853,56775
59853,32598
59853,34162
59853,27821
59853,30749
59853,33166
59853,6979
59853,41571
59853,45447
72713,1261
72713,1215
72713,2288
72713,52281
72713,8957
72713,1320
72713,32587
72713,541
72713,4878
72713,5952
129049,8961
129049,63082
129049,54286
129049,3967
129049,1148
129049,5418
129049,4973
129049,7153
129049,56367
129049,1223
110741,2000
110741,377
110741,165
110741,1580
110741,49272
110741,3654
110741,110
110741,1097
110741,1287
110741,1250
23728,296
23728,58559
23728,260
23728,2762
23728,1196
23728,68954
23728,4226
23728,110
23728,7153
23728,50
109215,3793
109215,4226
109215,2762
109215,2959
109215,2571
109215,33493
109215,8368
109215,4878
109215,32
109215,356
31386,296
31386,47610
31386,48780
31386,1258
31386,5952
31386,46723
31386,30707
31386,3578
31386,7143
31386,7438
124963,2858
124963,4011
124963,4993
124963,4848
124963,44191
124963,6502
124963,2329
124963,1884
124963,2600
124963,27904
128724,5299
128724,2571
128724,110
128724,1784
128724,1097
128724,4995
128724,8636
128724,527
128724,2291
128724,1962
74613,356
74613,1784
74613,35836
74613,4973
74613,608
74613,412
74613,39183
74613,1270
74613,150
74613,63082
118069,6539
118069,5349
118069,33794
118069,318
118069,58559
118069,49530
118069,4886
118069,49272
118069,780
118069,110
67333,8961
67333,1197
67333,356
67333,4226
67333,778
67333,4886
67333,4973
67333,8368
67333,5377
67333,1968
65217,3897
65217,47
65217,6711
65217,33166
65217,5989
65217,50
65217,1246
65217,8784
65217,1213
65217,6016
7463,296
7463,7438
7463,2959
7463,260
7463,356
7463,1
7463,1196
7463,1261
7463,1240
7463,7361
10348,7153
10348,50
10348,58559
10348,223
10348,3000
10348,110
10348,588
10348,1704
10348,527
10348,7361
91251,1580
91251,1210
91251,780
91251,318
91251,1198
91251,49272
91251,47
91251,593
91251,5989
91251,6365
118050,60069
118050,48774
118050,44191
118050,4995
118050,47610
118050,6502
118050,5903
118050,33493
118050,1127
118050,3949
342,593
342,44555
342,541
342,79132
342,2858
342,7361
342,4226
342,296
342,60069
342,4878
35920,5952
35920,58559
35920,7153
35920,26614
35920,527
35920,48516
35920,89745
35920,1247
35920,2762
35920,2324
22663,6539
22663,8874
22663,4896
22663,4886
22663,26662
22663,48394
22663,89745
22663,2959
22663,3793
22663,6350
42711,8961
42711,8533
42711,6942
42711,56152
42711,1
42711,5349
42711,81591
42711,60069
42711,68954
42711,2081
130789,47
130789,50
130789,1221
130789,4226
130789,1193
130789,1208
130789,6016
130789,3949
130789,1222
130789,903
32441,4995
32441,457
32441,1527
32441,1198
32441,589
32441,2115
32441,1240
32441,648
32441,1393
32441,32
71629,1291
71629,4993
71629,50
71629,3499
71629,6979
71629,7027
71629,5989
71629,2949
71629,2028
71629,296
52202,3168
52202,1222
52202,1732
52202,1617
52202,1095
52202,4848
52202,6711
52202,1263
52202,2160
52202,1635
18104,593
18104,27904
18104,3020
18104,38061
18104,223
18104,1222
18104,44199
18104,2231
18104,8874
18104,1193
112244,5418
112244,72998
112244,79132
112244,2571
112244,91529
112244,86332
112244,33794
112244,6934
112244,54286
112244,6365
38741,356
38741,6870
38741,778
38741,2571
38741,4878
38741,2959
38741,1884
38741,1221
38741,293
38741,38304
42023,593
42023,904
42023,858
42023,912
42023,5291
42023,750
42023,1210
42023,4993
42023,1221
42023,6377
130111,4886
130111,858
130111,53996
130111,68954
130111,6934
130111,6333
130111,480
130111,4022
130111,1214
130111,3000
117316,1097
117316,590
117316,597
117316,50
117316,2174
117316,2716
117316,1265
117316,4306
117316,480
117316,1220
101452,6947
101452,1242
101452,33162
101452,318
101452,3753
101452,110
101452,3256
101452,5010
101452,3300
101452,5574
11362,2959
11362,32587
11362,7438
11362,1230
11362,1244
11362,50
11362,4262
11362,6874
11362,111
11362,55820
15730,50
15730,4226
15730,4963
15730,296
15730,5418
15730,2542
15730,55820
15730,44199
15730,1089
15730,44195
109102,4306
109102,60950
109102,8529
109102,58559
109102,63062
109102,8981
109102,88810
109102,33615
109102,65130
109102,72998
116215,1210
116215,32
116215,589
116215,260
116215,1196
116215,2571
116215,2858
116215,3253
116215,6016
116215,2278
73865,7153
73865,4993
73865,2717
73865,4306
73865,5952
73865,2617
73865,51662
73865,4270
73865,54272
73865,1676
13069,318
13069,2076
13069,44195
13069,3052
13069,4848
13069,1201
13069,56367
13069,3527
13069,3994
13069,1347
61567,6796
61567,377
61567,55247
61567,1552
61567,145
61567,527
61567,81158
61567,3897
61567,529
61567,1721
27022,595
27022,1019
27022,1203
27022,1007
27022,6516
27022,3153
27022,940
27022,3964
27022,1086
27022,41566
47060,480
47060,589
47060,1527
47060,1721
47060,2571
47060,1240
47060,1270
47060,316
47060,357
47060,1961
32561,5445
32561,1196
32561,1527
32561,2959
32561,4034
32561,454
32561,2797
32561,1214
32561,1221
32561,1136
98687,33794
98687,1036
98687,4085
98687,380
98687,50
98687,2571
98687,1676
98687,3698
98687,58559
98687,293
3663,38038
3663,44191
3663,5952
3663,7153
3663,6874
3663,3000
3663,3996
3663,2571
3663,33004
3663,4993
96082,356
96082,3578
96082,2959
96082,4226
96082,593
96082,296
96082,2858
96082,6874
96082,1580
96082,110
67673,54286
67673,48516
67673,35836
67673,52973
67673,54503
67673,56367
67673,44191
67673,48780
67673,59369
67673,46530
23780,2571
23780,4262
23780,3147
23780,2231
23780,4034
23780,4963
23780,55820
23780,1784
23780,1884
23780,32
86925,1198
86925,2858
86925,593
86925,1036
86925,3996
86925,1222
86925,1089
86925,1214
86925,32
86925,7360
98710,1291
98710,1270
98710,3527
98710,1213
98710,58559
98710,1265
98710,1210
98710,1259
98710,356
98710,1954
11606,318
11606,7361
11606,48394
11606,69757
11606,2858
11606,5995
11606,40629
11606,527
11606,68954
11606,60069
80278,48774
80278,4878
80278,6365
80278,6539
80278,1196
80278,260
80278,6934
80278,8644
80278,56174
80278,52281
56464,2081
56464,31427
56464,2881
56464,5502
56464,1721
56464,34532
56464,31696
56464,56775
56464,6952
56464,3107
85743,58559
85743,2959
85743,593
85743,110
85743,4306
85743,6377
85743,480
85743,4886
85743,1882
85743,68954
29149,858
29149,608
29149,4886
29149,1270
29149,6377
29149,54286
29149,56367
29149,1259
29149,588
29149,8784
92864,2762
92864,2571
92864,260
92864,1196
92864,924
92864,527
92864,4993
92864,110
92864,7361
92864,1682
108672,7361
108672,1089
108672,2762
108672,2571
108672,47
108672,296
108672,1732
108672,3949
108672,527
108672,110
16123,780
16123,2329
16123,356
16123,3578
16123,2502
16123,3275
16123,44199
16123,480
16123,4993
16123,49272
80605,296
80605,593
80605,5618
80605,8961
80605,2291
80605,1148
80605,2762
80605,1214
80605,44191
80605,50872
132146,68954
132146,68237
132146,76251
132146,103688
132146,96079
132146,72226
132146,111362
132146,78499
132146,106487
132146,111759
9831,5952
9831,4993
9831,588
9831,7153
9831,89745
9831,81847
9831,150
9831,40629
9831,97913
9831,2078
35568,47
35568,2959
35568,3578
35568,593
35568,2542
35568,2353
35568,4993
35568,4963
35568,1573
35568,318
62585,2355
62585,1270
62585,50
62585,1200
62585,6333
62585,2987
62585,2081
62585,5146
62585,780
62585,1136
115146,1036
115146,457
115146,1704
115146,4306
115146,1198
115146,5445
115146,7153
115146,527
115146,4963
115146,1196
11598,293
11598,1089
11598,3996
11598,2291
11598,4878
11598,1682
11598,4226
11598,3578
11598,32587
11598,3949
4950,2028
4950,56782
4950,1258
4950,64614
4950,16
4950,64839
4950,63082
4950,1263
4950,30749
4950,55118
70157,1089
70157,608
70157,1136
70157,48516
70157,4226
70157,47
70157,58559
70157,4993
70157,1223
70157,7153
35513,2762
35513,593
35513,6874
35513,1222
35513,4886
35513,2858
35513,5952
35513,50
35513,356
35513,7153
19162,1136
19162,6333
19162,6947
19162,1617
19162,4226
19162,7361
19162,50
19162,5349
19162,1203
19162,1
23527,260
23527,50
23527,293
23527,2329
23527,1884
23527,48780
23527,91529
23527,99114
23527,6874
23527,68237
43223,1682
43223,527
43223,318
43223,1136
43223,293
43223,356
43223,1079
43223,1339
43223,1080
43223,353
110019,858
110019,296
110019,593
110019,356
110019,1961
110019,1219
110019,608
110019,912
110019,1258
110019,1307
30578,4886
30578,110
30578,1270
30578,380
30578,150
30578,58559
30578,1197
30578,2858
30578,364
30578,47
116614,33794
116614,1961
116614,4995
116614,4973
116614,858
116614,778
116614,7438
116614,6874
116614,1097
116614,1136
111099,47
111099,79132
111099,1089
111099,296
111099,858
111099,1193
111099,99114
111099,4011
111099,111
111099,109374
68625,63082
68625,2762
68625,3147
68625,85414
68625,81591
68625,69122
68625,48780
68625,2324
68625,58559
68625,68954
121486,2762
121486,1198
121486,1307
121486,1961
121486,500
121486,590
121486,527
121486,1580
121486,1
121486,2797
126951,55820
126951,1213
126951,1089
126951,4226
126951,318
126951,6016
126951,260
126951,356
126951,1196
126951,1203
10060,110
10060,6539
10060,4022
10060,593
10060,2571
10060,587
10060,648
10060,1961
10060,586
10060,1580
54549,2968
54549,3471
54549,924
54549,1238
54549,2716
54549,8754
54549,5410
54549,8183
54549,2857
54549,3793
57191,1291
57191,6711
57191,8961
57191,1073
57191,1270
57191,50
57191,380
57191,7361
57191,8368
57191,3793
131588,1196
131588,6565
131588,2918
131588,1214
131588,11
131588,1219
131588,1517
131588,7361
131588,1954
131588,1035
23021,593
23021,318
23021,109487
23021,1193
23021,115569
23021,82459
23021,108729
23021,96728
23021,99114
23021,97866
128562,1089
128562,318
128562,904
128562,7361
128562,922
128562,1732
128562,1203
128562,1221
128562,1208
128562,260
61923,4993
61923,1270
61923,1580
61923,593
61923,527
61923,5952
61923,51662
61923,7153
61923,7361
61923,2329
73685,1089
73685,4011
73685,50
73685,2028
73685,858
73685,593
73685,8874
73685,27831
73685,3578
73685,778
60473,356
60473,2571
60473,1485
60473,780
60473,1721
60473,1923
60473,31685
60473,5989
60473,4963
60473,6323
112124,1270
112124,1265
112124,1208
112124,2571
112124,858
112124,1968
112124,1259
112124,1682
112124,4308
112124,337
55630,1221
55630,260
55630,5952
55630,541
55630,1204
55630,1193
55630,750
55630,296
55630,7502
55630,1197
26222,6539
26222,8961
26222,908
26222,1288
26222,1197
26222,4886
26222,1073
26222,6874
26222,48780
26222,2804
9599,79132
9599,6874
9599,44191
9599,296
9599,1240
9599,58559
9599,1214
9599,1198
9599,31658
9599,60069
41491,1580
41491,2762
41491,590
41491,236
41491,920
41491,1265
41491,5377
41491,1259
41491,3255
41491,1035
136440,1732
136440,1193
136440,50
136440,2599
136440,111
136440,1304
136440,750
136440,3911
136440,1230
136440,2918
102853,58559
102853,60069
102853,97921
102853,1732
102853,4963
102853,61024
102853,2542
102853,1197
102853,72998
102853,49272
102038,33493
102038,41569
102038,46578
102038,34162
102038,33660
102038,8970
102038,38061
102038,41285
102038,34072
102038,36517
74009,111
74009,1240
74009,6874
74009,2502
74009,260
74009,1961
74009,1266
74009,8784
74009,32587
74009,1270
132051,44191
132051,79132
132051,8874
132051,54286
132051,7153
132051,51255
132051,4226
132051,4878
132051,4011
132051,293
100338,318
100338,47
100338,527
100338,2329
100338,2571
100338,5378
100338,4963
100338,2858
100338,2628
100338,5418
81727,1704
81727,356
81727,165
81727,4448
81727,7445
81727,6874
81727,2231
81727,4239
81727,3298
81727,7438
53304,356
53304,2572
53304,1
53304,6377
53304,7444
53304,35836
53304,5449
53304,60069
53304,7451
53304,4310
42956,50
42956,3676
42956,1320
42956,1464
42956,2329
42956,2951
42956,2700
42956,3949
42956,2115
42956,1219
24676,7361
24676,1193
24676,2571
24676,3949
24676,356
24676,2858
24676,858
24676,64957
24676,6953
24676,48780
33103,33794
33103,4993
33103,79132
33103,4963
33103,72998
33103,6539
33103,1036
33103,44665
33103,49530
33103,51255
2057,89745
2057,260
2057,58559
2057,1
2057,86332
2057,88140
2057,88744
2057,72998
2057,33493
2057,356
102217,1206
102217,2716
102217,32
102217,541
102217,70
102217,2987
102217,589
102217,1270
102217,293
102217,3253
73290,1682
73290,4226
73290,2797
73290,223
73290,8784
73290,2248
73290,2700
73290,2762
73290,1073
73290,1
70461,4993
70461,7153
70461,6539
70461,4963
70461,6333
70461,3793
70461,2125
70461,6942
70461,1197
70461,4306
69375,6
69375,1370
69375,8798
69375,4262
69375,457
69375,4993
69375,7153
69375,3697
69375,2058
69375,2194
16268,1380
16268,3844
16268,5299
16268,1101
16268,1569
16268,339
16268,4474
16268,1393
16268,3450
16268,7149
132527,3578
132527,457
132527,7153
132527,54997
132527,2571
132527,307
132527,49272
132527,7143
132527,3256
132527,3508
88778,44191
88778,2858
88778,318
88778,32587
88778,53972
88778,593
88778,50
88778,48780
88778,2762
88778,49530
60044,6888
60044,2657
60044,1347
60044,81535
60044,8957
60044,8947
60044,71252
60044,6058
60044,2122
60044,52245
84366,1704
84366,4226
84366,110
84366,858
84366,50
84366,55820
84366,150
84366,32
84366,5989
84366,4995
132609,79132
132609,2502
132609,1210
132609,32
132609,593
132609,4886
132609,6333
132609,1580
132609,50
132609,7361
95943,2115
95943,1193
95943,2795
95943,1276
95943,2278
95943,2959
95943,1206
95943,2916
95943,5292
95943,527
114898,1197
114898,7438
114898,48516
114898,45728
114898,858
114898,31878
114898,2231
114898,356
114898,364
114898,6711
134697,260
134697,1196
134697,296
134697,6377
134697,2692
134697,4226
134697,4886
134697,2918
134697,1732
134697,1265
91919,1199
91919,2571
91919,1200
91919,593
91919,1203
91919,1253
91919,2968
91919,1953
91919,50
91919,968
103582,6539
103582,1198
103582,5816
103582,8368
103582,5952
103582,1291
103582,653
103582,2006
103582,3793
103582,1527
98656,1210
98656,2571
98656,6870
98656,1701
98656,2289
98656,592
98656,1682
98656,3683
98656,1291
98656,5445
121190,2762
121190,593
121190,4993
121190,7153
121190,3578
121190,2858
121190,33794
121190,589
121190,4226
121190,380
33826,1196
33826,480
33826,72998
33826,79132
33826,5445
33826,3793
33826,1527
33826,68237
33826,48774
33826,1214
45844,6863
45844,3948
45844,1682
45844,6373
45844,69122
45844,500
45844,40815
45844,30825
45844,2028
45844,5816
120344,2762
120344,318
120344,3578
120344,4306
120344,296
120344,6377
120344,30707
120344,49272
120344,3147
120344,8916
6373,593
6373,2858
6373,910
6373,1225
6373,6777
6373,1283
6373,750
6373,923
6373,4973
6373,858
112572,919
112572,7153
112572,345
112572,1968
112572,7482
112572,50
112572,5952
112572,4993
112572,1246
112572,1641
8026,1198
8026,4226
8026,296
8026,2502
8026,2174
8026,4306
8026,1136
8026,1246
8026,1517
8026,337
88604,4896
88604,595
88604,4014
88604,471
88604,4447
88604,2352
88604,1777
88604,2384
88604,2094
88604,2580
136607,6711
136607,64614
136607,47099
136607,48394
136607,1907
136607,3948
136607,2329
136607,47
136607,2687
136607,69122
137559,318
137559,7153
137559,3578
137559,380
137559,110
137559,593
137559,1213
137559,2858
137559,1221
137559,457
13387,72998
13387,2571
13387,2572
13387,33794
13387,7153
13387,4993
13387,1198
13387,51662
13387,356
13387,73017
12271,1288
12271,39
12271,1377
12271,3462
12271,1333
12271,5618
12271,2080
12271,3608
12271,945
12271,2644
1650,1198
1650,480
1650,608
1650,2762
1650,4973
1650,50
1650,56367
1650,6711
1650,63082
1650,2028
81864,908
81864,1136
81864,1250
81864,5952
81864,4993
81864,5603
81864,1238
81864,4306
81864,919
81864,7153
85589,527
85589,4306
85589,54286
85589,356
85589,5418
85589,3147
85589,33794
85589,51662
85589,8665
85589,48780
19971,48780
19971,59315
19971,47610
19971,3916
19971,8665
19971,56174
19971,8972
19971,6378
19971,30707
19971,8368
59121,79132
59121,593
59121,3578
59121,1200
59121,70286
59121,4226
59121,1527
59121,6016
59121,48774
59121,1208
17210,50872
17210,46578
17210,56367
17210,69122
17210,79132
17210,97304
17210,1569
17210,91500
17210,89864
17210,69757
43250,3793
43250,70286
43250,4011
43250,71129
43250,589
43250,62956
43250,8371
43250,2761
43250,260
43250,37857
119005,1193
119005,1234
119005,5995
119005,30707
119005,6867
119005,318
119005,3504
119005,1262
119005,923
119005,750
108549,1197
108549,50
108549,4011
108549,68954
108549,260
108549,68157
108549,4973
108549,60069
108549,4226
108549,1210
33910,4963
33910,4995
33910,356
33910,1073
33910,45722
33910,1968
33910,44191
33910,6333
33910,5989
33910,597
110881,8533
110881,31685
110881,6155
110881,35957
110881,30825
110881,37727
110881,41566
110881,6377
110881,4447
110881,40815
28090,5971
28090,5618
28090,3949
28090,48082
28090,39183
28090,2908
28090,551
28090,44191
28090,6350
28090,37729
48083,260
48083,2571
48083,356
48083,58559
48083,589
48083,8874
48083,48780
48083,4226
48083,4878
48083,1240
75086,2329
75086,2858
75086,1200
75086,68157
75086,47
75086,318
75086,4226
75086,333
75086,1258
75086,50
99769,2571
99769,1682
99769,8360
99769,3147
99769,457
99769,1270
99769,5445
99769,1036
99769,2692
99769,5989
72851,1961
72851,6565
72851,1307
72851,1962
72851,1207
72851,457
72851,912
72851,2424
72851,34
72851,1225
51573,4963
51573,35836
51573,356
51573,1307
51573,34162
51573,1968
51573,2762
51573,1704
51573,1270
51573,377
7693,1270
7693,4306
7693,1258
7693,1208
7693,48516
7693,1198
7693,8950
7693,30749
7693,5989
7693,1209
37722,318
37722,1527
37722,541
37722,49272
37722,76251
37722,1240
37722,1200
37722,4306
37722,1214
37722,96610
99796,35836
99796,54503
99796,4034
99796,288
99796,1240
99796,293
99796,1580
99796,56367
99796,61132
99796,2502
105860,3735
105860,5445
105860,1220
105860,150
105860,6303
105860,953
105860,904
105860,3037
105860,1250
105860,2529
76715,99114
76715,6539
76715,6377
76715,92259
76715,1682
76715,4995
76715,2324
76715,97304
76715,88125
76715,7361
101472,1372
101472,6377
101472,1375
101472,8961
101472,8368
101472,2571
101472,6539
101472,4306
101472,3793
101472,8636
116912,913
116912,1210
116912,4973
116912,33794
116912,6377
116912,38038
116912,3793
116912,930
116912,8228
116912,6333
23283,3578
23283,1
23283,2502
23283,5418
23283,593
23283,110
23283,6365
23283,4886
23283,8665
23283,3175
5615,6502
5615,1208
5615,5989
5615,1036
5615,1258
5615,3793
5615,3994
5615,541
5615,5679
5615,6934
23628,1089
23628,589
23628,32
23628,1
23628,648
23628,10
23628,1240
23628,6377
23628,2321
23628,1653
108159,6942
108159,1704
108159,6377
108159,97921
108159,912
108159,5013
108159,1307
108159,4246
108159,5989
108159,79132
3389,3897
3389,2018
3389,595
3389,919
3389,58559
3389,1032
3389,4306
3389,2502
3389,1207
3389,2291
42576,2174
42576,1441
42576,150
42576,51662
42576,7147
42576,2858
42576,6502
42576,4246
42576,5991
42576,5418
49908,1089
49908,55820
49908,1193
49908,50
49908,2329
49908,1213
49908,4993
49908,60069
49908,46578
49908,7153
76699,8970
76699,8368
76699,3147
76699,527
76699,6942
76699,4014
76699,4326
76699,2762
76699,2336
76699,5418
108031,318
108031,593
108031,48385
108031,47
108031,480
108031,1210
108031,1214
108031,4979
108031,356
108031,527
124925,1240
124925,1356
124925,3638
124925,5445
124925,1036
124925,329
124925,2991
124925,70286
124925,1373
124925,924
85256,5349
85256,44191
85256,2858
85256,7438
85256,318
85256,81845
85256,5995
85256,8644
85256,2324
85256,4022
83184,59315
83184,68358
83184,58559
83184,1210
83184,3578
83184,102445
83184,1610
83184,1291
83184,1270
83184,1196
97656,6
97656,32587
97656,4011
97656,592
97656,5445
97656,1213
97656,2268
97656,6218
97656,293
97656,1197
5574,1258
5574,59315
5574,51662
5574,32587
5574,593
5574,4262
5574,64839
5574,1732
5574,480
5574,60069
63047,5816
63047,4896
63047,7046
63047,3706
63047,7132
63047,8636
63047,1321
63047,2110
63047,2467
63047,7720
108012,356
108012,2959
108012,648
108012,1527
108012,2329
108012,780
108012,2858
108012,32
108012,33794
108012,4226
93194,593
93194,79132
93194,1197
93194,2502
93194,58559
93194,2918
93194,88125
93194,2571
93194,2762
93194,1196
75853,260
75853,5952
75853,1
75853,7153
75853,318
75853,8961
75853,58559
75853,457
75853,150
75853,750
14041,6539
14041,5952
14041,4993
14041,7153
14041,4886
14041,79132
14041,318
14041,58559
14041,99114
14041,260
110154,296
110154,1288
110154,1732
110154,1199
110154,1245
110154,4979
110154,1208
110154,5902
110154,101
110154,3911
50936,1198
50936,260
50936,356
50936,6539
50936,780
50936,8360
50936,1721
50936,45722
50936,5349
50936,1097
59581,780
59581,8360
59581,4993
59581,7153
59581,6539
59581,2081
59581,1527
59581,1270
59581,7090
59581,2716
94124,593
94124,296
94124,1240
94124,1982
94124,1270
94124,288
94124,1991
94124,1036
94124,1258
94124,1089
137478,2918
137478,1265
137478,4993
137478,2762
137478,231
137478,3578
137478,1580
137478,1136
137478,4878
137478,7361
24797,45950
24797,55820
24797,54286
24797,30707
24797,63082
24797,30749
24797,56367
24797,48516
24797,82459
24797,6773
122266,2959
122266,5971
122266,3911
122266,56367
122266,27773
122266,4973
122266,7022
122266,223
122266,1089
122266,4878
97845,296
97845,318
97845,2572
97845,4816
97845,51255
97845,6942
97845,8360
97845,7373
97845,6874
97845,44195
128393,1036
128393,47
128393,1198
128393,8961
128393,589
128393,58559
128393,1
128393,6377
128393,32
128393,4963
36847,50872
36847,47
36847,56782
36847,50
36847,356
36847,2959
36847,64957
36847,33166
36847,56885
36847,56757
43257,150
43257,110
43257,1610
43257,480
43257,1036
43257,1270
43257,1527
43257,597
43257,316
43257,1704
131400,5218
131400,4963
131400,2959
131400,6016
131400,58559
131400,527
131400,1917
131400,586
131400,74458
131400,30707
36837,4306
36837,2858
36837,2571
36837,527
36837,6874
36837,5995
36837,33493
36837,81845
36837,7438
36837,1961
61696,2797
61696,180
61696,2403
61696,4121
61696,4333
61696,1261
61696,4128
61696,592
61696,32
61696,5265
1000,77561
1000,76093
1000,59315
1000,87232
1000,85414
1000,34405
1000,89745
1000,86332
1000,1196
1000,260
133435,5952
133435,2959
133435,1136
133435,7361
133435,5971
133435,1193
133435,356
133435,1732
133435,2329
133435,858
26675,858
26675,1250
26675,1220
26675,2571
26675,1214
26675,4327
26675,1266
26675,1217
26675,1240
26675,904
123028,2762
123028,527
123028,2571
123028,2028
123028,1240
123028,2324
123028,5995
123028,1961
123028,1270
123028,5445
32804,6377
32804,1198
32804,1291
32804,79132
32804,44191
32804,50
32804,1961
32804,593
32804,60069
32804,296
53096,5299
53096,2424
53096,2724
53096,339
53096,17
53096,1028
53096,539
53096,595
53096,4306
53096,50872
58529,2571
58529,26776
58529,5690
58529,318
58529,593
58529,1208
58529,858
58529,4993
58529,260
58529,1196
116636,1
116636,5952
116636,2396
116636,1246
116636,2502
116636,318
116636,296
116636,1682
116636,500
116636,1307
65661,2959
65661,4993
65661,1208
65661,858
65661,1270
65661,924
65661,1222
65661,1265
65661,2716
65661,1221
64726,527
64726,3147
64726,318
64726,1090
64726,356
64726,110
64726,4995
64726,30749
64726,858
64726,6870
67947,7153
67947,4022
67947,4776
67947,480
67947,4306
67947,5989
67947,5952
67947,216
67947,1682
67947,4995
40222,1196
40222,7153
40222,4993
40222,1291
40222,260
40222,1210
40222,4014
40222,4995
40222,318
40222,4973
30634,78499
30634,79702
30634,364
30634,8641
30634,77561
30634,69122
30634,588
30634,66934
30634,7451
30634,592
17298,318
17298,4995
17298,2321
17298,356
17298,2396
17298,1265
17298,5902
17298,8493
17298,471
17298,1231
133262,587
133262,597
133262,539
133262,4041
133262,1259
133262,72641
133262,1968
133262,1961
133262,3844
133262,2762
63719,3967
63719,56367
63719,299
63719,3751
63719,4878
63719,8966
63719,38038
63719,7361
63719,5992
63719,357
28421,1291
28421,48394
28421,3793
28421,4306
28421,344
28421,6377
28421,60684
28421,7361
28421,51662
28421,6874
8948,1210
8948,318
8948,1089
8948,1682
8948,2762
8948,4226
8948,2858
8948,1073
8948,1
8948,1732
82742,8360
82742,318
82742,356
82742,7361
82742,3793
82742,595
82742,1517
82742,3996
82742,1073
82742,50
14055,4262
14055,50
14055,2571
14055,54503
14055,79132
14055,4623
14055,1089
14055,1221
14055,3916
14055,81932
4877,1527
4877,34405
4877,2918
4877,1136
4877,356
4877,58559
4877,96610
4877,260
4877,2134
4877,27611
35883,2858
35883,2959
35883,2571
35883,6953
35883,318
35883,7147
35883,5608
35883,293
35883,1625
35883,4144
20603,2571
20603,377
20603,318
20603,1196
20603,1210
20603,1721
20603,648
20603,3753
20603,1198
20603,31685
37334,50
37334,32587
37334,5903
37334,71535
37334,48394
37334,46578
37334,47
37334,48516
37334,56367
37334,7254
122129,4226
122129,356
122129,4306
122129,541
122129,44191
122129,1222
122129,60069
122129,6539
122129,33794
122129,1258
90250,318
90250,593
90250,356
90250,2571
90250,1193
90250,589
90250,2028
90250,1213
90250,2858
90250,5952
81341,51662
81341,7090
81341,59315
81341,30707
81341,34162
81341,5418
81341,63082
81341,8983
81341,60069
81341,8961
84290,1256
84290,4973
84290,1197
84290,1203
84290,46578
84290,38038
84290,7361
84290,898
84290,35836
84290,951
17481,33794
17481,2959
17481,6377
17481,68358
17481,88125
17481,6539
17481,2858
17481,589
17481,59315
17481,4995
30322,2081
30322,534
30322,1207
30322,928
30322,1907
30322,1957
30322,7075
30322,1204
30322,364
30322,6539
77426,4226
77426,1193
77426,593
77426,356
77426,2959
77426,1
77426,1221
77426,1198
77426,608
77426,47
71721,50
71721,2944
71721,4027
71721,1267
71721,527
71721,2997
71721,3421
71721,3504
71721,1952
71721,46578
90299,588
90299,68358
90299,4022
90299,780
90299,76251
90299,79702
90299,1197
90299,3114
90299,5903
90299,1036
81564,1955
81564,40819
81564,53123
81564,55247
81564,41863
81564,1247
81564,43396
81564,1304
81564,54997
81564,3363
112160,68954
112160,60069
112160,79132
112160,72998
112160,4878
112160,70286
112160,48394
112160,68319
112160,81834
112160,71535
110542,1
110542,3435
110542,457
110542,1262
110542,33794
110542,260
110542,2176
110542,942
110542,2202
110542,60069
104679,69844
104679,8368
104679,32587
104679,81847
104679,81834
104679,367
104679,3147
104679,2762
104679,86880
104679,66097
48465,1997
48465,3471
48465,1394
48465,3039
48465,527
48465,1097
48465,1994
48465,2915
48465,318
48465,2762
78208,8957
78208,593
78208,253
78208,58559
78208,40732
78208,2571
78208,3147
78208,56339
78208,55820
78208,1255
54455,1
54455,595
54455,4306
54455,364
54455,40815
54455,1721
54455,34162
54455,35836
54455,597
54455,4995
48569,95558
48569,79132
48569,81591
48569,90531
48569,88163
48569,90376
48569,91077
48569,89864
48569,86882
48569,88810
91108,79132
91108,356
91108,72407
91108,586
91108,1270
91108,88125
91108,1
91108,4306
91108,54001
91108,81834
76112,589
76112,47
76112,88125
76112,91529
76112,94864
76112,2513
76112,188
76112,1275
76112,1968
76112,50
88803,2021
88803,2012
88803,2571
88803,2657
88803,353
88803,2987
88803,2124
88803,1136
88803,2161
88803,2011
71857,1252
71857,1136
71857,1080
71857,50
71857,4979
71857,2395
71857,1307
71857,1193
71857,750
71857,2289
53468,592
53468,1196
53468,296
53468,6539
53468,4973
53468,2987
53468,5418
53468,6377
53468,923
53468,903
101040,1291
101040,81591
101040,1617
101040,778
101040,1682
101040,293
101040,31410
101040,7147
101040,4886
101040,357
49283,7361
49283,30707
49283,4226
49283,527
49283,39292
49283,6016
49283,5995
49283,8645
49283,4034
49283,40819
33161,53000
33161,6874
33161,7438
33161,8636
33161,8798
33161,45499
33161,4963
33161,4973
33161,7163
33161,6333
38985,1097
38985,3408
38985,3052
38985,2716
38985,1784
38985,440
38985,6333
38985,736
38985,1917
38985,1291
42394,6377
42394,4306
42394,377
42394,150
42394,2716
42394,5349
42394,1291
42394,1923
42394,110
42394,1265
119889,5618
119889,5952
119889,4878
119889,51255
119889,48780
119889,54259
119889,49272
119889,68358
119889,6502
119889,2329
111355,68358
111355,2571
111355,79132
111355,76093
111355,1
111355,1270
111355,69122
111355,50872
111355,2959
111355,54286
39655,48774
39655,6502
39655,69757
39655,36517
39655,4226
39655,6711
39655,69481
39655,5995
39655,31410
39655,296
125726,40815
125726,8961
125726,364
125726,1307
125726,953
125726,50872
125726,1380
125726,912
125726,5299
125726,2918
23235,7387
23235,6721
23235,26840
23235,7022
23235,1218
23235,4350
23235,2871
23235,1261
23235,1200
23235,6502
72039,79132
72039,68954
72039,2858
72039,4306
72039,527
72039,1
72039,1136
72039,1196
72039,1210
72039,1089
75015,1213
75015,858
75015,7090
75015,33794
75015,2762
75015,527
75015,2019
75015,4878
75015,1961
75015,48394
84428,47
84428,296
84428,68237
84428,6016
84428,1089
84428,79132
84428,8950
84428,1732
84428,50
84428,318
218,858
218,4226
218,38061
218,27831
218,7361
218,1221
218,1625
218,46578
218,4776
218,3147
57526,1198
57526,2716
57526,6377
57526,356
57526,63859
57526,780
57526,648
57526,8529
57526,1291
57526,316
112136,593
112136,1961
112136,356
112136,858
112136,318
112136,2028
112136,110
112136,1
112136,1193
112136,1276
82848,3578
82848,104
82848,47
82848,8983
82848,4993
82848,44195
82848,1265
82848,2324
82848,1246
82848,527
11766,1089
11766,1527
11766,60684
11766,4226
11766,589
11766,4963
11766,293
11766,52328
11766,88129
11766,541
88603,6539
88603,1
88603,63082
88603,1197
88603,50872
88603,593
88603,1967
88603,6385
88603,70286
88603,7361
7198,7438
7198,296
7198,2959
7198,2028
7198,1240
7198,4963
7198,593
7198,3793
7198,7143
7198,318
106437,3949
106437,1206
106437,2318
106437,4878
106437,1732
106437,55820
106437,3676
106437,2291
106437,1884
106437,47
70221,858
70221,2959
70221,6711
70221,1089
70221,1244
70221,3000
70221,4848
70221,6016
70221,1732
70221,912
98323,56339
98323,2858
98323,27773
98323,1221
98323,3147
98323,48394
98323,293
98323,589
98323,1206
98323,58559
76819,81591
76819,3897
76819,78039
76819,1617
76819,1961
76819,5954
76819,79132
76819,858
76819,111
76819,56367
22512,7940
22512,922
22512,7820
22512,7072
22512,8239
22512,6579
22512,936
22512,7756
22512,903
22512,4359
99505,2858
99505,1222
99505,33794
99505,55820
99505,356
99505,2329
99505,260
99505,50
99505,4011
99505,33166
117850,1193
117850,4306
117850,356
117850,2762
117850,5952
117850,293
117850,33794
117850,6016
117850,8784
117850,7022
12351,4963
12351,1441
12351,4519
12351,8970
12351,33615
12351,45517
12351,2005
12351,480
12351,1033
12351,4878
30243,4993
30243,1136
30243,32587
30243,293
30243,1089
30243,593
30243,1213
30243,5952
30243,7153
30243,68157
88261,4306
88261,50
88261,2762
88261,2571
88261,356
88261,480
88261,1580
88261,3578
88261,5418
88261,597
23466,4993
23466,593
23466,1198
23466,356
23466,2858
23466,5349
23466,539
23466,6377
23466,527
23466,7153
102015,3578
102015,2858
102015,1136
102015,4306
102015,318
102015,5952
102015,50
102015,47
102015,1291
102015,1089
25258,1136
25258,1
25258,8961
25258,4226
25258,2858
25258,318
25258,3996
25258,1210
25258,4886
25258,6377
40699,48304
40699,56145
40699,69481
40699,4886
40699,8961
40699,296
40699,4226
40699,2329
40699,110
40699,64034
113559,2571
113559,50
113559,318
113559,593
113559,858
113559,111
113559,296
113559,1196
113559,1221
113559,527
57540,954
57540,1961
57540,590
57540,3451
57540,587
57540,1304
57540,1947
57540,318
57540,1293
57540,1272
125655,50
125655,296
125655,6867
125655,4226
125655,535
125655,8638
125655,6552
125655,3317
125655,3481
125655,5013
129658,307
129658,930
129658,908
129658,1237
129658,3134
129658,928
129658,8154
129658,32892
129658,1219
129658,1104
76404,2329
76404,3793
76404,5989
76404,377
76404,7153
76404,4993
76404,1485
76404,5952
76404,3785
76404,5669
34868,356
34868,54503
34868,6711
34868,2329
34868,527
34868,68157
34868,33794
34868,4306
34868,5989
34868,1206
81376,5445
81376,4011
81376,53972
81376,4226
81376,44665
81376,36529
81376,69481
81376,73017
81376,55765
81376,55820
89529,356
89529,1270
89529,2959
89529,35836
89529,589
89529,4963
89529,2011
89529,1036
89529,296
89529,367
76878,4886
76878,595
76878,364
76878,2324
76878,4995
76878,356
76878,1721
76878,318
76878,26150
76878,5218
2391,356
2391,7361
2391,47
2391,296
2391,4226
2391,32587
2391,4878
2391,7438
2391,593
2391,1196
111535,4995
111535,1265
111535,2329
111535,47
111535,750
111535,1219
111535,1259
111535,4963
111535,1203
111535,6377
115014,68157
115014,356
115014,296
115014,1221
115014,58559
115014,7254
115014,48780
115014,6016
115014,72998
115014,79132
48058,1136
48058,1704
48058,32
48058,597
48058,2762
48058,2571
48058,595
48058,1
48058,1196
48058,260
82008,2571
82008,4226
82008,1036
82008,47
82008,2762
82008,832
82008,4306
82008,5445
82008,648
82008,480
109379,73017
109379,91529
109379,81591
109379,63876
109379,46948
109379,39414
109379,87306
109379,96079
109379,51255
109379,38798
89421,2502
89421,5103
89421,4011
89421,3275
89421,3052
89421,223
89421,318
89421,2918
89421,5464
89421,3897
115425,6539
115425,2858
115425,593
115425,296
115425,110
115425,4993
115425,1
115425,4963
115425,50
115425,5989
28170,2571
28170,46578
28170,1258
28170,56367
28170,2174
28170,1682
28170,6539
28170,1732
28170,2657
28170,223
115843,1197
115843,8961
115843,32
115843,1240
115843,4878
115843,6365
115843,1517
115843,7143
115843,8641
115843,2273
45007,25996
45007,7614
45007,3546
45007,918
45007,25937
45007,30793
45007,49824
45007,26422
45007,42004
45007,40819
1106,32
1106,59315
1106,34405
1106,2959
1106,58559
1106,1198
1106,54286
1106,2288
1106,33794
1106,2716
74215,6874
74215,593
74215,4995
74215,79132
74215,50872
74215,4848
74215,3863
74215,58559
74215,2858
74215,2959
117590,356
117590,2858
117590,2571
117590,1682
117590,7361
117590,8961
117590,4226
117590,2692
117590,367
117590,480
18744,2997
18744,1200
18744,1732
18744,1201
18744,1198
18744,7153
18744,318
18744,5952
18744,4993
18744,3030
76175,2959
76175,5952
76175,4993
76175,49272
76175,1240
76175,51662
76175,32587
76175,593
76175,318
76175,1198
104692,49272
104692,68954
104692,4993
104692,58559
104692,6377
104692,296
104692,110
104692,1527
104692,356
104692,1270
78065,318
78065,2858
78065,2502
78065,30707
78065,2959
78065,4995
78065,6377
78065,2918
78065,1485
78065,1265
82668,1954
82668,1784
82668,4022
82668,4995
82668,1961
82668,2804
82668,1060
82668,8949
82668,47
82668,1247
30909,364
30909,4306
30909,1307
30909,1784
30909,4014
30909,7153
30909,8014
30909,910
30909,318
30909,2671
130062,1580
130062,7143
130062,1240
130062,31184
130062,2762
130062,1653
130062,49278
130062,4370
130062,44191
130062,3793
109796,1704
109796,527
109796,4306
109796,2918
109796,457
109796,1784
109796,1968
109796,1580
109796,2571
109796,7153
40189,527
40189,1704
40189,44555
40189,48394
40189,4848
40189,63082
40189,46578
40189,858
40189,1089
40189,48516
46974,56174
46974,44191
46974,51662
46974,54286
46974,2959
46974,47
46974,318
46974,8665
46974,7143
46974,58025
133414,2167
133414,6615
133414,6502
133414,58559
133414,8957
133414,6754
133414,1347
133414,170
133414,589
133414,3409
11336,49272
11336,35836
11336,588
11336,595
11336,56949
11336,2123
11336,1517
11336,4995
11336,4718
11336,1032
75221,33794
75221,54503
75221,6539
75221,72998
75221,68358
75221,7153
75221,79702
75221,99114
75221,56367
75221,8665
86695,3681
86695,2502
86695,4027
86695,1394
86695,1206
86695,1220
86695,318
86695,2871
86695,7569
86695,3168
64020,5507
64020,32596
64020,59315
64020,6541
64020,8361
64020,68358
64020,6156
64020,46322
64020,6157
64020,54995
82361,4226
82361,1193
82361,1206
82361,2329
82361,86882
82361,79132
82361,7265
82361,4848
82361,47
82361,4235
137832,4226
137832,47
137832,1089
137832,54286
137832,4011
137832,44665
137832,48516
137832,49272
137832,2329
137832,3578
99127,1036
99127,318
99127,110
99127,4963
99127,260
99127,4886
99127,2028
99127,6377
99127,4306
99127,1240
9805,2329
9805,8957
9805,364
9805,3409
9805,4369
9805,1
9805,51662
9805,1258
9805,7293
9805,39446
46231,5952
46231,293
46231,1193
46231,58559
46231,2843
46231,74458
46231,5995
46231,1921
46231,55247
46231,46578
88491,356
88491,5620
88491,7153
88491,1
88491,4025
88491,68954
88491,79132
88491,1210
88491,2762
88491,7669
865,50
865,4973
865,778
865,32
865,2329
865,58559
865,32587
865,1089
865,2076
865,6874
76155,48780
76155,44974
76155,61240
76155,46578
76155,50912
76155,67087
76155,46723
76155,79702
76155,81932
76155,40732
61068,2571
61068,2959
61068,6323
61068,318
61068,2858
61068,296
61068,32587
61068,1625
61068,50
61068,593
101527,1136
101527,47
101527,111
101527,2762
101527,63082
101527,1213
101527,5989
101527,1682
101527,527
101527,4973
40126,5147
40126,3160
40126,1288
40126,608
40126,2731
40126,1230
40126,1251
40126,6783
40126,7820
40126,909
14023,55820
14023,1258
14023,27879
14023,1263
14023,162
14023,55444
14023,54503
14023,77455
14023,6001
14023,72405
76420,7147
76420,48780
76420,3147
76420,51662
76420,27773
76420,2692
76420,1527
76420,7143
76420,84152
76420,5349
89212,110
89212,1227
89212,1203
89212,4022
89212,589
89212,2023
89212,30707
89212,5989
89212,55765
89212,44665
69961,1
69961,58559
69961,296
69961,1580
69961,6539
69961,1136
69961,551
69961,1210
69961,2005
69961,1206
49801,49272
49801,54286
49801,2959
49801,318
49801,33794
49801,77561
49801,8961
49801,68157
49801,1213
49801,296
92634,2571
92634,589
92634,1240
92634,318
92634,1101
92634,1213
92634,2858
92634,356
92634,3578
92634,1196
112109,2355
112109,1
112109,6936
112109,4306
112109,4002
112109,3552
112109,333
112109,2687
112109,4993
112109,5952
73293,1080
73293,1206
73293,5013
73293,2289
73293,6870
73293,1704
73293,2291
73293,2396
73293,7147
73293,1210
51771,8961
51771,1207
51771,54286
51771,905
51771,78499
51771,88810
51771,1234
51771,950
51771,920
51771,904
135041,1206
135041,2692
135041,4979
135041,1197
135041,4027
135041,4878
135041,1235
135041,2324
135041,6711
135041,2010
75472,7438
75472,50
75472,4226
75472,1097
75472,2858
75472,8961
75472,1036
75472,608
75472,1282
75472,2291
134656,1270
134656,1291
134656,1196
134656,589
134656,1240
134656,1
134656,296
134656,3578
134656,1036
134656,1210
35233,4226
35233,377
35233,356
35233,1198
35233,1617
35233,1265
35233,2028
35233,1732
35233,1196
35233,1193
59379,608
59379,296
59379,81845
59379,593
59379,527
59379,858
59379,26614
59379,2858
59379,1247
59379,1358
6543,356
6543,480
6543,68358
6543,2028
6543,2959
6543,589
6543,316
6543,1270
6543,72998
6543,44191
68278,50
68278,1270
68278,32
68278,4878
68278,1196
68278,2571
68278,296
68278,2291
68278,1210
68278,4993
95451,318
95451,7153
95451,5952
95451,48516
95451,68157
95451,1089
95451,73017
95451,91658
95451,527
95451,81845
9202,364
9202,6377
9202,2
9202,1682
9202,4993
9202,6539
9202,1721
9202,3408
9202,2355
9202,2571
10541,4432
10541,78499
10541,69757
10541,318
10541,7215
10541,928
10541,593
10541,47
10541,8491
10541,8961
126072,1777
126072,3793
126072,3438
126072,1405
126072,44
126072,1704
126072,2701
126072,2167
126072,8361
126072,71535
27212,7451
27212,4886
27212,8961
27212,58998
27212,5349
27212,72998
27212,41566
27212,4447
27212,73017
27212,56949
48075,26680
48075,3910
48075,1219
48075,2858
48075,6711
48075,509
48075,4144
48075,5878
48075,33138
48075,3418
123238,1580
123238,5349
123238,6377
123238,7153
123238,588
123238,8368
123238,595
123238,4886
123238,5218
123238,55577
10539,2571
10539,4306
10539,1198
10539,4226
10539,296
10539,3996
10539,2762
10539,1704
10539,1197
10539,6377
109798,2858
109798,4993
109798,7153
109798,4973
109798,47
109798,63082
109798,5952
109798,68157
109798,1136
109798,2762
59850,2959
59850,4878
59850,5618
59850,79702
59850,223
59850,62155
59850,80549
59850,64969
59850,353
59850,67734
119750,56367
119750,58559
119750,79702
119750,80463
119750,46578
119750,60069
119750,33794
119750,71535
119750,68157
119750,1210
43981,35836
43981,608
43981,2797
43981,53956
43981,54503
43981,4878
43981,7147
43981,71282
43981,141
43981,86377
126914,56367
126914,296
126914,593
126914,7361
126914,3081
126914,2762
126914,2329
126914,35836
126914,1407
126914,4886
113584,16
113584,60756
113584,58559
113584,55820
113584,110
113584,3147
113584,4027
113584,2571
113584,2791
113584,1136
98262,5952
98262,593
98262,2762
98262,293
98262,2692
98262,6539
98262,2571
98262,6874
98262,3897
98262,7438
5114,780
5114,480
5114,318
5114,1198
5114,3578
5114,593
5114,597
5114,2762
5114,1704
5114,4306
109903,50
109903,6377
109903,950
109903,1234
109903,4973
109903,1
109903,40629
109903,2762
109903,1198
109903,356
45125,3683
45125,2467
45125,1258
45125,3471
45125,1610
45125,1233
45125,3476
45125,2858
45125,1834
45125,249
99870,1291
99870,4995
99870,2502
99870,49272
99870,5989
99870,5418
99870,1387
99870,2028
99870,1136
99870,1265
47983,2028
47983,593
47983,33794
47983,5989
47983,1721
47983,1
47983,2858
47983,364
47983,4886
47983,4226
131040,102125
131040,2571
131040,91529
131040,79132
131040,87232
131040,111759
131040,112852
131040,6377
131040,1291
131040,45499
93770,750
93770,2700
93770,58559
93770,2194
93770,1198
93770,55820
93770,27773
93770,8947
93770,1921
93770,2371
85806,58559
85806,79132
85806,33794
85806,4306
85806,3793
85806,296
85806,1097
85806,54001
85806,364
85806,5349
88584,58559
88584,7361
88584,2028
88584,1265
88584,1213
88584,356
88584,2502
88584,1196
88584,1
88584,32
136941,61323
136941,34162
136941,35836
136941,55276
136941,46578
136941,55820
136941,55267
136941,44555
136941,48780
136941,56788
67014,5418
67014,1580
67014,589
67014,150
67014,1291
67014,3793
67014,380
67014,4306
67014,4963
67014,6365
15843,1203
15843,1250
15843,63082
15843,1193
15843,1293
15843,912
15843,2324
15843,1960
15843,1304
15843,356
120265,50
120265,296
120265,318
120265,3578
120265,1610
120265,2028
120265,16
120265,4963
120265,1198
120265,1291
2620,4896
2620,2959
2620,296
2620,110
2620,1270
2620,1580
2620,357
2620,367
2620,1291
2620,47
125165,58559
125165,4896
125165,919
125165,912
125165,2572
125165,1951
125165,910
125165,2018
125165,91529
125165,4973
17218,5418
17218,1302
17218,3147
17218,6565
17218,1036
17218,2194
17218,1674
17218,4995
17218,3252
17218,4022
21712,6350
21712,4973
21712,7099
21712,58559
21712,31658
21712,1136
21712,2571
21712,4226
21712,5690
21712,7438
61269,7438
61269,4226
61269,32
61269,6874
61269,608
61269,541
61269,593
61269,1527
61269,1220
61269,235
18437,5418
18437,3578
18437,59369
18437,33794
18437,8665
18437,1036
18437,296
18437,589
18437,36529
18437,96079
99660,1270
99660,4306
99660,588
99660,1198
99660,2355
99660,1125
99660,5952
99660,3398
99660,1374
99660,7153
65350,4886
65350,1198
65350,1196
65350,593
65350,364
65350,5618
65350,1
65350,595
65350,318
65350,1291
105921,5418
105921,1240
105921,1210
105921,589
105921,296
105921,49272
105921,60069
105921,2028
105921,3578
105921,2959
135891,2858
135891,2571
135891,4226
135891,5971
135891,296
135891,2291
135891,68954
135891,3949
135891,2692
135891,551
80153,1089
80153,59315
80153,50
80153,5989
80153,4963
80153,3897
80153,6539
80153,1
80153,1270
80153,1060
137070,2571
137070,318
137070,50
137070,1089
137070,4306
137070,1704
137070,4011
137070,44555
137070,608
137070,858
91176,2762
91176,593
91176,5989
91176,318
91176,2959
91176,2571
91176,59369
91176,8665
91176,3798
91176,4963
131821,357
131821,356
131821,597
131821,1193
131821,318
131821,593
131821,110
131821,590
131821,4306
131821,2324
43357,50872
43357,4896
43357,54259
43357,8360
43357,73017
43357,1197
43357,40629
43357,4963
43357,902
43357,72998
7231,318
7231,527
7231,4993
7231,593
7231,4973
7231,2329
7231,44191
7231,253
7231,47610
7231,5952
105874,1
105874,1036
105874,8961
105874,3114
105874,1220
105874,1376
105874,2762
105874,296
105874,1356
105874,8368
98090,589
98090,356
98090,541
98090,7153
98090,33794
98090,48394
98090,2997
98090,2918
98090,7438
98090,1200
36790,48394
36790,4306
36790,8961
36790,318
36790,2959
36790,7147
36790,2858
36790,40815
36790,37729
36790,50872
96013,8464
96013,33166
96013,41573
96013,8784
96013,34162
96013,44195
96013,8910
96013,30707
96013,30820
96013,39183
44015,2571
44015,110
44015,1246
44015,364
44015,4995
44015,6942
44015,2762
44015,2396
44015,1721
44015,1961
76362,110
76362,150
76362,648
76362,3578
76362,296
76362,3996
76362,5378
76362,1617
76362,1265
76362,364
23053,594
23053,480
23053,3793
23053,4993
23053,7153
23053,5952
23053,1
23053,6333
23053,500
23053,2
109050,260
109050,589
109050,1206
109050,356
109050,47
109050,2571
109050,58559
109050,1240
109050,253
109050,2174
53967,2212
53967,2183
53967,307
53967,1305
53967,902
53967,912
53967,3083
53967,7011
53967,7234
53967,2186
22676,8961
22676,1035
22676,68358
22676,1234
22676,914
22676,78499
22676,1387
22676,50872
22676,2501
22676,1231
83587,6539
83587,1210
83587,1291
83587,260
83587,6377
83587,4886
83587,33794
83587,745
83587,2571
83587,1270
99585,480
99585,318
99585,2571
99585,55820
99585,1
99585,1206
99585,2858
99585,750
99585,47
99585,78499
129345,5418
129345,1196
129345,44195
129345,50
129345,1036
129345,58559
129345,3578
129345,1210
129345,4993
129345,59315
100886,2329
100886,2858
100886,1580
100886,318
100886,2716
100886,6874
100886,2028
100886,1210
100886,2985
100886,52328
56304,296
56304,6539
56304,3793
56304,2571
56304,1682
56304,1198
56304,2700
56304,8360
56304,32
56304,480
132187,48738
132187,49822
132187,27821
132187,40819
132187,51662
132187,81788
132187,7502
132187,64614
132187,64620
132187,81932
119393,1
119393,2011
119393,356
119393,780
119393,77561
119393,1682
119393,318
119393,6377
119393,68954
119393,588
119737,91529
119737,1
119737,5349
119737,8636
119737,4306
119737,45722
119737,87232
119737,3793
119737,2571
119737,94777
63919,7361
63919,1136
63919,593
63919,4878
63919,296
63919,527
63919,4226
63919,1197
63919,356
63919,1258
101549,608
101549,593
101549,1089
101549,1258
101549,318
101549,527
101549,50
101549,912
101549,1193
101549,4235
127013,364
127013,6936
127013,2447
127013,3617
127013,296
127013,4886
127013,33794
127013,6874
127013,4239
127013,4995
17121,33794
17121,7153
17121,5952
17121,1704
17121,780
17121,4963
17121,32
17121,49272
17121,4262
17121,1617
49231,2858
49231,4226
49231,1704
49231,64614
49231,79132
49231,48394
49231,50
49231,2028
49231,68954
49231,92259
10225,2762
10225,1270
10225,7438
10225,1997
10225,1527
10225,2288
10225,2700
10225,318
10225,4262
10225,8957
124904,589
124904,2502
124904,1704
124904,1240
124904,593
124904,1213
124904,1517
124904,5669
124904,1961
124904,6539
122650,1
122650,588
122650,1962
122650,1197
122650,1022
122650,2080
122650,2572
122650,3255
122650,2762
122650,4306
85246,3000
85246,1136
85246,7438
85246,750
85246,593
85246,589
85246,356
85246,4973
85246,48516
85246,5902
23839,3996
23839,2858
23839,4226
23839,2959
23839,4027
23839,2502
23839,1732
23839,318
23839,8464
23839,4979
24303,32
24303,8961
24303,5618
24303,48394
24303,1921
24303,1223
24303,78499
24303,66097
24303,1199
24303,77561
131864,6539
131864,5952
131864,4993
131864,7153
131864,4896
131864,58559
131864,59315
131864,4963
131864,56367
131864,31685
2095,296
2095,41285
2095,367
2095,2858
2095,2571
2095,6874
2095,3578
2095,2712
2095,1213
2095,60950
34683,33166
34683,49272
34683,8961
34683,50068
34683,6377
34683,48394
34683,58559
34683,34072
34683,50872
34683,48738
14507,858
14507,593
14507,5618
14507,7013
14507,904
14507,608
14507,3435
14507,58559
14507,296
14507,1193
92104,2021
92104,1028
92104,3175
92104,4886
92104,2858
92104,265
92104,2761
92104,6539
92104,89745
92104,5299
58676,1393
58676,300
58676,349
58676,1961
58676,368
58676,357
58676,161
58676,104
58676,919
58676,1307
99205,1261
99205,48394
99205,745
99205,1148
99205,3917
99205,1215
99205,31658
99205,2648
99205,61240
99205,2513
110958,1206
110958,356
110958,4878
110958,2571
110958,2997
110958,32587
110958,608
110958,318
110958,48394
110958,4306
99999,1200
99999,1270
99999,541
99999,1527
99999,1127
99999,1198
99999,1291
99999,2291
99999,1220
99999,3996
79101,47
79101,7153
79101,1196
79101,2571
79101,318
79101,4973
79101,589
79101,608
79101,480
79101,4886
83632,68358
83632,1201
83632,4011
83632,48780
83632,110
83632,34405
83632,60069
83632,76093
83632,3578
83632,589
71706,46578
71706,1296
71706,6711
71706,56367
71706,81845
71706,3260
71706,912
71706,72011
71706,48394
71706,17
133796,356
133796,50
133796,2571
133796,318
133796,1221
133796,2791
133796,7361
133796,33794
133796,231
133796,2858
36606,3793
36606,1
36606,86332
36606,260
36606,87232
36606,77561
36606,4878
36606,8783
36606,8874
36606,30793
5443,4306
5443,2571
5443,63082
5443,110
5443,70286
5443,2329
5443,69481
5443,6016
5443,296
5443,1682
135786,1580
135786,1022
135786,919
135786,364
135786,2080
135786,2762
135786,54286
135786,3793
135786,1101
135786,5103
42229,60069
42229,72998
42229,68358
42229,68791
42229,59315
42229,70286
42229,58559
42229,85414
42229,79091
42229,76251
17755,318
17755,4776
17755,55820
17755,3949
17755,33166
17755,4226
17755,147
17755,55765
17755,47099
17755,356
74247,457
74247,2762
74247,1240
74247,1200
74247,2028
74247,1291
74247,1193
74247,1258
74247,3578
74247,2858
74498,7361
74498,58559
74498,8784
74498,47610
74498,91529
74498,44195
74498,34162
74498,36529
74498,68954
74498,6942
48214,296
48214,7361
48214,60069
48214,4973
48214,4306
48214,2858
48214,57669
48214,8874
48214,51255
48214,4878
95302,5349
95302,5952
95302,7153
95302,356
95302,2762
95302,4896
95302,4993
95302,595
95302,260
95302,2628
136855,1240
136855,2947
136855,1097
136855,2716
136855,1270
136855,1374
136855,1197
136855,2997
136855,150
136855,54286
114689,32587
114689,47
114689,7147
114689,1682
114689,2762
114689,6874
114689,44191
114689,593
114689,33166
114689,4973
97579,5989
97579,318
97579,4995
97579,593
97579,45499
97579,8360
97579,377
97579,1580
97579,527
97579,733
60084,527
60084,2858
60084,2959
60084,8873
60084,80463
60084,7147
60084,3949
60084,2291
60084,73323
60084,2324
125078,47
125078,2700
125078,356
125078,2502
125078,4011
125078,79132
125078,60756
125078,33794
125078,1136
125078,7361
20537,377
20537,3578
20537,527
20537,2028
20537,5445
20537,4963
20537,6539
20537,480
20537,1610
20537,1240
58356,2918
58356,4306
58356,1
58356,58559
58356,2571
58356,51255
58356,1265
58356,1036
58356,2502
58356,260
19831,364
19831,1206
19831,7153
19831,356
19831,4226
19831,588
19831,4027
19831,6711
19831,2762
19831,44191
93671,8376
93671,2716
93671,1247
93671,2959
93671,1265
93671,4973
93671,2291
93671,2987
93671,1073
93671,30749
77335,527
77335,908
77335,48394
77335,1214
77335,260
77335,1213
77335,923
77335,55820
77335,68358
77335,47
11443,1219
11443,2959
11443,70286
11443,60069
11443,296
11443,2997
11443,2858
11443,260
11443,4027
11443,1527
25110,5418
25110,68954
25110,54286
25110,63082
25110,33794
25110,72998
25110,79132
25110,59315
25110,44191
25110,6218
64326,58559
64326,1
64326,4886
64326,2028
64326,79132
64326,4306
64326,47
64326,8961
64326,48774
64326,48394
86770,912
86770,356
86770,1957
86770,595
86770,364
86770,2028
86770,920
86770,2762
86770,2571
86770,4993
93899,7361
93899,69757
93899,1251
93899,8910
93899,750
93899,79132
93899,2732
93899,60950
93899,58559
93899,30810
92155,69122
92155,80463
92155,72998
92155,80549
92155,1968
92155,89745
92155,72737
92155,317
92155,63082
92155,1380
19058,2959
19058,356
19058,4896
19058,1
19058,318
19058,46578
19058,56367
19058,58559
19058,364
19058,6539
128542,4973
128542,903
128542,926
128542,1307
128542,2081
128542,1947
128542,2186
128542,1
128542,838
128542,3751
5523,4886
5523,1258
5523,2762
5523,1198
5523,60069
5523,56782
5523,3949
5523,293
5523,1240
5523,1266
114512,3996
114512,1265
114512,1968
114512,1246
114512,3448
114512,5349
114512,1035
114512,150
114512,1231
114512,750
11309,2028
11309,2858
11309,356
11309,46578
11309,44665
11309,4226
11309,8665
11309,50
11309,150
11309,5952
136015,63876
136015,90376
136015,4878
136015,4886
136015,94959
136015,69757
136015,55442
136015,5218
136015,1073
136015,72998
79181,1136
79181,1193
79181,778
79181,593
79181,32587
79181,50
79181,1258
79181,1729
79181,1199
79181,6440
51618,2716
51618,260
51618,1196
51618,296
51618,2959
51618,7438
51618,2700
51618,1215
51618,1198
51618,1210
105061,930
105061,1212
105061,908
105061,1193
105061,3030
105061,1284
105061,3468
105061,910
105061,1247
105061,969
31897,318
31897,2329
31897,4973
31897,1221
31897,7323
31897,4235
31897,1213
31897,2731
31897,293
31897,527
6403,4973
6403,858
6403,2762
6403,47
6403,1
6403,590
6403,3578
6403,4226
6403,3996
6403,2028
4292,46578
4292,356
4292,3948
4292,1032
4292,4014
4292,2959
4292,2706
4292,1028
4292,7153
4292,4993
4200,1036
4200,8665
4200,2502
4200,5418
4200,54503
4200,4226
4200,6365
4200,593
4200,52973
4200,3793
27166,2291
27166,253
27166,2174
27166,4720
27166,1704
27166,5952
27166,7153
27166,4993
27166,1097
27166,260
89188,2019
89188,1203
89188,1208
89188,5952
89188,79132
89188,4993
89188,260
89188,2329
89188,904
89188,5618
19353,527
19353,47
19353,6016
19353,2571
19353,50
19353,2959
19353,5618
19353,858
19353,356
19353,293
13920,457
13920,1197
13920,454
13920,349
13920,2011
13920,110
13920,3578
13920,1240
13920,1721
13920,318
118645,54286
118645,1200
118645,3421
118645,2571
118645,48516
118645,296
118645,150
118645,49272
118645,1208
118645,47
134967,2959
134967,1219
134967,296
134967,1997
134967,2987
134967,5679
134967,4886
134967,5618
134967,2
134967,1148
138387,527
138387,2762
138387,1080
138387,1
138387,1270
138387,33794
138387,541
138387,1380
138387,3000
138387,597
100405,3977
100405,5418
100405,8665
100405,33679
100405,4306
100405,5952
100405,1917
100405,588
100405,31685
100405,4018
39432,858
39432,4995
39432,52722
39432,53972
39432,3916
39432,45517
39432,150
39432,46530
39432,56367
39432,41569
46497,31878
46497,30707
46497,54286
46497,8950
46497,48516
46497,51255
46497,48385
46497,8949
46497,31658
46497,7090
131321,71535
131321,2959
131321,296
131321,55269
131321,778
131321,32587
131321,47997
131321,55820
131321,223
131321,1288
34393,1127
34393,6502
34393,2791
34393,2826
34393,50442
34393,2706
34393,4084
34393,2329
34393,592
34393,31420
103921,55820
103921,56788
103921,61323
103921,51705
103921,46578
103921,41285
103921,55290
103921,44195
103921,60069
103921,59018
93793,54503
93793,58559
93793,4993
93793,3253
93793,2329
93793,48385
93793,2858
93793,1240
93793,4306
93793,58998
71679,296
71679,58559
71679,48780
71679,48516
71679,91542
71679,648
71679,480
71679,73017
71679,33794
71679,89745
19995,78499
19995,79132
19995,49272
19995,59315
19995,60069
19995,35836
19995,82459
19995,86833
19995,46578
19995,54286
124177,1210
124177,318
124177,541
124177,593
124177,2571
124177,1136
124177,2762
124177,589
124177,356
124177,1208
5531,1212
5531,2160
5531,4027
5531,1230
5531,7327
5531,1209
5531,8491
5531,965
5531,6016
5531,8042
50810,1291
50810,1580
50810,296
50810,2571
50810,356
50810,2959
50810,344
50810,33794
50810,457
50810,5349
42872,32019
42872,33437
42872,31696
42872,8371
42872,31685
42872,44022
42872,7143
42872,35836
42872,34319
42872,7458
117269,593
117269,2011
117269,7361
117269,4226
117269,81845
117269,3751
117269,4011
117269,7323
117269,1784
117269,2916
35345,47
35345,318
35345,480
35345,593
35345,2858
35345,32
35345,1222
35345,2916
35345,1206
35345,4226
18820,1097
18820,4027
18820,1270
18820,356
18820,5989
18820,3481
18820,6711
18820,587
18820,1394
18820,3948
84839,4226
84839,7153
84839,3578
84839,527
84839,2028
84839,2571
84839,480
84839,260
84839,47
84839,1291
20782,908
20782,3671
20782,1285
20782,50
20782,3481
20782,1230
20782,6636
20782,1234
20782,2020
20782,2245
10381,46578
10381,904
10381,1968
10381,1270
10381,8784
10381,356
10381,1265
10381,7147
10381,7361
10381,1219
118606,1258
118606,48780
118606,32
118606,4878
118606,2288
118606,858
118606,356
118606,57274
118606,33794
118606,2858
87170,2959
87170,48394
87170,7099
87170,66097
87170,4878
87170,7361
87170,296
87170,1136
87170,1219
87170,1258
126193,356
126193,2762
126193,318
126193,2329
126193,2541
126193,1968
126193,2918
126193,1704
126193,333
126193,3255
73805,2762
73805,2572
73805,3897
73805,1307
73805,2858
73805,4878
73805,2145
73805,5349
73805,1380
73805,4246
42858,4886
42858,1704
42858,4973
42858,356
42858,923
42858,110
42858,6874
42858,3996
42858,1225
42858,1193
44125,608
44125,33794
44125,593
44125,318
44125,4973
44125,6874
44125,4878
44125,48516
44125,5952
44125,2997
47292,76093
47292,318
47292,1136
47292,51662
47292,73017
47292,44191
47292,71535
47292,54259
47292,59784
47292,6350
98175,68954
98175,64575
98175,60069
98175,4973
98175,72011
98175,46976
98175,30749
98175,42004
98175,53123
98175,4878
37547,54286
37547,46578
37547,33166
37547,30749
37547,38061
37547,54997
37547,41569
37547,33493
37547,8950
37547,48385
6977,356
6977,34162
6977,67087
6977,58998
6977,72641
6977,3450
6977,2953
6977,1
6977,3421
6977,87869
130185,1089
130185,1270
130185,59315
130185,5445
130185,8665
130185,3994
130185,4886
130185,58559
130185,60069
130185,8914
44714,1961
44714,1198
44714,33794
44714,593
44714,260
44714,34162
44714,150
44714,2502
44714,47
44714,2959
22468,480
22468,3578
22468,2858
22468,33794
22468,541
22468,750
22468,50
22468,1617
22468,1220
22468,32587
99166,5349
99166,6539
99166,1270
99166,3793
99166,1580
99166,58559
99166,59315
99166,1373
99166,41566
99166,2115
134837,3793
134837,253
134837,8636
134837,5989
134837,6378
134837,7438
134837,2321
134837,3916
134837,296
134837,2028
33391,318
33391,7361
33391,2959
33391,296
33391,6711
33391,4973
33391,4011
33391,68157
33391,56367
33391,4226
38296,32
38296,1580
38296,7153
38296,1270
38296,4993
38296,4886
38296,2858
38296,1200
38296,4027
38296,150
38999,1270
38999,50
38999,1387
38999,296
38999,318
38999,2028
38999,527
38999,1213
38999,1250
38999,541
101100,750
101100,4878
101100,4973
101100,904
101100,6874
101100,6
101100,7438
101100,912
101100,2076
101100,1252
110501,63113
110501,61132
110501,4011
110501,10
110501,53996
110501,52973
110501,104
110501,3033
110501,6754
110501,296
101638,296
101638,2329
101638,55247
101638,1206
101638,40819
101638,356
101638,4878
101638,4239
101638,3897
101638,32587
79317,79132
79317,51662
79317,64614
79317,78499
79317,356
79317,364
79317,3147
79317,4306
79317,6874
79317,2762
78644,8949
78644,3101
78644,2915
78644,30707
78644,920
78644,35836
78644,904
78644,903
78644,593
78644,1307
67380,6377
67380,150
67380,2329
67380,1196
67380,5989
67380,293
67380,1682
67380,6539
67380,4963
67380,1210
102984,1136
102984,293
102984,2542
102984,4306
102984,1080
102984,7153
102984,5952
102984,4993
102984,1196
102984,1210
90114,527
90114,858
90114,1097
90114,899
90114,1961
90114,2762
90114,593
90114,2324
90114,914
90114,4995
89944,1210
89944,589
89944,1097
89944,593
89944,2959
89944,1196
89944,260
89944,597
89944,2997
89944,1704
16048,5952
16048,527
16048,70286
16048,68157
16048,74458
16048,63082
16048,48774
16048,72011
16048,72395
16048,31410
75893,50
75893,4011
75893,527
75893,296
75893,3147
75893,5445
75893,6874
75893,7361
75893,5989
75893,33166
38502,6539
38502,457
38502,593
38502,8961
38502,7153
38502,2028
38502,2762
38502,1580
38502,1610
38502,2194
84865,2291
84865,1080
84865,527
84865,3949
84865,1208
84865,288
84865,2571
84865,1961
84865,1997
84865,1219
123317,457
123317,2329
123317,47
123317,2762
123317,527
123317,912
123317,2502
123317,32
123317,589
123317,110
11006,2502
11006,4011
11006,318
11006,2571
11006,2542
11006,1136
11006,63131
11006,58998
11006,1213
11006,71535
38470,2762
38470,364
38470,590
38470,54286
38470,480
38470,1198
38470,6377
38470,1
38470,454
38470,2858
102267,2571
102267,608
102267,1089
102267,858
102267,1193
102267,47
102267,2329
102267,7361
102267,4011
102267,56782
90652,6377
90652,1682
90652,2762
90652,480
90652,4306
90652,1779
90652,4025
90652,4270
90652,1196
90652,208
122448,593
122448,27317
122448,1350
122448,4533
122448,2700
122448,1623
122448,4148
122448,1222
122448,1219
122448,3018
22429,4886
22429,2321
22429,2572
22429,5502
22429,1566
22429,1513
22429,6503
22429,593
22429,2054
22429,8865
35080,5618
35080,318
35080,1210
35080,5952
35080,4226
35080,4993
35080,33794
35080,1196
35080,87232
35080,89745
30150,56367
30150,79132
30150,17
30150,76093
30150,50872
30150,7361
30150,27721
30150,59315
30150,6539
30150,7090
27134,2329
27134,318
27134,44191
27134,5952
27134,2858
27134,110
27134,7361
27134,48394
27134,2028
27134,33794
104868,2858
104868,4973
104868,99114
104868,81845
104868,1704
104868,48780
104868,55247
104868,2324
104868,5989
104868,2762
85263,4886
85263,7153
85263,4993
85263,2959
85263,1
85263,2571
85263,2028
85263,5952
85263,1089
85263,318
8405,6783
8405,46664
8405,2745
8405,7802
8405,1354
8405,5604
8405,8295
8405,26350
8405,71108
8405,2442
108235,6377
108235,7153
108235,48516
108235,68954
108235,50872
108235,63082
108235,3578
108235,1258
108235,55820
108235,59784
91775,2959
91775,2858
91775,318
91775,4262
91775,1213
91775,32
91775,1222
91775,608
91775,48516
91775,2502
106794,5952
106794,4993
106794,4306
106794,588
106794,8360
106794,4896
106794,4995
106794,1
106794,2762
106794,40815
57332,593
57332,1198
57332,589
57332,2959
57332,318
57332,32
57332,4993
57332,260
57332,924
57332,5952
35519,2716
35519,50
35519,2028
35519,592
35519,2762
35519,589
35519,296
35519,1527
35519,150
35519,4886
44103,1527
44103,318
44103,356
44103,7153
44103,2762
44103,4993
44103,260
44103,3996
44103,44191
44103,5952
84681,4979
84681,30810
84681,296
84681,4973
84681,1732
84681,541
84681,1653
84681,778
84681,1089
84681,1136
77520,5952
77520,7153
77520,50
77520,48738
77520,1222
77520,4878
77520,7256
77520,30749
77520,47
77520,46578
46468,32
46468,318
46468,296
46468,2959
46468,2028
46468,150
46468,260
46468,1196
46468,4306
46468,1291
112540,1210
112540,6539
112540,7361
112540,4973
112540,1200
112540,3114
112540,1617
112540,2502
112540,741
112540,1214
41165,110
41165,30749
41165,590
41165,4878
41165,55118
41165,48738
41165,3448
41165,3198
41165,2997
41165,1884
11609,527
11609,356
11609,2762
11609,4993
11609,1704
11609,6874
11609,5952
11609,1265
11609,1240
11609,364
7275,4993
7275,2858
7275,2571
7275,260
7275,318
7275,32587
7275,7153
7275,1270
7275,4973
7275,541
26842,2329
26842,1089
26842,6016
26842,7361
26842,1206
26842,2692
26842,1193
26842,293
26842,593
26842,47
127809,57669
127809,36529
127809,1090
127809,68157
127809,4963
127809,6377
127809,2353
127809,1258
127809,30707
127809,344
47360,6377
47360,1291
47360,1527
47360,597
47360,3793
47360,4995
47360,1198
47360,2858
47360,780
47360,1580
39712,7361
39712,55820
39712,6016
39712,608
39712,5291
39712,904
39712,296
39712,5618
39712,4226
39712,111
50263,1258
50263,1197
50263,2858
50263,79132
50263,5618
50263,2997
50263,48394
50263,1208
50263,858
50263,6874
57977,6534
57977,7153
57977,4993
57977,1240
57977,8810
57977,6539
57977,5952
57977,1527
57977,1214
57977,1320
5991,223
5991,44694
5991,111
5991,593
5991,4027
5991,1073
5991,1258
5991,6711
5991,592
5991,1704
138177,41566
138177,103141
138177,106489
138177,98809
138177,2078
138177,2571
138177,5349
138177,106072
138177,90647
138177,49274
18929,2858
18929,2959
18929,593
18929,778
18929,48394
18929,32587
18929,55442
18929,4878
18929,2076
18929,47
82845,480
82845,6539
82845,1036
82845,2918
82845,47
82845,1610
82845,5418
82845,592
82845,4226
82845,858
30204,51935
30204,33660
30204,49530
30204,107069
30204,63062
30204,33166
30204,54736
30204,45210
30204,32029
30204,68159
57345,69844
57345,112852
57345,5816
57345,58559
57345,106782
57345,108932
57345,4963
57345,8961
57345,97921
57345,102407
72076,2571
72076,296
72076,59315
72076,44191
72076,33794
72076,68157
72076,5445
72076,648
72076,4973
72076,63082
93749,1258
93749,750
93749,968
93749,904
93749,8874
93749,50
93749,1213
93749,919
93749,1260
93749,296
125866,79132
125866,110
125866,33794
125866,6539
125866,2571
125866,8636
125866,4886
125866,2011
125866,6377
125866,2
67040,40815
67040,79702
67040,81847
67040,4306
67040,91500
67040,69844
67040,71535
67040,95510
67040,8961
67040,2571
57131,110
57131,2762
57131,6934
57131,4878
57131,5903
57131,6502
57131,150
57131,293
57131,3527
57131,51662
14411,5952
14411,7153
14411,4993
14411,1527
14411,344
14411,79132
14411,1197
14411,2
14411,5349
14411,59315
23434,52722
23434,62999
23434,56949
23434,6535
23434,7293
23434,46972
23434,8984
23434,50872
23434,45672
23434,6550
100121,44191
100121,5952
100121,6539
100121,34532
100121,5816
100121,6333
100121,33794
100121,6323
100121,5418
100121,45722
77305,6539
77305,33166
77305,51662
77305,356
77305,7254
77305,73017
77305,49272
77305,49530
77305,54286
77305,53129
121250,1374
121250,1270
121250,260
121250,1198
121250,318
121250,3114
121250,1210
121250,1375
121250,1291
121250,8368
117107,2858
117107,6874
117107,3793
117107,356
117107,35836
117107,49272
117107,7361
117107,2329
117107,8464
117107,74458
54059,1
54059,589
54059,1240
54059,1210
54059,1198
54059,1193
54059,1291
54059,5418
54059,457
54059,49272
55566,1221
55566,2571
55566,1136
55566,5952
55566,1266
55566,2542
55566,1089
55566,8970
55566,1219
55566,7073
13394,1221
13394,1228
13394,1276
13394,1304
13394,750
13394,1247
13394,608
13394,296
13394,1263
13394,1952
94017,3949
94017,2329
94017,74458
94017,68237
94017,356
94017,51255
94017,8874
94017,6502
94017,778
94017,2542
33890,60069
33890,260
33890,1196
33890,5952
33890,4993
33890,70286
33890,1036
33890,3527
33890,27611
33890,1274
40455,260
40455,2701
40455,2985
40455,19
40455,3033
40455,4643
40455,33493
40455,3114
40455,2054
40455,2470
16189,72011
16189,81564
16189,69122
16189,59784
16189,33660
16189,97938
16189,40819
16189,69481
16189,87232
16189,111759
95822,8961
95822,1197
95822,1097
95822,6218
95822,7361
95822,4306
95822,33493
95822,597
95822,1580
95822,1073
12131,52042
12131,68237
12131,67508
12131,84152
12131,33903
12131,58303
12131,69481
12131,86781
12131,96610
12131,54286
10913,2762
10913,296
10913,527
10913,110
10913,293
10913,1721
10913,32
10913,1270
10913,2329
10913,4995
7968,7361
7968,593
7968,1247
7968,296
7968,1230
7968,79132
7968,1193
7968,318
7968,50
7968,307
36097,1617
36097,1307
36097,608
36097,1188
36097,6942
36097,508
36097,253
36097,592
36097,6377
36097,3253
122652,527
122652,590
122652,357
122652,1097
122652,3081
122652,1249
122652,2467
122652,1408
122652,1653
122652,1183
9047,8644
9047,3578
9047,1036
9047,3793
9047,2959
9047,780
9047,2706
9047,49272
9047,54272
9047,33794
19152,33794
19152,7153
19152,8665
19152,6333
19152,7458
19152,8368
19152,8528
19152,5952
19152,8360
19152,4993
24069,457
24069,2423
24069,1291
24069,5418
24069,1270
24069,2797
24069,356
24069,4306
24069,260
24069,377
12934,7361
12934,2329
12934,110
12934,527
12934,2028
12934,588
12934,1136
12934,780
12934,4993
12934,1721
122984,1213
122984,293
122984,1527
122984,1197
122984,3052
122984,3275
122984,4878
122984,1968
122984,356
122984,6
92565,318
92565,47
92565,1089
92565,4226
92565,2329
92565,4011
92565,58559
92565,32
92565,593
92565,4995
53680,4963
53680,539
53680,4054
53680,4018
53680,2571
53680,56949
53680,4019
53680,185
53680,1895
53680,6218
86672,4306
86672,5952
86672,1197
86672,3916
86672,745
86672,1376
86672,260
86672,1196
86672,4886
86672,1210
119040,48516
119040,1213
119040,47
119040,4226
119040,858
119040,7361
119040,111
119040,50
119040,260
119040,5952
62906,5618
62906,1222
62906,293
62906,1089
62906,7361
62906,55820
62906,27773
62906,56367
62906,593
62906,44195
86919,48516
86919,58559
86919,38061
86919,318
86919,8961
86919,1193
86919,593
86919,56782
86919,46976
86919,8874
5098,2762
5098,2858
5098,1580
5098,5952
5098,356
5098,1240
5098,6377
5098,593
5098,33493
5098,2700
29645,527
29645,293
29645,50872
29645,55247
29645,6016
29645,5995
29645,593
29645,4011
29645,49530
29645,5952
136741,32587
136741,6874
136741,593
136741,1258
136741,68157
136741,1617
136741,480
136741,32
136741,2951
136741,555
13161,318
13161,296
13161,593
13161,1214
13161,356
13161,57274
13161,1198
13161,527
13161,858
13161,110
48070,51084
48070,4018
48070,6593
48070,6936
48070,586
48070,587
48070,2572
48070,45720
48070,1485
48070,49274
83972,1089
83972,47
83972,86898
83972,608
83972,4993
83972,2395
83972,1196
83972,99114
83972,3578
83972,32587
106071,4226
106071,318
106071,48780
106071,2329
106071,5952
106071,4011
106071,91529
106071,89745
106071,47610
106071,44665
70299,7099
70299,7361
70299,5971
70299,6350
70299,26776
70299,3429
70299,4226
70299,4235
70299,2692
70299,541
15853,593
15853,4995
15853,2959
15853,30749
15853,356
15853,2762
15853,2028
15853,1197
15853,4306
15853,47999
112059,7438
112059,2712
112059,2329
112059,27773
112059,4973
112059,4848
112059,57274
112059,2174
112059,318
112059,111
86950,1721
86950,2959
86950,5952
86950,1961
86950,2858
86950,32587
86950,6539
86950,47
86950,1270
86950,648
65295,2076
65295,2997
65295,111
65295,1244
65295,910
65295,1084
65295,296
65295,1079
65295,7361
65295,515
129284,858
129284,356
129284,2232
129284,293
129284,4226
129284,4306
129284,32587
129284,778
129284,1527
129284,4973
14115,4973
14115,2571
14115,2762
14115,2858
14115,47
14115,63876
14115,1270
14115,48394
14115,46578
14115,778
1707,527
1707,1704
1707,7153
1707,3578
1707,47
1707,4995
1707,1393
1707,364
1707,1270
1707,2324
42836,8784
42836,86833
42836,5377
42836,94959
42836,6942
42836,30822
42836,8949
42836,7361
42836,69122
42836,89745
122510,919
122510,58559
122510,4641
122510,33794
122510,1077
122510,4226
122510,79132
122510,1580
122510,1199
122510,39
97072,2858
97072,778
97072,4848
97072,33794
97072,58559
97072,1222
97072,1258
97072,1196
97072,3160
97072,592
59859,1198
59859,32
59859,3578
59859,6711
59859,5952
59859,260
59859,2997
59859,7153
59859,541
59859,110
13869,6539
13869,457
13869,4993
13869,1214
13869,4011
13869,7438
13869,6874
13869,1136
13869,1200
13869,4963
42096,1994
42096,1288
42096,968
42096,441
42096,260
42096,1625
42096,1252
42096,1285
42096,3476
42096,4553
112578,7361
112578,356
112578,48516
112578,4262
112578,6016
112578,608
112578,2762
112578,1219
112578,1387
112578,1704
66261,5349
66261,110
66261,2028
66261,858
66261,59315
66261,318
66261,1203
66261,55765
66261,4306
66261,5989
60186,8961
60186,54503
60186,55765
60186,4963
60186,6539
60186,2502
60186,2329
60186,260
60186,63082
60186,40815
10904,4226
10904,858
10904,593
10904,1089
10904,47
10904,3949
10904,6016
10904,111
10904,293
10904,2329
88085,6377
88085,6539
88085,356
88085,2959
88085,2858
88085,3578
88085,1221
88085,2692
88085,597
88085,4896
122606,6539
122606,1210
122606,260
122606,1196
122606,4306
122606,72998
122606,106489
122606,2115
122606,1291
122606,79132
39925,8961
39925,64957
39925,48520
39925,8807
39925,60040
39925,4022
39925,6373
39925,145
39925,34534
39925,47
104966,54286
104966,4995
104966,56174
104966,48516
104966,293
104966,32
104966,6934
104966,48774
104966,44665
104966,6711
135609,7153
135609,1196
135609,1580
135609,260
135609,1270
135609,2762
135609,1210
135609,1198
135609,5952
135609,736
34485,356
34485,2997
34485,1617
34485,480
34485,527
34485,4963
34485,1208
34485,1584
34485,1214
34485,1653
74902,4973
74902,4886
74902,5989
74902,55820
74902,51255
74902,4995
74902,1265
74902,1580
74902,1
74902,78499
96288,7361
96288,5952
96288,593
96288,110
96288,6874
96288,32
96288,778
96288,4226
96288,4306
96288,6016
85079,1517
85079,33679
85079,6188
85079,34319
85079,8644
85079,4344
85079,6373
85079,31696
85079,4776
85079,8874
22571,48
22571,2085
22571,1569
22571,1367
22571,317
22571,1021
22571,2018
22571,30816
22571,8361
22571,4369
128880,2571
128880,46578
128880,3949
128880,2959
128880,39183
128880,7022
128880,8961
128880,4306
128880,47
128880,175
27074,1213
27074,599
27074,54997
27074,1276
27074,1228
27074,3095
27074,7072
27074,8337
27074,26242
27074,46578
134728,6
134728,2329
134728,3897
134728,3006
134728,1262
134728,1265
134728,3735
134728,2700
134728,4326
134728,1240
103432,3175
103432,6377
103432,1270
103432,1
103432,8644
103432,3033
103432,6365
103432,2012
103432,1036
103432,1682
125587,5952
125587,7153
125587,4886
125587,82459
125587,70286
125587,108932
125587,6377
125587,72226
125587,1221
125587,76251
35782,480
35782,3114
35782,2762
35782,1
35782,4896
35782,2571
35782,1073
35782,1580
35782,48394
35782,3751
77484,2329
77484,7361
77484,87232
77484,60684
77484,91529
77484,260
77484,1196
77484,88129
77484,2502
77484,44199
81631,8961
81631,50
81631,2762
81631,858
81631,33794
81631,356
81631,2571
81631,1097
81631,1213
81631,1610
67105,1193
67105,7981
67105,27317
67105,1227
67105,293
67105,1997
67105,7034
67105,6291
67105,1080
67105,7360
55759,1270
55759,858
55759,589
55759,608
55759,1208
55759,2997
55759,1136
55759,16
55759,1196
55759,2762
10764,1580
10764,356
10764,5349
10764,2716
10764,1197
10764,3578
10764,296
10764,2355
10764,2028
10764,3996
41776,593
41776,356
41776,1036
41776,1270
41776,2858
41776,1197
41776,2795
41776,1210
41776,1136
41776,47
32027,71535
32027,6539
32027,1198
32027,551
32027,1210
32027,1196
32027,5418
32027,4878
32027,44665
32027,480
110454,47
110454,1206
110454,7361
110454,4226
110454,589
110454,68237
110454,1089
110454,44555
110454,48774
110454,1200
94845,98961
94845,106696
94845,89492
94845,104879
94845,111362
94845,91077
94845,96821
94845,86882
94845,88810
94845,72998
106785,480
106785,5349
106785,4226
106785,4027
106785,1036
106785,55820
106785,44195
106785,1265
106785,1682
106785,2716
105884,1206
105884,27773
105884,4878
105884,1214
105884,1921
105884,4105
105884,61240
105884,55820
105884,1222
105884,3676
50076,47
50076,4226
50076,593
50076,58559
50076,5952
50076,1197
50076,60069
50076,50
50076,71535
50076,3949
44030,47
44030,4963
44030,4973
44030,593
44030,4226
44030,1704
44030,6365
44030,92259
44030,858
44030,3147
24770,4886
24770,318
24770,7361
24770,1
24770,296
24770,59315
24770,4306
24770,8636
24770,4896
24770,356
2131,63082
2131,32587
2131,48516
2131,47
2131,318
2131,2858
2131,61323
2131,2542
2131,59315
2131,44191
89442,2985
89442,1676
89442,589
89442,1200
89442,2916
89442,44191
89442,70286
89442,1210
89442,7099
89442,1196
28997,48516
28997,47
28997,5618
28997,81591
28997,81845
28997,858
28997,91529
28997,60069
28997,7502
28997,110
29071,8961
29071,4011
29071,1527
29071,7361
29071,1270
29071,1089
29071,480
29071,457
29071,1580
29071,3996
27270,5952
27270,356
27270,296
27270,2959
27270,780
27270,32
27270,4963
27270,1196
27270,2028
27270,260
78170,1210
78170,1213
78170,4878
78170,6016
78170,70286
78170,1208
78170,7361
78170,293
78170,912
78170,2858
69505,5952
69505,8360
69505,33493
69505,2571
69505,588
69505,4306
69505,4993
69505,45722
69505,6539
69505,260
137186,32587
137186,4878
137186,2502
137186,1193
137186,2762
137186,1258
137186,6874
137186,64839
137186,223
137186,33794
25297,1682
25297,1270
25297,1198
25297,589
25297,32587
25297,50
25297,54286
25297,4306
25297,5445
25297,1221
122565,77561
122565,1
122565,2353
122565,4226
122565,1527
122565,3753
122565,480
122565,64957
122565,91500
122565,3623
2877,1704
2877,4226
2877,5952
2877,780
2877,1089
2877,2268
2877,2858
2877,44191
2877,1090
2877,1272
119051,4886
119051,2762
119051,1
119051,2716
119051,76093
119051,1580
119051,5418
119051,2028
119051,2858
119051,69844
16158,296
16158,2706
16158,356
16158,58559
16158,1270
16158,333
16158,457
16158,49272
16158,733
16158,5110
49973,68954
49973,78499
49973,1197
49973,898
49973,1569
49973,81847
49973,1028
49973,1022
49973,2572
49973,86833
69896,99114
69896,5952
69896,3868
69896,1580
69896,3948
69896,2947
69896,8665
69896,81834
69896,72998
69896,6947
127310,50
127310,356
127310,7438
127310,2959
127310,6874
127310,593
127310,47
127310,2858
127310,4995
127310,110
46680,1222
46680,2959
46680,6796
46680,2918
46680,1639
46680,47
46680,293
46680,3421
46680,1060
46680,4011
124978,318
124978,73017
124978,44191
124978,1196
124978,260
124978,33794
124978,59315
124978,1
124978,1198
124978,5349
71471,32
71471,593
71471,1291
71471,597
71471,150
71471,4993
71471,1036
71471,733
71471,1097
71471,318
53258,36517
53258,39292
53258,47629
53258,44555
53258,34528
53258,37741
53258,49272
53258,48774
53258,8667
53258,68954
88207,5952
88207,7153
88207,4993
88207,2716
88207,296
88207,1225
88207,1265
88207,2918
88207,3429
88207,593
92513,4993
92513,47
92513,593
92513,4226
92513,1617
92513,6016
92513,6874
92513,5952
92513,2028
92513,2762
138136,5349
138136,5418
138136,293
138136,47
138136,1210
138136,4011
138136,593
138136,2716
138136,33493
138136,5679
65,2858
65,2571
65,4878
65,68954
65,2762
65,3949
65,32
65,56367
65,527
65,7323
107253,318
107253,7323
107253,296
107253,68157
107253,89904
107253,2858
107253,7361
107253,527
107253,99114
107253,6711
89687,296
89687,2571
89687,19
89687,903
89687,260
89687,648
89687,3977
89687,3633
89687,466
89687,745
65978,1073
65978,4886
65978,4306
65978,356
65978,3793
65978,71535
65978,593
65978,1580
65978,318
65978,32587
37572,8949
37572,6016
37572,3911
37572,2502
37572,2918
37572,608
37572,1617
37572,6957
37572,1517
37572,3556
926,1291
926,59315
926,2858
926,4306
926,527
926,356
926,7153
926,48516
926,2329
926,2028
123084,54286
123084,58559
123084,5989
123084,6378
123084,6539
123084,4993
123084,5952
123084,79132
123084,35836
123084,8644
131239,3949
131239,2858
131239,44191
131239,296
131239,6502
131239,32587
131239,27773
131239,44974
131239,8874
131239,1206
60955,6377
60955,2959
60955,318
60955,7361
60955,8961
60955,356
60955,4306
60955,4995
60955,1721
60955,58559
40443,8644
40443,8636
40443,33794
40443,32587
40443,7438
40443,27706
40443,33493
40443,8361
40443,7293
40443,8529
57818,50872
57818,3578
57818,4896
57818,60040
57818,6539
57818,45722
57818,2959
57818,3793
57818,48516
57818,56775
5175,31658
5175,79132
5175,2571
5175,4993
5175,5618
5175,318
5175,541
5175,1201
5175,2959
5175,1197
123416,5952
123416,6934
123416,33493
123416,2012
123416,53972
123416,150
123416,380
123416,1610
123416,52722
123416,6373
67966,6711
67966,2571
67966,4973
67966,7153
67966,593
67966,56367
67966,2997
67966,44191
67966,58559
67966,32
120223,48774
120223,2542
120223,44191
120223,4878
120223,2232
120223,44665
120223,68157
120223,7361
120223,51662
120223,27773
102118,1676
102118,1274
102118,5903
102118,2232
102118,1584
102118,7481
102118,6874
102118,1136
102118,48516
102118,34048
24780,4226
24780,480
24780,2571
24780,1036
24780,1617
24780,69122
24780,260
24780,4855
24780,454
24780,49272
108850,1610
108850,3994
108850,7143
108850,8798
108850,3996
108850,151
108850,507
108850,3020
108850,832
108850,648
137813,3996
137813,1704
137813,7361
137813,356
137813,3578
137813,2762
137813,4226
137813,1682
137813,68157
137813,1097
504,5291
504,6377
504,2997
504,923
504,1961
504,1233
504,3996
504,903
504,296
504,904
52688,2572
52688,73017
52688,2125
52688,56152
52688,8533
52688,2762
52688,261
52688,531
52688,8961
52688,480
83046,296
83046,68157
83046,58559
83046,356
83046,69644
83046,6377
83046,231
83046,68954
83046,318
83046,48516
66642,4995
66642,6539
66642,4963
66642,4226
66642,4380
66642,2762
66642,2396
66642,6377
66642,1249
66642,1961
21532,54001
21532,5816
21532,364
21532,1291
21532,68954
21532,595
21532,1527
21532,73017
21532,5349
21532,2046
28600,60069
28600,5971
28600,81845
28600,76093
28600,79132
28600,58559
28600,106487
28600,89745
28600,92259
28600,7099
40833,7153
40833,5952
40833,47
40833,356
40833,1196
40833,4886
40833,7361
40833,318
40833,6377
40833,32
77586,923
77586,111
77586,4848
77586,1211
77586,307
77586,4914
77586,1206
77586,2731
77586,1219
77586,7327
100627,2959
100627,4878
100627,1199
100627,1732
100627,296
100627,750
100627,1921
100627,3160
100627,2858
100627,7323
108039,110
108039,6539
108039,4963
108039,780
108039,293
108039,527
108039,33493
108039,59315
108039,6874
108039,44191
130799,52973
130799,480
130799,58998
130799,4734
130799,356
130799,2959
130799,2571
130799,2628
130799,780
130799,296
112322,356
112322,4973
112322,318
112322,4995
112322,40815
112322,54001
112322,5377
112322,527
112322,6377
112322,4306
78981,33004
78981,3996
78981,356
78981,3471
78981,541
78981,1527
78981,2021
78981,50
78981,223
78981,33794
6597,48516
6597,44191
6597,48394
6597,70286
6597,55820
6597,48780
6597,49272
6597,1465
6597,33493
6597,46578
6308,1240
6308,58559
6308,2959
6308,2762
6308,3578
6308,49530
6308,51662
6308,91529
6308,33493
6308,6934
109040,7153
109040,4993
109040,3793
109040,6539
109040,597
109040,1573
109040,2006
109040,1270
109040,1580
109040,356
37716,3481
37716,5377
37716,1968
37716,2324
37716,47
37716,2291
37716,8949
37716,1097
37716,40819
37716,30707
116428,110
116428,318
116428,2571
116428,48394
116428,48780
116428,5445
116428,54286
116428,7143
116428,296
116428,1270
67718,1270
67718,2959
67718,1193
67718,2858
67718,1148
67718,2997
67718,318
67718,904
67718,924
67718,858
11706,2571
11706,342
11706,30810
11706,3072
11706,7153
11706,1641
11706,1193
11706,4226
11706,33794
11706,1225
118121,7153
118121,1089
118121,4993
118121,4327
118121,1213
118121,380
118121,27773
118121,1617
118121,3508
118121,2329
79393,46578
79393,82459
79393,48516
79393,44195
79393,49824
79393,63082
79393,64614
79393,80463
79393,49272
79393,46850
74680,7153
74680,5952
74680,1674
74680,3147
74680,592
74680,6539
74680,5049
74680,3448
74680,2797
74680,3360
112027,5952
112027,4993
112027,6874
112027,32587
112027,7153
112027,6016
112027,3147
112027,2858
112027,2028
112027,48774
116466,318
116466,3578
116466,110
116466,47
116466,593
116466,377
116466,595
116466,1097
116466,2161
116466,3793
38988,48780
38988,68358
38988,55820
38988,57640
38988,60684
38988,8874
38988,8961
38988,1617
38988,61240
38988,71535
8675,4306
8675,3793
8675,1270
8675,6874
8675,318
8675,527
8675,2997
8675,32587
8675,457
8675,7438
100660,32
100660,3578
100660,593
100660,4226
100660,1210
100660,5618
100660,2858
100660,6874
100660,589
100660,50
110291,44191
110291,8961
110291,59315
110291,2571
110291,1136
110291,4308
110291,4306
110291,50872
110291,1688
110291,48394
66047,3578
66047,590
66047,1527
66047,377
66047,316
66047,2054
66047,1721
66047,733
66047,2918
66047,454
19471,858
19471,1086
19471,593
19471,912
19471,110
19471,1203
19471,1262
19471,913
19471,4226
19471,903
34895,68358
34895,72998
34895,2571
34895,56949
34895,2572
34895,6377
34895,8665
34895,356
34895,6942
34895,3916
123889,1136
123889,318
123889,2542
123889,60069
123889,44195
123889,27773
123889,6874
123889,59387
123889,593
123889,55820
99549,34072
99549,50685
99549,6331
99549,81847
99549,35836
99549,31658
99549,7361
99549,76093
99549,3088
99549,53123
128972,608
128972,858
128972,296
128972,1258
128972,551
128972,2858
128972,593
128972,1230
128972,1197
128972,919
92616,648
92616,8810
92616,1265
92616,786
92616,3275
92616,44191
92616,56174
92616,8861
92616,49272
92616,48774
31042,7438
31042,4226
31042,4963
31042,4993
31042,5445
31042,1645
31042,5218
31042,6378
31042,778
31042,1580
107769,1240
107769,356
107769,110
107769,1097
107769,593
107769,260
107769,1387
107769,3471
107769,1270
107769,2529
71806,2716
71806,1206
71806,318
71806,1961
71806,527
71806,4226
71806,1210
71806,1089
71806,2959
71806,3578
119915,44191
119915,54286
119915,44195
119915,48780
119915,51255
119915,48774
119915,55276
119915,8983
119915,44665
119915,40819
53380,79132
53380,364
53380,4886
53380,595
53380,480
53380,6539
53380,2762
53380,1270
53380,76093
53380,33794
126788,597
126788,253
126788,47
126788,3081
126788,367
126788,778
126788,2712
126788,4720
126788,7153
126788,4993
62340,6323
62340,44199
62340,7254
62340,53129
62340,2329
62340,54503
62340,63131
62340,3948
62340,1625
62340,4776
48677,33493
48677,69844
48677,41566
48677,30812
48677,64614
48677,55290
48677,33166
48677,59369
48677,45499
48677,53972
129750,4306
129750,1136
129750,296
129750,2959
129750,593
129750,47
129750,356
129750,1210
129750,4878
129750,1207
14466,2502
14466,2918
14466,2858
14466,1196
14466,260
14466,48385
14466,593
14466,231
14466,5669
14466,2028
42734,608
42734,4262
42734,5952
42734,1198
42734,79132
42734,58559
42734,1291
42734,33794
42734,64614
42734,457
101014,4973
101014,356
101014,1968
101014,79132
101014,68954
101014,2858
101014,527
101014,318
101014,2959
101014,6942
84616,7013
84616,750
84616,7116
84616,3089
84616,928
84616,5618
84616,1267
84616,296
84616,3022
84616,7926
126685,1215
126685,7438
126685,318
126685,6502
126685,1377
126685,6874
126685,293
126685,593
126685,1748
126685,51255
5999,1193
5999,1466
5999,3006
5999,7361
5999,2959
5999,6796
5999,1203
5999,1222
5999,6016
5999,1089
130781,91529
130781,98809
130781,78499
130781,104879
130781,106489
130781,111759
130781,63082
130781,2762
130781,56587
130781,6874
108176,96610
108176,48780
108176,68954
108176,64957
108176,89745
108176,87232
108176,47099
108176,33794
108176,44191
108176,86882
15850,2329
15850,296
15850,33794
15850,2571
15850,1196
15850,7147
15850,4963
15850,32587
15850,318
15850,35836
111005,17
111005,6711
111005,4886
111005,50
111005,6867
111005,2762
111005,3481
111005,1225
111005,2359
111005,3911
33575,6934
33575,2329
33575,1200
33575,74510
33575,49278
33575,48394
33575,57368
33575,73323
33575,7360
33575,55765
115333,1210
115333,260
115333,1196
115333,33794
115333,648
115333,6874
115333,2858
115333,3578
115333,589
115333,1265
103333,7438
103333,2329
103333,6874
103333,5218
103333,31658
103333,32
103333,44191
103333,27728
103333,3000
103333,27660
131174,480
131174,4878
131174,3052
131174,2617
131174,6874
131174,2291
131174,3578
131174,2329
131174,8784
131174,4886
31181,52042
31181,47629
31181,80969
31181,112556
31181,98154
31181,59018
31181,87306
31181,110102
31181,98809
31181,102194
16410,2918
16410,1704
16410,1197
16410,2762
16410,4306
16410,364
16410,6377
16410,78499
16410,2571
16410,296
65402,2858
65402,6711
65402,5902
65402,6385
65402,3996
65402,2692
65402,6867
65402,6870
65402,2997
65402,296
66052,1210
66052,34405
66052,260
66052,44191
66052,913
66052,54286
66052,1304
66052,2918
66052,32
66052,1527
136172,1997
136172,1333
136172,2011
136172,4214
136172,1214
136172,4571
136172,1258
136172,1200
136172,1302
136172,485
14550,1214
14550,2329
14550,32587
14550,2959
14550,4963
14550,1527
14550,2762
14550,6947
14550,2542
14550,4226
110489,3949
110489,589
110489,51662
110489,8961
110489,44199
110489,2997
110489,1198
110489,52973
110489,1193
110489,6377
64687,54272
64687,4993
64687,61323
64687,1193
64687,1265
64687,8874
64687,1213
64687,5952
64687,51255
64687,2761
110824,1246
110824,541
110824,1233
110824,1266
110824,1704
110824,1079
110824,457
110824,1625
110824,1193
110824,1208
122400,70286
122400,60684
122400,79132
122400,76251
122400,7153
122400,5219
122400,7438
122400,7373
122400,51255
122400,8371
43244,7153
43244,32587
43244,1089
43244,63082
43244,58559
43244,5995
43244,33166
43244,2762
43244,55820
43244,6539
96384,7153
96384,260
96384,593
96384,1196
96384,1210
96384,1291
96384,500
96384,594
96384,590
96384,736
100128,4306
100128,1270
100128,150
100128,2028
100128,1580
100128,527
100128,1917
100128,377
100128,3147
100128,316
7443,4963
7443,3635
7443,2791
7443,2989
7443,6539
7443,733
7443,7569
7443,3751
7443,5218
7443,4226
45357,5349
45357,5418
45357,3793
45357,32587
45357,48780
45357,8961
45357,54503
45357,56251
45357,344
45357,6377
55626,4226
55626,47
55626,3147
55626,5989
55626,48516
55626,4963
55626,55765
55626,33166
55626,5445
55626,4993
60712,78499
60712,858
60712,68954
60712,318
60712,2716
60712,2959
60712,58559
60712,3578
60712,1732
60712,1213
125881,1210
125881,2959
125881,27611
125881,58559
125881,1200
125881,5952
125881,1136
125881,1199
125881,48394
125881,1215
137171,33794
137171,47
137171,4011
137171,55820
137171,1249
137171,1266
137171,48774
137171,6016
137171,5952
137171,1136
86359,2858
86359,750
86359,356
86359,293
86359,318
86359,44555
86359,912
86359,7323
86359,4011
86359,32
137883,47
137883,34162
137883,2858
137883,2959
137883,110
137883,2542
137883,4226
137883,223
137883,2918
137883,1213
88223,260
88223,1
88223,58559
88223,46578
88223,1704
88223,8961
88223,6539
88223,2997
88223,48394
88223,590
135621,6377
135621,3578
135621,32
135621,7147
135621,50
135621,1704
135621,46578
135621,4886
135621,778
135621,5349
112973,4886
112973,6377
112973,40815
112973,1
112973,1580
112973,1527
112973,520
112973,7147
112973,318
112973,2858
134358,55820
134358,3418
134358,40819
134358,1641
134358,68157
134358,593
134358,48394
134358,5505
134358,4246
134358,5995
80687,5952
80687,356
80687,7153
80687,4993
80687,500
80687,1
80687,4995
80687,5418
80687,260
80687,1704
130549,904
130549,919
130549,4886
130549,1219
130549,1256
130549,1196
130549,1203
130549,905
130549,594
130549,903
31454,527
31454,1682
31454,1240
31454,457
31454,4878
31454,4776
31454,1527
31454,110
31454,1573
31454,780
72459,4011
72459,296
72459,2571
72459,4226
72459,3578
72459,541
72459,778
72459,1732
72459,6711
72459,2763
120488,2858
120488,2959
120488,593
120488,1196
120488,78499
120488,68954
120488,44555
120488,80463
120488,2997
120488,1250
45771,1210
45771,480
45771,4993
45771,2028
45771,457
45771,2959
45771,296
45771,1198
45771,1200
45771,356
55144,296
55144,56367
55144,70286
55144,3949
55144,72998
55144,55247
55144,32
55144,64969
55144,593
55144,1704
20757,1193
20757,590
20757,912
20757,2324
20757,3470
20757,1446
20757,2150
20757,1233
20757,1961
20757,306
24217,296
24217,2571
24217,1721
24217,356
24217,3949
24217,4886
24217,7361
24217,2762
24217,4226
24217,5989
44670,910
44670,5952
44670,1197
44670,1136
44670,593
44670,1256
44670,4973
44670,950
44670,318
44670,899
63702,1580
63702,8665
63702,296
63702,49272
63702,1270
63702,53996
63702,55820
63702,2858
63702,7438
63702,457
28936,2571
28936,47
28936,2858
28936,527
28936,48774
28936,56367
28936,8665
28936,1089
28936,7361
28936,608
11272,541
11272,1222
11272,593
11272,44665
11272,32
11272,2028
11272,70286
11272,64614
11272,38061
11272,4226
36786,5418
36786,1213
36786,223
36786,1136
36786,367
36786,165
36786,608
36786,5349
36786,4571
36786,1639
126042,593
126042,1307
126042,356
126042,597
126042,1961
126042,1380
126042,2762
126042,2918
126042,1198
126042,1097
120672,4226
120672,6874
120672,318
120672,296
120672,3578
120672,4963
120672,527
120672,53972
120672,356
120672,50
88598,3578
88598,1196
88598,6377
88598,2291
88598,2985
88598,592
88598,590
88598,1097
88598,1220
88598,293
7514,1
7514,5952
7514,7153
7514,1580
7514,48516
7514,35836
7514,344
7514,1968
7514,54503
7514,500
98749,1222
98749,1291
98749,1198
98749,1193
98749,541
98749,1954
98749,4963
98749,1721
98749,58559
98749,1580
102706,858
102706,4963
102706,47
102706,780
102706,2571
102706,5349
102706,2858
102706,6539
102706,4886
102706,32
32541,1193
32541,778
32541,6807
32541,55820
32541,2762
32541,293
32541,1206
32541,6377
32541,1682
32541,48780
73234,589
73234,2858
73234,318
73234,2028
73234,4011
73234,1291
73234,48516
73234,2194
73234,1466
73234,1266
90065,260
90065,59315
90065,59369
90065,69481
90065,49530
90065,8636
90065,48738
90065,80489
90065,98809
90065,5349
60729,4226
60729,2571
60729,4878
60729,2959
60729,2288
60729,5690
60729,27773
60729,924
60729,79132
60729,8874
129743,527
129743,7438
129743,480
129743,3275
129743,2700
129743,6377
129743,4262
129743,1073
129743,7147
129743,8917
133038,1704
133038,2762
133038,2571
133038,48516
133038,5989
133038,4975
133038,63082
133038,55247
133038,7254
133038,4973
83944,260
83944,1266
83944,8949
83944,2109
83944,2858
83944,1610
83944,5952
83944,7153
83944,46578
83944,2716
53941,608
53941,32
53941,8636
53941,2291
53941,1573
53941,6333
53941,56367
53941,4896
53941,904
53941,3253
74041,51662
74041,589
74041,5989
74041,2762
74041,3994
74041,4995
74041,7438
74041,608
74041,231
74041,457
91513,48516
91513,318
91513,858
91513,2959
91513,4963
91513,593
91513,1193
91513,33166
91513,1221
91513,44694
137182,5418
137182,1213
137182,1527
137182,2959
137182,7153
137182,4034
137182,1704
137182,50
137182,1089
137182,3252
16847,541
16847,2959
16847,296
16847,1208
16847,7361
16847,31658
16847,1274
16847,1214
16847,32
16847,1136
121631,6016
121631,3897
121631,109374
121631,102194
121631,106766
121631,1222
121631,5772
121631,112183
121631,96829
121631,778
13047,595
13047,4306
13047,364
13047,2355
13047,1721
13047,69122
13047,56367
13047,586
13047,1968
13047,81834
73715,5418
73715,1500
73715,2571
73715,1275
73715,1370
73715,4823
73715,1198
73715,589
73715,34405
73715,59315
50536,2762
50536,1225
50536,1233
50536,1208
50536,903
50536,21
50536,1220
50536,1610
50536,2959
50536,2918
741,3578
741,590
741,4014
741,4246
741,5418
741,266
741,4973
741,45
741,3386
741,8207
89507,1234
89507,1276
89507,1263
89507,608
89507,1272
89507,858
89507,593
89507,2028
89507,1266
89507,3362
16128,45499
16128,45720
16128,46578
16128,41566
16128,40826
16128,49272
16128,50160
16128,46976
16128,35836
16128,42004
55354,32
55354,48774
55354,2959
55354,63082
55354,44191
55354,8914
55354,4963
55354,33794
55354,74458
55354,1270
108481,150
108481,1610
108481,2797
108481,318
108481,2762
108481,6539
108481,380
108481,454
108481,5299
108481,589
86230,1210
86230,593
86230,904
86230,750
86230,4973
86230,1234
86230,6874
86230,8636
86230,32587
86230,30707
113642,349
113642,858
113642,1573
113642,1393
113642,1917
113642,1923
113642,293
113642,1485
113642,454
113642,4776
37636,1080
37636,1291
37636,32
37636,1259
37636,924
37636,858
37636,1193
37636,6711
37636,5445
37636,2997
25367,4963
25367,3578
25367,69122
25367,51662
25367,2329
25367,32587
25367,293
25367,44191
25367,49272
25367,49530
127437,47
127437,527
127437,593
127437,2028
127437,4963
127437,5418
127437,1148
127437,1234
127437,8665
127437,4886
127889,1704
127889,4995
127889,858
127889,63082
127889,2028
127889,2762
127889,539
127889,3147
127889,1270
127889,2571
16325,1136
16325,3317
16325,914
16325,40629
16325,912
16325,858
16325,1249
16325,6874
16325,5377
16325,6711
113973,1721
113973,3147
113973,58559
113973,2762
113973,231
113973,2329
113973,2858
113973,5952
113973,5679
113973,1240
99923,111
99923,4226
99923,1136
99923,296
99923,110
99923,750
99923,4993
99923,79132
99923,5952
99923,7153
127337,60069
127337,6539
127337,48394
127337,5349
127337,3793
127337,44191
127337,30793
127337,4973
127337,6350
127337,6934
90838,6787
90838,296
90838,55820
90838,3735
90838,1953
90838,1200
90838,1252
90838,3362
90838,3006
90838,48516
72722,32587
72722,33794
72722,260
72722,2502
72722,858
72722,4327
72722,8636
72722,2944
72722,1196
72722,1221
67917,33794
67917,1198
67917,59315
67917,318
67917,356
67917,32587
67917,32
67917,593
67917,7099
67917,60069
93081,96610
93081,68157
93081,318
93081,81591
93081,74458
93081,81834
93081,89492
93081,91500
93081,59315
93081,60069
9362,356
9362,2858
9362,5995
9362,1233
9362,1225
9362,318
9362,1333
9362,45950
9362,4235
9362,8340
135216,527
135216,318
135216,7361
135216,8961
135216,593
135216,2997
135216,4973
135216,608
135216,1
135216,1704
138388,364
138388,5952
138388,6874
138388,2762
138388,356
138388,4878
138388,593
138388,778
138388,2329
138388,1246
50029,2571
50029,58559
50029,54503
50029,2858
50029,293
50029,6016
50029,50
50029,51255
50029,4878
50029,76251
83726,8961
83726,6565
83726,7706
83726,6979
83726,8360
83726,8636
83726,6662
83726,41566
83726,3507
83726,2078
4529,1673
4529,608
4529,1265
4529,2291
4529,1120
4529,4878
4529,1288
4529,1682
4529,6711
4529,2076
100649,46976
100649,44195
100649,40819
100649,7361
100649,39183
100649,58559
100649,1358
100649,48780
100649,48394
100649,6711
117106,47
117106,4878
117106,4226
117106,4993
117106,70286
117106,593
117106,778
117106,6874
117106,32
117106,8874
93318,61240
93318,1270
93318,6539
93318,1198
93318,44191
93318,50
93318,54259
93318,3793
93318,59315
93318,527
32675,56788
32675,56367
32675,72226
32675,107141
32675,5008
32675,46578
32675,79132
32675,90866
32675,116797
32675,89753
2905,110
2905,1270
2905,4993
2905,1291
2905,296
2905,541
2905,79132
2905,1265
2905,2028
2905,50
13677,3275
13677,2005
13677,7153
13677,4993
13677,6539
13677,44665
13677,7445
13677,5952
13677,8874
13677,4011
68213,74458
68213,69122
68213,33794
68213,593
68213,356
68213,51255
68213,3578
68213,72998
68213,77561
68213,6539
62046,2329
62046,2571
62046,4993
62046,3535
62046,52281
62046,4306
62046,589
62046,318
62046,260
62046,2762
63003,8961
63003,3949
63003,51255
63003,8874
63003,4816
63003,8641
63003,59315
63003,1213
63003,318
63003,8636
5942,4306
5942,7153
5942,480
5942,5349
5942,2762
5942,593
5942,8368
5942,2115
5942,33794
5942,2396
46218,3793
46218,1036
46218,356
46218,4776
46218,6874
46218,2700
46218,1240
46218,7438
46218,163
46218,1213
42337,356
42337,2997
42337,260
42337,2396
42337,5445
42337,527
42337,6874
42337,1527
42337,4878
42337,4896
109680,260
109680,1196
109680,2193
109680,60069
109680,2571
109680,1197
109680,2959
109680,68954
109680,58559
109680,79132
118817,4886
118817,4306
118817,1
118817,1307
118817,539
118817,597
118817,595
118817,1013
118817,1197
118817,1270
109746,4226
109746,2858
109746,750
109746,6016
109746,1
109746,7361
109746,593
109746,924
109746,1208
109746,32
47935,5952
47935,7099
47935,60069
47935,1265
47935,72226
47935,59315
47935,2997
47935,57669
47935,318
47935,89745
26188,40815
26188,49910
26188,88810
26188,30749
26188,50601
26188,48394
26188,47099
26188,33166
26188,39183
26188,45720
19174,1962
19174,1265
19174,1221
19174,858
19174,2109
19174,1641
19174,1271
19174,4321
19174,69122
19174,3526
46555,4963
46555,54997
46555,48738
46555,5418
46555,54286
46555,97921
46555,32587
46555,55276
46555,41285
46555,6874
97901,527
97901,296
97901,924
97901,2019
97901,1299
97901,1237
97901,7063
97901,318
97901,1178
97901,4226
69613,1036
69613,1240
69613,110
69613,356
69613,527
69613,5445
69613,1682
69613,4306
69613,1206
69613,457
122779,7438
122779,50
122779,318
122779,589
122779,457
122779,377
122779,4995
122779,527
122779,364
122779,150
15593,54001
15593,1270
15593,1210
15593,356
15593,1198
15593,745
15593,1136
15593,2376
15593,63082
15593,68358
108753,1270
108753,5349
108753,1580
108753,2470
108753,1291
108753,6537
108753,8961
108753,380
108753,2011
108753,1374
10606,1208
10606,162
10606,1230
10606,34542
10606,4235
10606,5673
10606,101
10606,2019
10606,1252
10606,6620
56563,4262
56563,110
56563,318
56563,1732
56563,6539
56563,3793
56563,56174
56563,6333
56563,48516
56563,1580
65771,1247
65771,6016
65771,912
65771,1252
65771,44555
65771,2858
65771,1244
65771,50
65771,4973
65771,318
124866,541
124866,318
124866,2329
124866,4993
124866,3000
124866,2959
124866,32587
124866,50
124866,1089
124866,6874
18694,589
18694,150
18694,2028
18694,480
18694,296
18694,110
18694,590
18694,2571
18694,1580
18694,1291
116314,593
116314,50
116314,32
116314,1580
116314,1265
116314,2028
116314,480
116314,1704
116314,1198
116314,2329
106810,32587
106810,293
106810,110
106810,70286
106810,48780
106810,69481
106810,593
106810,46578
106810,6016
106810,778
23881,4878
23881,2997
23881,3481
23881,1258
23881,1247
23881,3556
23881,39
23881,1073
23881,318
23881,4641
1930,1210
1930,1258
1930,457
1930,8961
1930,1097
1930,5418
1930,54286
1930,1079
1930,1584
1930,858
107322,4306
107322,6377
107322,2028
107322,32587
107322,8961
107322,1201
107322,44191
107322,1348
107322,5995
107322,8368
71955,1193
71955,1208
71955,2871
71955,2762
71955,1250
71955,599
71955,4406
71955,5952
71955,4262
71955,904
42032,86332
42032,32587
42032,5903
42032,34162
42032,47610
42032,102125
42032,91500
42032,53125
42032,7439
42032,88140
96246,8665
96246,3578
96246,34162
96246,2918
96246,1270
96246,2028
96246,8636
96246,8528
96246,5445
96246,41566
92011,25856
92011,30707
92011,34072
92011,8712
92011,7061
92011,49530
92011,48385
92011,8494
92011,52722
92011,26564
54085,55820
54085,318
54085,593
54085,1136
54085,356
54085,2858
54085,1089
54085,3949
54085,1258
54085,2542
2788,1221
2788,33794
2788,858
2788,56367
2788,1270
2788,3949
2788,4993
2788,2502
2788,527
2788,5952
83550,2762
83550,608
83550,527
83550,296
83550,1221
83550,1207
83550,4878
83550,1210
83550,913
83550,1213
52935,1580
52935,6539
52935,260
52935,2115
52935,2762
52935,1
52935,733
52935,318
52935,3147
52935,1246
7417,2571
7417,1198
7417,5952
7417,4993
7417,7153
7417,60069
7417,5971
7417,2572
7417,2125
7417,33794
81914,2329
81914,47
81914,7438
81914,5349
81914,2028
81914,110
81914,55765
81914,593
81914,33493
81914,1291
66065,1208
66065,1193
66065,3535
66065,1222
66065,333
66065,223
66065,2174
66065,2571
66065,104
66065,2122
48410,1682
48410,81591
48410,46578
48410,2858
48410,3462
48410,71899
48410,4022
48410,595
48410,1291
48410,4902
99208,4994
99208,4677
99208,6238
99208,2269
99208,3157
99208,1616
99208,3528
99208,5372
99208,7101
99208,4912
10443,6539
10443,933
10443,1207
10443,4327
10443,940
10443,2944
10443,1219
10443,1269
10443,1104
10443,48780
14803,5418
14803,2959
14803,6539
14803,4993
14803,260
14803,318
14803,56367
14803,5617
14803,44191
14803,33794
39475,1036
39475,1240
39475,1265
39475,367
39475,3578
39475,1580
39475,4344
39475,3301
39475,8961
39475,6863
131429,2028
131429,48516
131429,2571
131429,4011
131429,5989
131429,32587
131429,58559
131429,4993
131429,750
131429,7153
118735,32
118735,47
118735,7361
118735,4973
118735,293
118735,32587
118735,44191
118735,3949
118735,70286
118735,74458
62769,1193
62769,48516
62769,8874
62769,8950
62769,4973
62769,2762
62769,7982
62769,3476
62769,6016
62769,46578
110706,55820
110706,59315
110706,89745
110706,68157
110706,55290
110706,56782
110706,33166
110706,82459
110706,51662
110706,46578
36382,1210
36382,2959
36382,5952
36382,7153
36382,110
36382,1196
36382,733
36382,260
36382,480
36382,780
22681,106489
22681,79132
22681,74458
22681,3578
22681,96079
22681,49530
22681,91542
22681,2028
22681,88744
22681,73017
76967,318
76967,2959
76967,4973
76967,1198
76967,5618
76967,2571
76967,2762
76967,110
76967,1291
76967,3000
119800,2329
119800,2028
119800,7143
119800,7445
119800,5010
119800,3753
119800,553
119800,5152
119800,34534
119800,2231
41620,1270
41620,3793
41620,1
41620,2571
41620,2959
41620,32587
41620,8961
41620,7153
41620,4993
41620,318
31406,54001
31406,60684
31406,49272
31406,60069
31406,32587
31406,30793
31406,78499
31406,45517
31406,48780
31406,31658
112434,1210
112434,356
112434,919
112434,150
112434,2804
112434,4306
112434,2571
112434,908
112434,1291
112434,1203
119831,4963
119831,527
119831,377
119831,2762
119831,2571
119831,3147
119831,593
119831,5418
119831,3578
119831,2324
9512,1201
9512,260
9512,7438
9512,6711
9512,58559
9512,4993
9512,1198
9512,48774
9512,68157
9512,44191
133651,2336
133651,30749
133651,26085
133651,8341
133651,7062
133651,1357
133651,1962
133651,475
133651,5747
133651,515
117441,1265
117441,4963
117441,4306
117441,2716
117441,1073
117441,1704
117441,2918
117441,588
117441,778
117441,4027
118831,1028
118831,7153
118831,4993
118831,48
118831,40815
118831,497
118831,5952
118831,41566
118831,339
118831,4014
5070,48774
5070,55820
5070,51255
5070,53972
5070,54286
5070,61323
5070,63113
5070,56174
5070,44195
5070,37382
94583,4973
94583,48
94583,79132
94583,4886
94583,4995
94583,5991
94583,50872
94583,7153
94583,2858
94583,4993
54756,1206
54756,3578
54756,541
54756,110
54756,1961
54756,2324
54756,593
54756,48394
54756,58559
54756,4995
3254,6377
3254,4886
3254,7293
3254,4896
3254,1721
3254,597
3254,4447
3254,364
3254,2762
3254,2355
72788,32587
72788,2329
72788,1206
72788,48780
72788,2140
72788,31696
72788,296
72788,318
72788,47
72788,593
43290,858
43290,593
43290,3949
43290,46578
43290,5995
43290,1222
43290,30749
43290,1682
43290,6874
43290,58559
106877,589
106877,608
106877,4878
106877,48516
106877,33794
106877,3578
106877,1527
106877,34405
106877,48780
106877,79132
43064,110
43064,1270
43064,2918
43064,2028
43064,356
43064,55820
43064,1198
43064,6874
43064,858
43064,4878
91172,2641
91172,1225
91172,1673
91172,1258
91172,480
91172,3699
91172,2403
91172,904
91172,3360
91172,4262
15803,44199
15803,34528
15803,34072
15803,41285
15803,40819
15803,30749
15803,48516
15803,39183
15803,6867
15803,41863
112356,58559
112356,1200
112356,1732
112356,50
112356,1199
112356,1201
112356,1193
112356,79132
112356,6874
112356,1617
19114,2329
19114,50
19114,293
19114,7153
19114,4226
19114,1266
19114,6333
19114,6539
19114,1221
19114,3508
74374,778
74374,593
74374,2329
74374,4878
74374,2395
74374,6711
74374,2502
74374,46578
74374,260
74374,55820
48148,7361
48148,4973
48148,4979
48148,6711
48148,4878
48148,4641
48148,5617
48148,4642
48148,3556
48148,38886
59960,4226
59960,5618
59960,4878
59960,7361
59960,32
59960,1222
59960,1136
59960,58559
59960,4973
59960,1080
64893,1258
64893,6711
64893,1193
64893,750
64893,246
64893,1358
64893,6867
64893,1206
64893,8949
64893,4034
43925,2762
43925,4886
43925,4306
43925,1136
43925,296
43925,318
43925,2918
43925,2700
43925,1073
43925,593
53420,79702
53420,96079
53420,87232
53420,44191
53420,76251
53420,68954
53420,71535
53420,33794
53420,5989
53420,81591
17602,56949
17602,364
17602,6936
17602,539
17602,2081
17602,2724
17602,27808
17602,1721
17602,500
17602,5218
124229,318
124229,527
124229,3793
124229,357
124229,1101
124229,364
124229,2
124229,2692
124229,1206
124229,1721
4798,2959
4798,7361
4798,593
4798,6377
4798,2571
4798,1148
4798,1961
4798,2997
4798,597
4798,4886
77712,54001
77712,58559
77712,59315
77712,89745
77712,88140
77712,6539
77712,4306
77712,8961
77712,77561
77712,86332
92882,899
92882,5017
92882,1934
92882,2648
92882,25850
92882,25868
92882,8491
92882,25795
92882,5008
92882,7056
36403,4306
36403,4896
36403,5445
36403,4720
36403,5349
36403,2762
36403,8961
36403,6323
36403,7254
36403,2571
91428,53996
91428,6377
91428,74789
91428,8961
91428,54259
91428,2081
91428,8644
91428,41566
91428,2617
91428,6754
81164,296
81164,111
81164,1997
81164,858
81164,70
81164,50
81164,923
81164,3706
81164,592
81164,1913
39283,7361
39283,4973
39283,79132
39283,48774
39283,5445
39283,924
39283,68237
39283,1682
39283,1214
39283,29
91293,4993
91293,4306
91293,1
91293,356
91293,364
91293,5952
91293,1196
91293,597
91293,2572
91293,2762
45643,1206
45643,296
45643,1214
45643,2313
45643,1222
45643,1258
45643,750
45643,3676
45643,5952
45643,3328
101630,48780
101630,7361
101630,67087
101630,33794
101630,4878
101630,1
101630,356
101630,72641
101630,80549
101630,8360
131889,7982
131889,4720
131889,62203
131889,7646
131889,50804
131889,4148
131889,79132
131889,4865
131889,3918
131889,356
83982,1197
83982,3175
83982,2959
83982,1073
83982,57368
83982,5690
83982,5072
83982,46578
83982,68954
83982,3114
5204,2571
5204,457
5204,1036
5204,858
5204,3578
5204,5418
5204,593
5204,50068
5204,1270
5204,51935
126026,1196
126026,4973
126026,59315
126026,2324
126026,4963
126026,6377
126026,5418
126026,76093
126026,99114
126026,293
33844,1089
33844,778
33844,50
33844,4034
33844,7361
33844,2542
33844,527
33844,4995
33844,7256
33844,356
41070,318
41070,3535
41070,6711
41070,48780
41070,32
41070,4979
41070,589
41070,52973
41070,55765
41070,457
116263,80860
116263,64969
116263,34162
116263,5449
116263,5620
116263,65230
116263,7147
116263,2959
116263,4823
116263,3243
104935,1213
104935,4226
104935,2959
104935,1258
104935,527
104935,1247
104935,2571
104935,1203
104935,99114
104935,908
17305,72641
17305,356
17305,500
17305,364
17305,5299
17305,2268
17305,1961
17305,1
17305,3408
17305,2096
61015,260
61015,4993
61015,318
61015,2571
61015,4226
61015,1270
61015,5952
61015,1210
61015,2959
61015,8360
6116,58559
6116,608
6116,1196
6116,1961
6116,8950
6116,7361
6116,1265
6116,1206
6116,79132
6116,1198
132965,47
132965,296
132965,356
132965,4973
132965,46578
132965,48394
132965,63082
132965,3147
132965,6016
132965,7153
67352,1233
67352,541
67352,5464
67352,3006
67352,592
67352,4855
67352,1527
67352,2194
67352,2762
67352,1250
106169,7143
106169,3489
106169,1197
106169,46972
106169,4223
106169,5418
106169,520
106169,32596
106169,7324
106169,1580
109745,54286
109745,8949
109745,56788
109745,56333
109745,69757
109745,39292
109745,105211
109745,94070
109745,87869
109745,84392
69666,1580
69666,4306
69666,8368
69666,4993
69666,1375
69666,2012
69666,3624
69666,2716
69666,1223
69666,4232
55157,2762
55157,4995
55157,4306
55157,6539
55157,480
55157,260
55157,318
55157,1197
55157,3996
55157,780
37883,8665
37883,33794
37883,54286
37883,2571
37883,49272
37883,59315
37883,58559
37883,4963
37883,49530
37883,53972
11491,1721
11491,7153
11491,47
11491,648
11491,1961
11491,1036
11491,736
11491,590
11491,3147
11491,50
129984,527
129984,1234
129984,2028
129984,1201
129984,1228
129984,55820
129984,58559
129984,4262
129984,110
129984,924
77787,35836
77787,56367
77787,48774
77787,48516
77787,32587
77787,54503
77787,48385
77787,30810
77787,31878
77787,7361
30124,1610
30124,1240
30124,3578
30124,2028
30124,608
30124,541
30124,2959
30124,1961
30124,349
30124,780
59693,58559
59693,2858
59693,4226
59693,356
59693,593
59693,1206
59693,2762
59693,3578
59693,32587
59693,527
85022,4226
85022,296
85022,593
85022,2571
85022,8961
85022,2762
85022,2858
85022,4306
85022,1617
85022,1214
110371,1246
110371,2268
110371,2918
110371,2571
110371,4993
110371,7153
110371,5952
110371,1270
110371,3098
110371,260
93077,4886
93077,68954
93077,597
93077,588
93077,500
93077,3114
93077,4306
93077,2797
93077,5620
93077,50872
125725,48516
125725,32587
125725,7361
125725,48394
125725,593
125725,1208
125725,608
125725,48774
125725,6874
125725,3000
49499,2028
49499,858
49499,61024
49499,2423
49499,33794
49499,7438
49499,6874
49499,55820
49499,58998
49499,1221
63613,8961
63613,40815
63613,4246
63613,5218
63613,45722
63613,356
63613,5349
63613,30793
63613,2959
63613,2858
76726,2858
76726,2028
76726,858
76726,5995
76726,1246
76726,1193
76726,912
76726,40819
76726,593
76726,2571
83230,27846
83230,8966
83230,27878
83230,27820
83230,6963
83230,47778
83230,38886
83230,8638
83230,6945
83230,40946
79180,50
79180,4226
79180,7156
79180,6016
79180,908
79180,903
79180,318
79180,2858
79180,912
79180,1221
68816,1258
68816,1208
68816,2959
68816,968
68816,1261
68816,1321
68816,1222
68816,924
68816,1219
68816,260
76861,2858
76861,50
76861,2542
76861,3578
76861,44191
76861,70286
76861,54286
76861,59315
76861,48774
76861,4993
136494,50
136494,1721
136494,1580
136494,858
136494,1221
136494,1208
136494,590
136494,253
136494,364
136494,111
6342,7361
6342,8874
6342,2918
6342,919
6342,2683
6342,4993
6342,1968
6342,6502
6342,44191
6342,4226
20125,593
20125,1
20125,2959
20125,2762
20125,2571
20125,1223
20125,78499
20125,56367
20125,2248
20125,1136
96239,2959
96239,2858
96239,1214
96239,5618
96239,260
96239,2571
96239,903
96239,908
96239,4235
96239,1222
103413,32587
103413,778
103413,356
103413,4246
103413,68157
103413,2959
103413,2858
103413,6942
103413,45722
103413,54001
1644,33794
1644,58559
1644,4963
1644,5679
1644,6709
1644,4886
1644,7454
1644,34319
1644,73017
1644,70286
125447,34162
125447,6539
125447,5952
125447,45722
125447,35836
125447,4816
125447,45499
125447,1580
125447,588
125447,5349
72510,49272
72510,73017
72510,4963
72510,88129
72510,2959
72510,4995
72510,4226
72510,71535
72510,72998
72510,80489
20051,6378
20051,3082
20051,3555
20051,377
20051,4369
20051,1917
20051,3617
20051,4344
20051,2273
20051,3717
8219,4993
8219,1097
8219,2959
8219,1961
8219,1923
8219,595
8219,1527
8219,593
8219,733
8219,1136
34409,8874
34409,48774
34409,48082
34409,6502
34409,35836
34409,4641
34409,3949
34409,37733
34409,7364
34409,3476
17746,1270
17746,1240
17746,296
17746,2959
17746,457
17746,32
17746,858
17746,4993
17746,5952
17746,2028
18162,1221
18162,8645
18162,296
18162,1252
18162,30749
18162,1193
18162,2692
18162,6867
18162,246
18162,3362
78462,2797
78462,1377
78462,1097
78462,2115
78462,168
78462,1020
78462,62
78462,4489
78462,3421
78462,494
5130,593
5130,7361
5130,4226
5130,1200
5130,56782
5130,44191
5130,4993
5130,4973
5130,318
5130,1198
39916,79132
39916,58559
39916,7361
39916,5971
39916,1196
39916,44191
39916,46578
39916,318
39916,2959
39916,60069
116706,48516
116706,5064
116706,4963
116706,8972
116706,46530
116706,44665
116706,51935
116706,5445
116706,527
116706,48304
95956,5445
95956,32
95956,8644
95956,3994
95956,150
95956,4370
95956,5502
95956,5349
95956,4963
95956,3527
21845,47610
21845,4973
21845,7361
21845,47099
21845,527
21845,1
21845,4963
21845,48774
21845,3793
21845,45447
17083,1
17083,2918
17083,7153
17083,2502
17083,1210
17083,1500
17083,950
17083,750
17083,919
17083,2396
132800,4886
132800,1291
132800,2115
132800,59369
132800,780
132800,588
132800,2273
132800,1073
132800,8361
132800,2082
34133,356
34133,30793
34133,55999
34133,45517
34133,66097
34133,2355
34133,6297
34133,1028
34133,7669
34133,56941
103782,4973
103782,60069
103782,3000
103782,2858
103782,593
103782,7361
103782,1206
103782,6874
103782,48394
103782,7387
92136,1198
92136,60069
92136,2762
92136,318
92136,4993
92136,1968
92136,1580
92136,79132
92136,595
92136,480
99518,2716
99518,1275
99518,2916
99518,2141
99518,2617
99518,3702
99518,1917
99518,6996
99518,1240
99518,5882
77531,6377
77531,6539
77531,110
77531,3578
77531,4886
77531,4973
77531,1682
77531,1265
77531,1961
77531,3996
110255,260
110255,1210
110255,47
110255,8961
110255,1089
110255,4226
110255,2951
110255,4973
110255,912
110255,55442
25503,4306
25503,60069
25503,48394
25503,5349
25503,4011
25503,8636
25503,8874
25503,5418
25503,51255
25503,3034
915,1193
915,6711
915,1247
915,2858
915,858
915,4027
915,1246
915,8949
915,969
915,3481
14947,1193
14947,44191
14947,1704
14947,69122
14947,4995
14947,6016
14947,7361
14947,4973
14947,1732
14947,858
83949,2231
83949,48385
83949,45728
83949,33794
83949,5956
83949,6863
83949,1732
83949,32587
83949,6188
83949,2109
41096,1682
41096,1923
41096,2706
41096,6373
41096,32
41096,4886
41096,3114
41096,2572
41096,5952
41096,733
18913,1240
18913,527
18913,2858
18913,2959
18913,1222
18913,110
18913,7438
18913,2762
18913,750
18913,1245
33735,2762
33735,6539
33735,1
33735,589
33735,1291
33735,4993
33735,1036
33735,1240
33735,4886
33735,480
136369,6016
136369,64839
136369,318
136369,3949
136369,7361
136369,1635
136369,6953
136369,86781
136369,90057
136369,2391
80897,316
80897,50
80897,1923
80897,1270
80897,1682
80897,597
80897,454
80897,2916
80897,1265
80897,2329
111492,356
111492,1721
111492,54276
111492,48516
111492,4310
111492,6155
111492,110
111492,57951
111492,8866
111492,2497
97002,80489
97002,6942
97002,7445
97002,903
97002,480
97002,904
97002,79132
97002,45501
97002,1721
97002,6214
56347,2762
56347,1240
56347,1270
56347,5952
56347,1214
56347,589
56347,457
56347,6502
56347,7360
56347,3578
91984,1580
91984,780
91984,110
91984,733
91984,47
91984,1704
91984,2028
91984,4995
91984,48780
91984,5418
136550,1196
136550,318
136550,69757
136550,4995
136550,2858
136550,527
136550,50872
136550,6377
136550,59315
136550,1527
95955,2329
95955,104
95955,2571
95955,593
95955,318
95955,3147
95955,364
95955,588
95955,2959
95955,1097
69805,4262
69805,293
69805,592
69805,353
69805,5952
69805,1089
69805,356
69805,1676
69805,4878
69805,1729
21875,44191
21875,53996
21875,69844
21875,5816
21875,73017
21875,51662
21875,77561
21875,34405
21875,7153
21875,87232
51165,6539
51165,3793
51165,260
51165,2959
51165,2918
51165,1270
51165,1036
51165,48516
51165,1265
51165,589
84492,4993
84492,593
84492,48516
84492,1089
84492,5952
84492,1198
84492,608
84492,68157
84492,68358
84492,1206
57506,1997
57506,74458
57506,4262
57506,81591
57506,6711
57506,3147
57506,55247
57506,8874
57506,2028
57506,64614
125412,1
125412,1198
125412,44191
125412,2762
125412,318
125412,33794
125412,78499
125412,68358
125412,1291
125412,588
109187,32
109187,593
109187,47
109187,592
109187,2028
109187,1961
109187,480
109187,1923
109187,6874
109187,49272
135743,858
135743,48780
135743,2762
135743,8132
135743,457
135743,60069
135743,1234
135743,5064
135743,589
135743,33660
105257,3793
105257,2692
105257,1961
105257,1089
105257,296
105257,589
105257,2916
105257,6377
105257,1374
105257,48738
26696,318
26696,356
26696,296
26696,4226
26696,4973
26696,7361
26696,2692
26696,593
26696,50
26696,44191
111568,1198
111568,1527
111568,1376
111568,1291
111568,316
111568,150
111568,1580
111568,79132
111568,1270
111568,5952
127494,593
127494,2762
127494,1240
127494,318
127494,1270
127494,4993
127494,296
127494,7153
127494,5952
127494,2115
66763,55290
66763,8966
66763,44191
66763,72720
66763,81932
66763,44199
66763,38061
66763,8970
66763,30749
66763,73023
28594,2762
28594,2858
28594,1258
28594,2329
28594,1089
28594,356
28594,858
28594,1219
28594,1036
28594,1222
9811,2918
9811,593
9811,2571
9811,7147
9811,2324
9811,3897
9811,8784
9811,778
9811,2321
9811,337
68162,356
68162,58559
68162,4226
68162,296
68162,4878
68162,2502
68162,1193
68162,55820
68162,4973
68162,593
68015,318
68015,1193
68015,296
68015,1094
68015,1233
68015,342
68015,923
68015,1203
68015,1221
68015,8228
136382,79132
136382,527
136382,5952
136382,4993
136382,318
136382,4226
136382,2959
136382,593
136382,47
136382,2762
96461,4973
96461,593
96461,2571
96461,3949
96461,2232
96461,778
96461,356
96461,353
96461,2329
96461,1645
79666,56367
79666,46578
79666,1193
79666,8368
79666,47629
79666,4896
79666,60766
79666,92259
79666,30749
79666,48516
47822,527
47822,2028
47822,1210
47822,356
47822,589
47822,6016
47822,1214
47822,2858
47822,1222
47822,1270
72518,63082
72518,58559
72518,4995
72518,2329
72518,2571
72518,47099
72518,6874
72518,44191
72518,2762
72518,2541
55932,296
55932,318
55932,64839
55932,58559
55932,441
55932,63082
55932,68157
55932,1235
55932,2959
55932,8874
804,608
804,1387
804,2571
804,527
804,589
804,50
804,1968
804,99114
804,1732
804,337
29334,5679
29334,6377
29334,1614
29334,33794
29334,6539
29334,8961
29334,7147
29334,5666
29334,364
29334,41285
36372,349
36372,356
36372,377
36372,150
36372,2115
36372,2640
36372,364
36372,480
36372,2628
36372,1682
19560,1225
19560,41997
19560,30812
19560,2858
19560,3386
19560,7160
19560,1193
19560,4973
19560,541
19560,111
12261,4226
12261,2959
12261,29
12261,7361
12261,2019
12261,58559
12261,750
12261,924
12261,3703
12261,60069
18554,1221
18554,7361
18554,608
18554,318
18554,1288
18554,2019
18554,750
18554,1252
18554,6016
18554,1089
72163,593
72163,4226
72163,1214
72163,5291
72163,924
72163,308
72163,48394
72163,1217
72163,6016
72163,48774
20789,4963
20789,2542
20789,4262
20789,2231
20789,2028
20789,608
20789,3578
20789,55820
20789,1270
20789,1206
62626,1193
62626,2959
62626,1206
62626,2324
62626,858
62626,7361
62626,1219
62626,6016
62626,1208
62626,2329
56378,1291
56378,480
56378,2804
56378,1198
56378,318
56378,1968
56378,150
56378,110
56378,2716
56378,81845
96587,68954
96587,71745
96587,66097
96587,54259
96587,69757
96587,7099
96587,46578
96587,48394
96587,50912
96587,74789
89276,54736
89276,52973
89276,53000
89276,55363
89276,54771
89276,56171
89276,58299
89276,51662
89276,53972
89276,51935
136489,1210
136489,4226
136489,7153
136489,5952
136489,592
136489,1222
136489,2115
136489,858
136489,3793
136489,7438
127424,527
127424,3578
127424,64614
127424,4995
127424,4011
127424,48516
127424,2329
127424,1704
127424,50
127424,49530
5706,70
5706,457
5706,3030
5706,353
5706,1748
5706,2657
5706,8874
5706,2710
5706,2804
5706,3740
22236,2019
22236,3462
22236,2959
22236,47
22236,1089
22236,923
22236,541
22236,7438
22236,1251
22236,44555
114293,110
114293,64614
114293,55820
114293,2858
114293,593
114293,81591
114293,48516
114293,63082
114293,3147
114293,81932
75408,1580
75408,2959
75408,1210
75408,1196
75408,44191
75408,3578
75408,6874
75408,32587
75408,858
75408,318
20486,1527
20486,3793
20486,7090
20486,1210
20486,1584
20486,33794
20486,2916
20486,2012
20486,1274
20486,7373
30287,356
30287,1198
30287,1136
30287,318
30287,750
30287,912
30287,4993
30287,6377
30287,5952
30287,1193
49958,69757
49958,2572
49958,2081
49958,6377
49958,80549
49958,50872
49958,91500
49958,8360
49958,56152
49958,56367
118533,1
118533,1080
118533,1079
118533,1270
118533,2716
118533,2918
118533,6807
118533,318
118533,6377
118533,5952
75933,48516
75933,32
75933,55820
75933,858
75933,1258
75933,79132
75933,99114
75933,1732
75933,1080
75933,2997
3365,32
3365,4973
3365,924
3365,318
3365,1208
3365,50
3365,29
3365,1175
3365,7438
3365,6874
108763,1210
108763,2916
108763,1036
108763,1089
108763,99114
108763,31658
108763,34405
108763,2716
108763,76251
108763,3033
111650,68157
111650,33660
111650,45210
111650,99114
111650,46723
111650,34072
111650,40819
111650,8958
111650,47999
111650,91658
66017,32587
66017,2571
66017,356
66017,7361
66017,58559
66017,7438
66017,3949
66017,33794
66017,2329
66017,4973
33359,8961
33359,745
33359,3996
33359,6874
33359,356
33359,5971
33359,7438
33359,5445
33359,2959
33359,4308
70035,2959
70035,3307
70035,7147
70035,2018
70035,56286
70035,527
70035,3310
70035,594
70035,30793
70035,1089
5718,2959
5718,6539
5718,4878
5718,60069
5718,356
5718,4306
5718,5816
5718,8784
5718,88125
5718,4886
7154,5299
7154,1721
7154,2028
7154,1246
7154,1962
7154,2762
7154,919
7154,1291
7154,527
7154,1035
51351,5952
51351,4993
51351,318
51351,68954
51351,260
51351,2028
51351,49272
51351,1036
51351,2716
51351,78499
127713,34072
127713,40278
127713,39292
127713,6879
127713,34437
127713,36517
127713,45028
127713,40583
127713,30749
127713,7698
48876,5418
48876,59315
48876,8636
48876,47610
48876,60069
48876,5989
48876,8970
48876,48780
48876,56788
48876,1957
89260,2571
89260,924
89260,750
89260,1208
89260,1580
89260,1214
89260,589
89260,1240
89260,1199
89260,3114
118163,593
118163,2762
118163,1961
118163,110
118163,3408
118163,3147
118163,4995
118163,920
118163,3418
118163,2028
18473,7090
18473,296
18473,3578
18473,110
18473,4226
18473,47
18473,7143
18473,318
18473,79132
18473,4995
118289,55282
118289,3535
118289,1997
118289,58559
118289,5679
118289,59315
118289,356
118289,6539
118289,480
118289,48780
101791,527
101791,1265
101791,589
101791,2858
101791,1089
101791,150
101791,4022
101791,380
101791,1097
101791,165
120846,48774
120846,2959
120846,296
120846,51662
120846,1089
120846,55118
120846,7022
120846,1090
120846,56174
120846,57528
118102,527
118102,318
118102,2028
118102,1373
118102,1193
118102,589
118102,356
118102,750
118102,1036
118102,48516
35377,7438
35377,32587
35377,2858
35377,2571
35377,2959
35377,4226
35377,7153
35377,4011
35377,593
35377,33166
10762,7153
10762,296
10762,4878
10762,2115
10762,4011
10762,1136
10762,1527
10762,4963
10762,778
10762,608
56753,1270
56753,2716
56753,2571
56753,778
56753,353
56753,44191
56753,2329
56753,3949
56753,33794
56753,318
7406,6711
7406,4973
7406,1222
7406,32
7406,778
7406,1206
7406,110
7406,1732
7406,3578
7406,1221
44511,2176
44511,111
44511,1387
44511,903
44511,1222
44511,1240
44511,2951
44511,2160
44511,858
44511,1080
32555,1580
32555,4993
32555,2028
32555,1198
32555,2539
32555,454
32555,3827
32555,292
32555,1219
32555,4018
32600,364
32600,8641
32600,6218
32600,7293
32600,27808
32600,4979
32600,595
32600,8949
32600,1073
32600,1449
53736,60069
53736,1197
53736,5349
53736,1682
53736,7438
53736,6874
53736,1270
53736,71535
53736,68954
53736,60684
121719,7458
121719,1027
121719,34150
121719,6541
121719,318
121719,44191
121719,47
121719,1676
121719,4886
121719,6934
15808,1580
15808,364
15808,5299
15808,260
15808,1210
15808,6539
15808,3751
15808,8360
15808,357
15808,4447
28396,8961
28396,79132
28396,4896
28396,5952
28396,59315
28396,4993
28396,6377
28396,68358
28396,77561
28396,2571
92348,50
92348,593
92348,1196
92348,7147
92348,1961
92348,2762
92348,44195
92348,1193
92348,1291
92348,4641
31189,4226
31189,6377
31189,3793
31189,4963
31189,480
31189,1961
31189,7438
31189,8798
31189,4995
31189,72998
83008,58559
83008,6539
83008,4306
83008,2571
83008,4246
83008,2858
83008,4018
83008,79132
83008,593
83008,5989
81467,589
81467,54286
81467,4993
81467,68954
81467,597
81467,165
81467,2858
81467,4963
81467,1197
81467,69481
58258,72998
58258,68954
58258,7293
58258,50872
58258,59369
58258,6539
58258,63131
58258,56367
58258,318
58258,69757
105084,7361
105084,33794
105084,1210
105084,356
105084,2502
105084,50872
105084,6377
105084,44191
105084,56367
105084,31658
93570,1208
93570,35836
93570,1032
93570,2706
93570,4713
93570,3421
93570,4191
93570,410
93570,2124
93570,3897
40527,1270
40527,50
40527,32
40527,1196
40527,6539
40527,4306
40527,2716
40527,2028
40527,1617
40527,1
94733,4226
94733,318
94733,4027
94733,1080
94733,356
94733,912
94733,1269
94733,3462
94733,593
94733,60069
65258,49272
65258,6016
65258,2028
65258,1
65258,1193
65258,1203
65258,5995
65258,46578
65258,7361
65258,39183
135793,4993
135793,56367
135793,5816
135793,68954
135793,364
135793,63082
135793,1207
135793,69122
135793,1246
135793,5952
18067,56367
18067,96821
18067,97921
18067,2858
18067,2959
18067,49286
18067,597
18067,2572
18067,5377
18067,8533
85666,1270
85666,8961
85666,4027
85666,3033
85666,3578
85666,110
85666,2355
85666,5103
85666,7438
85666,1580
84796,356
84796,55820
84796,47
84796,541
84796,3949
84796,1193
84796,49530
84796,4973
84796,457
84796,589
17488,59315
17488,50872
17488,46578
17488,33794
17488,34405
17488,68358
17488,39183
17488,88129
17488,38038
17488,40819
117005,60069
117005,593
117005,480
117005,50
117005,1682
117005,48774
117005,6539
117005,6377
117005,1
117005,6016
60288,47
60288,231
60288,5989
60288,110
60288,2959
60288,2028
60288,296
60288,1485
60288,3793
60288,47099
118260,2115
118260,2502
118260,2918
118260,1036
118260,3421
118260,4085
118260,2134
118260,2987
118260,21
118260,4623
114104,1214
114104,5952
114104,541
114104,1199
114104,260
114104,1196
114104,7099
114104,32
114104,33794
114104,68358
60776,2959
60776,231
60776,356
60776,2918
60776,4034
60776,1089
60776,1704
60776,35836
60776,608
60776,5989
118859,4963
118859,7317
118859,8957
118859,2571
118859,6586
118859,6365
118859,7254
118859,4369
118859,30825
118859,36519
131694,32
131694,6539
131694,7438
131694,7361
131694,593
131694,33794
131694,608
131694,5418
131694,1210
131694,1214
128760,4973
128760,910
128760,924
128760,1136
128760,7587
128760,34542
128760,1217
128760,7748
128760,39292
128760,1208
70677,2858
70677,63082
70677,1704
70677,296
70677,2028
70677,5952
70677,92259
70677,68157
70677,60069
70677,68954
24621,7361
24621,1721
24621,318
24621,527
24621,4995
24621,49272
24621,8360
24621,593
24621,4226
24621,6874
118701,6874
118701,8961
118701,7361
118701,4995
118701,7438
118701,30749
118701,48516
118701,4022
118701,527
118701,6365
65487,6016
65487,2858
65487,858
65487,260
65487,608
65487,55820
65487,49272
65487,1221
65487,356
65487,1203
17640,3949
17640,296
17640,1200
17640,6874
17640,1193
17640,1676
17640,2291
17640,1136
17640,48394
17640,33166
5261,356
5261,480
5261,377
5261,1544
5261,586
5261,45447
5261,4310
5261,6539
5261,46723
5261,45722
36038,1206
36038,593
36038,1222
36038,924
36038,1320
36038,1089
36038,7022
36038,541
36038,1274
36038,6874
7518,593
7518,589
7518,1527
7518,110
7518,733
7518,780
7518,778
7518,1704
7518,2916
7518,2542
7939,589
7939,318
7939,6539
7939,3793
7939,5445
7939,4014
7939,454
7939,2467
7939,3578
7939,5418
106441,61132
106441,25999
106441,71535
106441,48774
106441,34405
106441,26306
106441,33437
106441,8516
106441,70286
106441,52435
96405,6539
96405,527
96405,47
96405,296
96405,1270
96405,46578
96405,44191
96405,4995
96405,5445
96405,2692
136521,3948
136521,8376
136521,8961
136521,4816
136521,6863
136521,35836
136521,8528
136521,33166
136521,318
136521,33679
9263,1270
9263,32
9263,1584
9263,4370
9263,6365
9263,593
9263,7827
9263,34319
9263,780
9263,1690
11183,1089
11183,49272
11183,356
11183,778
11183,3000
11183,33794
11183,44195
11183,5989
11183,1732
11183,34405
56786,1721
56786,4993
56786,4226
56786,6874
56786,32587
56786,3578
56786,778
56786,1682
56786,2716
56786,2291
104871,1222
104871,1617
104871,50
104871,8784
104871,4878
104871,2997
104871,6016
104871,6874
104871,3897
104871,7438
27436,318
27436,3578
27436,1527
27436,110
27436,2959
27436,587
27436,3147
27436,648
27436,4306
27436,2011
52603,33794
52603,81591
52603,2762
52603,1214
52603,32
52603,1210
52603,1222
52603,1206
52603,7099
52603,74458
4316,33794
4316,1270
4316,2959
4316,5418
4316,480
4316,6539
4316,6365
4316,3578
4316,589
4316,780
122100,4085
122100,589
122100,2115
122100,59315
122100,6537
122100,58559
122100,3793
122100,1371
122100,68358
122100,3698
125162,1721
125162,356
125162,1784
125162,6565
125162,1704
125162,5989
125162,62
125162,1101
125162,4022
125162,1302
127747,1580
127747,480
127747,296
127747,2762
127747,2959
127747,2
127747,79132
127747,1682
127747,318
127747,595
14045,40629
14045,79132
14045,78499
14045,1907
14045,4016
14045,6942
14045,1035
14045,73017
14045,588
14045,8360
49856,44191
49856,2762
49856,2959
49856,8665
49856,54286
49856,5418
49856,49272
49856,4226
49856,4973
49856,8984
57441,296
57441,2959
57441,541
57441,2542
57441,2997
57441,778
57441,2692
57441,4973
57441,4027
57441,2858
69628,48394
69628,60684
69628,8636
69628,34405
69628,3793
69628,6333
69628,66097
69628,8874
69628,50872
69628,7099
104370,71535
104370,79702
104370,551
104370,33794
104370,4886
104370,6333
104370,48394
104370,66097
104370,31658
104370,89745
58271,58559
58271,2329
58271,32587
58271,7438
58271,32
58271,16
58271,4973
58271,912
58271,6870
58271,1884
108595,527
108595,2959
108595,296
108595,68157
108595,89864
108595,858
108595,54503
108595,97921
108595,69122
108595,95441
79318,4226
79318,4878
79318,4979
79318,55247
79318,46578
79318,593
79318,296
79318,2571
79318,8784
79318,96821
25380,48394
25380,1197
25380,4878
25380,70286
25380,34405
25380,260
25380,1136
25380,296
25380,72226
25380,50872
52150,2058
52150,1552
52150,6378
52150,457
52150,185
52150,1370
52150,11
52150,2268
52150,10
52150,356
134129,1225
134129,1617
134129,1265
134129,150
134129,1291
134129,1262
134129,1220
134129,1961
134129,1193
134129,6787
26311,5989
26311,3948
26311,318
26311,7445
26311,1517
26311,3275
26311,593
26311,5502
26311,6373
26311,5630
19323,260
19323,150
19323,2571
19323,6377
19323,4973
19323,7153
19323,3996
19323,1
19323,4963
19323,1265
28115,1527
28115,1214
28115,2858
28115,356
28115,2762
28115,296
28115,2028
28115,6333
28115,3793
28115,5445
23613,97304
23613,98154
23613,81845
23613,54286
23613,5299
23613,349
23613,898
23613,4007
23613,3471
23613,53894
110247,1291
110247,7153
110247,527
110247,4306
110247,6377
110247,4973
110247,1196
110247,1527
110247,588
110247,296
51810,1247
51810,150
51810,68954
51810,1234
51810,858
51810,1193
51810,63082
51810,81845
51810,2571
51810,3654
63388,1221
63388,1208
63388,1212
63388,5147
63388,1206
63388,1251
63388,1252
63388,3030
63388,908
63388,6987
134291,59315
134291,6303
134291,6979
134291,33794
134291,30816
134291,30812
134291,6787
134291,8966
134291,27002
134291,4855
118969,4306
118969,480
118969,2918
118969,318
118969,5349
118969,6539
118969,1
118969,296
118969,6874
118969,8784
27991,7438
27991,32
27991,593
27991,2194
27991,1961
27991,1210
27991,293
27991,49272
27991,4027
27991,6539
36965,3949
36965,46578
36965,2858
36965,79357
36965,5445
36965,58559
36965,81591
36965,1653
36965,48774
36965,7254
63042,1210
63042,296
63042,541
63042,356
63042,260
63042,1527
63042,2959
63042,924
63042,1206
63042,1222
18390,48394
18390,53972
18390,480
18390,51662
18390,2028
18390,1073
18390,27706
18390,19
18390,2018
18390,40278
84036,1198
84036,44199
84036,2916
84036,2424
84036,318
84036,231
84036,2470
84036,7163
84036,30825
84036,40815
137118,7361
137118,2329
137118,44555
137118,589
137118,1233
137118,306
137118,2115
137118,70
137118,3252
137118,307
40344,111
40344,3949
40344,2012
40344,58559
40344,30707
40344,592
40344,1198
40344,3147
40344,1961
40344,4963
2269,1207
2269,60487
2269,3504
2269,3462
2269,1333
2269,58559
2269,2186
2269,47629
2269,55820
2269,8507
52264,2571
52264,3147
52264,6016
52264,1183
52264,597
52264,357
52264,6711
52264,1193
52264,4306
52264,7323
124547,81564
124547,4306
124547,81845
124547,1689
124547,8644
124547,3175
124547,1234
124547,7
124547,500
124547,110
76992,4144
76992,5618
76992,5690
76992,3996
76992,8983
76992,6016
76992,7022
76992,4973
76992,33794
76992,7981
24922,1356
24922,480
24922,3959
24922,3984
24922,1017
24922,2662
24922,2716
24922,8596
24922,1136
24922,2628
63795,38038
63795,2671
63795,4973
63795,44555
63795,4014
63795,5995
63795,30707
63795,5299
63795,39183
63795,282
46307,33794
46307,318
46307,7361
46307,2762
46307,4979
46307,6539
46307,31878
46307,5989
46307,1
46307,3949
46656,296
46656,2997
46656,1208
46656,858
46656,1245
46656,6440
46656,55820
46656,1193
46656,593
46656,5902
79713,47610
79713,91500
79713,33166
79713,81845
79713,33660
79713,52722
79713,36517
79713,96079
79713,89492
79713,46578
37896,2294
37896,1032
37896,1225
37896,2011
37896,588
37896,1367
37896,924
37896,2797
37896,6658
37896,2018
48535,541
48535,2028
48535,1089
48535,1213
48535,2959
48535,2571
48535,33794
48535,4011
48535,54286
48535,110
64408,47
64408,1258
64408,231
64408,1206
64408,344
64408,2571
64408,593
64408,2409
64408,4226
64408,318
108667,5418
108667,33794
108667,103249
108667,51935
108667,108190
108667,91529
108667,5152
108667,8798
108667,4011
108667,6502
21050,56174
21050,1215
21050,1375
21050,27611
21050,541
21050,34405
21050,27660
21050,2167
21050,2288
21050,53996
136475,858
136475,47
136475,2959
136475,589
136475,1213
136475,7153
136475,4993
136475,1090
136475,4878
136475,1291
30532,48696
30532,48780
30532,37741
30532,8961
30532,920
30532,49961
30532,49274
30532,40815
30532,39292
30532,904
51367,46578
51367,539
51367,4993
51367,7153
51367,56367
51367,2324
51367,4306
51367,46976
51367,1246
51367,4014
110148,95167
110148,30793
110148,81847
110148,60069
110148,364
110148,5971
110148,97913
110148,72737
110148,65261
110148,78637
15223,4896
15223,33794
15223,59315
15223,68954
15223,2571
15223,551
15223,2115
15223,2716
15223,73017
15223,1073
109902,4973
109902,1554
109902,1219
109902,3067
109902,2858
109902,1193
109902,1258
109902,111
109902,3160
109902,27416
76944,1258
76944,1198
76944,50
76944,2997
76944,2959
76944,2858
76944,3578
76944,8949
76944,5902
76944,1222
68347,2959
68347,2918
68347,1923
68347,1517
68347,6863
68347,4963
68347,3948
68347,1136
68347,223
68347,4027
136930,47
136930,3578
136930,2918
136930,27660
136930,6365
136930,592
136930,1275
136930,50
136930,7147
136930,2700
49472,6539
49472,73017
49472,1036
49472,102125
49472,8961
49472,91529
49472,87232
49472,260
49472,1196
49472,49272
114607,1201
114607,2019
114607,1213
114607,1221
114607,1208
114607,1207
114607,1198
114607,58559
114607,593
114607,1262
73757,3081
73757,2657
73757,2797
73757,3052
73757,1580
73757,8784
73757,1197
73757,1967
73757,1265
73757,2145
129050,31658
129050,3000
129050,6016
129050,1210
129050,924
129050,750
129050,26776
129050,2571
129050,27773
129050,1198
51370,4993
51370,2571
51370,1210
51370,260
51370,1196
51370,5349
51370,1240
51370,4306
51370,3793
51370,589
114013,593
114013,2502
114013,2571
114013,1210
114013,2329
114013,1259
114013,58559
114013,293
114013,56367
114013,1136
93230,2571
93230,1198
93230,480
93230,588
93230,736
93230,2762
93230,377
93230,1721
93230,1917
93230,1270
102876,4306
102876,3147
102876,1196
102876,593
102876,1200
102876,32587
102876,5989
102876,527
102876,1089
102876,1036
74475,260
74475,1196
74475,1210
74475,3000
74475,1274
74475,5952
74475,4993
74475,7153
74475,2571
74475,1527
51161,41566
51161,34405
51161,30793
51161,50872
51161,8961
51161,33679
51161,44191
51161,6218
51161,2125
51161,58559
106049,68954
106049,58559
106049,78499
106049,79132
106049,1
106049,2572
106049,296
106049,4886
106049,1441
106049,71535
1094,4993
1094,5952
1094,33794
1094,4776
1094,51662
1094,72998
1094,4963
1094,32587
1094,2571
1094,6333
49091,1089
49091,7361
49091,1136
49091,2571
49091,2329
49091,1258
49091,1214
49091,7022
49091,8874
49091,3000
132544,150
132544,1291
132544,4226
132544,6874
132544,2762
132544,356
132544,318
132544,7438
132544,2329
132544,6539
17043,2959
17043,1089
17043,1732
17043,4553
17043,1252
17043,47
17043,1178
17043,1196
17043,260
17043,3681
117415,7099
117415,2858
117415,6377
117415,60069
117415,4973
117415,2324
117415,1721
117415,1035
117415,1172
117415,6711
51193,750
51193,50
51193,318
51193,4878
51193,111
51193,1258
51193,527
51193,47
51193,6711
51193,541
7056,2997
7056,4993
7056,47
7056,296
7056,1333
7056,6711
7056,1206
7056,1136
7056,1080
7056,4720
99073,508
99073,1094
99073,4809
99073,356
99073,1
99073,3408
99073,4703
99073,1584
99073,4508
99073,1674
59852,8914
59852,6708
59852,30898
59852,6867
59852,6552
59852,31878
59852,68358
59852,55276
59852,44694
59852,44761
102927,595
102927,588
102927,527
102927,1210
102927,150
102927,2918
102927,953
102927,4973
102927,8970
102927,1203
7386,1270
7386,593
7386,1197
7386,500
7386,318
7386,47
7386,1210
7386,260
7386,33794
7386,7361
80949,1258
80949,1527
80949,1729
80949,2997
80949,1209
80949,7323
80949,1391
80949,2115
80949,111
80949,163
131769,924
131769,3535
131769,51662
131769,6502
131769,1690
131769,54190
131769,5049
131769,55282
131769,1321
131769,4370
130826,6539
130826,588
130826,53972
130826,648
130826,84152
130826,457
130826,7360
130826,45722
130826,60684
130826,57368
5749,4022
5749,750
5749,923
5749,48516
5749,4262
5749,6016
5749,1097
5749,6
5749,44191
5749,6539
21605,919
21605,260
21605,1210
21605,4014
21605,1907
21605,1721
21605,594
21605,2396
21605,1196
21605,1380
92773,593
92773,4226
92773,2712
92773,7254
92773,356
92773,2025
92773,81591
92773,3949
92773,4848
92773,92259
86550,317
86550,40629
86550,110
86550,150
86550,1270
86550,3097
86550,53125
86550,6942
86550,954
86550,45720
22595,4995
22595,1036
22595,1240
22595,356
22595,296
22595,3421
22595,3147
22595,1214
22595,589
22595,1265
94142,593
94142,2762
94142,47
94142,6377
94142,2329
94142,1206
94142,3949
94142,778
94142,1258
94142,1172
6738,356
6738,4963
6738,318
6738,72998
6738,58559
6738,8961
6738,7361
6738,1704
6738,1682
6738,33794
9056,1704
9056,2329
9056,4011
9056,2959
9056,4262
9056,2762
9056,2502
9056,1222
9056,858
9056,1198
55293,70
55293,1527
55293,4027
55293,3751
55293,1645
55293,8961
55293,1079
55293,3481
55293,2628
55293,3994
90832,32
90832,4011
90832,589
90832,110
90832,32587
90832,5903
90832,44191
90832,1240
90832,8983
90832,5445
64254,1136
64254,1258
64254,2959
64254,1089
64254,1270
64254,111
64254,4973
64254,858
64254,1
64254,5995
28304,364
28304,3147
28304,7147
28304,1196
28304,480
28304,6377
28304,5502
28304,7458
28304,260
28304,2167
125756,1222
125756,6016
125756,2858
125756,3949
125756,296
125756,1208
125756,924
125756,858
125756,79132
125756,7361
106624,858
106624,593
106624,4011
106624,4226
106624,97304
106624,8665
106624,1610
106624,8644
106624,50872
106624,1
18183,589
18183,49272
18183,8636
18183,53996
18183,165
18183,6874
18183,7143
18183,1917
18183,356
18183,733
22356,1210
22356,260
22356,1196
22356,356
22356,318
22356,4993
22356,2571
22356,1136
22356,6350
22356,4973
21280,356
21280,4878
21280,6711
21280,41285
21280,7438
21280,6874
21280,50
21280,79132
21280,55820
21280,88129
4392,318
4392,296
4392,589
4392,1407
4392,1682
4392,780
4392,8636
4392,1136
4392,110
4392,1240
21757,4011
21757,2918
21757,1222
21757,51662
21757,52973
21757,3253
21757,35836
21757,3897
21757,32587
21757,58998
49892,1089
49892,4878
49892,318
49892,6016
49892,48394
49892,2329
49892,293
49892,48780
49892,48516
49892,1219
56476,2959
56476,7361
56476,5618
56476,78499
56476,1196
56476,260
56476,60069
56476,356
56476,69757
56476,919
120138,4963
120138,70286
120138,44191
120138,4973
120138,79132
120138,2329
120138,32587
120138,6874
120138,4011
120138,527
46232,4963
46232,1704
46232,2918
46232,2858
46232,4262
46232,5418
46232,1208
46232,1210
46232,293
46232,4007
127114,33660
127114,55276
127114,64620
127114,30707
127114,37741
127114,72011
127114,63876
127114,40583
127114,8951
127114,47629
95323,79132
95323,88744
95323,74458
95323,97938
95323,91658
95323,68954
95323,89864
95323,90866
95323,68157
95323,59784
83655,608
83655,908
83655,7361
83655,1136
83655,1193
83655,912
83655,923
83655,1219
83655,858
83655,2959
21329,858
21329,7013
21329,3089
21329,2019
21329,3022
21329,5147
21329,8477
21329,1228
21329,1288
21329,8228
68087,4896
68087,4306
68087,1270
68087,6539
68087,595
68087,356
68087,364
68087,318
68087,919
68087,3114
126679,4878
126679,7022
126679,4973
126679,551
126679,6874
126679,2571
126679,3081
126679,541
126679,3996
126679,6242
72037,919
72037,588
72037,2502
72037,2683
72037,6539
72037,2918
72037,1682
72037,8464
72037,4027
72037,4979
98372,2424
98372,2959
98372,44195
98372,4027
98372,1246
98372,92259
98372,4018
98372,4979
98372,2677
98372,7352
106030,5952
106030,7153
106030,2959
106030,1704
106030,4973
106030,2762
106030,318
106030,593
106030,6377
106030,8961
7568,4226
7568,1203
7568,1214
7568,1210
7568,47
7568,110
7568,1197
7568,32
7568,356
7568,2028
133823,79132
133823,2571
133823,60069
133823,31658
133823,3578
133823,58559
133823,81847
133823,2959
133823,5618
133823,260
6600,4878
6600,858
6600,1213
6600,2329
6600,1219
6600,2858
6600,27773
6600,750
6600,1208
6600,48394
34807,1732
34807,2502
34807,30707
34807,3897
34807,6711
34807,1617
34807,2716
34807,4027
34807,1968
34807,3104
132915,48516
132915,318
132915,57669
132915,79132
132915,608
132915,56782
132915,8910
132915,47
132915,1206
132915,72011
19602,1219
19602,3546
19602,3507
19602,1104
19602,3543
19602,1084
19602,235
19602,903
19602,948
19602,2132
65913,32
65913,1201
65913,356
65913,32587
65913,82459
65913,68237
65913,1884
65913,33794
65913,4027
65913,527
508,7153
508,3996
508,4993
508,2329
508,1252
508,1961
508,293
508,6711
508,1097
508,1240
130149,4993
130149,5952
130149,7153
130149,1196
130149,48394
130149,500
130149,35836
130149,60487
130149,1097
130149,56757
24931,1732
24931,1265
24931,260
24931,47
24931,2959
24931,2762
24931,457
24931,3481
24931,592
24931,1961
107226,3450
107226,1246
107226,4018
107226,5989
107226,5218
107226,593
107226,1784
107226,6539
107226,1923
107226,1097
127490,4993
127490,4306
127490,5971
127490,68954
127490,1073
127490,76093
127490,1035
127490,2
127490,60069
127490,2762
75618,102445
75618,5971
75618,8376
75618,8798
75618,37733
75618,97921
75618,40583
75618,98809
75618,91630
75618,55276
49850,1291
49850,2716
49850,1198
49850,589
49850,4979
49850,1968
49850,3949
49850,1097
49850,3578
49850,590
110048,44191
110048,34405
110048,56174
110048,51255
110048,40732
110048,51935
110048,49272
110048,54286
110048,3275
110048,50794
81405,1197
81405,1193
81405,7361
81405,47
81405,260
81405,2959
81405,296
81405,3949
81405,541
81405,1198
94650,1270
94650,54001
94650,38038
94650,3578
94650,1214
94650,318
94650,1291
94650,3751
94650,58105
94650,48982
3108,593
3108,6874
3108,5618
3108,4993
3108,2019
3108,296
3108,4226
3108,912
3108,356
3108,1200
62641,1682
62641,48394
62641,293
62641,2762
62641,1265
62641,3253
62641,318
62641,32587
62641,2542
62641,4571
22818,457
22818,3471
22818,1968
22818,2858
22818,1265
22818,1307
22818,2871
22818,2028
22818,1288
22818,953
80748,2762
80748,16
80748,356
80748,4239
80748,104
80748,3253
80748,2890
80748,527
80748,5481
80748,4993
22926,4226
22926,2762
22926,3253
22926,2706
22926,1
22926,2959
22926,4963
22926,1527
22926,1101
22926,733
6041,1088
6041,1035
6041,4014
6041,261
6041,339
6041,7155
6041,4447
6041,51084
6041,2396
6041,7669
56340,527
56340,47
56340,110
56340,5952
56340,4226
56340,1214
56340,480
56340,6539
56340,165
56340,592
37192,2291
37192,588
37192,551
37192,1500
37192,5445
37192,2959
37192,4016
37192,1682
37192,8910
37192,5666
29378,88129
29378,27773
29378,58559
29378,1265
29378,68157
29378,1196
29378,5952
29378,2762
29378,4993
29378,2997
61022,593
61022,1
61022,912
61022,64614
61022,1293
61022,4306
61022,1641
61022,1198
61022,296
61022,1207
111149,4085
111149,35836
111149,33679
111149,2797
111149,4963
111149,2502
111149,6979
111149,380
111149,8972
111149,2959
83742,47
83742,150
83742,318
83742,858
83742,2174
83742,733
83742,2115
83742,1258
83742,1552
83742,1220
112845,1200
112845,1240
112845,2762
112845,318
112845,110
112845,49272
112845,33493
112845,1262
112845,2194
112845,5989
31057,55820
31057,1213
31057,54286
31057,4776
31057,593
31057,7153
31057,1089
31057,32
31057,7438
31057,64614
103912,3578
103912,1196
103912,5618
103912,6377
103912,2762
103912,4886
103912,32
103912,1240
103912,4226
103912,50
119884,527
119884,457
119884,47
119884,48516
119884,1036
119884,3578
119884,1240
119884,1222
119884,55765
119884,5418
86111,480
86111,780
86111,2571
86111,1580
86111,3578
86111,589
86111,1240
86111,260
86111,541
86111,1210
24235,356
24235,1148
24235,296
24235,4963
24235,2355
24235,8961
24235,588
24235,1682
24235,2762
24235,318
26220,70286
26220,72998
26220,1210
26220,260
26220,1196
26220,89745
26220,50872
26220,8961
26220,48394
26220,6711
47061,2762
47061,6377
47061,4963
47061,8636
47061,4993
47061,33493
47061,500
47061,1682
47061,2683
47061,2012
88529,73017
88529,59315
88529,3275
88529,77561
88529,85414
88529,86332
88529,70286
88529,318
88529,48780
88529,81932
72085,50
72085,1206
72085,296
72085,527
72085,47
72085,778
72085,2997
72085,58559
72085,2916
72085,337
133217,1721
133217,51662
133217,1527
133217,527
133217,6539
133217,318
133217,6377
133217,5445
133217,7143
133217,76093
7196,2959
7196,2858
7196,296
7196,356
7196,6016
7196,593
7196,47
7196,608
7196,260
7196,4973
110053,56367
110053,41285
110053,46578
110053,54001
110053,44555
110053,33794
110053,48394
110053,47610
110053,50872
110053,45720
91688,52281
91688,2959
91688,260
91688,1196
91688,44191
91688,1210
91688,1215
91688,318
91688,6539
91688,110
21264,2571
21264,29
21264,318
21264,5952
21264,7153
21264,1136
21264,33794
21264,5618
21264,1215
21264,3000
97112,48516
97112,1212
97112,6874
97112,1227
97112,7371
97112,1203
97112,7234
97112,6016
97112,57669
97112,3328
108009,39183
108009,62293
108009,4973
108009,8970
108009,64622
108009,2396
108009,356
108009,40819
108009,3186
108009,47610
92580,2571
92580,4886
92580,68954
92580,7153
92580,1136
92580,356
92580,58559
92580,912
92580,78499
92580,4306
41366,47
41366,593
41366,296
41366,318
41366,68157
41366,33794
41366,3578
41366,68954
41366,48780
41366,6874
65462,1033
65462,79132
65462,1029
65462,59784
65462,3114
65462,1210
65462,4016
65462,1198
65462,45722
65462,8360
96590,2571
96590,1222
96590,58559
96590,4993
96590,7153
96590,2028
96590,51255
96590,2329
96590,33794
96590,541
93341,8636
93341,2028
93341,4306
93341,4993
93341,1210
93341,3793
93341,3147
93341,4963
93341,5816
93341,3421
60043,1198
60043,480
60043,780
60043,32
60043,5952
60043,1265
60043,4993
60043,2706
60043,231
60043,1240
51303,457
51303,527
51303,1196
51303,608
51303,1265
51303,4226
51303,1291
51303,54286
51303,7361
51303,1784
66949,6350
66949,6539
66949,1210
66949,2987
66949,66934
66949,48394
66949,4016
66949,5444
66949,72226
66949,27731
54825,1089
54825,3147
54825,593
54825,5995
54825,1263
54825,33166
54825,2762
54825,55820
54825,4995
54825,4262
39901,1580
39901,5445
39901,2329
39901,4306
39901,7153
39901,367
39901,318
39901,3147
39901,1625
39901,6539
11924,38886
11924,1639
11924,2599
11924,562
11924,54272
11924,37741
11924,48774
11924,8961
11924,1810
11924,7139
26575,8961
26575,1197
26575,1269
26575,6377
26575,1198
26575,912
26575,908
26575,953
26575,914
26575,3071
127389,2762
127389,1721
127389,33794
127389,6942
127389,4306
127389,5989
127389,73017
127389,69757
127389,45720
127389,69951
57921,54286
57921,80463
57921,8949
57921,60069
57921,49272
57921,4306
57921,44195
57921,58559
57921,72011
57921,3996
78945,5418
78945,79132
78945,54286
78945,111759
78945,318
78945,112556
78945,96079
78945,106782
78945,105504
78945,59369
22411,34072
22411,5349
22411,45722
22411,6863
22411,4896
22411,30812
22411,30707
22411,26084
22411,4993
22411,25777
90488,30793
90488,40815
90488,8961
90488,32587
90488,858
90488,41569
90488,33679
90488,1221
90488,7438
90488,8983
83077,527
83077,296
83077,2085
83077,1193
83077,48394
83077,1197
83077,778
83077,318
83077,1203
83077,608
37807,4226
37807,2959
37807,3000
37807,296
37807,4973
37807,48774
37807,34405
37807,1653
37807,2997
37807,7438
111827,54997
111827,7147
111827,44665
111827,97913
111827,69122
111827,6874
111827,2028
111827,2716
111827,45728
111827,47640
138191,1136
138191,260
138191,1196
138191,1291
138191,1073
138191,1210
138191,1028
138191,4306
138191,541
138191,2968
88487,4306
88487,5952
88487,1196
88487,2762
88487,2858
88487,356
88487,110
88487,4995
88487,1198
88487,6539
133963,1197
133963,79132
133963,76093
133963,1
133963,59315
133963,58559
133963,60069
133963,2183
133963,4306
133963,912
70459,68157
70459,318
70459,593
70459,2571
70459,541
70459,48394
70459,1193
70459,4878
70459,1258
70459,47
70350,4623
70350,353
70350,1378
70350,3793
70350,223
70350,4489
70350,4085
70350,1968
70350,32587
70350,3052
15949,1196
15949,44195
15949,33794
15949,3000
15949,6016
15949,7361
15949,5445
15949,7438
15949,1198
15949,45950
79927,7153
79927,1221
79927,296
79927,2997
79927,71535
79927,1527
79927,318
79927,68157
79927,2174
79927,1387
81639,4306
81639,318
81639,2762
81639,593
81639,47
81639,58559
81639,3949
81639,4973
81639,50
81639,110
95829,59315
95829,33794
95829,51662
95829,58559
95829,1136
95829,356
95829,2329
95829,51255
95829,1198
95829,32587
129660,480
129660,593
129660,3578
129660,4993
129660,589
129660,2762
129660,1527
129660,296
129660,318
129660,1246
97117,59315
97117,2571
97117,2959
97117,1198
97117,1196
97117,593
97117,2028
97117,1270
97117,47
97117,48516
43296,6711
43296,3481
43296,5902
43296,8950
43296,45
43296,1094
43296,288
43296,33166
43296,33794
43296,32587
107795,1193
107795,1961
107795,858
107795,63082
107795,2762
107795,47629
107795,48738
107795,64614
107795,3386
107795,39183
38003,1356
38003,1196
38003,4993
38003,7153
38003,5816
38003,2628
38003,5378
38003,1136
38003,3996
38003,6539
69389,913
69389,898
69389,527
69389,858
69389,4226
69389,1193
69389,1269
69389,928
69389,30749
69389,6787
91274,47
91274,593
91274,2858
91274,296
91274,2329
91274,1527
91274,1921
91274,1200
91274,589
91274,1193
87267,73017
87267,5349
87267,68157
87267,3994
87267,79702
87267,7153
87267,6373
87267,80463
87267,4878
87267,2706
72226,4963
72226,1089
72226,608
72226,2762
72226,5349
72226,1732
72226,1617
72226,1580
72226,858
72226,1653
79581,74458
79581,5418
79581,5445
79581,1136
79581,2762
79581,50
79581,33794
79581,4995
79581,60069
79581,527
90565,54286
90565,71535
90565,32587
90565,6016
90565,5903
90565,51255
90565,69122
90565,57669
90565,48394
90565,858
68205,8644
68205,4963
68205,1527
68205,480
68205,110
68205,3949
68205,2028
68205,5445
68205,733
68205,70286
126008,1610
126008,4886
126008,63082
126008,318
126008,1704
126008,1270
126008,50
126008,1784
126008,89492
126008,296
44771,3910
44771,6953
44771,1244
44771,33166
44771,778
44771,296
44771,8645
44771,39183
44771,1206
44771,4848
46553,7444
46553,2572
46553,2018
46553,551
46553,2291
46553,1367
46553,35836
46553,2080
46553,2123
46553,37729
16193,33794
16193,73017
16193,8644
16193,7143
16193,589
16193,61248
16193,5445
16193,1917
16193,34048
16193,60674
113575,47
113575,50
113575,593
113575,4226
113575,296
113575,48780
113575,260
113575,2329
113575,6016
113575,110
93390,32
93390,858
93390,2329
93390,1089
93390,4226
93390,2959
93390,589
93390,2858
93390,1198
93390,1196
19508,4993
19508,7153
19508,3793
19508,780
19508,2571
19508,110
19508,8961
19508,6539
19508,1270
19508,2858
101977,356
101977,4993
101977,2571
101977,2959
101977,74458
101977,296
101977,6377
101977,47
101977,4963
101977,47610
40280,2997
40280,593
40280,55442
40280,2959
40280,608
40280,2571
40280,318
40280,5618
40280,1222
40280,1089
65340,1527
65340,110
65340,54286
65340,1198
65340,318
65340,5903
65340,48780
65340,48774
65340,3996
65340,1291
102889,7153
102889,110
102889,527
102889,1198
102889,58559
102889,50
102889,33794
102889,480
102889,1704
102889,60069
137965,78499
137965,68358
137965,79132
137965,6502
137965,48394
137965,1206
137965,68954
137965,1136
137965,33794
137965,2291
48134,87232
48134,69122
48134,59784
48134,76251
48134,356
48134,1196
48134,4886
48134,54259
48134,1653
48134,48780
68217,356
68217,2028
68217,527
68217,110
68217,296
68217,7153
68217,30707
68217,1198
68217,2944
68217,1208
108238,1961
108238,1569
108238,1721
108238,1092
108238,357
108238,508
108238,2424
108238,539
108238,1307
108238,356
51417,1704
51417,2329
51417,3147
51417,356
51417,1923
51417,527
51417,47
51417,4226
51417,3418
51417,5995
70783,8360
70783,8636
70783,6539
70783,318
70783,47
70783,1527
70783,2918
70783,10
70783,3147
70783,1101
79497,63113
79497,47610
79497,53953
79497,53000
79497,34405
79497,31696
79497,56174
79497,48774
79497,102125
79497,48394
21330,59315
21330,2959
21330,84152
21330,77561
21330,589
21330,70286
21330,53972
21330,8665
21330,68358
21330,2167
45466,32
45466,4011
45466,1884
45466,5445
45466,1921
45466,293
45466,7022
45466,2076
45466,111
45466,6016
74105,32
74105,1136
74105,6502
74105,4995
74105,70286
74105,64614
74105,1270
74105,1080
74105,31658
74105,33794
95631,1097
95631,1223
95631,1
95631,7153
95631,1198
95631,318
95631,110
95631,150
95631,1197
95631,364
49164,608
49164,79132
49164,2959
49164,318
49164,68954
49164,1208
49164,4886
49164,1206
49164,4226
49164,1201
122044,68358
122044,79132
122044,68237
122044,48774
122044,97913
122044,91529
122044,54286
122044,7827
122044,91500
122044,111759
5438,3578
5438,589
5438,4226
5438,2959
5438,1196
5438,4306
5438,2028
5438,2329
5438,1291
5438,1080
45666,6016
45666,41997
45666,8950
45666,48394
45666,48774
45666,4022
45666,70286
45666,5995
45666,7090
45666,8798
68441,150
68441,4963
68441,2324
68441,2716
68441,1097
68441,5349
68441,1485
68441,1721
68441,110
68441,5299
71884,296
71884,4226
71884,2858
71884,356
71884,2502
71884,2762
71884,54503
71884,35836
71884,48780
71884,4011
25379,8961
25379,59315
25379,58559
25379,6539
25379,2571
25379,33794
25379,72998
25379,79132
25379,56367
25379,73017
103113,4878
103113,52973
103113,2858
103113,3949
103113,2959
103113,8957
103113,51255
103113,7361
103113,594
103113,35836
9815,1625
9815,6774
9815,3499
9815,1464
9815,3476
9815,1215
9815,1241
9815,2600
9815,3186
9815,6063
130283,7361
130283,4973
130283,593
130283,1198
130283,1196
130283,260
130283,318
130283,5618
130283,296
130283,527
11232,8641
11232,8961
11232,4306
11232,4886
11232,5956
11232,34162
11232,8361
11232,8528
11232,5459
11232,8360
33135,2329
33135,50
33135,4878
33135,35836
33135,63082
33135,4995
33135,3897
33135,4306
33135,1923
33135,1246
20261,1682
20261,1580
20261,2918
20261,1247
20261,7153
20261,4993
20261,6377
20261,593
20261,4973
20261,5952
130644,2683
130644,1580
130644,6539
130644,410
130644,5349
130644,3033
130644,597
130644,780
130644,2987
130644,586
114779,50
114779,79132
114779,70286
114779,7361
114779,68157
114779,318
114779,1208
114779,64839
114779,6502
114779,1193
135181,910
135181,3629
135181,1196
135181,1256
135181,3462
135181,7132
135181,3435
135181,899
135181,953
135181,2176
78973,356
78973,4963
78973,58559
78973,49272
78973,8528
78973,91529
78973,733
78973,110
78973,457
78973,6539
77253,2858
77253,1732
77253,2959
77253,7361
77253,223
77253,3949
77253,2502
77253,235
77253,4105
77253,6874
48848,2571
48848,60684
48848,79132
48848,68791
48848,77561
48848,67197
48848,4370
48848,4226
48848,3300
48848,33493
4781,919
4781,6377
4781,58559
4781,1080
4781,44191
4781,4027
4781,33794
4781,1291
4781,2571
4781,69122
23842,1206
23842,2959
23842,741
23842,4973
23842,5618
23842,356
23842,551
23842,7153
23842,32
23842,5952
21215,8665
21215,6365
21215,3578
21215,7143
21215,593
21215,3033
21215,2502
21215,2028
21215,5445
21215,6378
130654,1265
130654,750
130654,1080
130654,4226
130654,912
130654,923
130654,1307
130654,111
130654,908
130654,541
46890,6539
46890,1610
46890,2329
46890,480
46890,2762
46890,457
46890,1213
46890,32
46890,33794
46890,4011
18877,2406
18877,1225
18877,8961
18877,2918
18877,377
18877,2268
18877,1358
18877,4246
18877,474
18877,6863
83234,70286
83234,47
83234,1089
83234,50
83234,7361
83234,296
83234,48780
83234,2329
83234,1193
83234,356
66080,593
66080,1210
66080,3793
66080,1527
66080,1732
66080,2916
66080,1676
66080,543
66080,1198
66080,223
126402,296
126402,2959
126402,6016
126402,3996
126402,5225
126402,293
126402,2692
126402,7090
126402,5995
126402,8784
83549,2762
83549,2858
83549,356
83549,587
83549,912
83549,339
83549,2959
83549,593
83549,318
83549,527
114161,4886
114161,8961
114161,4367
114161,6373
114161,6365
114161,34048
114161,1917
114161,5952
114161,7153
114161,33493
54453,7438
54453,1625
54453,1704
54453,1961
54453,1193
54453,3006
54453,25
54453,3081
54453,555
54453,4720
118005,527
118005,78499
118005,55247
118005,1259
118005,356
118005,1961
118005,48516
118005,58559
118005,91529
118005,1968
61013,539
61013,1721
61013,590
61013,3418
61013,1682
61013,3147
61013,1225
61013,1584
61013,5989
61013,500
17074,480
17074,32
17074,260
17074,2762
17074,1527
17074,1
17074,4011
17074,1136
17074,1198
17074,1682
41786,318
41786,6016
41786,2329
41786,223
41786,2918
41786,3897
41786,51255
41786,912
41786,919
41786,6711
39852,3793
39852,47
39852,2959
39852,2762
39852,590
39852,32
39852,1
39852,150
39852,1240
39852,2858
37882,1210
37882,318
37882,2571
37882,1196
37882,1291
37882,593
37882,1197
37882,50
37882,110
37882,3793
133486,4886
133486,50872
133486,5989
133486,4963
133486,1
133486,8528
133486,1198
133486,51255
133486,34162
133486,4299
98713,1265
98713,50
98713,7438
98713,48516
98713,56367
98713,4027
98713,55820
98713,5989
98713,54503
98713,1961
98880,2329
98880,356
98880,2028
98880,4011
98880,6539
98880,68157
98880,48516
98880,1193
98880,70286
98880,99114
13077,1
13077,33615
13077,48
13077,5218
13077,1721
13077,4306
13077,2671
13077,1380
13077,50872
13077,8360
29768,4993
29768,480
29768,6539
29768,48516
29768,51662
29768,5952
29768,7153
29768,104
29768,33794
29768,60756
44238,7153
44238,6539
44238,30793
44238,4963
44238,3186
44238,7147
44238,2858
44238,8981
44238,4993
44238,32587
53008,51662
53008,7454
53008,253
53008,5952
53008,7254
53008,1240
53008,2571
53008,593
53008,44191
53008,1690
74055,112852
74055,91529
74055,527
74055,318
74055,58559
74055,296
74055,105504
74055,106916
74055,1221
74055,50
47706,47
47706,50
47706,4973
47706,63082
47706,6711
47706,67255
47706,91658
47706,60069
47706,55820
47706,68954
138209,2858
138209,50
138209,68954
138209,1172
138209,54286
138209,63082
138209,1079
138209,1200
138209,97304
138209,92259
103181,446
103181,906
103181,971
103181,50
103181,1285
103181,8521
103181,3362
103181,1179
103181,1673
103181,6639
96657,858
96657,527
96657,1198
96657,50
96657,608
96657,593
96657,7153
96657,58559
96657,1193
96657,910
38622,150
38622,32
38622,457
38622,2762
38622,4226
38622,1196
38622,33794
38622,1291
38622,1221
38622,30749
61667,904
61667,99114
61667,1258
61667,1263
61667,48394
61667,1276
61667,7361
61667,81845
61667,3578
61667,3362
73882,5060
73882,3168
73882,3671
73882,2194
73882,599
73882,1193
73882,1079
73882,3074
73882,296
73882,2366
57519,4886
57519,5952
57519,7153
57519,4993
57519,3578
57519,1527
57519,1206
57519,6539
57519,2329
57519,56174
4580,8961
4580,356
4580,7153
4580,318
4580,5349
4580,1580
4580,150
4580,2028
4580,4963
4580,3793
111761,2959
111761,4226
111761,318
111761,79132
111761,6016
111761,527
111761,58559
111761,2571
111761,293
111761,74458
43194,95510
43194,46976
43194,63222
43194,102445
43194,77561
43194,52241
43194,40819
43194,46965
43194,55765
43194,80219
18697,47
18697,1270
18697,44191
18697,31658
18697,293
18697,6377
18697,2324
18697,2028
18697,480
18697,924
3948,778
3948,55820
3948,1193
3948,858
3948,3481
3948,1393
3948,592
3948,2599
3948,62155
3948,5577
121841,150
121841,593
121841,1682
121841,4306
121841,50
121841,5445
121841,1961
121841,3147
121841,2012
121841,1240
23804,79132
23804,5995
23804,2858
23804,356
23804,63082
23804,40819
23804,46578
23804,74458
23804,47
23804,69122
4477,6377
4477,6539
4477,1580
4477,1198
4477,296
4477,1
4477,4995
4477,1225
4477,1246
4477,587
111862,53123
111862,56367
111862,48394
111862,48780
111862,62293
111862,58154
111862,39183
111862,5378
111862,44191
111862,2396
112681,1089
112681,1214
112681,7387
112681,968
112681,1136
112681,1321
112681,1210
112681,904
112681,858
112681,1982
64698,595
64698,2329
64698,356
64698,51662
64698,3114
64698,54001
64698,5989
64698,76093
64698,69122
64698,2081
100342,60069
100342,69122
100342,589
100342,2959
100342,68954
100342,70286
100342,5418
100342,76251
100342,54286
100342,58998
79810,3793
79810,150
79810,2502
79810,1704
79810,5349
79810,8961
79810,5989
79810,2797
79810,1210
79810,260
61969,2028
61969,1221
61969,16
61969,3578
61969,2762
61969,1036
61969,1210
61969,1266
61969,1240
61969,589
76148,7147
76148,5878
76148,7323
76148,7361
76148,44555
76148,2324
76148,36517
76148,63082
76148,6773
76148,39183
129760,7090
129760,3328
129760,4011
129760,5954
129760,30707
129760,8798
129760,3681
129760,6874
129760,7438
129760,7147
117814,44191
117814,60069
117814,4896
117814,45722
117814,356
117814,1270
117814,48774
117814,51662
117814,1580
117814,7373
15791,3793
15791,4011
15791,2706
15791,1210
15791,2858
15791,3578
15791,2918
15791,1682
15791,1517
15791,33794
71891,2762
71891,47
71891,1036
71891,58559
71891,780
71891,231
71891,457
71891,165
71891,1270
71891,2683
132304,2959
132304,858
132304,111
132304,1208
132304,306
132304,1237
132304,1247
132304,608
132304,1221
132304,1219
103718,3793
103718,53000
103718,52973
103718,318
103718,5349
103718,30749
103718,48696
103718,3897
103718,34162
103718,5902
94075,51662
94075,595
94075,55765
94075,150
94075,2706
94075,1367
94075,2694
94075,6548
94075,50442
94075,58559
71932,2918
71932,1136
71932,4226
71932,2997
71932,1500
71932,1089
71932,1206
71932,3006
71932,1961
71932,1673
127303,33794
127303,293
127303,1196
127303,3793
127303,4886
127303,5679
127303,780
127303,2628
127303,741
127303,6377
25219,5618
25219,44191
25219,6874
25219,48394
25219,527
25219,1198
25219,296
25219,2329
25219,47
25219,1089
121628,1682
121628,2918
121628,253
121628,3996
121628,1625
121628,2716
121628,527
121628,1127
121628,3481
121628,2115
95058,1270
95058,318
95058,296
95058,589
95058,356
95058,260
95058,4993
95058,3793
95058,33794
95058,4886
92732,6539
92732,1210
92732,33794
92732,2959
92732,6377
92732,4226
92732,296
92732,7361
92732,593
92732,4886
81266,6874
81266,3949
81266,318
81266,2028
81266,1080
81266,7153
81266,6502
81266,2288
81266,16
81266,3996
61842,527
61842,1704
61842,2028
61842,5349
61842,1265
61842,6539
61842,6874
61842,260
61842,1196
61842,33794
10939,1258
10939,3000
10939,6016
10939,356
10939,32
10939,2762
10939,64614
10939,55820
10939,31658
10939,6350
90842,60069
90842,7361
90842,47
90842,527
90842,1704
90842,4226
90842,68157
90842,30707
90842,64614
90842,5989
67830,5325
67830,1273
67830,7013
67830,446
67830,955
67830,8873
67830,6299
67830,25805
67830,1103
67830,2553
86473,150
86473,318
86473,454
86473,2571
86473,1291
86473,592
86473,2762
86473,508
86473,2716
86473,608
22497,2762
22497,1210
22497,356
22497,318
22497,58559
22497,150
22497,3578
22497,1704
22497,858
22497,33794
50817,2762
50817,1089
50817,2329
50817,94864
50817,53000
50817,6502
50817,4878
50817,71106
50817,64614
50817,5952
88096,2085
88096,364
88096,593
88096,4246
88096,79132
88096,616
88096,1682
88096,1196
88096,2396
88096,72998
37508,318
37508,106487
37508,53322
37508,5378
37508,593
37508,50
37508,4011
37508,4226
37508,110
37508,109374
130236,1682
130236,1210
130236,589
130236,1580
130236,2716
130236,1393
130236,3793
130236,1302
130236,33493
130236,2302
81811,296
81811,1261
81811,58559
81811,2997
81811,4878
81811,750
81811,26776
81811,1587
81811,6711
81811,1089
2397,1597
2397,2797
2397,11
2397,2763
2397,1552
2397,852
2397,3175
2397,1527
2397,5620
2397,33679
113038,49272
113038,5418
113038,4993
113038,56174
113038,33679
113038,5574
113038,53322
113038,7445
113038,4369
113038,2571
62719,4993
62719,50
62719,4886
62719,1
62719,1225
62719,2571
62719,4995
62719,1035
62719,2028
62719,953
48618,7361
48618,1214
48618,1193
48618,904
48618,4226
48618,2959
48618,541
48618,4973
48618,924
48618,48516
67317,318
67317,733
67317,527
67317,356
67317,5445
67317,3527
67317,49272
67317,8644
67317,44191
67317,1527
10786,593
10786,5989
10786,2858
10786,46578
10786,4022
10786,3948
10786,2762
10786,3897
10786,1923
10786,6377
23577,52973
23577,6874
23577,2502
23577,6539
23577,2329
23577,104
23577,3253
23577,7438
23577,54256
23577,3578
28069,47
28069,1617
28069,5418
28069,54286
28069,59315
28069,648
28069,8798
28069,1527
28069,8665
28069,1
134248,111
134248,1291
134248,293
134248,541
134248,32587
134248,7438
134248,6874
134248,27773
134248,33794
134248,49272
96460,2762
96460,6377
96460,2396
96460,6942
96460,500
96460,1682
96460,527
96460,318
96460,1393
96460,30707
100369,2791
100369,32587
100369,6016
100369,592
100369,1729
100369,1232
100369,4546
100369,2871
100369,7587
100369,1333
71250,356
71250,59315
71250,1196
71250,68358
71250,2028
71250,1214
71250,527
71250,1
71250,68954
71250,150
112593,7361
112593,1
112593,1210
112593,296
112593,4993
112593,1212
112593,541
112593,858
112593,1073
112593,5952
69957,2542
69957,27904
69957,32
69957,293
69957,110
69957,48774
69957,4239
69957,36529
69957,55820
69957,46976
108943,1240
108943,1291
108943,1
108943,2571
108943,2628
108943,1136
108943,79132
108943,4886
108943,356
108943,2722
12855,6539
12855,480
12855,2762
12855,2858
12855,1
12855,780
12855,47
12855,2028
12855,50
12855,58559
137525,337
137525,1258
137525,24
137525,5294
137525,2144
137525,2513
137525,25
137525,2072
137525,1704
137525,34323
82554,260
82554,48780
82554,1222
82554,2858
82554,30749
82554,356
82554,3578
82554,1291
82554,48394
82554,4262
47698,356
47698,1610
47698,1198
47698,908
47698,4857
47698,919
47698,5952
47698,1148
47698,457
47698,1097
130829,2194
130829,1610
130829,1961
130829,1270
130829,33794
130829,1198
130829,2000
130829,8132
130829,608
130829,1291
33803,1527
33803,8950
33803,2959
33803,40732
33803,5608
33803,5903
33803,33794
33803,2115
33803,74545
33803,2916
124138,2959
124138,593
124138,2174
124138,1258
124138,2291
124138,919
124138,2144
124138,2657
124138,2599
124138,8376
90762,110
90762,4306
90762,2762
90762,2011
90762,165
90762,318
90762,5349
90762,2115
90762,1370
90762,4886
109911,47
109911,7153
109911,296
109911,4226
109911,4306
109911,110
109911,593
109911,1080
109911,48394
109911,7147
24618,47
24618,593
24618,4226
24618,7153
24618,5944
24618,52281
24618,44191
24618,5445
24618,1527
24618,4993
23316,457
23316,1380
23316,1270
23316,480
23316,587
23316,1302
23316,2268
23316,3147
23316,3408
23316,6942
81754,1682
81754,47
81754,1
81754,46578
81754,6539
81754,6377
81754,1721
81754,1246
81754,260
81754,648
97754,6539
97754,364
97754,8644
97754,1196
97754,260
97754,5445
97754,1917
97754,5418
97754,586
97754,185
7455,2329
7455,1198
7455,1206
7455,2858
7455,32
7455,4226
7455,2997
7455,2502
7455,5618
7455,3949
118189,903
118189,930
118189,928
118189,2917
118189,904
118189,912
118189,908
118189,1252
118189,2186
118189,1234
88524,2012
88524,150
88524,2791
88524,8641
88524,3524
88524,5900
88524,4246
88524,2792
88524,588
88524,11
109717,6753
109717,1088
109717,1907
109717,1101
109717,6944
109717,4995
109717,7
109717,1198
109717,3034
109717,457
38784,527
38784,60069
38784,899
38784,4973
38784,2396
38784,56367
38784,7669
38784,920
38784,69757
38784,1246
63979,541
63979,2762
63979,68358
63979,5219
63979,1240
63979,296
63979,1274
63979,3000
63979,4993
63979,7153
26995,4963
26995,296
26995,48780
26995,593
26995,3578
26995,79132
26995,48774
26995,4995
26995,7153
26995,2028
119182,7153
119182,593
119182,4993
119182,356
119182,2858
119182,7361
119182,1206
119182,1073
119182,8961
119182,6016
29735,7361
29735,6539
29735,5989
29735,593
29735,2762
29735,4995
29735,4963
29735,7143
29735,5445
29735,5349
11846,1196
11846,597
11846,1307
11846,1198
11846,4886
11846,1027
11846,8360
11846,5218
11846,62
11846,4995
1003,1291
1003,4963
1003,5418
1003,480
1003,4306
1003,4993
1003,4896
1003,367
1003,5218
1003,47
121997,1089
121997,296
121997,4027
121997,8949
121997,608
121997,1246
121997,1673
121997,4995
121997,4034
121997,260
116760,68954
116760,110
116760,318
116760,344
116760,367
116760,8636
116760,66097
116760,1196
116760,260
116760,1198
12733,68954
12733,4886
12733,318
12733,33004
12733,59315
12733,46976
12733,8961
12733,1704
12733,77561
12733,51255
42798,2858
42798,318
42798,5952
42798,1198
42798,1
42798,260
42798,7361
42798,33794
42798,2291
42798,32
35247,356
35247,5952
35247,7153
35247,2762
35247,4963
35247,1580
35247,858
35247,7438
35247,1196
35247,260
25273,4226
25273,2716
25273,1060
25273,593
25273,2706
25273,480
25273,76251
25273,555
25273,2580
25273,2302
60176,908
60176,2186
60176,922
60176,2599
60176,928
60176,6987
60176,2731
60176,7064
60176,6380
60176,1247
409,1197
409,5418
409,33794
409,5378
409,1544
409,7143
409,736
409,2804
409,5218
409,8636
20837,2571
20837,5952
20837,4993
20837,2959
20837,50
20837,318
20837,1198
20837,912
20837,904
20837,858
72712,1222
72712,318
72712,1206
72712,6957
72712,55765
72712,223
72712,4226
72712,356
72712,3535
72712,6502
124193,4226
124193,33794
124193,1961
124193,527
124193,1240
124193,33166
124193,2028
124193,7361
124193,1197
124193,480
110889,904
110889,2959
110889,1214
110889,1201
110889,541
110889,1089
110889,1203
110889,1210
110889,750
110889,5291
20795,296
20795,750
20795,1265
20795,1089
20795,7123
20795,5669
20795,1273
20795,858
20795,50
20795,4226
87535,4226
87535,4973
87535,296
87535,589
87535,2028
87535,2324
87535,4993
87535,5952
87535,3578
87535,7153
52686,32
52686,1089
52686,47
52686,2959
52686,1265
52686,2028
52686,592
52686,2762
52686,150
52686,4226
3151,318
3151,5952
3151,4993
3151,7153
3151,3671
3151,1270
3151,79132
3151,3578
3151,858
3151,2918
27416,2028
27416,3147
27416,1291
27416,1396
27416,1246
27416,1275
27416,593
27416,1527
27416,1097
27416,7361
90584,2959
90584,2174
90584,1240
90584,5816
90584,4896
90584,3175
90584,2003
90584,1036
90584,40815
90584,3578
111145,5952
111145,6539
111145,7153
111145,4993
111145,356
111145,3275
111145,2028
111145,44191
111145,2826
111145,2628
39805,4963
39805,110
39805,7143
39805,6539
39805,3996
39805,2571
39805,5445
39805,5418
39805,3916
39805,318
128394,1
128394,1089
128394,2959
128394,541
128394,1270
128394,47
128394,1214
128394,32
128394,31878
128394,223
80083,2762
80083,2858
80083,296
80083,527
80083,50
80083,593
80083,608
80083,357
80083,2571
80083,7153
913,1213
913,4993
913,7153
913,608
913,7361
913,68157
913,2858
913,293
913,5952
913,1089
86525,55820
86525,33166
86525,44555
86525,37741
86525,41997
86525,46578
86525,44195
86525,30707
86525,8949
86525,39292
15120,110
15120,589
15120,3275
15120,47
15120,260
15120,2762
15120,2231
15120,2028
15120,1089
15120,1197
136294,356
136294,49272
136294,36529
136294,48780
136294,85414
136294,72998
136294,80463
136294,648
136294,63082
136294,33493
39179,8961
39179,4896
39179,260
39179,5816
39179,2572
39179,4447
39179,5349
39179,40815
39179,364
39179,1270
129092,62
129092,31685
129092,2302
129092,6765
129092,3948
129092,1097
129092,1035
129092,953
129092,1674
129092,5955
21668,2018
21668,1939
21668,25833
21668,1267
21668,1945
21668,1022
21668,25828
21668,3435
21668,928
21668,2203
69565,2571
69565,318
69565,68157
69565,2959
69565,356
69565,3949
69565,1206
69565,4973
69565,111
69565,1213
80392,73017
80392,1136
80392,45722
80392,91542
80392,2959
80392,1370
80392,1240
80392,1676
80392,1089
80392,106489
13718,49272
13718,912
13718,1080
13718,6947
13718,33794
13718,1136
13718,70286
13718,904
13718,1281
13718,48780
6079,1198
6079,47
6079,527
6079,110
6079,1
6079,780
6079,593
6079,2028
6079,6539
6079,50
12837,2762
12837,1193
12837,1213
12837,2858
12837,1061
12837,858
12837,55820
12837,8950
12837,32
12837,293
121572,4993
121572,260
121572,2716
121572,1198
121572,7153
121572,2194
121572,1197
121572,2000
121572,1220
121572,3552
72965,260
72965,1198
72965,1036
72965,1270
72965,1580
72965,2028
72965,780
72965,480
72965,1214
72965,1527
120304,17
120304,2565
120304,40629
120304,2125
120304,5991
120304,932
120304,2398
120304,8533
120304,1013
120304,597
60814,33794
60814,54286
60814,46530
60814,34048
60814,33493
60814,50068
60814,26133
60814,51255
60814,58559
60814,59315
60,356
60,2571
60,5618
60,4973
60,58559
60,30749
60,63082
60,1223
60,48394
60,4226
122178,5418
122178,1923
122178,3210
122178,3499
122178,2115
122178,3448
122178,1358
122178,8665
122178,5010
122178,6
33014,260
33014,1196
33014,3000
33014,8961
33014,1210
33014,6539
33014,2571
33014,7090
33014,1200
33014,541
35063,6874
35063,1466
35063,46578
35063,7438
35063,541
35063,68157
35063,1214
35063,4034
35063,56367
35063,2324
11246,1952
11246,1214
11246,4027
11246,7361
11246,1090
11246,4226
11246,1225
11246,235
11246,4973
11246,4034
37980,2571
37980,2324
37980,318
37980,7361
37980,81591
37980,74458
37980,55247
37980,3949
37980,92259
37980,527
41979,5418
41979,3275
41979,6377
41979,88140
41979,780
41979,54286
41979,8665
41979,84152
41979,356
41979,480
117151,2081
117151,50872
117151,5620
117151,1569
117151,66203
117151,31685
117151,4308
117151,7380
117151,8808
117151,2059
12547,589
12547,380
12547,1270
12547,1917
12547,1240
12547,2953
12547,8636
12547,231
12547,2722
12547,2716
25218,110
25218,588
25218,6539
25218,1270
25218,364
25218,1148
25218,1485
25218,2628
25218,4963
25218,2762
40884,2959
40884,99114
40884,48516
40884,3578
40884,5989
40884,74458
40884,48780
40884,51662
40884,6539
40884,70286
57162,4995
57162,110
57162,2571
57162,4034
57162,5952
57162,4993
57162,1617
57162,1246
57162,527
57162,1527
21271,58559
21271,7361
21271,32
21271,2916
21271,50
21271,5445
21271,1200
21271,593
21271,1527
21271,60069
35439,2542
35439,7361
35439,5618
35439,3000
35439,741
35439,1884
35439,1921
35439,59387
35439,3328
35439,51255
26116,2762
26116,4886
26116,2959
26116,1
26116,480
26116,2571
26116,5349
26116,2011
26116,3793
26116,3147
113750,2028
113750,110
113750,5349
113750,1917
113750,318
113750,2762
113750,4306
113750,3793
113750,47
113750,8961
76650,26386
76650,30825
76650,7619
76650,5299
76650,7714
76650,8970
76650,7617
76650,26111
76650,8535
76650,8880
131738,4995
131738,2762
131738,6874
131738,2329
131738,4226
131738,40815
131738,3578
131738,1682
131738,7361
131738,5989
49704,356
49704,58559
49704,296
49704,4226
49704,50
49704,47
49704,92535
49704,91658
49704,89864
49704,2571
135616,32587
135616,5445
135616,4878
135616,6539
135616,4226
135616,8636
135616,7438
135616,6870
135616,3994
135616,4776
21020,356
21020,1721
21020,4720
21020,48877
21020,3793
21020,40815
21020,367
21020,2572
21020,34532
21020,377
85567,69122
85567,68157
85567,4995
85567,8961
85567,1193
85567,63082
85567,46578
85567,2571
85567,1089
85567,48780
1700,2858
1700,4226
1700,527
1700,593
1700,260
1700,1201
1700,2571
1700,32587
1700,1214
1700,1089
121553,44191
121553,72998
121553,3578
121553,60684
121553,106489
121553,98809
121553,97752
121553,91529
121553,480
121553,74458
12915,90531
12915,296
12915,7323
12915,86781
12915,97024
12915,55269
12915,112290
12915,38886
12915,55444
12915,72720
49365,4011
49365,924
49365,7934
49365,1172
49365,1625
49365,2076
49365,25
49365,3499
49365,1219
49365,3160
97881,293
97881,38061
97881,1704
97881,46723
97881,89864
97881,48774
97881,64957
97881,5989
97881,8961
97881,8638
74432,63992
74432,8533
74432,597
74432,2291
74432,5349
74432,64957
74432,37729
74432,2706
74432,6373
74432,30793
87096,3481
87096,858
87096,1089
87096,6874
87096,1213
87096,1288
87096,2329
87096,2599
87096,6331
87096,527
119553,293
119553,55820
119553,79132
119553,81845
119553,2502
119553,2804
119553,64614
119553,1234
119553,32
119553,912
35792,3087
35792,1321
35792,919
35792,3740
35792,1387
35792,1031
35792,912
35792,593
35792,913
35792,920
115094,3578
115094,8961
115094,589
115094,47
115094,33493
115094,318
115094,1270
115094,480
115094,527
115094,1214
111501,1721
111501,54503
111501,4226
111501,3897
111501,58559
111501,5669
111501,2706
111501,1923
111501,1270
111501,5991
121853,4226
121853,1214
121853,2300
121853,551
121853,6377
121853,2858
121853,3793
121853,60069
121853,31658
121853,1079
88744,88744
88744,82461
88744,3578
88744,6539
88744,44191
88744,6333
88744,2628
88744,58559
88744,84152
88744,78105
99582,2329
99582,2762
99582,4973
99582,4878
99582,47
99582,296
99582,778
99582,48394
99582,68157
99582,1089
20195,2571
20195,2762
20195,50
20195,6
20195,4011
20195,4963
20195,2502
20195,1193
20195,1954
20195,40819
29918,1270
29918,1136
29918,48780
29918,4993
29918,6539
29918,1196
29918,2987
29918,1246
29918,5952
29918,7153
137266,296
137266,2959
137266,318
137266,1136
137266,50
137266,356
137266,2329
137266,63082
137266,56367
137266,1247
724,2028
724,2916
724,68358
724,58559
724,260
724,3578
724,4027
724,3508
724,1291
724,1210
126127,3088
126127,923
126127,3549
126127,1269
126127,3396
126127,1947
126127,8368
126127,608
126127,2997
126127,1079
133838,318
133838,356
133838,6539
133838,3147
133838,4306
133838,2028
133838,47
133838,5418
133838,4896
133838,8368
113021,2959
113021,2571
113021,58559
113021,70286
113021,296
113021,6502
113021,8961
113021,71535
113021,32587
113021,44191
100529,1196
100529,260
100529,1653
100529,1240
100529,2455
100529,316
100529,27660
100529,1210
100529,1584
100529,8361
59417,87234
59417,4979
59417,48394
59417,1222
59417,2318
59417,48082
59417,79357
59417,68237
59417,3503
59417,55908
22188,4886
22188,2571
22188,648
22188,527
22188,1
22188,6377
22188,8360
22188,1907
22188,3114
22188,1580
6575,296
6575,2959
6575,223
6575,4878
6575,2997
6575,4979
6575,1089
6575,33794
6575,1288
6575,1884
12095,858
12095,3578
12095,480
12095,356
12095,1272
12095,2858
12095,150
12095,590
12095,1200
12095,1263
128336,3578
128336,104
128336,7143
128336,3753
128336,8368
128336,5952
128336,6539
128336,1917
128336,7458
128336,110
125644,2671
125644,733
125644,2571
125644,3948
125644,2268
125644,1580
125644,1784
125644,364
125644,508
125644,434
104290,33794
104290,1215
104290,2959
104290,1580
104290,51255
104290,3527
104290,1089
104290,32
104290,2918
104290,34405
18998,7361
18998,1222
18998,6539
18998,55820
18998,4262
18998,1206
18998,7143
18998,733
18998,91658
18998,1704
76128,6539
76128,318
76128,2571
76128,593
76128,296
76128,589
76128,1
76128,1240
76128,3578
76128,1198
103548,69122
103548,35836
103548,56367
103548,81845
103548,63131
103548,52973
103548,73323
103548,67087
103548,79132
103548,87869
37405,3868
37405,1240
37405,7153
37405,2959
37405,541
37405,1198
37405,3578
37405,3869
37405,1220
37405,1201
113954,1704
113954,1358
113954,4020
113954,3203
113954,4014
113954,151
113954,72641
113954,590
113954,587
113954,2028
123607,4022
123607,457
123607,1246
123607,1090
123607,3147
123607,3578
123607,2797
123607,6565
123607,508
123607,2396
20388,54286
20388,48780
20388,54997
20388,45186
20388,79132
20388,68954
20388,33679
20388,59784
20388,72998
20388,40815
86963,750
86963,3075
86963,1206
86963,923
86963,1212
86963,3676
86963,1219
86963,7327
86963,1209
86963,5147
53531,260
53531,4306
53531,1196
53531,63131
53531,55765
53531,91500
53531,72998
53531,89864
53531,60756
53531,47099
98252,4886
98252,1210
98252,1265
98252,33794
98252,1240
98252,2959
98252,1089
98252,2762
98252,7361
98252,59315
33906,593
33906,2329
33906,5878
33906,7361
33906,4226
33906,1089
33906,3949
33906,1193
33906,1136
33906,4993
124349,1097
124349,1198
124349,356
124349,1270
124349,1210
124349,260
124349,296
124349,364
124349,7153
124349,1073
13964,53464
13964,53996
13964,57368
13964,49278
13964,33679
13964,44665
13964,53000
13964,48516
13964,34048
13964,52973
46427,4085
46427,2915
46427,780
46427,2571
46427,2194
46427,1387
46427,1608
46427,919
46427,6539
46427,1088
136707,7153
136707,1961
136707,588
136707,590
136707,1
136707,2174
136707,592
136707,1485
136707,1221
136707,648
52761,589
52761,296
52761,2959
52761,4226
52761,7361
52761,44191
52761,2012
52761,1206
52761,4973
52761,924
74588,49272
74588,293
74588,33794
74588,3578
74588,69757
74588,50
74588,69122
74588,1704
74588,2858
74588,4973
88659,33166
88659,27803
88659,8958
88659,527
88659,1
88659,33794
88659,33493
88659,457
88659,648
88659,4995
118277,33166
118277,49272
118277,40583
118277,30812
118277,27831
118277,481
118277,36517
118277,44199
118277,46723
118277,34542
96557,593
96557,2858
96557,81591
96557,58559
96557,99114
96557,68954
96557,88744
96557,1721
96557,91500
96557,97921
17388,5952
17388,7153
17388,8360
17388,5349
17388,1270
17388,33794
17388,1097
17388,8636
17388,596
17388,1485
109534,4226
109534,5669
109534,2329
109534,7361
109534,30707
109534,6377
109534,608
109534,81845
109534,5418
109534,6711
76397,2997
76397,2959
76397,2858
76397,27660
76397,8636
76397,316
76397,1580
76397,33794
76397,8644
76397,6502
53655,58559
53655,60684
53655,78499
53655,38061
53655,48774
53655,5618
53655,1136
53655,2019
53655,27773
53655,68157
82072,2959
82072,1089
82072,1221
82072,1213
82072,318
82072,593
82072,1617
82072,1201
82072,527
82072,2571
76385,1198
76385,6377
76385,527
76385,150
76385,2571
76385,4886
76385,2959
76385,480
76385,6539
76385,8961
7391,858
7391,608
7391,2959
7391,1219
7391,1206
7391,27317
7391,7361
7391,1136
7391,7115
7391,293
27135,79132
27135,7460
27135,48774
27135,46578
27135,2571
27135,48394
27135,2692
27135,1193
27135,541
27135,55442
18354,47721
18354,965
18354,86882
18354,25769
18354,4298
18354,26148
18354,32234
18354,89904
18354,26472
18354,90866
131488,4306
131488,6377
131488,2908
131488,4886
131488,2762
131488,5995
131488,1960
131488,36517
131488,60069
131488,3499
24363,4226
24363,1
24363,31658
24363,296
24363,58559
24363,480
24363,260
24363,318
24363,72998
24363,1721
126677,2028
126677,2762
126677,4022
126677,7143
126677,3916
126677,588
126677,8529
126677,7147
126677,260
126677,33794
133203,4973
133203,364
133203,2949
133203,1265
133203,1682
133203,1270
133203,296
133203,2991
133203,2959
133203,2324
113234,4973
113234,4226
113234,59315
113234,593
113234,72998
113234,1196
113234,1
113234,3793
113234,3147
113234,78499
98166,608
98166,1252
98166,1265
98166,593
98166,1208
98166,1673
98166,6711
98166,6
98166,6920
98166,1089
39869,356
39869,5952
39869,4993
39869,4995
39869,593
39869,6377
39869,1367
39869,2329
39869,2908
39869,2706
103036,1090
103036,8949
103036,2329
103036,3481
103036,1089
103036,1291
103036,16
103036,1270
103036,1466
103036,1197
10416,778
10416,1089
10416,4878
10416,2329
10416,7153
10416,2571
10416,1240
10416,2858
10416,3949
10416,318
69049,1206
69049,2762
69049,1210
69049,1214
69049,4226
69049,7153
69049,4993
69049,5445
69049,6539
69049,4963
16590,1198
16590,5445
16590,4963
16590,6539
16590,1210
16590,589
16590,8961
16590,296
16590,480
16590,6333
129488,318
129488,32587
129488,31658
129488,293
129488,5903
129488,7099
129488,48394
129488,6283
129488,4011
129488,50
27934,364
27934,480
27934,1573
27934,1527
27934,3578
27934,1291
27934,4886
27934,367
27934,1036
27934,6333
27746,2959
27746,296
27746,5952
27746,1270
27746,4993
27746,6874
27746,1240
27746,541
27746,1732
27746,50
57585,1704
57585,91077
57585,2692
57585,74458
57585,1193
57585,589
57585,4776
57585,431
57585,1222
57585,6016
65455,39183
65455,64622
65455,30707
65455,30749
65455,37741
65455,54286
65455,104841
65455,73023
65455,97921
65455,72641
24950,1222
24950,1089
24950,1221
24950,541
24950,2730
24950,1213
24950,593
24950,608
24950,1228
24950,2571
109258,32
109258,79132
109258,2858
109258,7147
109258,608
109258,1682
109258,4720
109258,903
109258,4027
109258,44694
50645,1291
50645,165
50645,7153
50645,5952
50645,1961
50645,588
50645,150
50645,111
50645,457
50645,3275
116490,5952
116490,4886
116490,595
116490,3408
116490,2
116490,1073
116490,3793
116490,3916
116490,141
116490,2144
66839,2762
66839,4226
66839,356
66839,296
66839,2918
66839,1270
66839,5418
66839,32
66839,6365
66839,2706
83056,356
83056,2997
83056,32
83056,1206
83056,1198
83056,1961
83056,253
83056,1610
83056,778
83056,4995
13487,4995
13487,3793
13487,3578
13487,87232
13487,103335
13487,31696
13487,7143
13487,69644
13487,37729
13487,45499
71188,588
71188,8360
71188,2858
71188,79091
71188,91542
71188,30793
71188,2324
71188,1210
71188,92259
71188,30707
33381,1704
33381,457
33381,593
33381,110
33381,4963
33381,1221
33381,49272
33381,589
33381,2329
33381,293
115621,3147
115621,3578
115621,1258
115621,293
115621,4226
115621,32
115621,4235
115621,1246
115621,48394
115621,27803
103001,2571
103001,4973
103001,356
103001,7153
103001,858
103001,81845
103001,5995
103001,63082
103001,1172
103001,1704
45189,4973
45189,1961
45189,1296
45189,904
45189,47629
45189,2067
45189,1246
45189,50658
45189,265
45189,953
8175,2858
8175,4034
8175,1089
8175,337
8175,1225
8175,2028
8175,1266
8175,111
8175,2959
8175,3996
96188,1124
96188,2366
96188,2640
96188,2406
96188,5378
96188,3471
96188,2529
96188,1287
96188,920
96188,2398
91860,47
91860,2329
91860,1213
91860,4878
91860,608
91860,778
91860,2571
91860,1222
91860,1732
91860,1136
34538,4306
34538,457
34538,2571
34538,858
34538,527
34538,1721
34538,1270
34538,480
34538,110
34538,296
7208,3147
7208,81845
7208,30707
7208,74458
7208,55765
7208,50
7208,2571
7208,69481
7208,89492
7208,4262
137384,2571
137384,58559
137384,2959
137384,48516
137384,110
137384,3578
137384,4011
137384,4226
137384,527
137384,296
3051,1285
3051,3911
3051,3424
3051,585
3051,1673
3051,562
3051,2133
3051,2599
3051,2797
3051,1968
120958,296
120958,34162
120958,2858
120958,2706
120958,1270
120958,4993
120958,1197
120958,5349
120958,3793
120958,7153
29799,2502
29799,44191
29799,4306
29799,7153
29799,2571
29799,50
29799,2997
29799,4995
29799,6377
29799,1682
19928,2329
19928,6016
19928,2571
19928,4973
19928,32
19928,7361
19928,6874
19928,6953
19928,4995
19928,318
65018,4886
65018,4306
65018,5218
65018,5299
65018,4993
65018,6155
65018,8360
65018,1
65018,2571
65018,58559
107922,8961
107922,4306
107922,2571
107922,1136
107922,6539
107922,5952
107922,1580
107922,4886
107922,4963
107922,1197
46891,5816
46891,8360
46891,595
46891,4963
46891,7147
46891,1073
46891,45722
46891,4993
46891,7153
46891,356
40074,47
40074,50
40074,593
40074,4963
40074,780
40074,648
40074,21
40074,92259
40074,48516
40074,5989
70804,4306
70804,5377
70804,7147
70804,750
70804,1247
70804,1080
70804,2321
70804,48394
70804,4886
70804,595
19645,356
19645,593
19645,1200
19645,1270
19645,2571
19645,110
19645,480
19645,1136
19645,2028
19645,318
63046,68954
63046,1079
63046,7155
63046,468
63046,2065
63046,1962
63046,4529
63046,6593
63046,1747
63046,4085
90142,46972
90142,57951
90142,58025
90142,62999
90142,6539
90142,59369
90142,60126
90142,56775
90142,2571
90142,59501
85879,4973
85879,6711
85879,318
85879,40819
85879,55280
85879,4014
85879,1704
85879,8970
85879,44195
85879,2572
63799,52281
63799,39183
63799,55118
63799,47999
63799,30749
63799,34271
63799,33660
63799,32587
63799,46723
63799,27831
17570,2959
17570,8961
17570,3578
17570,5418
17570,3793
17570,356
17570,2028
17570,527
17570,2762
17570,1918
94309,608
94309,1748
94309,2232
94309,1682
94309,6874
94309,44191
94309,2542
94309,101864
94309,356
94309,6711
132865,4886
132865,1196
132865,2291
132865,1073
132865,1210
132865,58559
132865,46578
132865,2987
132865,1206
132865,6377
64319,50
64319,1214
64319,1136
64319,32587
64319,318
64319,541
64319,608
64319,1387
64319,4226
64319,4262
30493,6333
30493,110
30493,5418
30493,1907
30493,356
30493,7147
30493,1291
30493,3147
30493,780
30493,49272
112064,2329
112064,318
112064,296
112064,48516
112064,5418
112064,55820
112064,541
112064,33794
112064,48774
112064,68237
44469,2571
44469,49272
44469,54286
44469,6377
44469,1721
44469,318
44469,99114
44469,1196
44469,5995
44469,1210
10931,3114
10931,4963
10931,8360
10931,2424
10931,1801
10931,3988
10931,1721
10931,3916
10931,104
10931,368
132878,58559
132878,2028
132878,356
132878,1704
132878,593
132878,5989
132878,2571
132878,49272
132878,34162
132878,1517
24112,48774
24112,44191
24112,96610
24112,27904
24112,104841
24112,96079
24112,40583
24112,50068
24112,97304
24112,2579
134266,68237
134266,68358
134266,79702
134266,480
134266,68157
134266,87232
134266,70286
134266,1270
134266,7361
134266,4226
14860,1201
14860,1193
14860,1214
14860,593
14860,750
14860,1304
14860,1136
14860,79132
14860,924
14860,912
46769,908
46769,1573
46769,7254
46769,1377
46769,1222
46769,1407
46769,353
46769,1207
46769,1358
46769,3362
70850,1198
70850,2571
70850,69122
70850,58559
70850,4011
70850,858
70850,79008
70850,51255
70850,3275
70850,44665
131406,1097
131406,1206
131406,253
131406,1266
131406,3499
131406,1208
131406,1263
131406,1527
131406,1222
131406,1387
113518,6377
113518,4963
113518,4014
113518,56367
113518,5952
113518,4993
113518,50872
113518,69406
113518,47610
113518,64622
70311,79132
70311,89745
70311,106489
70311,589
70311,1210
70311,72998
70311,33493
70311,110
70311,91529
70311,77561
118115,1203
118115,5902
118115,1225
118115,32
118115,5049
118115,5945
118115,1208
118115,3363
118115,345
118115,4467
42671,7361
42671,1215
42671,1206
42671,2028
42671,1222
42671,7147
42671,48394
42671,110
42671,3535
42671,1259
131720,1210
131720,5952
131720,33794
131720,50
131720,296
131720,648
131720,457
131720,150
131720,364
131720,2028
63672,2858
63672,4979
63672,4226
63672,1732
63672,2997
63672,32
63672,608
63672,55269
63672,30810
63672,1921
119041,593
119041,6377
119041,5989
119041,1682
119041,8368
119041,2671
119041,5218
119041,6218
119041,8970
119041,17
37188,6539
37188,2467
37188,5952
37188,7153
37188,356
37188,1240
37188,589
37188,2959
37188,4973
37188,4306
120156,318
120156,364
120156,4886
120156,648
120156,5816
120156,2762
120156,1580
120156,48516
120156,6333
120156,59315
121288,2571
121288,1961
121288,318
121288,593
121288,2329
121288,527
121288,589
121288,4720
121288,110
121288,3499
125395,1210
125395,68237
125395,1198
125395,541
125395,111759
125395,34405
125395,50
125395,68358
125395,296
125395,112623
59914,2762
59914,8665
59914,60069
59914,5989
59914,4963
59914,63082
59914,46976
59914,5445
59914,71535
59914,593
70641,51255
70641,8874
70641,3949
70641,7438
70641,48394
70641,60684
70641,52281
70641,593
70641,89745
70641,1036
120934,44761
120934,71535
120934,2115
120934,6539
120934,6350
120934,1265
120934,1333
120934,1291
120934,5690
120934,741
120400,260
120400,7458
120400,1196
120400,8368
120400,6365
120400,7143
120400,6874
120400,356
120400,8636
120400,2628
127404,296
127404,2762
127404,593
127404,33493
127404,2571
127404,2959
127404,1200
127404,32
127404,2716
127404,1240
75731,527
75731,648
75731,5445
75731,5418
75731,33794
75731,4776
75731,36529
75731,6016
75731,1466
75731,5952
12050,5952
12050,7153
12050,73017
12050,44199
12050,356
12050,8665
12050,48516
12050,51662
12050,4963
12050,53972
134844,1580
134844,592
134844,1356
134844,1527
134844,40815
134844,780
134844,8360
134844,34405
134844,7099
134844,31658
91721,1
91721,1198
91721,7153
91721,296
91721,356
91721,3578
91721,33493
91721,6333
91721,4886
91721,1291
8555,1207
8555,903
8555,1084
8555,1358
8555,34
8555,1333
8555,1247
8555,920
8555,1345
8555,1343
27773,1036
27773,50
27773,457
27773,2028
27773,150
27773,2918
27773,923
27773,1387
27773,1247
27773,527
67010,4226
67010,778
67010,1213
67010,6016
67010,2858
67010,32
67010,48516
67010,3949
67010,1258
67010,79132
52951,4993
52951,3793
52951,51662
52951,72998
52951,5952
52951,7153
52951,76251
52951,33794
52951,5418
52951,32587
69610,1210
69610,2959
69610,5952
69610,296
69610,1214
69610,2571
69610,1240
69610,6874
69610,1198
69610,2028
111151,1676
111151,741
111151,47
111151,7361
111151,27660
111151,3052
111151,2858
111151,6016
111151,16
111151,924
83819,47
83819,593
83819,1196
83819,4878
83819,1213
83819,1036
83819,858
83819,6874
83819,6377
83819,1247
125629,2716
125629,1617
125629,1704
125629,858
125629,2858
125629,1265
125629,1193
125629,1240
125629,590
125629,2959
91015,4878
91015,7361
91015,2959
91015,48394
91015,2858
91015,32587
91015,4720
91015,8961
91015,7147
91015,1682
52860,54259
52860,6323
52860,1527
52860,61240
52860,1625
52860,59315
52860,31696
52860,38061
52860,799
52860,33437
21427,356
21427,1036
21427,2028
21427,1208
21427,592
21427,1610
21427,2762
21427,1387
21427,480
21427,1206
26702,2858
26702,2502
26702,51255
26702,4226
26702,56782
26702,356
26702,56367
26702,38061
26702,1193
26702,33794
102726,33794
102726,1197
102726,1
102726,7153
102726,4993
102726,150
102726,2959
102726,588
102726,45499
102726,1240
96204,47
96204,58559
96204,34162
96204,3948
96204,1704
96204,4226
96204,3623
96204,2329
96204,1
96204,364
125786,55820
125786,593
125786,1208
125786,296
125786,2571
125786,1233
125786,5995
125786,111
125786,4262
125786,541
111887,50
111887,1485
111887,1777
111887,67087
111887,8641
111887,7254
111887,3578
111887,4993
111887,2
111887,47610
71575,7153
71575,4993
71575,5952
71575,527
71575,2571
71575,457
71575,356
71575,6539
71575,1704
71575,588
116754,58559
116754,6188
116754,76251
116754,52973
116754,81932
116754,86911
116754,76077
116754,4963
116754,4226
116754,55765
117328,35836
117328,296
117328,231
117328,2706
117328,593
117328,2329
117328,8641
117328,104
117328,2502
117328,2918
5482,49530
5482,56367
5482,54997
5482,48774
5482,63082
5482,49272
5482,56152
5482,34072
5482,50685
5482,68358
108081,858
108081,52973
108081,356
108081,58295
108081,231
108081,63113
108081,3948
108081,6378
108081,53996
108081,5989
44928,4993
44928,112852
44928,2571
44928,2959
44928,60069
44928,78499
44928,1
44928,69122
44928,593
44928,3114
47743,63082
47743,608
47743,1
47743,4886
47743,58559
47743,68157
47743,2324
47743,71033
47743,68954
47743,5418
107233,4886
107233,3578
107233,4973
107233,50
107233,110
107233,4306
107233,858
107233,1198
107233,5445
107233,260
116364,4226
116364,110
116364,47
116364,648
116364,2716
116364,6377
116364,49272
116364,593
116364,33794
116364,5349
91815,2858
91815,1219
91815,913
91815,1197
91815,1207
91815,89745
91815,1210
91815,5418
91815,589
91815,457
75673,2959
75673,527
75673,318
75673,3030
75673,589
75673,1197
75673,750
75673,1249
75673,1617
75673,356
59217,5445
59217,47
59217,1573
59217,5349
59217,1645
59217,593
59217,4995
59217,1580
59217,7143
59217,6377
7066,551
7066,56757
7066,2160
7066,1997
7066,2959
7066,1347
7066,80831
7066,39446
7066,81591
7066,1206
95294,7438
95294,3793
95294,593
95294,8874
95294,6539
95294,34048
95294,1258
95294,71535
95294,3114
95294,76251
40592,44191
40592,40278
40592,37741
40592,36517
40592,46578
40592,48394
40592,48774
40592,40819
40592,48516
40592,48738
17764,4848
17764,924
17764,8507
17764,923
17764,6987
17764,6774
17764,2997
17764,162
17764,5056
17764,7063
113255,527
113255,2858
113255,593
113255,2959
113255,4226
113255,111
113255,1252
113255,541
113255,4235
113255,923
110031,33794
110031,5445
110031,8961
110031,589
110031,4896
110031,2762
110031,4886
110031,2959
110031,45499
110031,1
132536,1732
132536,1213
132536,55820
132536,4963
132536,56367
132536,60069
132536,480
132536,52973
132536,1258
132536,44191
99196,7022
99196,1240
99196,2288
99196,4226
99196,1214
99196,296
99196,1215
99196,2959
99196,4720
99196,2997
91,4308
91,6218
91,1784
91,1393
91,8970
91,4014
91,8360
91,1923
91,8961
91,33794
83497,1213
83497,593
83497,3897
83497,1265
83497,1259
83497,3361
83497,1276
83497,3481
83497,1222
83497,1221
21070,26398
21070,7060
21070,4212
21070,8970
21070,7720
21070,40815
21070,8928
21070,8361
21070,7836
21070,7817
86967,6791
86967,5890
86967,46578
86967,232
86967,8014
86967,44694
86967,2324
86967,5791
86967,7456
86967,3328
7209,858
7209,1089
7209,1193
7209,318
7209,4226
7209,541
7209,2329
7209,1208
7209,50
7209,32
90336,47
90336,356
90336,5445
90336,3147
90336,2329
90336,1302
90336,7445
90336,5630
90336,1704
90336,2959
97860,923
97860,86882
97860,903
97860,3578
97860,904
97860,97921
97860,2762
97860,1097
97860,1207
97860,59315
111671,49272
111671,48516
111671,588
111671,318
111671,593
111671,595
111671,60069
111671,1097
111671,49530
111671,2762
35847,2329
35847,3949
35847,4973
35847,7254
35847,8622
35847,2571
35847,318
35847,4226
35847,47
35847,356
29542,318
29542,1240
29542,6539
29542,10
29542,2571
29542,260
29542,296
29542,457
29542,593
29542,2716
69295,7361
69295,1136
69295,4973
69295,1281
69295,356
69295,1193
69295,50
69295,7153
69295,260
69295,527
81812,33493
81812,8961
81812,33794
81812,8949
81812,8360
81812,40819
81812,6711
81812,5952
81812,41569
81812,5418
119605,356
119605,2571
119605,63859
119605,6377
119605,4018
119605,59784
119605,318
119605,2012
119605,2762
119605,1580
46927,4306
46927,4963
46927,318
46927,1265
46927,1968
46927,63082
46927,1246
46927,91077
46927,2858
46927,8949
25513,1210
25513,2716
25513,344
25513,3996
25513,551
25513,316
25513,32
25513,60069
25513,3000
25513,1
6044,48516
6044,4306
6044,344
6044,77561
6044,593
6044,2991
6044,47
6044,5989
6044,1
6044,50
13932,1198
13932,2918
13932,2046
13932,1704
13932,4993
13932,2716
13932,2762
13932,41566
13932,1
13932,5952
96438,34405
96438,2571
96438,7147
96438,2762
96438,5418
96438,6377
96438,4886
96438,7153
96438,8636
96438,27706
18504,58559
18504,47
18504,2329
18504,6874
18504,608
18504,79132
18504,7361
18504,109374
18504,27773
18504,111
55802,58559
55802,318
55802,2028
55802,2959
55802,32587
55802,4993
55802,7153
55802,780
55802,5608
55802,6874
2070,4366
2070,64957
2070,50601
2070,2123
2070,68135
2070,1835
2070,356
2070,2431
2070,68554
2070,2724
3779,7153
3779,1961
3779,1213
3779,1193
3779,3578
3779,48516
3779,260
3779,1210
3779,2997
3779,364
57220,4306
57220,1923
57220,608
57220,1393
57220,3408
57220,1682
57220,1721
57220,2997
57220,4027
57220,1206
48126,1580
48126,6365
48126,593
48126,4306
48126,4963
48126,8360
48126,1291
48126,318
48126,32587
48126,589
36176,48394
36176,46723
36176,56367
36176,50872
36176,8961
36176,42004
36176,32587
36176,60069
36176,58559
36176,41997
55428,318
55428,480
55428,780
55428,1196
55428,377
55428,356
55428,5952
55428,7153
55428,4993
55428,2959
103217,58559
103217,1580
103217,356
103217,2028
103217,1198
103217,589
103217,648
103217,593
103217,2959
103217,6377
46257,3578
46257,5445
46257,33794
46257,8957
46257,6874
46257,5218
46257,45722
46257,34048
46257,45499
46257,2762
98454,457
98454,32
98454,858
98454,608
98454,356
98454,3897
98454,1617
98454,8784
98454,150
98454,593
12895,593
12895,2762
12895,296
12895,2858
12895,4995
12895,7323
12895,6539
12895,2324
12895,30749
12895,8873
27083,1078
27083,1077
27083,3812
27083,6993
27083,3814
27083,1265
27083,231
27083,2973
27083,1485
27083,1968
117431,1917
117431,1270
117431,1580
117431,1704
117431,2959
117431,2706
117431,1527
117431,4022
117431,1961
117431,165
79769,1307
79769,1961
79769,1968
79769,2396
79769,1198
79769,1186
79769,515
79769,527
79769,1641
79769,924
13163,5952
13163,4993
13163,69122
13163,6539
13163,4963
13163,7153
13163,356
13163,4239
13163,5378
13163,45722
91890,541
91890,778
91890,1265
91890,1214
91890,1198
91890,2692
91890,1676
91890,1391
91890,1258
91890,47
51230,593
51230,44191
51230,4963
51230,318
51230,54503
51230,46578
51230,223
51230,4011
51230,1089
51230,1517
135722,78499
135722,58559
135722,4993
135722,68358
135722,1196
135722,1198
135722,68954
135722,60069
135722,80463
135722,71535
136393,7438
136393,318
136393,377
136393,1270
136393,1222
136393,33794
136393,1527
136393,3948
136393,1923
136393,4262
108218,4226
108218,7361
108218,1884
108218,4979
108218,56367
108218,296
108218,327
108218,58559
108218,48394
108218,44195
37834,608
37834,1221
37834,1213
37834,1136
37834,1196
37834,356
37834,44555
37834,260
37834,55820
37834,2692
86094,1221
86094,2949
86094,1265
86094,48780
86094,912
86094,1080
86094,1204
86094,4047
86094,3996
86094,4033
56879,3545
56879,7941
56879,1939
56879,26472
56879,608
56879,2920
56879,4424
56879,2732
56879,2302
56879,3152
67615,6539
67615,79702
67615,69757
67615,7451
67615,91500
67615,72998
67615,80549
67615,5952
67615,7153
67615,81845
135834,858
135834,919
135834,1617
135834,1228
135834,1230
135834,8228
135834,2019
135834,7132
135834,913
135834,1304
93725,32
93725,150
93725,2571
93725,2858
93725,344
93725,1127
93725,924
93725,1580
93725,2123
93725,356
9561,80489
9561,80463
9561,356
9561,46578
9561,86833
9561,72011
9561,318
9561,8641
9561,84152
9561,86882
64892,608
64892,1136
64892,8961
64892,1060
64892,260
64892,2502
64892,1220
64892,4973
64892,1285
64892,1394
71196,8360
71196,5418
71196,40819
71196,1197
71196,33679
71196,4995
71196,3793
71196,8665
71196,6378
71196,5299
14506,31658
14506,46578
14506,7153
14506,356
14506,1136
14506,48385
14506,7361
14506,60069
14506,541
14506,109374
122000,70286
122000,2571
122000,593
122000,59315
122000,4878
122000,53953
122000,48516
122000,2841
122000,48774
122000,44191
45957,593
45957,318
45957,858
45957,50
45957,296
45957,4235
45957,306
45957,1193
45957,2324
45957,1172
119609,750
119609,8542
119609,2946
119609,6296
119609,910
119609,2716
119609,4499
119609,1078
119609,3396
119609,8610
77094,8360
77094,4973
77094,4223
77094,4306
77094,4720
77094,6016
77094,296
77094,8981
77094,39183
77094,64622
122701,527
122701,1210
122701,356
122701,3578
122701,296
122701,1196
122701,4226
122701,47
122701,2762
122701,648
15229,3000
15229,46578
15229,5618
15229,6711
15229,551
15229,56367
15229,4878
15229,8961
15229,5952
15229,2291
72440,1704
72440,2858
72440,2762
72440,46578
72440,44191
72440,48780
72440,4878
72440,5989
72440,46976
72440,3578
124208,110
124208,50
124208,2028
124208,32587
124208,527
124208,1252
124208,648
124208,59315
124208,1036
124208,73344
15349,1918
15349,2001
15349,165
15349,4016
15349,653
15349,3489
15349,5218
15349,7143
15349,2
15349,1393
103842,4995
103842,106438
103842,1197
103842,597
103842,2858
103842,1380
103842,1073
103842,2918
103842,1307
103842,64957
77874,1
77874,356
77874,1291
77874,1721
77874,4886
77874,587
77874,1704
77874,500
77874,58559
77874,1198
63920,7153
63920,4973
63920,5952
63920,858
63920,1214
63920,2959
63920,5618
63920,110
63920,1258
63920,1961
110106,50
110106,47
110106,2858
110106,593
110106,2959
110106,5418
110106,1265
110106,3578
110106,4995
110106,110
64496,44191
64496,33493
64496,8784
64496,8961
64496,3275
64496,30749
64496,33004
64496,8970
64496,45499
64496,34405
81000,68954
81000,63062
81000,30749
81000,55247
81000,3147
81000,59784
81000,69122
81000,6377
81000,6373
81000,73290
70243,81229
70243,60074
70243,67408
70243,56152
70243,63113
70243,79139
70243,60040
70243,69844
70243,33493
70243,60072
107877,8961
107877,55820
107877,60069
107877,5418
107877,54503
107877,48394
107877,52973
107877,44191
107877,40815
107877,7438
84363,4993
84363,7153
84363,5952
84363,3527
84363,1200
84363,480
84363,8961
84363,6377
84363,4886
84363,1
122684,7153
122684,2858
122684,1097
122684,480
122684,2028
122684,32
122684,1089
122684,6377
122684,377
122684,5445
104455,2959
104455,296
104455,56367
104455,53123
104455,1291
104455,2997
104455,593
104455,46976
104455,1265
104455,58047
107560,1968
107560,1923
107560,2329
107560,353
107560,3996
107560,58559
107560,48385
107560,2959
107560,293
107560,1089
99708,4896
99708,8368
99708,58559
99708,3578
99708,6539
99708,79132
99708,7143
99708,86644
99708,110
99708,65682
43726,1193
43726,593
43726,64620
43726,58559
43726,4226
43726,1747
43726,2407
43726,858
43726,1207
43726,55765
128561,480
128561,3793
128561,33004
128561,1136
128561,63859
128561,356
128561,69844
128561,6807
128561,44022
128561,58559
37628,60069
37628,8961
37628,5952
37628,4963
37628,58025
37628,5418
37628,34150
37628,70286
37628,54286
37628,45499
85049,3148
85049,3255
85049,5617
85049,3897
85049,4979
85049,1088
85049,7147
85049,3052
85049,2291
85049,4306
28165,5952
28165,527
28165,7153
28165,318
28165,593
28165,6874
28165,1148
28165,3000
28165,32
28165,110
102785,318
102785,87232
102785,260
102785,1214
102785,6539
102785,79132
102785,73017
102785,3275
102785,77561
102785,89745
107037,356
107037,296
107037,2959
107037,6377
107037,2858
107037,2502
107037,2571
107037,7361
107037,1
107037,6874
116685,51662
116685,1270
116685,5418
116685,6874
116685,56367
116685,858
116685,48394
116685,1206
116685,1580
116685,1682
134174,2000
134174,1291
134174,356
134174,1270
134174,4855
134174,2268
134174,2194
134174,5418
134174,6539
134174,6377
11596,48780
11596,68157
11596,96610
11596,80489
11596,53996
11596,55765
11596,94864
11596,46530
11596,72011
11596,81845
34401,3114
34401,2716
34401,3751
34401,2355
34401,45517
34401,1025
34401,2791
34401,745
34401,3507
34401,4016
95336,8961
95336,49272
95336,69844
95336,40815
95336,76093
95336,89745
95336,54259
95336,79132
95336,56152
95336,37729
4195,4226
4195,296
4195,48516
4195,318
4195,2571
4195,48780
4195,69122
4195,68157
4195,33794
4195,4262
121707,49272
121707,5349
121707,5010
121707,5418
121707,2706
121707,7458
121707,6377
121707,53996
121707,3753
121707,2959
115003,5952
115003,4993
115003,1721
115003,4886
115003,3114
115003,588
115003,2355
115003,7153
115003,44022
115003,60069
9709,1961
9709,1
9709,2959
9709,2762
9709,4973
9709,364
9709,4963
9709,8360
9709,3996
9709,50
37241,110
37241,588
37241,2571
37241,1210
37241,1073
37241,2762
37241,480
37241,8961
37241,4993
37241,5989
32323,2959
32323,2571
32323,296
32323,31658
32323,4226
32323,52885
32323,68237
32323,8961
32323,2716
32323,50
112723,50
112723,4226
112723,47
112723,4878
112723,55820
112723,1222
112723,1089
112723,64839
112723,69122
112723,76251
7899,3897
7899,5989
7899,4034
7899,1198
7899,5995
7899,1923
7899,30707
7899,2011
7899,1387
7899,3081
115420,6539
115420,2396
115420,2959
115420,912
115420,8368
115420,8360
115420,1923
115420,4963
115420,1961
115420,6874
8513,63082
8513,33166
8513,63876
8513,40819
8513,56367
8513,2612
8513,70293
8513,49961
8513,26116
8513,954
127163,356
127163,296
127163,2858
127163,46578
127163,4878
127163,1073
127163,2502
127163,500
127163,318
127163,364
17361,5816
17361,2324
17361,4995
17361,6377
17361,2762
17361,4306
17361,6942
17361,1968
17361,5377
17361,4308
95363,45722
95363,60069
95363,5378
95363,2959
95363,318
95363,33493
95363,33679
95363,79132
95363,44191
95363,1036
54233,2019
54233,527
54233,5995
54233,2324
54233,923
54233,3089
54233,1089
54233,1228
54233,1252
54233,47
106023,356
106023,1203
106023,318
106023,593
106023,1219
106023,48780
106023,5618
106023,48394
106023,608
106023,4995
124971,1625
124971,2353
124971,7254
124971,2407
124971,1597
124971,318
124971,47
124971,1954
124971,1909
124971,8464
75802,608
75802,7153
75802,1136
75802,5952
75802,4226
75802,4993
75802,4973
75802,4027
75802,50
75802,2395
85292,919
85292,500
85292,594
85292,2085
85292,1101
85292,318
85292,1210
85292,480
85292,2096
85292,2000
107992,318
107992,54286
107992,2959
107992,44199
107992,88125
107992,628
107992,81834
107992,96610
107992,91500
107992,91658
21316,3578
21316,527
21316,32
21316,590
21316,593
21316,6
21316,3252
21316,4886
21316,2542
21316,2843
62805,60684
62805,2003
62805,260
62805,3793
62805,2193
62805,1210
62805,3996
62805,2105
62805,1196
62805,1215
122008,2959
122008,2571
122008,4993
122008,59315
122008,8360
122008,4896
122008,32587
122008,5218
122008,8636
122008,78499
63005,356
63005,593
63005,1291
63005,1527
63005,1198
63005,380
63005,4011
63005,32
63005,2329
63005,8961
10360,589
10360,58559
10360,858
10360,4993
10360,592
10360,541
10360,1265
10360,1704
10360,48780
10360,4306
130156,1732
130156,1274
130156,2329
130156,1136
130156,54503
130156,55820
130156,2716
130156,1210
130156,4979
130156,608
54380,2959
54380,1089
54380,1968
54380,296
54380,318
54380,2858
54380,1288
54380,1394
54380,1247
54380,3481
21835,58559
21835,1270
21835,2959
21835,1240
21835,1527
21835,4306
21835,1136
21835,6874
21835,2028
21835,1197
123604,318
123604,46578
123604,58559
123604,593
123604,69757
123604,68954
123604,4306
123604,44191
123604,1682
123604,2291
137241,89745
137241,5971
137241,6539
137241,58559
137241,4896
137241,31658
137241,106920
137241,81591
137241,2571
137241,72998
53553,68358
53553,6874
53553,858
53553,72998
53553,4306
53553,48780
53553,150
53553,7438
53553,1270
53553,1221
26229,32587
26229,648
26229,6383
26229,1722
26229,3623
26229,7438
26229,56156
26229,33679
26229,68205
26229,1517
74098,7361
74098,99114
74098,2997
74098,2395
74098,2542
74098,55820
74098,608
74098,3868
74098,223
74098,6807
81204,7361
81204,2797
81204,2571
81204,1
81204,1517
81204,34
81204,2683
81204,1210
81204,1028
81204,1246
1587,6502
1587,1089
1587,2959
1587,55820
1587,296
1587,27773
1587,5833
1587,1222
1587,1215
1587,4011
17763,4963
17763,1917
17763,2762
17763,3578
17763,5989
17763,3948
17763,4823
17763,33679
17763,7293
17763,318
42103,593
42103,1954
42103,457
42103,1610
42103,2028
42103,1027
42103,2420
42103,4886
42103,2268
42103,5989
17767,3578
17767,2571
17767,593
17767,457
17767,2762
17767,110
17767,1
17767,89745
17767,91529
17767,79132
81092,58559
81092,2571
81092,2329
81092,2028
81092,3949
81092,45081
81092,527
81092,1193
81092,42723
81092,68952
133047,103253
133047,104243
133047,33794
133047,56145
133047,94864
133047,66171
133047,102445
133047,111759
133047,111362
133047,89774
73684,69844
73684,8368
73684,5816
73684,8533
73684,59421
73684,4896
73684,60072
73684,56949
73684,49910
73684,58998
73804,1240
73804,1036
73804,589
73804,1954
73804,3527
73804,474
73804,1200
73804,2028
73804,1923
73804,3107
103258,3730
103258,1247
103258,527
103258,858
103258,608
103258,750
103258,1203
103258,50
103258,3504
103258,912
50459,68954
50459,3578
50459,1291
50459,1198
50459,58559
50459,54286
50459,4963
50459,72998
50459,318
50459,73017
138386,3793
138386,60040
138386,3578
138386,6539
138386,86332
138386,95510
138386,6874
138386,88125
138386,84152
138386,56174
51145,541
51145,3471
51145,1079
51145,3751
51145,904
51145,1206
51145,1204
51145,899
51145,1097
51145,1270
27457,593
27457,2997
27457,2329
27457,1682
27457,5902
27457,1265
27457,32
27457,4878
27457,81591
27457,608
131783,1136
131783,1210
131783,1198
131783,1196
131783,7153
131783,2571
131783,318
131783,1
131783,47
131783,4226
76079,318
76079,3897
76079,5902
76079,2580
76079,25
76079,2329
76079,1358
76079,1285
76079,5225
76079,2692
123934,4973
123934,2997
123934,4226
123934,593
123934,50
123934,2291
123934,2329
123934,223
123934,7361
123934,4878
78424,928
78424,903
78424,902
78424,1090
78424,55276
78424,44555
78424,1704
78424,4322
78424,296
78424,318
137280,1394
137280,3359
137280,3364
137280,899
137280,1333
137280,927
137280,1254
137280,7055
137280,2288
137280,1104
74004,527
74004,5418
74004,1580
74004,4963
74004,356
74004,589
74004,3793
74004,5349
74004,150
74004,44665
109403,4226
109403,318
109403,2571
109403,48780
109403,49530
109403,7361
109403,8961
109403,2542
109403,51255
109403,110
8354,5932
8354,6666
8354,924
8354,2731
8354,8638
8354,7063
8354,162
8354,1206
8354,8949
8354,750
75988,5418
75988,6333
75988,1291
75988,1210
75988,2502
75988,4963
75988,480
75988,150
75988,4995
75988,41566
86198,32587
86198,50068
86198,51662
86198,48385
86198,8970
86198,35836
86198,34162
86198,48783
86198,8784
86198,30749
15772,2329
15772,47
15772,733
15772,44191
15772,2571
15772,356
15772,2959
15772,48516
15772,58559
15772,8961
9745,260
9745,953
9745,4327
9745,7153
9745,1704
9745,457
9745,31116
9745,1203
9745,1196
9745,920
30652,32
30652,5952
30652,4993
30652,2353
30652,33166
30652,4022
30652,4776
30652,7153
30652,6
30652,30707
125411,1210
125411,47
125411,593
125411,260
125411,4306
125411,7153
125411,1
125411,32587
125411,31658
125411,44191
117016,40815
117016,1270
117016,49530
117016,6502
117016,1214
117016,44665
117016,733
117016,1573
117016,1200
117016,2706
106697,4226
106697,50
106697,33794
106697,296
106697,593
106697,6874
106697,48516
106697,56367
106697,356
106697,1270
7058,608
7058,58559
7058,63082
7058,35836
7058,474
7058,8665
7058,44199
7058,1222
7058,858
7058,454
106481,48780
106481,59315
106481,4886
106481,8644
106481,33794
106481,2571
106481,7153
106481,4306
106481,4993
106481,5378
36215,2858
36215,4306
36215,4886
36215,4993
36215,1089
36215,1527
36215,7438
36215,5349
36215,253
36215,1136
116763,5952
116763,293
116763,2959
116763,648
116763,4011
116763,1961
116763,32
116763,7153
116763,1732
116763,1193
95657,4226
95657,46578
95657,51662
95657,2716
95657,5952
95657,7153
95657,2502
95657,33794
95657,6874
95657,7438
115822,60069
115822,81932
115822,51255
115822,50
115822,80489
115822,76251
115822,527
115822,5989
115822,1213
115822,858
5691,31658
5691,48394
5691,1348
5691,5618
5691,44191
5691,1206
5691,6502
5691,2010
5691,4878
5691,1080
25106,3201
25106,4306
25106,6377
25106,6711
25106,994
25106,527
25106,1197
25106,150
25106,2858
25106,3363
43898,50872
43898,54286
43898,59315
43898,58559
43898,33794
43898,7361
43898,48394
43898,72998
43898,46578
43898,63082
126750,1262
126750,1207
126750,1234
126750,2571
126750,2762
126750,940
126750,2947
126750,1252
126750,2728
126750,1225
105819,356
105819,593
105819,1221
105819,110
105819,1136
105819,49272
105819,5418
105819,733
105819,527
105819,1617
35578,296
35578,4878
35578,68157
35578,70286
35578,1136
35578,58559
35578,69122
35578,480
35578,74458
35578,4226
5500,3578
5500,356
5500,2683
5500,44191
5500,4963
5500,367
5500,231
5500,1136
5500,4011
5500,48385
19969,8961
19969,4886
19969,6539
19969,1270
19969,1380
19969,2291
19969,1197
19969,54503
19969,30793
19969,8360
63551,106782
63551,3147
63551,4022
63551,60069
63551,87232
63551,78499
63551,780
63551,6365
63551,112623
63551,6934
42143,1097
42143,3552
42143,1136
42143,8528
42143,1387
42143,1968
42143,2000
42143,42738
42143,1580
42143,58559
129993,58559
129993,2858
129993,3949
129993,8914
129993,112556
129993,48394
129993,2329
129993,4973
129993,7153
129993,296
124087,1198
124087,45722
124087,49272
124087,6539
124087,356
124087,53125
124087,8961
124087,8360
124087,6333
124087,3793
27617,1196
27617,260
27617,356
27617,1258
27617,1387
27617,4361
27617,1250
27617,923
27617,1090
27617,5991
50045,26172
50045,2726
50045,7895
50045,5712
50045,1304
50045,1303
50045,1234
50045,5956
50045,159
50045,8765
74750,7153
74750,596
74750,588
74750,2571
74750,527
74750,595
74750,60069
74750,356
74750,2858
74750,68954
122673,457
122673,539
122673,1198
122673,1307
122673,1302
122673,440
122673,2001
122673,2949
122673,1291
122673,2989
98384,48780
98384,2858
98384,593
98384,293
98384,858
98384,3000
98384,32587
98384,4262
98384,1221
98384,44191
49065,1196
49065,318
49065,3114
49065,4878
49065,33794
49065,1240
49065,47
49065,4995
49065,5349
49065,6711
82016,318
82016,908
82016,1193
82016,457
82016,2324
82016,50
82016,1617
82016,356
82016,2268
82016,1278
77737,7361
77737,2858
77737,858
77737,3671
77737,1394
77737,1704
77737,1307
77737,2859
77737,912
77737,1220
130421,4226
130421,1214
130421,4306
130421,2997
130421,1270
130421,4235
130421,1097
130421,364
130421,110
130421,589
122162,1207
122162,5418
122162,527
122162,6787
122162,3363
122162,3735
122162,296
122162,2915
122162,898
122162,260
84556,750
84556,858
84556,50
84556,1213
84556,6016
84556,608
84556,5952
84556,1222
84556,1221
84556,7361
25429,1258
25429,74458
25429,46578
25429,1527
25429,3949
25429,7153
25429,5952
25429,68157
25429,2762
25429,3996
77963,587
77963,2268
77963,1408
77963,1580
77963,3753
77963,1090
77963,2716
77963,1304
77963,2918
77963,1089
115164,82459
115164,7445
115164,84392
115164,47610
115164,55765
115164,7143
115164,5152
115164,91529
115164,96432
115164,8798
22273,5445
22273,2580
22273,3578
22273,3897
22273,592
22273,1704
22273,8874
22273,3052
22273,3176
22273,3160
117508,4226
117508,99114
117508,79132
117508,4262
117508,7361
117508,74458
117508,88129
117508,92259
117508,51662
117508,48780
137472,33794
137472,4993
137472,4306
137472,6377
137472,7153
137472,8368
137472,356
137472,2762
137472,4886
137472,5418
9197,8949
9197,63082
9197,30822
9197,6254
9197,25827
9197,53894
9197,70293
9197,33154
9197,40583
9197,50685
134026,41566
134026,2571
134026,4306
134026,50872
134026,6942
134026,54286
134026,4995
134026,6333
134026,54001
134026,66934
74705,33794
74705,6
74705,3793
74705,6333
74705,55820
74705,2291
74705,1275
74705,2858
74705,54503
74705,41566
51611,7360
51611,2662
51611,4966
51611,2288
51611,2366
51611,2232
51611,2985
51611,1219
51611,4533
51611,2174
85014,1527
85014,1240
85014,541
85014,7438
85014,55820
85014,1291
85014,778
85014,293
85014,1258
85014,1183
35947,6539
35947,33794
35947,1198
35947,318
35947,5418
35947,1721
35947,593
35947,527
35947,2683
35947,4306
84993,1136
84993,593
84993,32
84993,2959
84993,296
84993,7438
84993,480
84993,33794
84993,356
84993,60069
136747,1036
136747,1221
136747,50
136747,590
136747,3578
136747,7502
136747,58559
136747,1291
136747,1240
136747,1019
25779,4993
25779,5349
25779,1580
25779,3052
25779,6333
25779,2571
25779,45722
25779,4886
25779,33794
25779,296
37833,2028
37833,364
37833,356
37833,595
37833,2762
37833,527
37833,6539
37833,6934
37833,4022
37833,6377
87866,2706
87866,1682
87866,8957
87866,593
87866,8622
87866,1376
87866,296
87866,3409
87866,47
87866,5944
78615,88744
78615,6539
78615,6548
78615,63131
78615,52973
78615,8807
78615,31685
78615,6874
78615,67087
78615,45722
91740,2288
91740,6979
91740,1127
91740,1291
91740,1356
91740,750
91740,1270
91740,1584
91740,7569
91740,8622
21186,49272
21186,59315
21186,58559
21186,64614
21186,36517
21186,78499
21186,44195
21186,69481
21186,64957
21186,38038
63765,1580
63765,1270
63765,2571
63765,588
63765,2762
63765,7153
63765,4993
63765,648
63765,5952
63765,260
48653,318
48653,589
48653,296
48653,2959
48653,3578
48653,2762
48653,1721
48653,4896
48653,1073
48653,32587
82811,6711
82811,318
82811,1222
82811,2959
82811,4226
82811,76738
82811,55820
82811,541
82811,2571
82811,1221
137648,8798
137648,8961
137648,8360
137648,5218
137648,33004
137648,35836
137648,7361
137648,34162
137648,33794
137648,8376
114302,1198
114302,1527
114302,33493
114302,316
114302,4018
114302,380
114302,1485
114302,5502
114302,1544
114302,4022
8379,1291
8379,1234
8379,6377
8379,318
8379,1036
8379,1210
8379,1262
8379,2728
8379,1200
8379,3578
112333,2959
112333,69122
112333,356
112333,5349
112333,4963
112333,2571
112333,3114
112333,68358
112333,41566
112333,96079
98898,2571
98898,1704
98898,110
98898,527
98898,150
98898,733
98898,2028
98898,457
98898,377
98898,3578
70386,5995
70386,858
70386,912
70386,50912
70386,7934
70386,356
70386,750
70386,2160
70386,60037
70386,59387
38156,27317
38156,37733
38156,27722
38156,33834
38156,32587
38156,41569
38156,34542
38156,7981
38156,27801
38156,6643
17163,1265
17163,2858
17163,4306
17163,8949
17163,7361
17163,79132
17163,2700
17163,2959
17163,2502
17163,3994
124379,356
124379,318
124379,2571
124379,50
124379,527
124379,99114
124379,47
124379,60069
124379,63082
124379,1136
129314,2762
129314,1210
129314,1196
129314,260
129314,296
129314,2959
129314,5952
129314,780
129314,527
129314,1580
116320,4979
116320,7361
116320,1208
116320,50
116320,2858
116320,1213
116320,1193
116320,30810
116320,912
116320,1089
40504,110
40504,3578
40504,356
40504,318
40504,4896
40504,1704
40504,2571
40504,5010
40504,3448
40504,3147
93998,2716
93998,592
93998,2628
93998,356
93998,2028
93998,4963
93998,2762
93998,318
93998,653
93998,364
54439,1097
54439,457
54439,1214
54439,364
54439,50
54439,5952
54439,592
54439,588
54439,597
54439,344
40275,858
40275,527
40275,4306
40275,2762
40275,4973
40275,32587
40275,47
40275,593
40275,5418
40275,2329
74830,457
74830,4306
74830,780
74830,1198
74830,318
74830,377
74830,1291
74830,2396
74830,2571
74830,4993
36709,589
36709,4886
36709,60069
36709,2028
36709,1097
36709,3996
36709,318
36709,5445
36709,6333
36709,1265
49453,1214
49453,50
49453,4226
49453,1089
49453,1221
49453,2571
49453,858
49453,318
49453,1208
49453,7387
136920,2028
136920,1208
136920,2329
136920,1196
136920,904
136920,912
136920,750
136920,356
136920,110
136920,4973
94080,4226
94080,1225
94080,919
94080,4973
94080,50
94080,1222
94080,1080
94080,5669
94080,778
94080,1291
5057,480
5057,7153
5057,2959
5057,6539
5057,4993
5057,4306
5057,589
5057,47
5057,318
5057,2028
60795,356
60795,318
60795,63082
60795,165
60795,589
60795,72011
60795,2571
60795,527
60795,4995
60795,71579
6814,593
6814,296
6814,48385
6814,5816
6814,8641
6814,1258
6814,608
6814,356
6814,4816
6814,592
85224,58559
85224,2858
85224,2959
85224,60069
85224,50
85224,46578
85224,68157
85224,8874
85224,70286
85224,4878
17202,2571
17202,58559
17202,2959
17202,1136
17202,593
17202,1208
17202,1223
17202,527
17202,2329
17202,1089
111528,59315
111528,5952
111528,7153
111528,4993
111528,750
111528,5418
111528,924
111528,54286
111528,33794
111528,4878
18572,110
18572,2028
18572,318
18572,1136
18572,1270
18572,344
18572,4963
18572,33794
18572,6377
18572,4886
54016,6365
54016,5254
54016,4306
54016,5349
54016,6539
54016,1580
54016,2706
54016,5218
54016,780
54016,673
65729,8644
65729,69122
65729,59369
65729,6365
65729,34150
65729,1580
65729,3578
65729,45499
65729,8807
65729,44191
122999,6539
122999,3421
122999,1234
122999,3996
122999,1
122999,2762
122999,1208
122999,6874
122999,1704
122999,1246
96224,2692
96224,99114
96224,1844
96224,55814
96224,70286
96224,6291
96224,858
96224,2997
96224,293
96224,2762
57099,6942
57099,2858
57099,4973
57099,7147
57099,6711
57099,46976
57099,53123
57099,337
57099,5952
57099,4014
133075,58559
133075,79132
133075,60069
133075,2571
133075,88744
133075,70286
133075,33794
133075,6502
133075,89745
133075,79057
29464,3275
29464,1233
29464,1617
29464,1676
29464,4886
29464,2115
29464,5903
29464,68358
29464,592
29464,1610
95067,527
95067,778
95067,3083
95067,1225
95067,5952
95067,4226
95067,1246
95067,3081
95067,1193
95067,7153
111365,50
111365,7361
111365,296
111365,4973
111365,1
111365,2571
111365,293
111365,4306
111365,1270
111365,4226
25894,4886
25894,364
25894,356
25894,500
25894,593
25894,8360
25894,2683
25894,1270
25894,597
25894,377
71798,52973
71798,48385
71798,34162
71798,39183
71798,33880
71798,69122
71798,597
71798,8784
71798,2502
71798,7361
83373,6228
83373,4921
83373,3713
83373,5963
83373,4920
83373,1177
83373,2442
83373,4211
83373,1956
83373,1678
50450,1291
50450,4993
50450,2355
50450,4896
50450,2791
50450,594
50450,1220
50450,364
50450,3751
50450,1225
93374,7361
93374,306
93374,48394
93374,63082
93374,6711
93374,1175
93374,1136
93374,318
93374,2467
93374,5971
111801,2571
111801,47
111801,2959
111801,296
111801,2762
111801,2858
111801,1704
111801,590
111801,150
111801,4973
85811,68954
85811,356
85811,60069
85811,4896
85811,4886
85811,40815
85811,109487
85811,1907
85811,1721
85811,88405
30079,2762
30079,1197
30079,4995
30079,1028
30079,1302
30079,1198
30079,1259
30079,150
30079,8636
30079,5349
69708,1222
69708,7153
69708,2762
69708,1270
69708,589
69708,480
69708,1213
69708,1
69708,592
69708,924
15165,54001
15165,356
15165,40815
15165,2858
15165,35836
15165,54272
15165,4995
15165,5418
15165,55820
15165,30793
113287,480
113287,296
113287,356
113287,79132
113287,110
113287,58559
113287,3578
113287,49272
113287,49530
113287,2329
86842,8636
86842,1136
86842,4886
86842,2700
86842,3996
86842,6874
86842,367
86842,7438
86842,2987
86842,296
102434,1089
102434,2502
102434,50
102434,5902
102434,1258
102434,858
102434,1136
102434,4914
102434,4878
102434,1288
45803,47
45803,50
45803,6016
45803,2858
45803,778
45803,1222
45803,4878
45803,60069
45803,293
45803,3000
14460,41566
14460,2571
14460,5349
14460,6754
14460,8636
14460,31696
14460,8874
14460,42738
14460,6365
14460,3996
873,541
873,4973
873,32
873,2571
873,589
873,1214
873,4011
873,5618
873,6711
873,1291
109133,7153
109133,750
109133,1222
109133,4011
109133,4226
109133,858
109133,1198
109133,1258
109133,1214
109133,4034
45011,6016
45011,70286
45011,1258
45011,48394
45011,3147
45011,48516
45011,27773
45011,63082
45011,3578
45011,81591
105607,6711
105607,5669
105607,1307
105607,8961
105607,1673
105607,1394
105607,2268
105607,1242
105607,7361
105607,8949
21977,4306
21977,76093
21977,79091
21977,34405
21977,3745
21977,7254
21977,33004
21977,68358
21977,5816
21977,54001
121148,480
121148,1704
121148,1136
121148,32
121148,51662
121148,3793
121148,589
121148,44191
121148,7438
121148,4027
52216,48516
52216,1198
52216,110
52216,2028
52216,1089
52216,1036
52216,1193
52216,1213
52216,541
52216,55820
4046,1036
4046,5952
4046,7153
4046,356
4046,1270
4046,2571
4046,318
4046,6539
4046,4993
4046,1580
36409,858
36409,527
36409,3949
36409,296
36409,58559
36409,6016
36409,30707
36409,293
36409,6870
36409,1061
43539,7153
43539,5952
43539,648
43539,1036
43539,7438
43539,2571
43539,81591
43539,1246
43539,1097
43539,1954
93132,8797
93132,3030
93132,8507
93132,30892
93132,1361
93132,7256
93132,1147
93132,5059
93132,6062
93132,7013
23795,356
23795,48516
23795,3147
23795,33660
23795,58559
23795,593
23795,1221
23795,3578
23795,2571
23795,2762
116188,1089
116188,5903
116188,53000
116188,1653
116188,3300
116188,73017
116188,7147
116188,3147
116188,48394
116188,48780
25511,2762
25511,527
25511,1197
25511,8784
25511,247
25511,8464
25511,799
25511,2324
25511,6711
25511,288
129349,6377
129349,2571
129349,5418
129349,33794
129349,8665
129349,54286
129349,81845
129349,80463
129349,68358
129349,2115
12064,2571
12064,296
12064,2329
12064,924
12064,3949
12064,318
12064,1206
12064,1270
12064,1214
12064,356
137608,1196
137608,4226
137608,1089
137608,750
137608,318
137608,111
137608,1208
137608,4973
137608,589
137608,1617
61728,5502
61728,6058
61728,52328
61728,87430
61728,5445
61728,79132
61728,67197
61728,6874
61728,32587
61728,4643
85560,2080
85560,362
85560,1588
85560,2161
85560,1126
85560,2565
85560,1028
85560,1380
85560,3639
85560,3157
25216,1193
25216,4226
25216,608
25216,904
25216,1219
25216,6016
25216,4878
25216,6711
25216,2997
25216,1196
1539,54503
1539,5952
1539,2858
1539,35836
1539,3949
1539,56367
1539,593
1539,2502
1539,2329
1539,4886
32428,4226
32428,3578
32428,2329
32428,110
32428,589
32428,4993
32428,79132
32428,318
32428,858
32428,364
59179,2858
59179,6874
59179,3949
59179,32587
59179,2542
59179,4306
59179,441
59179,4995
59179,260
59179,1704
72504,2858
72504,4306
72504,2571
72504,4963
72504,1291
72504,1580
72504,47
72504,8360
72504,1961
72504,5445
31729,60069
31729,296
31729,4886
31729,2028
31729,6539
31729,2858
31729,527
31729,54286
31729,4226
31729,50
70034,8950
70034,608
70034,27773
70034,778
70034,1219
70034,32
70034,4848
70034,6502
70034,1221
70034,924
3356,2959
3356,3253
3356,296
3356,2858
3356,342
3356,4571
3356,3254
3356,7438
3356,3081
3356,33004
42451,356
42451,4306
42451,1225
42451,40815
42451,5349
42451,3996
42451,5991
42451,2571
42451,8961
42451,8368
69157,318
69157,2571
69157,593
69157,2858
69157,296
69157,7361
69157,5952
69157,480
69157,527
69157,7438
34443,260
34443,1210
34443,3793
34443,589
34443,150
34443,6377
34443,4886
34443,527
34443,4306
34443,2501
11699,6539
11699,4306
11699,81845
11699,4308
11699,4973
11699,79132
11699,1
11699,364
11699,56367
11699,104374
114461,480
114461,6377
114461,50
114461,1197
114461,47
114461,608
114461,60069
114461,541
114461,3996
114461,780
110003,593
110003,3996
110003,4973
110003,356
110003,6539
110003,49272
110003,1270
110003,5418
110003,7438
110003,6874
122705,924
122705,2683
122705,150
122705,2085
122705,965
122705,345
122705,1287
122705,1208
122705,3421
122705,27075
60533,38038
60533,54001
60533,8961
60533,34405
60533,45499
60533,41569
60533,54272
60533,54286
60533,53972
60533,60069
71892,47
71892,32
71892,1036
71892,4011
71892,2329
71892,58559
71892,3578
71892,4226
71892,1221
71892,1374
2367,7153
2367,91529
2367,2959
2367,1274
2367,1748
2367,5952
2367,593
2367,2997
2367,1291
2367,1197
63615,60126
63615,56775
63615,8972
63615,60069
63615,1
63615,46972
63615,4886
63615,90249
63615,8984
63615,1291
42106,7153
42106,919
42106,1
42106,2080
42106,150
42106,1207
42106,364
42106,527
42106,4886
42106,356
30272,4011
30272,2959
30272,61323
30272,6711
30272,68157
30272,33166
30272,27416
30272,44694
30272,593
30272,318
67620,1704
67620,58559
67620,2329
67620,50
67620,2997
67620,44191
67620,4011
67620,7147
67620,4995
67620,2918
83555,2871
83555,1265
83555,924
83555,356
83555,2109
83555,4478
83555,1263
83555,1387
83555,1258
83555,3552
46844,27611
46844,1036
46844,76251
46844,63433
46844,2918
46844,2762
46844,84152
46844,85414
46844,68237
46844,1704
43210,60069
43210,3275
43210,4993
43210,1682
43210,6539
43210,4816
43210,1206
43210,1265
43210,8641
43210,750
29372,8368
29372,4306
29372,6539
29372,1291
29372,2571
29372,4886
29372,1
29372,33493
29372,40815
29372,2502
91123,541
91123,260
91123,593
91123,2858
91123,296
91123,1136
91123,46578
91123,6711
91123,50
91123,1234
131636,4226
131636,79132
131636,1198
131636,4973
131636,2571
131636,2324
131636,858
131636,50
131636,541
131636,356
133032,356
133032,92259
133032,527
133032,2324
133032,318
133032,3967
133032,55442
133032,60069
133032,5995
133032,364
75531,110
75531,60069
75531,68157
75531,2329
75531,68954
75531,318
75531,858
75531,3147
75531,4973
75531,4011
30450,356
30450,527
30450,4226
30450,50
30450,99114
30450,68157
30450,92259
30450,50872
30450,6377
30450,8961
129229,2194
129229,2683
129229,858
129229,1230
129229,1221
129229,3362
129229,1732
129229,50
129229,2858
129229,1172
14316,5618
14316,296
14316,5952
14316,1210
14316,7153
14316,1197
14316,2959
14316,593
14316,7438
14316,260
78439,1196
78439,1210
78439,6539
78439,527
78439,4993
78439,260
78439,296
78439,8360
78439,457
78439,1197
42054,593
42054,2858
42054,4973
42054,6502
42054,6016
42054,3556
42054,2329
42054,2232
42054,1732
42054,3000
121581,6377
121581,1270
121581,5952
121581,7153
121581,4993
121581,59784
121581,2011
121581,81834
121581,1580
121581,69122
96952,7587
96952,50872
96952,31374
96952,5008
96952,6643
96952,1212
96952,79132
96952,8961
96952,79091
96952,6377
96057,1196
96057,1347
96057,1291
96057,7387
96057,1213
96057,7022
96057,8957
96057,4993
96057,4226
96057,70286
127709,318
127709,3578
127709,47
127709,3793
127709,7153
127709,1240
127709,2858
127709,7438
127709,356
127709,5445
117611,1073
117611,58559
117611,44191
117611,33794
117611,51255
117611,2791
117611,44195
117611,1278
117611,7153
117611,6863
137868,6377
137868,4014
137868,5952
137868,5878
137868,1210
137868,4246
137868,40629
137868,6218
137868,4963
137868,356
9030,1136
9030,4011
9030,2858
9030,2571
9030,318
9030,2959
9030,50
9030,2997
9030,296
9030,1732
123207,1198
123207,1213
123207,608
123207,1240
123207,1617
123207,1200
123207,1228
123207,1394
123207,1090
123207,593
17370,2858
17370,68157
17370,8798
17370,6870
17370,4973
17370,903
17370,2542
17370,6942
17370,27773
17370,55820
3896,589
3896,296
3896,1
3896,1097
3896,1240
3896,1036
3896,457
3896,7153
3896,2716
3896,110
20089,296
20089,1198
20089,1197
20089,527
20089,3000
20089,2858
20089,260
20089,1196
20089,2502
20089,32
25525,1199
25525,1208
25525,31270
25525,4754
25525,1732
25525,3693
25525,5909
25525,3970
25525,3202
25525,7991
27305,5445
27305,1580
27305,648
27305,4306
27305,780
27305,165
27305,1722
27305,5378
27305,8644
27305,1370
94941,2028
94941,68157
94941,296
94941,54997
94941,1262
94941,2944
94941,858
94941,49272
94941,1036
94941,5010
86955,81562
86955,88125
86955,81834
86955,73017
86955,72011
86955,356
86955,5952
86955,88810
86955,44191
86955,72998
74028,3479
74028,1025
74028,1250
74028,904
74028,2398
74028,6832
74028,33794
74028,3793
74028,965
74028,2716
47497,1265
47497,32
47497,1198
47497,2028
47497,1214
47497,4034
47497,2997
47497,1291
47497,110
47497,457
110280,56757
110280,60069
110280,6539
110280,73017
110280,4014
110280,74789
110280,1197
110280,41566
110280,79132
110280,1035
31519,7361
31519,2571
31519,80463
31519,58559
31519,81845
31519,68157
31519,5995
31519,92259
31519,60069
31519,74458
57029,2571
57029,593
57029,1210
57029,589
57029,356
57029,2959
57029,318
57029,1198
57029,110
57029,4963
92103,342
92103,4351
92103,1721
92103,4246
92103,2858
92103,2739
92103,2671
92103,356
92103,7160
92103,3418
138416,3578
138416,1198
138416,2762
138416,2716
138416,527
138416,377
138416,72998
138416,51662
138416,1291
138416,344
127906,293
127906,480
127906,50
127906,7361
127906,589
127906,60069
127906,49272
127906,541
127906,1291
127906,68358
32612,480
32612,1220
32612,1198
32612,1136
32612,2791
32612,2762
32612,924
32612,3052
32612,1923
32612,1704
120499,1036
120499,4973
120499,58559
120499,3578
120499,3949
120499,6016
120499,318
120499,480
120499,48394
120499,1997
112355,70286
112355,59315
112355,8966
112355,7361
112355,8874
112355,68954
112355,2908
112355,76251
112355,71535
112355,39183
60877,3949
60877,593
60877,318
60877,47
60877,32
60877,608
60877,2019
60877,3006
60877,55118
60877,48394
22289,68157
22289,50
22289,63082
22289,3578
22289,59315
22289,3275
22289,6874
22289,480
22289,2858
22289,593
120733,608
120733,68157
120733,2329
120733,32
120733,8950
120733,30810
120733,58559
120733,2502
120733,7147
120733,27773
12832,99114
12832,1240
12832,1196
12832,260
12832,2858
12832,296
12832,527
12832,593
12832,1193
12832,7361
107672,1307
107672,3408
107672,56367
107672,5299
107672,1704
107672,33679
107672,48516
107672,6787
107672,1959
107672,4034
134418,1196
134418,50
134418,5418
134418,72998
134418,3527
134418,480
134418,6874
134418,2028
134418,165
134418,6711
125870,595
125870,2762
125870,364
125870,1028
125870,318
125870,2028
125870,6565
125870,4995
125870,1721
125870,1198
36727,99114
36727,47099
36727,64614
36727,4963
36727,72641
36727,7143
36727,2324
36727,2706
36727,54286
36727,59369
66172,1215
66172,1032
66172,1282
66172,1097
66172,551
66172,7361
66172,2987
66172,2232
66172,58559
66172,968
48002,1089
48002,750
48002,260
48002,593
48002,608
48002,1208
48002,2395
48002,541
48002,48774
48002,858
12198,1258
12198,79132
12198,68237
12198,4226
12198,608
12198,32
12198,48394
12198,1073
12198,1265
12198,44191
90220,58998
90220,318
90220,7361
90220,58559
90220,593
90220,63131
90220,74458
90220,1089
90220,2571
90220,67087
23052,8939
23052,33004
23052,8949
23052,4011
23052,6323
23052,4370
23052,33166
23052,1240
23052,8371
23052,8783
91950,31658
91950,356
91950,26662
91950,3996
91950,33794
91950,33493
91950,110
91950,3578
91950,1198
91950,5349
37242,2571
37242,1722
37242,4993
37242,5952
37242,2763
37242,3082
37242,520
37242,1275
37242,2273
37242,163
117196,1198
117196,6377
117196,3793
117196,318
117196,2571
117196,5952
117196,7153
117196,4306
117196,356
117196,5349
101182,5952
101182,5618
101182,7669
101182,81845
101182,515
101182,912
101182,4973
101182,7099
101182,539
101182,26662
51107,7153
51107,1704
51107,5989
51107,6539
51107,3147
51107,4306
51107,2353
51107,2671
51107,1088
51107,8360
91423,648
91423,318
91423,7153
91423,1270
91423,3578
91423,3114
91423,595
91423,1704
91423,4995
91423,8665
38302,5952
38302,7153
38302,4993
38302,2193
38302,3996
38302,2762
38302,4226
38302,1136
38302,1222
38302,2150
82034,2918
82034,2571
82034,1270
82034,1197
82034,7147
82034,6539
82034,1784
82034,2716
82034,364
82034,8961
29263,6539
29263,5989
29263,500
29263,4995
29263,3098
29263,1393
29263,6377
29263,4857
29263,2716
29263,588
30620,32587
30620,49530
30620,35836
30620,8874
30620,33794
30620,44195
30620,49272
30620,8376
30620,58559
30620,59315
42727,589
42727,1270
42727,1265
42727,3996
42727,1704
42727,260
42727,908
42727,47
42727,8228
42727,590
61455,1270
61455,593
61455,4226
61455,61323
61455,64839
61455,2502
61455,47
61455,2716
61455,1073
61455,2395
119175,2858
119175,2997
119175,1270
119175,1036
119175,1265
119175,36
119175,3362
119175,300
119175,2716
119175,260
5593,2959
5593,3578
5593,648
5593,318
5593,480
5593,8636
5593,110
5593,380
5593,1197
5593,60069
20937,356
20937,2858
20937,593
20937,2329
20937,1721
20937,4995
20937,63082
20937,367
20937,47
20937,318
48798,3578
48798,1291
48798,1610
48798,26614
48798,593
48798,1272
48798,1270
48798,1210
48798,2944
48798,1204
2387,296
2387,2858
2387,3949
2387,1193
2387,1258
2387,44974
2387,46578
2387,2329
2387,6711
2387,3160
30172,39183
30172,37741
30172,37729
30172,49272
30172,8958
30172,30810
30172,8970
30172,40583
30172,56367
30172,41566
99281,3996
99281,4886
99281,8961
99281,2571
99281,6539
99281,31658
99281,4973
99281,3793
99281,6377
99281,4027
36628,33794
36628,3052
36628,223
36628,59315
36628,33004
36628,45499
36628,27611
36628,1136
36628,45722
36628,6333
96994,81562
96994,5618
96994,81591
96994,85736
96994,89470
96994,91077
96994,77455
96994,81845
96994,80463
96994,87222
103602,4896
103602,8961
103602,40815
103602,56152
103602,41566
103602,4306
103602,33794
103602,5816
103602,52722
103602,6378
75357,1073
75357,2502
75357,1210
75357,1527
75357,2291
75357,356
75357,33004
75357,6874
75357,4226
75357,4979
102395,4306
102395,2028
102395,7361
102395,4226
102395,111
102395,1221
102395,4993
102395,48394
102395,589
102395,1961
128957,4226
128957,6377
128957,2762
128957,7153
128957,1080
128957,5989
128957,50
128957,6874
128957,7361
128957,1265
120985,89864
120985,1247
120985,6016
120985,97921
120985,2324
120985,58559
120985,69757
120985,79132
120985,80463
120985,93512
107510,60069
107510,356
107510,88125
107510,76093
107510,1
107510,72998
107510,73017
107510,364
107510,4306
107510,2571
31404,14
31404,1810
31404,2352
31404,4465
31404,1392
31404,8951
31404,4021
31404,1221
31404,7934
31404,3072
90579,7323
90579,2858
90579,3967
90579,475
90579,29
90579,2324
90579,2359
90579,1357
90579,5618
90579,6807
25125,5971
25125,1136
25125,5618
25125,8874
25125,2291
25125,26662
25125,6820
25125,1278
25125,4105
25125,1261
93387,48780
93387,48394
93387,2683
93387,33794
93387,1
93387,56757
93387,37729
93387,49272
93387,38886
93387,56367
131284,318
131284,56367
131284,50872
131284,2571
131284,356
131284,39183
131284,4995
131284,4886
131284,47
131284,527
113259,78499
113259,1240
113259,96079
113259,4886
113259,8961
113259,1527
113259,49272
113259,1080
113259,3793
113259,1262
23823,2858
23823,1617
23823,318
23823,39292
23823,5989
23823,608
23823,6711
23823,3504
23823,33166
23823,1968
55254,593
55254,2502
55254,441
55254,2571
55254,47
55254,52281
55254,778
55254,54503
55254,1258
55254,2997
626,1663
626,593
626,2571
626,50
626,2329
626,296
626,2858
626,527
626,48516
626,5952
123508,4226
123508,48516
123508,593
123508,527
123508,4306
123508,48385
123508,2329
123508,858
123508,778
123508,1580
27236,6874
27236,1196
27236,260
27236,1210
27236,2028
27236,2959
27236,2858
27236,50
27236,6188
27236,7143
81202,296
81202,2959
81202,2858
81202,318
81202,7361
81202,63082
81202,356
81202,56367
81202,1968
81202,1035
18944,1198
18944,260
18944,1036
18944,1196
18944,1129
18944,318
18944,3702
18944,5445
18944,5291
18944,912
59454,2762
59454,1210
59454,2329
59454,1682
59454,5669
59454,6711
59454,1201
59454,30707
59454,1208
59454,5971
59235,55820
59235,7438
59235,293
59235,2997
59235,1206
59235,110
59235,48394
59235,5669
59235,31410
59235,1136
8626,1291
8626,2959
8626,296
8626,110
8626,1196
8626,260
8626,2003
8626,2028
8626,480
8626,1240
70694,1968
70694,4370
70694,4306
70694,72998
70694,7361
70694,96821
70694,69757
70694,6373
70694,8361
70694,1917
134091,7444
134091,5971
134091,588
134091,7451
134091,595
134091,2581
134091,58803
134091,54190
134091,262
134091,2959
36544,858
36544,2959
36544,1
36544,2858
36544,47
36544,40815
36544,4886
36544,4993
36544,5349
36544,1721
50753,5377
50753,46976
50753,8641
50753,67087
50753,59258
50753,27808
50753,4447
50753,61024
50753,63131
50753,64969
76008,4993
76008,4878
76008,750
76008,2012
76008,7153
76008,2710
76008,7361
76008,1193
76008,31270
76008,8961
125690,592
125690,318
125690,32587
125690,2571
125690,3527
125690,32
125690,778
125690,4226
125690,3535
125690,968
79624,1732
79624,50
79624,1283
79624,80463
79624,922
79624,1262
79624,2300
79624,951
79624,1259
79624,2918
33255,1956
33255,356
33255,1784
33255,4835
33255,1124
33255,3671
33255,2917
33255,1234
33255,4361
33255,4809
75513,1222
75513,1213
75513,858
75513,6711
75513,593
75513,1682
75513,4027
75513,527
75513,26131
75513,2716
4039,40815
4039,79091
4039,87306
4039,59369
4039,81229
4039,4963
4039,8368
4039,96079
4039,68554
4039,95167
59195,457
59195,5418
59195,1198
59195,1674
59195,1196
59195,1210
59195,1270
59195,380
59195,349
59195,5944
22705,1198
22705,6377
22705,1240
22705,53125
22705,1291
22705,59315
22705,59784
22705,110
22705,50872
22705,4886
54400,6711
54400,64839
54400,778
54400,858
54400,3147
54400,1784
54400,68157
54400,2324
54400,32
54400,457
8270,6377
8270,6942
8270,5952
8270,56152
8270,1210
8270,1196
8270,7293
8270,5349
8270,54286
8270,1197
24425,30793
24425,48394
24425,8641
24425,49530
24425,33660
24425,44665
24425,46970
24425,54272
24425,61132
24425,2596
125504,1580
125504,260
125504,1210
125504,318
125504,2959
125504,293
125504,1036
125504,1198
125504,1291
125504,527
127323,50
127323,51662
127323,44191
127323,5952
127323,49272
127323,318
127323,2959
127323,480
127323,8636
127323,56367
34770,34319
34770,8633
34770,8644
34770,8865
34770,32596
34770,34405
34770,40339
34770,31923
34770,46972
34770,7373
7663,4226
7663,110
7663,50
7663,527
7663,2028
7663,2571
7663,1222
7663,589
7663,1221
7663,7153
125337,2762
125337,4993
125337,527
125337,1196
125337,115569
125337,2028
125337,109487
125337,79132
125337,111
125337,480
5262,2762
5262,733
5262,4995
5262,4963
5262,377
5262,150
5262,2959
5262,1270
5262,527
5262,6539
13216,1258
13216,33794
13216,6874
13216,60069
13216,1222
13216,1682
13216,6539
13216,2858
13216,5349
13216,1387
39618,6377
39618,4886
39618,17
39618,74508
39618,76093
39618,8961
39618,595
39618,50872
39618,6539
39618,8360
104251,858
104251,1207
104251,1193
104251,50
104251,1278
104251,457
104251,910
104251,1262
104251,608
104251,1197
77069,6874
77069,7438
77069,7451
77069,8798
77069,46970
77069,6711
77069,6953
77069,8950
77069,6708
77069,7153
21106,2858
21106,296
21106,2997
21106,778
21106,750
21106,2076
21106,32
21106,541
21106,1258
21106,4848
23877,2804
23877,924
23877,1240
23877,1197
23877,4878
23877,1213
23877,356
23877,1270
23877,1198
23877,923
65718,3088
65718,6358
65718,8961
65718,8385
65718,8368
65718,4016
65718,6183
65718,4027
65718,6863
65718,4886
33326,7361
33326,44191
33326,356
33326,58559
33326,551
33326,364
33326,48394
33326,4306
33326,5952
33326,4226
61085,38038
61085,31878
61085,7090
61085,6283
61085,33493
61085,1148
61085,26662
61085,31184
61085,34048
61085,45499
112320,2762
112320,5957
112320,2432
112320,6593
112320,1438
112320,4700
112320,260
112320,7161
112320,3578
112320,2012
12016,4886
12016,356
12016,5952
12016,17
12016,1721
12016,58559
12016,539
12016,595
12016,68954
12016,1197
5928,79132
5928,541
5928,4878
5928,5445
5928,1653
5928,593
5928,6711
5928,1732
5928,318
5928,778
89771,7153
89771,4306
89771,1210
89771,2959
89771,595
89771,3578
89771,10
89771,736
89771,55820
89771,1073
28804,1097
28804,47
28804,1089
28804,4226
28804,858
28804,4963
28804,2291
28804,6874
28804,40815
28804,1240
28283,1258
28283,593
28283,32587
28283,592
28283,7361
28283,778
28283,1089
28283,3868
28283,2997
28283,5952
57013,48516
57013,59315
57013,33166
57013,55805
57013,68157
57013,33794
57013,49772
57013,51080
57013,36276
57013,69481
136001,2288
136001,541
136001,1321
136001,1255
136001,2858
136001,1240
136001,1258
136001,32
136001,7001
136001,589
9160,608
9160,4973
9160,2959
9160,356
9160,79132
9160,47
9160,46578
9160,1270
9160,57669
9160,96610
64111,592
64111,593
64111,1240
64111,36
64111,3897
64111,1307
64111,32
64111,4306
64111,47
64111,2804
43939,1198
43939,1213
43939,527
43939,50
43939,5952
43939,318
43939,48516
43939,1089
43939,293
43939,608
58876,54286
58876,2762
58876,296
58876,1136
58876,110
58876,1275
58876,2916
58876,70286
58876,4226
58876,480
58015,4306
58015,1580
58015,1954
58015,5952
58015,5349
58015,1278
58015,1200
58015,48516
58015,1265
58015,527
35424,2959
35424,1729
35424,3147
35424,79132
35424,32587
35424,30707
35424,1466
35424,56782
35424,2762
35424,48516
80594,296
80594,32
80594,2858
80594,1206
80594,47
80594,1732
80594,3481
80594,5954
80594,7147
80594,79132
124454,5349
124454,89745
124454,72998
124454,8636
124454,3793
124454,86332
124454,53996
124454,79132
124454,7143
124454,56174
83435,1682
83435,1291
83435,296
83435,4306
83435,7361
83435,5952
83435,7153
83435,1028
83435,2791
83435,4027
70758,1196
70758,1210
70758,552
70758,2571
70758,1371
70758,1198
70758,4993
70758,7153
70758,2959
70758,356
134460,5679
134460,51255
134460,6333
134460,54259
134460,3793
134460,6539
134460,52973
134460,7361
134460,48385
134460,4963
72162,6874
72162,4235
72162,1193
72162,4973
72162,4848
72162,6953
72162,48516
72162,44555
72162,6016
72162,1625
35520,8368
35520,780
35520,4993
35520,59315
35520,4896
35520,2716
35520,588
35520,3114
35520,1097
35520,364
26558,6502
26558,2028
26558,3578
26558,2329
26558,2167
26558,32587
26558,6874
26558,2628
26558,53000
26558,8957
95217,48516
95217,50
95217,47
95217,70286
95217,68157
95217,33794
95217,49272
95217,6874
95217,32
95217,1208
28794,63082
28794,69640
28794,64716
28794,69481
28794,69306
28794,65216
28794,68159
28794,64497
28794,67197
28794,64620
22454,76093
22454,2081
22454,1
22454,5816
22454,8368
22454,1907
22454,3114
22454,50872
22454,919
22454,6539
76779,53996
76779,54286
76779,36519
76779,5349
76779,8665
76779,53972
76779,44191
76779,31878
76779,51935
76779,60069
71961,49272
71961,48780
71961,6333
71961,49530
71961,31696
71961,8371
71961,7454
71961,69122
71961,1527
71961,96079
114798,54286
114798,6378
114798,56367
114798,68157
114798,72998
114798,46578
114798,57669
114798,58303
114798,4776
114798,73017
67101,33794
67101,63082
67101,59315
67101,356
67101,1
67101,4993
67101,6377
67101,74458
67101,78499
67101,4878
62051,7154
62051,45668
62051,1291
62051,1198
62051,32596
62051,4069
62051,2268
62051,7
62051,3916
62051,361
62652,1200
62652,1210
62652,356
62652,1214
62652,6016
62652,7361
62652,1617
62652,2762
62652,1240
62652,4993
15694,1073
15694,337
15694,671
15694,4878
15694,260
15694,8464
15694,4816
15694,1358
15694,2455
15694,3258
17509,593
17509,608
17509,7153
17509,111
17509,1206
17509,1198
17509,1197
17509,141
17509,1732
17509,1961
110570,68954
110570,3578
110570,3114
110570,1682
110570,150
110570,6377
110570,260
110570,1036
110570,72998
110570,1196
64607,4226
64607,79132
64607,296
64607,5418
64607,74458
64607,356
64607,58559
64607,63082
64607,49530
64607,47
124044,32
124044,2683
124044,150
124044,1198
124044,1270
124044,1291
124044,2167
124044,1923
124044,318
124044,2987
101798,527
101798,1961
101798,60069
101798,1584
101798,1193
101798,1265
101798,2858
101798,1270
101798,1246
101798,5669
9629,1196
9629,457
9629,1291
9629,7153
9629,4993
9629,5952
9629,6539
9629,1240
9629,5418
9629,593
36555,318
36555,4878
36555,5952
36555,296
36555,593
36555,4886
36555,1240
36555,1208
36555,6874
36555,1193
51982,4306
51982,356
51982,588
51982,4011
51982,33794
51982,6874
51982,7438
51982,593
51982,44191
51982,110
134210,88129
134210,6016
134210,65130
134210,47423
134210,27831
134210,34148
134210,80463
134210,51540
134210,6890
134210,70286
105060,5445
105060,1580
105060,3578
105060,589
105060,2628
105060,2571
105060,364
105060,2762
105060,4306
105060,4446
94890,32587
94890,78499
94890,81845
94890,80463
94890,63082
94890,44195
94890,33166
94890,64957
94890,52435
94890,54286
118960,4306
118960,91529
118960,58559
118960,98809
118960,72998
118960,5816
118960,356
118960,2959
118960,6377
118960,74458
50971,58559
50971,593
50971,1198
50971,50
50971,1193
50971,2804
50971,1262
50971,1220
50971,1089
50971,2959
55222,858
55222,4226
55222,4993
55222,608
55222,47
55222,1213
55222,750
55222,44555
55222,1201
55222,1221
105679,1198
105679,1210
105679,1196
105679,858
105679,1197
105679,2329
105679,3996
105679,32
105679,47
105679,1222
82031,1244
82031,6993
82031,1296
82031,6639
82031,2967
82031,931
82031,1104
82031,904
82031,1959
82031,7669
60993,91529
60993,2959
60993,4973
60993,58559
60993,60069
60993,296
60993,112852
60993,2858
60993,593
60993,1206
74201,66097
74201,72998
74201,8874
74201,1214
74201,71057
74201,6502
74201,54503
74201,71135
74201,367
74201,4975
17192,99114
17192,68157
17192,1221
17192,2858
17192,5952
17192,4993
17192,4963
17192,3578
17192,54503
17192,593
42756,318
42756,2959
42756,589
42756,593
42756,1214
42756,1200
42756,47
42756,50
42756,2278
42756,1215
123869,318
123869,6539
123869,110
123869,4995
123869,5989
123869,3578
123869,2949
123869,96079
123869,5872
123869,63082
284,2959
284,1214
284,858
284,48516
284,1291
284,1266
284,6
284,4993
284,293
284,5952
65016,1
65016,58559
65016,79132
65016,1214
65016,318
65016,2959
65016,1527
65016,1704
65016,2115
65016,68954
79647,2502
79647,5989
79647,5952
79647,110
79647,7153
79647,4993
79647,2716
79647,8636
79647,5349
79647,3793
60614,4226
60614,1
60614,5952
60614,7153
60614,4993
60614,356
60614,7361
60614,2858
60614,480
60614,1258
120900,318
120900,1258
120900,2502
120900,3535
120900,76251
120900,48394
120900,72226
120900,44191
120900,480
120900,2291
84620,4886
84620,4973
84620,3793
84620,6377
84620,4993
84620,6218
84620,5989
84620,8784
84620,4308
84620,588
16073,1193
16073,68157
16073,318
16073,296
16073,4226
16073,1089
16073,55247
16073,47
16073,44761
16073,111
41964,50
41964,593
41964,296
41964,2959
41964,5151
41964,3105
41964,4370
41964,1784
41964,8948
41964,8641
92757,5618
92757,6539
92757,55999
92757,31658
92757,72998
92757,4993
92757,7153
92757,71057
92757,1197
92757,5952
103808,110
103808,457
103808,1127
103808,527
103808,832
103808,2174
103808,1704
103808,608
103808,368
103808,588
127154,6377
127154,32587
127154,1527
127154,1258
127154,2692
127154,2232
127154,7147
127154,6807
127154,1625
127154,318
72455,59315
72455,7438
72455,44191
72455,318
72455,2329
72455,51255
72455,356
72455,48774
72455,3949
72455,99114
120244,2959
120244,80549
120244,76093
120244,69122
120244,85414
120244,84152
120244,79091
120244,2762
120244,58559
120244,100383
50488,48780
50488,53972
50488,50872
50488,59315
50488,33794
50488,44665
50488,49530
50488,51084
50488,44191
50488,34319
80521,318
80521,39446
80521,47
80521,527
80521,3578
80521,2028
80521,1036
80521,1089
80521,6874
80521,4262
44256,2959
44256,33794
44256,2571
44256,223
44256,35836
44256,8641
44256,59315
44256,4306
44256,44191
44256,1278
119226,2858
119226,356
119226,2571
119226,4226
119226,3147
119226,79132
119226,74458
119226,4995
119226,4306
119226,778
38854,500
38854,3033
38854,2085
38854,3114
38854,4016
38854,912
38854,589
38854,1240
38854,2
38854,953
63332,4886
63332,51662
63332,1
63332,5349
63332,8636
63332,480
63332,3578
63332,2028
63332,110
63332,54286
100392,1199
100392,32
100392,32587
100392,3949
100392,1258
100392,68157
100392,47
100392,2329
100392,111
100392,70286
118736,318
118736,4993
118736,3578
118736,293
118736,1240
118736,33794
118736,44191
118736,4262
118736,593
118736,1080
131126,5218
131126,2617
131126,1580
131126,6888
131126,4638
131126,5254
131126,8957
131126,3793
131126,1240
131126,8360
69496,8368
69496,41566
69496,5418
69496,7445
69496,8644
69496,1270
69496,54259
69496,1302
69496,8665
69496,589
99621,33794
99621,49272
99621,2959
99621,47
99621,858
99621,64614
99621,1704
99621,80463
99621,7153
99621,4993
71903,1
71903,318
71903,4306
71903,6874
71903,33794
71903,7438
71903,2028
71903,5989
71903,1517
71903,4011
101199,356
101199,608
101199,318
101199,593
101199,1221
101199,1225
101199,260
101199,1198
101199,2571
101199,1246
8223,1732
8223,68157
8223,3949
8223,1089
8223,2502
8223,48516
8223,1193
8223,6016
8223,55820
8223,69122
130600,4306
130600,109487
130600,111362
130600,4963
130600,112852
130600,2324
130600,50872
130600,68954
130600,2194
130600,59315
35609,318
35609,296
35609,1265
35609,2496
35609,2959
35609,2571
35609,4002
35609,6863
35609,1917
35609,88163
133567,589
133567,223
133567,8798
133567,3949
133567,1393
133567,377
133567,54286
133567,1784
133567,648
133567,500
10125,4226
10125,1208
10125,32
10125,296
10125,2571
10125,527
10125,1136
10125,1221
10125,1206
10125,593
3868,1089
3868,593
3868,79132
3868,4226
3868,68157
3868,47
3868,48780
3868,44199
3868,69481
3868,54286
7435,8961
7435,356
7435,8368
7435,1380
7435,953
7435,1
7435,364
7435,595
7435,1947
7435,497
119278,47
119278,91529
119278,44199
119278,1036
119278,33794
119278,104841
119278,8798
119278,1270
119278,70286
119278,92259
121954,7153
121954,364
121954,356
121954,44191
121954,260
121954,3793
121954,4308
121954,2571
121954,1721
121954,7451
50679,33794
50679,589
50679,1240
50679,1206
50679,1080
50679,6539
50679,858
50679,750
50679,3671
50679,4878
46186,2959
46186,1208
46186,924
46186,4226
46186,33794
46186,2288
46186,2571
46186,7153
46186,1266
46186,1240
132148,1089
132148,7361
132148,111
132148,2571
132148,4034
132148,1276
132148,6870
132148,1263
132148,1394
132148,47
98039,7327
98039,905
98039,3739
98039,965
98039,1283
98039,2208
98039,3468
98039,1617
98039,527
98039,4973
9207,648
9207,778
9207,60684
9207,4878
9207,2916
9207,1291
9207,4776
9207,55820
9207,608
9207,1625
50149,1198
50149,1270
50149,2571
50149,1704
50149,356
50149,4226
50149,2997
50149,1
50149,1961
50149,1221
13109,1291
13109,1198
13109,68358
13109,5952
13109,1036
13109,70286
13109,87232
13109,4226
13109,296
13109,5445
45044,750
45044,1206
45044,2858
45044,2959
45044,1089
45044,296
45044,5971
45044,4878
45044,1032
45044,3000
18852,858
18852,32
18852,2571
18852,1214
18852,541
18852,6874
18852,111
18852,924
18852,110
18852,2329
68358,49272
68358,60684
68358,69481
68358,64614
68358,70286
68358,68157
68358,8970
68358,51091
68358,55290
68358,55765
75255,106782
75255,79132
75255,54001
75255,4896
75255,97923
75255,91529
75255,88125
75255,96079
75255,108190
75255,318
113312,736
113312,5064
113312,4270
113312,364
113312,2353
113312,733
113312,3717
113312,6595
113312,7454
113312,6157
58032,4226
58032,4878
58032,296
58032,2959
58032,50
58032,2329
58032,44191
58032,3949
58032,58559
58032,4011
138098,480
138098,6539
138098,4226
138098,6874
138098,6377
138098,858
138098,10
138098,1073
138098,1527
138098,7438
46173,1210
46173,50
46173,4226
46173,293
46173,1193
46173,1200
46173,6874
46173,778
46173,7438
46173,32587
117074,318
117074,2959
117074,4878
117074,4027
117074,57669
117074,1222
117074,69122
117074,2028
117074,2329
117074,1580
132084,593
132084,260
132084,318
132084,2959
132084,6874
132084,48516
132084,3996
132084,4306
132084,356
132084,527
110439,5902
110439,47
110439,6016
110439,1270
110439,589
110439,8622
110439,44191
110439,8464
110439,541
110439,1214
58743,356
58743,2959
58743,780
58743,1527
58743,2353
58743,1552
58743,1918
58743,3527
58743,1580
58743,480
29218,1580
29218,1376
29218,750
29218,1278
29218,903
29218,1375
29218,2746
29218,8633
29218,2010
29218,1269
107250,48394
107250,58559
107250,32587
107250,7361
107250,4973
107250,79132
107250,47
107250,109374
107250,48774
107250,6539
103227,608
103227,527
103227,4878
103227,1196
103227,2858
103227,68157
103227,2028
103227,1089
103227,858
103227,1210
66495,4226
66495,4973
66495,111
66495,55820
66495,2858
66495,47
66495,4995
66495,2730
66495,31410
66495,81845
52637,5418
52637,318
52637,1
52637,150
52637,1961
52637,1246
52637,2268
52637,2918
52637,1198
52637,539
58285,48774
58285,318
58285,7361
58285,55820
58285,48394
58285,4011
58285,32587
58285,6502
58285,6711
58285,59387
114904,356
114904,110
114904,1198
114904,296
114904,8961
114904,1291
114904,1222
114904,6377
114904,1270
114904,3147
109813,8961
109813,6539
109813,356
109813,4306
109813,4993
109813,58559
109813,2125
109813,2571
109813,17
109813,595
64865,2762
64865,7153
64865,3578
64865,1198
64865,780
64865,318
64865,1270
64865,1580
64865,1291
64865,1704
72833,480
72833,1198
72833,593
72833,47
72833,2028
72833,1196
72833,858
72833,1036
72833,58559
72833,1089
118534,51077
118534,33660
118534,46976
118534,40819
118534,45722
118534,38061
118534,33646
118534,53996
118534,46970
118534,35957
65367,46578
65367,44191
65367,356
65367,2959
65367,4993
65367,7153
65367,59315
65367,2572
65367,32587
65367,5952
115702,1197
115702,3578
115702,1136
115702,59315
115702,2918
115702,1580
115702,480
115702,5952
115702,4993
115702,7153
103618,2959
103618,4973
103618,81591
103618,55276
103618,7265
103618,68237
103618,2329
103618,71156
103618,1653
103618,3481
118754,919
118754,33166
118754,46578
118754,1883
118754,1343
118754,30707
118754,1889
118754,593
118754,1270
118754,1370
27364,79132
27364,1197
27364,1198
27364,58559
27364,858
27364,480
27364,356
27364,7153
27364,4993
27364,1201
78259,30707
78259,64614
78259,41863
78259,8337
78259,78574
78259,8949
78259,3068
78259,63876
78259,8207
78259,84392
78512,68157
78512,1203
78512,50
78512,70286
78512,55247
78512,64614
78512,5690
78512,858
78512,3996
78512,96610
63392,589
63392,2858
63392,32
63392,3578
63392,7153
63392,32587
63392,50
63392,56174
63392,5989
63392,5445
87283,2145
87283,1569
87283,4054
87283,141
87283,1835
87283,337
87283,3825
87283,7160
87283,2506
87283,2123
84388,30749
84388,527
84388,40819
84388,4995
84388,4034
84388,608
84388,4226
84388,2762
84388,7160
84388,6953
96213,1136
96213,47
96213,4973
96213,593
96213,1089
96213,6016
96213,50
96213,55820
96213,1732
96213,111
40266,6377
40266,364
40266,930
40266,908
40266,1207
40266,6254
40266,906
40266,955
40266,8712
40266,1197
24017,4993
24017,1580
24017,597
24017,1198
24017,595
24017,2918
24017,4886
24017,8961
24017,60069
24017,296
96757,97913
96757,102125
96757,88744
96757,59369
96757,77561
96757,78499
96757,95510
96757,3646
96757,104211
96757,81847
932,480
932,33794
932,296
932,1580
932,3114
932,2762
932,3052
932,1682
932,8360
932,593
97809,6985
97809,1228
97809,260
97809,593
97809,296
97809,3730
97809,1284
97809,3629
97809,7327
97809,2203
9617,858
9617,1961
9617,2762
9617,593
9617,4995
9617,1089
9617,1968
9617,1246
9617,3114
9617,8961
138471,59315
138471,60069
138471,588
138471,33794
138471,5349
138471,76093
138471,88140
138471,3793
138471,2571
138471,68358
10992,527
10992,1196
10992,2762
10992,1097
10992,5952
10992,1214
10992,1580
10992,780
10992,7153
10992,110
72739,6874
72739,6377
72739,2762
72739,3793
72739,356
72739,2617
72739,2028
72739,593
72739,2858
72739,4886
25936,55247
25936,2858
25936,63082
25936,4226
25936,2329
25936,58559
25936,79702
25936,68073
25936,52952
25936,81591
48495,6333
48495,6539
48495,4993
48495,5952
48495,5679
48495,45499
48495,2571
48495,3081
48495,8947
48495,7438
74716,6874
74716,4973
74716,4848
74716,7361
74716,74458
74716,7438
74716,4993
74716,1199
74716,81591
74716,6016
3514,293
3514,541
3514,165
3514,52328
3514,61240
3514,6016
3514,1193
3514,780
3514,593
3514,6440
126403,5445
126403,2028
126403,55820
126403,2329
126403,50
126403,4963
126403,3949
126403,6016
126403,32587
126403,46578
40154,1580
40154,1275
40154,1270
40154,780
40154,4963
40154,2571
40154,5445
40154,8132
40154,7143
40154,648
53191,2858
53191,7099
53191,296
53191,7361
53191,4973
53191,6350
53191,4226
53191,6711
53191,6016
53191,60069
28822,48516
28822,4973
28822,7361
28822,48394
28822,4011
28822,6953
28822,48780
28822,55247
28822,49530
28822,5995
58123,5377
58123,52973
58123,4720
58123,46578
58123,59315
58123,80463
58123,74458
58123,76093
58123,79091
58123,70599
104990,1240
104990,1953
104990,58559
104990,1258
104990,2959
104990,541
104990,4855
104990,50
104990,1214
104990,8042
31340,48516
31340,44665
31340,47
31340,2959
31340,30707
31340,53129
31340,49278
31340,48780
31340,47099
31340,6187
38711,1527
38711,7438
38711,6874
38711,527
38711,1997
38711,2291
38711,2005
38711,1089
38711,1208
38711,1407
105415,7361
105415,5952
105415,4973
105415,4995
105415,5418
105415,4963
105415,6874
105415,7438
105415,4993
105415,3793
101468,1200
101468,3527
101468,589
101468,1261
101468,1240
101468,8874
101468,1350
101468,296
101468,32587
101468,1387
78070,595
78070,5989
78070,4308
78070,6539
78070,4022
78070,1968
78070,39183
78070,6942
78070,4014
78070,8368
136646,2706
136646,1917
136646,4718
136646,2167
136646,2694
136646,5151
136646,2683
136646,1552
136646,54286
136646,7254
93100,318
93100,3897
93100,56367
93100,356
93100,48516
93100,2706
93100,500
93100,2502
93100,1704
93100,296
26835,1580
26835,5445
26835,1198
26835,72998
26835,5903
26835,68237
26835,68157
26835,1610
26835,2028
26835,8644
90467,46972
90467,8643
90467,5804
90467,4700
90467,44225
90467,40851
90467,7454
90467,59501
90467,8808
90467,2571
25033,296
25033,50
25033,47
25033,1089
25033,2028
25033,4886
25033,6377
25033,7153
25033,6539
25033,32587
17738,296
17738,589
17738,344
17738,2858
17738,2959
17738,2571
17738,32587
17738,6874
17738,2011
17738,1270
73626,1265
73626,527
73626,1136
73626,2716
73626,110
73626,356
73626,593
73626,1036
73626,1527
73626,1089
114279,1721
114279,318
114279,2858
114279,597
114279,527
114279,780
114279,4973
114279,377
114279,1196
114279,1291
62776,45517
62776,4963
62776,597
62776,1580
62776,8961
62776,2115
62776,594
62776,1035
62776,2571
62776,53322
111682,2511
111682,922
111682,3019
111682,3168
111682,1206
111682,2997
111682,6440
111682,5147
111682,924
111682,7327
107383,3578
107383,1240
107383,110
107383,8961
107383,1208
107383,3996
107383,33794
107383,2997
107383,1265
107383,480
47391,1
47391,858
47391,318
47391,1198
47391,593
47391,5952
47391,110
47391,2571
47391,1196
47391,2028
24843,6016
24843,4973
24843,8961
24843,4878
24843,1732
24843,64614
24843,56367
24843,1258
24843,6874
24843,5989
51950,32
51950,733
51950,5952
51950,648
51950,1527
51950,1036
51950,858
51950,736
51950,2628
51950,50
38833,85414
38833,3578
38833,4226
38833,111759
38833,2028
38833,296
38833,103042
38833,6333
38833,648
38833,87232
92357,2762
92357,1682
92357,2959
92357,1219
92357,1193
92357,1210
92357,1198
92357,6377
92357,6874
92357,904
33664,2959
33664,1200
33664,1214
33664,1270
33664,1198
33664,904
33664,1193
33664,1196
33664,1252
33664,1036
52006,597
52006,110
52006,4246
52006,40815
52006,318
52006,2762
52006,2396
52006,2571
52006,5989
52006,2959
78753,780
78753,33794
78753,7361
78753,457
78753,592
78753,1240
78753,1617
78753,5989
78753,33166
78753,6
58797,1704
58797,2762
58797,7153
58797,527
58797,2997
58797,260
58797,47
58797,6377
58797,2028
58797,1196
81111,150
81111,1704
81111,33660
81111,356
81111,1961
81111,1784
81111,33166
81111,4995
81111,1307
81111,30749
37714,8961
37714,4306
37714,6377
37714,480
37714,2918
37714,5418
37714,1291
37714,3793
37714,364
37714,1721
94701,4973
94701,8961
94701,7153
94701,2571
94701,5952
94701,4993
94701,2918
94701,3147
94701,32
94701,3996
114254,7153
114254,4993
114254,5952
114254,4226
114254,110
114254,2324
114254,4022
114254,1704
114254,293
114254,1784
20671,1196
20671,260
20671,33794
20671,2028
20671,4878
20671,47
20671,593
20671,70286
20671,48516
20671,44195
33069,916
33069,3097
33069,7153
33069,910
33069,4798
33069,25850
33069,905
33069,899
33069,2396
33069,947
67340,2571
67340,3996
67340,2959
67340,1136
67340,6539
67340,70
67340,1722
67340,33493
67340,3082
67340,32
112778,595
112778,4973
112778,6539
112778,5971
112778,2571
112778,33615
112778,8360
112778,48
112778,2087
112778,3034
6151,60069
6151,2762
6151,2502
6151,33794
6151,34162
6151,2028
6151,1721
6151,48516
6151,73017
6151,1196
97627,2762
97627,50
97627,4226
97627,1617
97627,3481
97627,593
97627,1089
97627,1193
97627,2997
97627,508
46668,262
46668,50872
46668,1028
46668,5620
46668,2059
46668,17
46668,4025
46668,51834
46668,40962
46668,45517
78846,2329
78846,2028
78846,91529
78846,1704
78846,68954
78846,5418
78846,33794
78846,49530
78846,59315
78846,2762
64295,4226
64295,2324
64295,1198
64295,2571
64295,356
64295,2762
64295,50
64295,590
64295,2692
64295,3996
108614,1240
108614,2858
108614,6874
108614,165
108614,648
108614,593
108614,5445
108614,1200
108614,7438
108614,6539
114299,1387
114299,8636
114299,5349
114299,8874
114299,3253
114299,1321
114299,1265
114299,592
114299,1077
114299,2716
25237,68954
25237,8528
25237,50872
25237,67408
25237,1291
25237,1198
25237,589
25237,61132
25237,6373
25237,71264
119752,356
119752,6874
119752,2571
119752,7438
119752,4011
119752,589
119752,47
119752,5445
119752,7254
119752,172
107543,4878
107543,6377
107543,527
107543,32
107543,778
107543,4973
107543,2329
107543,4995
107543,6874
107543,509
132655,7361
132655,1247
132655,4973
132655,910
132655,296
132655,912
132655,6620
132655,5878
132655,951
132655,923
122728,527
122728,541
122728,318
122728,955
122728,110
122728,1225
122728,48394
122728,922
122728,1207
122728,2762
55182,364
55182,6377
55182,6539
55182,3578
55182,2762
55182,2329
55182,48516
55182,3147
55182,527
55182,508
18198,648
18198,1680
18198,440
18198,11
18198,380
18198,39
18198,1393
18198,2396
18198,1580
18198,4067
26921,87232
26921,4306
26921,1210
26921,68954
26921,1196
26921,76093
26921,110102
26921,66934
26921,72356
26921,1967
129712,1089
129712,2571
129712,293
129712,2959
129712,296
129712,1645
129712,4226
129712,3499
129712,79132
129712,6874
55797,6942
55797,4973
55797,356
55797,2671
55797,49130
55797,6770
55797,1704
55797,3967
55797,46723
55797,6953
124256,4963
124256,78499
124256,53972
124256,33794
124256,8961
124256,1291
124256,85414
124256,88140
124256,86332
124256,595
95559,50
95559,4226
95559,68157
95559,32
95559,2959
95559,296
95559,2997
95559,6016
95559,1206
95559,48516
134866,1968
134866,593
134866,1214
134866,1732
134866,1095
134866,2599
134866,1259
134866,6979
134866,1222
134866,541
132342,50
132342,589
132342,1198
132342,454
132342,141
132342,1240
132342,4306
132342,1196
132342,592
132342,1784
121718,4886
121718,1210
121718,4963
121718,44191
121718,589
121718,31878
121718,1291
121718,8874
121718,59103
121718,8360
61648,2502
61648,48394
61648,1732
61648,1704
61648,3897
61648,2918
61648,1
61648,82459
61648,4011
61648,6539
56324,4878
56324,6539
56324,7361
56324,2329
56324,296
56324,4993
56324,2571
56324,63082
56324,47610
56324,68954
109738,6539
109738,3578
109738,4878
109738,2329
109738,1214
109738,1221
109738,541
109738,356
109738,1193
109738,8636
20340,541
20340,31658
20340,2502
20340,1198
20340,750
20340,1206
20340,1199
20340,1274
20340,1080
20340,588
123080,1580
123080,588
123080,4306
123080,3147
123080,5952
123080,4993
123080,3578
123080,527
123080,1089
123080,1136
28328,2028
28328,527
28328,608
28328,1961
28328,48394
28328,7438
28328,6870
28328,80463
28328,1200
28328,48780
37754,480
37754,1258
37754,2997
37754,57274
37754,85414
37754,69122
37754,74458
37754,4022
37754,1732
37754,57669
133629,648
133629,110
133629,5349
133629,1527
133629,3793
133629,593
133629,2291
133629,520
133629,33794
133629,5445
67030,4886
67030,7153
67030,2571
67030,1517
67030,1136
67030,2762
67030,1527
67030,4973
67030,1291
67030,4306
45974,2329
45974,5995
45974,480
45974,1270
45974,2324
45974,5570
45974,62203
45974,90376
45974,74545
45974,7371
90928,1704
90928,1265
90928,50
90928,2353
90928,648
90928,2706
90928,3948
90928,6333
90928,2683
90928,1517
100916,2571
100916,2918
100916,4896
100916,480
100916,260
100916,4993
100916,110
100916,1265
100916,590
100916,8961
134084,318
134084,4226
134084,79132
134084,1580
134084,2571
134084,7361
134084,1356
134084,4306
134084,1682
134084,1625
24851,58559
24851,91529
24851,106489
24851,5816
24851,54001
24851,4993
24851,73017
24851,5349
24851,33794
24851,8636
28149,480
28149,3948
28149,3916
28149,733
28149,457
28149,1485
28149,2353
28149,4306
28149,2762
28149,1393
73686,858
73686,2329
73686,4011
73686,1210
73686,593
73686,3996
73686,4226
73686,551
73686,4973
73686,589
33912,1704
33912,919
33912,318
33912,4027
33912,1259
33912,1080
33912,1246
33912,1278
33912,110
33912,923
87652,4995
87652,2762
87652,8368
87652,318
87652,539
87652,2396
87652,5952
87652,110
87652,3105
87652,2797
84672,2858
84672,1252
84672,1219
84672,1089
84672,3730
84672,2959
84672,608
84672,4226
84672,318
84672,8042
78305,58559
78305,50872
78305,78499
78305,51662
78305,49272
78305,44191
78305,8961
78305,60069
78305,68358
78305,33660
42698,364
42698,4306
42698,58559
42698,76093
42698,69122
42698,60069
42698,3114
42698,54503
42698,1968
42698,2959
92362,60069
92362,54272
92362,79132
92362,54259
92362,58559
92362,51255
92362,56367
92362,6711
92362,50872
92362,72998
87786,6711
87786,7361
87786,31658
87786,296
87786,27671
87786,94959
87786,1230
87786,68954
87786,96829
87786,60069
63568,1387
63568,296
63568,778
63568,1090
63568,3265
63568,1218
63568,2858
63568,2985
63568,2700
63568,527
82826,1198
82826,2959
82826,608
82826,4027
82826,2858
82826,50
82826,33794
82826,4979
82826,4226
82826,318
122057,1212
122057,910
122057,908
122057,930
122057,951
122057,926
122057,1252
122057,969
122057,8491
122057,2905
19282,5299
19282,4027
19282,6377
19282,4886
19282,3793
19282,2502
19282,8970
19282,4963
19282,3977
19282,5445
26614,1704
26614,2959
26614,497
26614,6218
26614,4995
26614,4014
26614,2571
26614,4306
26614,1961
26614,5377
2128,6539
2128,356
2128,2762
2128,480
2128,1210
2128,1527
2128,72998
2128,1580
2128,593
2128,296
106808,4973
106808,6874
106808,4306
106808,50
106808,778
106808,7438
106808,5418
106808,2278
106808,5989
106808,1214
120986,1200
120986,5445
120986,2716
120986,2959
120986,5903
120986,316
120986,27660
120986,3703
120986,8644
120986,1127
36507,593
36507,50
36507,2329
36507,48394
36507,3949
36507,46578
36507,8950
36507,1200
36507,7387
36507,48774
47810,4226
47810,1270
47810,63082
47810,3083
47810,2858
47810,5878
47810,8873
47810,4995
47810,4306
47810,3147
28846,2571
28846,2028
28846,1089
28846,296
28846,1196
28846,593
28846,260
28846,2019
28846,527
28846,50
78866,527
78866,2959
78866,48738
78866,1193
78866,48516
78866,1221
78866,3578
78866,293
78866,6016
78866,30707
34943,48516
34943,33794
34943,593
34943,47
34943,2762
34943,589
34943,7153
34943,54286
34943,3578
34943,5952
81361,4226
81361,3578
81361,4963
81361,44191
81361,48774
81361,48780
81361,5989
81361,7147
81361,6502
81361,1193
18096,4979
18096,4226
18096,60069
18096,2571
18096,31878
18096,6874
18096,1215
18096,1089
18096,1210
18096,27773
138419,589
138419,1214
138419,50
138419,2329
138419,1246
138419,1
138419,5995
138419,111
138419,1200
138419,1729
35390,5418
35390,4226
35390,1704
35390,318
35390,2762
35390,2959
35390,150
35390,50
35390,1
35390,110
71185,1
71185,2762
71185,231
71185,2571
71185,2572
71185,4995
71185,780
71185,1917
71185,364
71185,1961
78782,1291
78782,3639
78782,3508
78782,260
78782,1372
78782,780
78782,457
78782,1375
78782,2115
78782,1196
60217,4306
60217,1387
60217,32
60217,908
60217,1953
60217,32587
60217,1269
60217,319
60217,8961
60217,903
104049,5349
104049,597
104049,318
104049,1580
104049,4963
104049,527
104049,1291
104049,5459
104049,6539
104049,500
114548,7153
114548,1270
114548,34405
114548,2716
114548,72998
114548,1291
114548,5952
114548,4993
114548,1036
114548,5418
29261,8957
29261,1201
29261,6539
29261,2858
29261,1206
29261,1219
29261,44191
29261,288
29261,4776
29261,1997
5725,27660
5725,37733
5725,54272
5725,48385
5725,56174
5725,60072
5725,34319
5725,30749
5725,33437
5725,66097
28261,5952
28261,4993
28261,79132
28261,2959
28261,58559
28261,2997
28261,68157
28261,46578
28261,56782
28261,74458
72238,32
72238,4011
72238,150
72238,79132
72238,1527
72238,2502
72238,1580
72238,7153
72238,1
72238,1784
87271,54001
87271,6537
87271,72998
87271,1240
87271,69844
87271,1580
87271,81834
87271,5459
87271,44022
87271,106489
47890,4886
47890,5502
47890,33493
47890,57368
47890,38061
47890,5989
47890,500
47890,8807
47890,41569
47890,60069
129891,58559
129891,356
129891,63082
129891,6874
129891,4011
129891,30749
129891,527
129891,4995
129891,1704
129891,5995
22580,4973
22580,31658
22580,40815
22580,4896
22580,50872
22580,912
22580,68954
22580,4993
22580,5952
22580,7153
6304,1022
6304,595
6304,364
6304,5299
6304,2141
6304,2080
6304,5952
6304,1580
6304,1721
6304,2018
79153,1
79153,1580
79153,1073
79153,1610
79153,595
79153,1220
79153,4306
79153,1278
79153,1265
79153,924
119406,4995
119406,1270
119406,593
119406,457
119406,47
119406,2762
119406,480
119406,780
119406,56367
119406,589
60584,589
60584,4306
60584,1097
60584,480
60584,356
60584,7147
60584,551
60584,1961
60584,1240
60584,293
18540,2571
18540,8949
18540,1258
18540,3462
18540,3629
18540,1682
18540,3006
18540,3160
18540,30707
18540,1265
42299,5971
42299,608
42299,34437
42299,26776
42299,1732
42299,111
42299,714
42299,2997
42299,1148
42299,4027
19766,79132
19766,50872
19766,60069
19766,7361
19766,68954
19766,6874
19766,7090
19766,88129
19766,589
19766,4886
18219,318
18219,2028
18219,47
18219,44665
18219,3578
18219,356
18219,7445
18219,49530
18219,36529
18219,4226
74518,6377
74518,50
74518,39292
74518,1
74518,541
74518,5618
74518,750
74518,4886
74518,47
74518,593
85813,541
85813,2997
85813,50
85813,8798
85813,454
85813,59315
85813,5989
85813,4963
85813,3176
85813,4720
135477,3000
135477,7361
135477,1464
135477,4973
135477,608
135477,593
135477,48394
135477,924
135477,26258
135477,1732
101133,6377
101133,1721
101133,2571
101133,260
101133,597
101133,377
101133,8636
101133,50872
101133,1961
101133,4896
3033,56367
3033,778
3033,1198
3033,33166
3033,2908
3033,4361
3033,902
3033,1213
3033,4848
3033,597
72839,7153
72839,750
72839,4993
72839,1242
72839,608
72839,1208
72839,858
72839,1136
72839,593
72839,1
27163,908
27163,318
27163,912
27163,1207
27163,904
27163,2571
27163,1198
27163,593
27163,4306
27163,1136
111306,33794
111306,1210
111306,1213
111306,593
111306,8961
111306,296
111306,4027
111306,55820
111306,7438
111306,2997
134526,593
134526,47
134526,4226
134526,2858
134526,2324
134526,527
134526,79132
134526,7153
134526,4993
134526,7361
128416,2918
128416,2791
128416,3505
128416,8665
128416,349
128416,3098
128416,1197
128416,1247
128416,111
128416,380
35331,4995
35331,3448
35331,2011
35331,5989
35331,111759
35331,4027
35331,1233
35331,1231
35331,91529
35331,64614
13192,1270
13192,50
13192,318
13192,457
13192,2028
13192,2858
13192,32
13192,608
13192,7361
13192,1240
99680,3578
99680,597
99680,2571
99680,110
99680,1196
99680,260
99680,4963
99680,40815
99680,2762
99680,1580
127830,608
127830,1270
127830,2762
127830,858
127830,3578
127830,356
127830,6874
127830,1210
127830,1213
127830,293
59341,1086
59341,2210
59341,2208
59341,1178
59341,931
59341,6979
59341,7820
59341,940
59341,2204
59341,4546
131200,380
131200,780
131200,2174
131200,4993
131200,293
131200,2700
131200,2617
131200,1193
131200,71535
131200,4995
120044,593
120044,318
120044,296
120044,2329
120044,2997
120044,8784
120044,5902
120044,1089
120044,8949
120044,6711
89500,5952
89500,4993
89500,46578
89500,63082
89500,5956
89500,7254
89500,72226
89500,44191
89500,112552
89500,48394
89533,3147
89533,5995
89533,56587
89533,4022
89533,55247
89533,4262
89533,30825
89533,6287
89533,48780
89533,48385
99711,1265
99711,357
99711,1307
99711,97921
99711,36517
99711,6942
99711,608
99711,539
99711,17
99711,1079
92848,7361
92848,1193
92848,37741
92848,778
92848,4034
92848,6874
92848,1247
92848,2997
92848,2076
92848,908
100420,1206
100420,48516
100420,6502
100420,3578
100420,6539
100420,3275
100420,69122
100420,57274
100420,32
100420,1222
15227,6754
15227,1196
15227,44191
15227,7153
15227,110
15227,3578
15227,34405
15227,45722
15227,3793
15227,7143
134320,2028
134320,8636
134320,2291
134320,1682
134320,32
134320,593
134320,5989
134320,33493
134320,1291
134320,2011
17318,49272
17318,50872
17318,8961
17318,2502
17318,54272
17318,3793
17318,8464
17318,1682
17318,6863
17318,780
34219,50
34219,7361
34219,1961
34219,4973
34219,47
34219,2959
34219,318
34219,4306
34219,4963
34219,1246
103281,595
103281,8784
103281,33679
103281,40826
103281,7285
103281,5666
103281,5421
103281,2571
103281,441
103281,1407
16755,4886
16755,364
16755,4306
16755,81845
16755,58559
16755,40629
16755,91500
16755,68954
16755,1291
16755,5349
89965,1307
89965,2797
89965,1265
89965,1101
89965,3252
89965,110
89965,527
89965,4995
89965,2571
89965,1259
21787,1219
21787,593
21787,904
21787,1267
21787,1234
21787,4187
21787,3801
21787,1203
21787,953
21787,6724
107101,1200
107101,32
107101,2571
107101,1240
107101,1036
107101,1275
107101,1080
107101,1136
107101,293
107101,260
31567,7361
31567,527
31567,593
31567,2959
31567,4226
31567,6711
31567,47
31567,3083
31567,44555
31567,32
4076,2571
4076,54286
4076,8984
4076,4369
4076,4963
4076,5418
4076,1917
4076,6595
4076,6378
4076,1918
99097,750
99097,296
99097,1206
99097,4226
99097,5902
99097,4973
99097,50
99097,162
99097,1449
99097,2076
71206,1784
71206,6228
71206,5013
71206,300
71206,1962
71206,945
71206,7058
71206,8838
71206,1086
71206,30822
107338,1580
107338,8368
107338,1200
107338,2762
107338,593
107338,1291
107338,296
107338,1136
107338,356
107338,858
98679,2959
98679,593
98679,377
98679,6874
98679,318
98679,480
98679,1
98679,47
98679,2762
98679,2571
43645,587
43645,3147
43645,1343
43645,2797
43645,230
43645,5294
43645,1290
43645,7160
43645,1704
43645,266
72620,2571
72620,69122
72620,318
72620,4963
72620,1
72620,3578
72620,6188
72620,589
72620,6539
72620,5418
13565,79132
13565,64614
13565,8528
13565,96079
13565,3948
13565,94677
13565,1270
13565,6863
13565,98809
13565,112556
26475,4963
26475,63082
26475,60069
26475,1704
26475,5418
26475,46976
26475,8961
26475,4995
26475,89492
26475,48780
110757,597
110757,6539
110757,356
110757,60069
110757,4995
110757,2762
110757,4886
110757,4308
110757,539
110757,1721
16551,50
16551,27773
16551,48516
16551,535
16551,31437
16551,2692
16551,913
16551,66097
16551,1270
16551,2174
56020,47
56020,7438
56020,2571
56020,1527
56020,79132
56020,858
56020,1240
56020,2329
56020,74727
56020,593
89934,1
89934,7153
89934,364
89934,110
89934,1097
89934,1198
89934,2762
89934,480
89934,4306
89934,1210
73121,1704
73121,69757
73121,1193
73121,3949
73121,356
73121,60069
73121,58559
73121,337
73121,2692
73121,902
40285,3147
40285,3949
40285,2762
40285,33794
40285,41997
40285,5952
40285,70
40285,555
40285,37733
40285,111
40206,49272
40206,2858
40206,2000
40206,3698
40206,7153
40206,1732
40206,3949
40206,68157
40206,1219
40206,36529
18647,858
18647,1210
18647,76093
18647,1196
18647,1198
18647,318
18647,68358
18647,608
18647,541
18647,1291
30691,8360
30691,4226
30691,5956
30691,7090
30691,5218
30691,5445
30691,7361
30691,54272
30691,38038
30691,53125
46943,608
46943,4226
46943,2959
46943,2858
46943,2997
46943,912
46943,6711
46943,1197
46943,1247
46943,778
24793,296
24793,364
24793,2858
24793,4995
24793,4886
24793,5989
24793,7147
24793,8360
24793,1
24793,5816
124657,778
124657,81591
124657,1193
124657,858
124657,318
124657,32587
124657,6874
124657,94959
124657,63082
124657,7361
99735,2858
99735,593
99735,589
99735,4973
99735,1222
99735,3578
99735,2028
99735,4963
99735,1527
99735,32587
111557,76251
111557,7361
111557,69122
111557,7438
111557,63082
111557,293
111557,57669
111557,6377
111557,2542
111557,48516
125439,54286
125439,87232
125439,81847
125439,112852
125439,68237
125439,79091
125439,63082
125439,38038
125439,49272
125439,44191
71350,1527
71350,2716
71350,356
71350,377
71350,4545
71350,6537
71350,1682
71350,5989
71350,344
71350,2959
83891,4720
83891,457
83891,110
83891,3147
83891,2028
83891,1219
83891,3578
83891,356
83891,1358
83891,47
66667,3578
66667,480
66667,356
66667,4306
66667,1036
66667,1198
66667,4011
66667,49272
66667,364
66667,2858
134087,1210
134087,260
134087,4993
134087,2762
134087,593
134087,2571
134087,2858
134087,589
134087,5952
134087,648
29707,3471
29707,1196
29707,914
29707,969
29707,920
29707,3114
29707,1225
29707,5952
29707,7153
29707,4993
107317,1250
107317,1244
107317,1288
107317,1673
107317,1225
107317,1193
107317,39292
107317,3160
107317,2997
107317,1617
26632,4226
26632,1193
26632,1291
26632,1240
26632,1210
26632,260
26632,1206
26632,2762
26632,1136
26632,3578
119531,72011
119531,65130
119531,57669
119531,91658
119531,72641
119531,56367
119531,73023
119531,52579
119531,47721
119531,34072
6324,4306
6324,3114
6324,2571
6324,3253
6324,1682
6324,2700
6324,596
6324,1097
6324,2683
6324,4571
122625,68157
122625,54286
122625,1682
122625,44665
122625,1213
122625,293
122625,81591
122625,55290
122625,3578
122625,6874
45598,7147
45598,4226
45598,296
45598,3081
45598,4878
45598,2174
45598,2571
45598,4973
45598,32587
45598,2762
83357,48
83357,3114
83357,4993
83357,1376
83357,3175
83357,4963
83357,2006
83357,1028
83357,2571
83357,2115
18372,733
18372,5989
18372,4995
18372,1221
18372,6
18372,2858
18372,2115
18372,1617
18372,1089
18372,1242
113623,2858
113623,4226
113623,1196
113623,592
113623,1193
113623,49272
113623,6539
113623,150
113623,50
113623,1197
26376,4963
26376,377
26376,318
26376,6188
26376,589
26376,2706
26376,104
26376,588
26376,1036
26376,3578
138406,1961
138406,48516
138406,1227
138406,5995
138406,1387
138406,7438
138406,32587
138406,16
138406,1250
138406,6643
20172,110
20172,527
20172,356
20172,2571
20172,4963
20172,1961
20172,4896
20172,293
20172,3793
20172,597
96618,52458
96618,55820
96618,85414
96618,40819
96618,46972
96618,63859
96618,97923
96618,43936
96618,46974
96618,45517
95607,50872
95607,60069
95607,33660
95607,33166
95607,48780
95607,30793
95607,56367
95607,48394
95607,59315
95607,30812
98273,750
98273,1221
98273,924
98273,1089
98273,1610
98273,2947
98273,2194
98273,1617
98273,1206
98273,260
132091,4226
132091,32
132091,1206
132091,1258
132091,1198
132091,32587
132091,318
132091,111
132091,1270
132091,2291
133401,4226
133401,58559
133401,111
133401,47
133401,1221
133401,2542
133401,778
133401,2571
133401,2028
133401,593
60882,780
60882,1580
60882,1682
60882,6377
60882,5989
60882,648
60882,608
60882,508
60882,4011
60882,5669
115596,1704
115596,858
115596,457
115596,4306
115596,5445
115596,1198
115596,2959
115596,1291
115596,1097
115596,2916
55145,4963
55145,648
55145,2571
55145,49272
55145,5418
55145,527
55145,7153
55145,2762
55145,110
55145,1240
41493,49272
41493,480
41493,527
41493,2762
41493,49530
41493,589
41493,2231
41493,1193
41493,68157
41493,7153
128634,2571
128634,2858
128634,47
128634,50
128634,110
128634,1246
128634,3578
128634,2762
128634,858
128634,58559
105023,1222
105023,48780
105023,260
105023,3275
105023,2762
105023,858
105023,54286
105023,4878
105023,69481
105023,32587
134922,48774
134922,68237
134922,33493
134922,55820
134922,38038
134922,50872
134922,59315
134922,5010
134922,34048
134922,5418
86320,33794
86320,56367
86320,6016
86320,58559
86320,4973
86320,6867
86320,1449
86320,30749
86320,2959
86320,6377
68287,1196
68287,1089
68287,5952
68287,589
68287,49272
68287,2329
68287,608
68287,58559
68287,4011
68287,1221
16117,63082
16117,35836
16117,68954
16117,54503
16117,33660
16117,50872
16117,8949
16117,81845
16117,39183
16117,88163
11441,3916
11441,2797
11441,110
11441,3753
11441,6539
11441,1097
11441,2268
11441,2571
11441,3552
11441,6565
52763,1240
52763,1527
52763,33794
52763,1198
52763,6539
52763,2115
52763,5445
52763,1610
52763,3527
52763,1270
100248,1213
100248,608
100248,32
100248,2571
100248,4226
100248,6377
100248,1200
100248,110
100248,1617
100248,7438
88522,47
88522,593
88522,480
88522,1210
88522,2571
88522,5952
88522,457
88522,49272
88522,55820
88522,32
5264,593
5264,7153
5264,1997
5264,47
5264,7147
5264,2160
5264,318
5264,293
5264,4720
5264,2762
3871,2762
3871,60069
3871,344
3871,1580
3871,1270
3871,1136
3871,7153
3871,1097
3871,51662
3871,1210
110359,48516
110359,33166
110359,39183
110359,44555
110359,56782
110359,46723
110359,30749
110359,46976
110359,55247
110359,44694
80265,64969
80265,4993
80265,56171
80265,63082
80265,84152
80265,64716
80265,60072
80265,44191
80265,5618
80265,5952
131986,2716
131986,7153
131986,593
131986,4993
131986,588
131986,253
131986,5952
131986,1580
131986,6377
131986,1527
110270,480
110270,48516
110270,7153
110270,593
110270,4306
110270,1270
110270,3793
110270,1721
110270,6711
110270,32
107580,68954
107580,8360
107580,45720
107580,8368
107580,41566
107580,3114
107580,53322
107580,48780
107580,45447
107580,2
64109,2858
64109,7361
64109,2329
64109,1208
64109,1222
64109,1732
64109,2571
64109,4973
64109,58559
64109,8370
8510,4973
8510,2858
8510,47
8510,6016
8510,593
8510,4995
8510,2324
8510,1
8510,5995
8510,60069
32662,296
32662,4720
32662,1246
32662,4306
32662,7361
32662,2997
32662,48780
32662,58559
32662,3081
32662,1259
77853,1721
77853,1961
77853,1028
77853,364
77853,4896
77853,1947
77853,318
77853,500
77853,969
77853,1207
80824,318
80824,6874
80824,1193
80824,32587
80824,1732
80824,56782
80824,55820
80824,235
80824,1527
80824,74458
129378,1258
129378,50
129378,41569
129378,37733
129378,32587
129378,5418
129378,48774
129378,32
129378,1259
129378,1206
57825,7361
57825,2858
57825,4226
57825,2959
57825,7438
57825,8961
57825,593
57825,50
57825,5971
57825,109374
115231,318
115231,1197
115231,6711
115231,1196
115231,4226
115231,2692
115231,2858
115231,608
115231,3996
115231,2395
95060,527
95060,500
95060,356
95060,2324
95060,1784
95060,1704
95060,3418
95060,1641
95060,1079
95060,5299
135750,356
135750,7153
135750,4993
135750,1196
135750,589
135750,4306
135750,5952
135750,6377
135750,2628
135750,6539
73527,2731
73527,1945
73527,3022
73527,903
73527,1254
73527,908
73527,6783
73527,8228
73527,3468
73527,7013
96179,1219
96179,1258
96179,608
96179,296
96179,2762
96179,1198
96179,3499
96179,7361
96179,904
96179,50
66120,48394
66120,750
66120,6711
66120,778
66120,46578
66120,2502
66120,72226
66120,1258
66120,50
66120,5902
75083,7361
75083,457
75083,8961
75083,2762
75083,1
75083,4993
75083,260
75083,3996
75083,593
75083,318
14712,1198
14712,480
14712,457
14712,4306
14712,1233
14712,2353
14712,292
14712,1387
14712,454
14712,165
134269,59369
134269,4963
134269,69122
134269,2571
134269,1213
134269,64614
134269,858
134269,1201
134269,44199
134269,53322
69426,3868
69426,2797
69426,4214
69426,1120
69426,2706
69426,3246
69426,1230
69426,3526
69426,5291
69426,3253
39298,1222
39298,4973
39298,50
39298,3578
39298,30749
39298,48780
39298,3949
39298,4995
39298,33794
39298,589
10272,4226
10272,1036
10272,50
10272,2716
10272,1
10272,356
10272,5418
10272,8636
10272,1291
10272,6539
124781,4963
124781,8961
124781,356
124781,33794
124781,4306
124781,34162
124781,4886
124781,260
124781,5418
124781,1682
128608,780
128608,480
128608,592
128608,72998
128608,1198
128608,2329
128608,33794
128608,5952
128608,7153
128608,32
2984,79132
2984,150
2984,593
2984,2571
2984,260
2984,82459
2984,1203
2984,2028
2984,1221
2984,90866
97549,4886
97549,2797
97549,110
97549,5299
97549,4963
97549,2716
97549,4489
97549,4890
97549,1580
97549,7004
29037,919
29037,5679
29037,2770
29037,2324
29037,356
29037,4720
29037,1057
29037,288
29037,1580
29037,30707
135201,1617
135201,3317
135201,3160
135201,1912
135201,5902
135201,608
135201,296
135201,2858
135201,5673
135201,923
98624,1136
98624,44555
98624,5995
98624,1961
98624,7116
98624,1247
98624,1248
98624,3089
98624,4993
98624,7438
57445,1704
57445,4886
57445,6539
57445,78499
57445,2571
57445,55052
57445,4226
57445,53123
57445,78039
57445,5377
74630,7361
74630,1222
74630,2571
74630,593
74630,60684
74630,5952
74630,3994
74630,4993
74630,48774
74630,1884
17184,597
17184,54001
17184,2762
17184,6539
17184,5952
17184,76093
17184,5418
17184,590
17184,72641
17184,736
50334,81845
50334,68358
50334,63082
50334,34162
50334,46578
50334,96610
50334,84152
50334,30707
50334,8644
50334,56367
133308,7361
133308,2329
133308,33166
133308,7147
133308,4034
133308,1258
133308,55820
133308,58559
133308,1193
133308,904
14589,2762
14589,919
14589,2028
14589,1136
14589,1207
14589,1234
14589,527
14589,2804
14589,150
14589,8961
76319,58998
76319,47
76319,67087
76319,56367
76319,48780
76319,33794
76319,296
76319,2502
76319,2571
76319,61024
84743,1027
84743,1923
84743,3033
84743,8961
84743,1704
84743,1222
84743,95
84743,50
84743,480
84743,1047
92558,356
92558,318
92558,50
92558,1193
92558,1682
92558,3160
92558,527
92558,6953
92558,7147
92558,111
127895,4886
127895,4306
127895,6377
127895,2762
127895,296
127895,2571
127895,1682
127895,4995
127895,6539
127895,1961
56926,4306
56926,1240
56926,32
56926,47
56926,1208
56926,1527
56926,1265
56926,457
56926,2291
56926,648
26391,49272
26391,1270
26391,4306
26391,33794
26391,56174
26391,318
26391,356
26391,480
26391,69122
26391,296
97690,457
97690,1101
97690,2944
97690,3836
97690,2948
97690,53972
97690,2403
97690,2470
97690,1197
97690,6537
127865,4963
127865,56174
127865,780
127865,7153
127865,356
127865,60069
127865,51662
127865,33794
127865,480
127865,34162
88832,50
88832,6711
88832,4226
88832,1179
88832,2076
88832,4878
88832,1674
88832,7361
88832,40583
88832,3783
24153,5952
24153,7153
24153,4993
24153,296
24153,5995
24153,2762
24153,1176
24153,2686
24153,2324
24153,2396
47450,3996
47450,7361
47450,2997
47450,1732
47450,2502
47450,1249
47450,1080
47450,3683
47450,1466
47450,4262
91816,858
91816,474
91816,1036
91816,1387
91816,6796
91816,1954
91816,3578
91816,1221
91816,110
91816,3499
37051,56941
37051,72919
37051,44004
37051,79293
37051,44613
37051,40819
37051,73015
37051,79185
37051,52975
37051,49824
131489,19
131489,4718
131489,2572
131489,1270
131489,31420
131489,216
131489,7293
131489,2858
131489,5009
131489,55765
42105,2571
42105,1291
42105,364
42105,2115
42105,4308
42105,3578
42105,4973
42105,594
42105,110
42105,480
73681,858
73681,480
73681,1270
73681,4226
73681,2762
73681,2700
73681,457
73681,1265
73681,150
73681,16
10514,91542
10514,551
10514,54995
10514,106489
10514,3147
10514,37729
10514,1246
10514,1682
10514,103688
10514,88125
115268,3114
115268,4361
115268,1172
115268,3022
115268,1217
115268,38038
115268,50872
115268,910
115268,969
115268,1694
103239,7371
103239,6711
103239,6016
103239,296
103239,46723
103239,2843
103239,4848
103239,714
103239,111
103239,4262
15887,4973
15887,5291
15887,318
15887,31658
15887,5952
15887,6218
15887,4226
15887,2324
15887,1217
15887,858
60662,2762
60662,2959
60662,1704
60662,2329
60662,150
60662,1270
60662,49272
60662,780
60662,26614
60662,858
29571,2571
29571,2716
29571,1210
29571,260
29571,2858
29571,1
29571,4306
29571,296
29571,1291
29571,1961
135232,903
135232,6565
135232,2115
135232,260
135232,529
135232,953
135232,41566
135232,3809
135232,4901
135232,33493
135285,37741
135285,3000
135285,551
135285,30749
135285,56367
135285,26662
135285,296
135285,27878
135285,50872
135285,46976
39591,2762
39591,7153
39591,47
39591,2329
39591,110
39591,608
39591,5952
39591,356
39591,33794
39591,30749
38119,8372
38119,6537
38119,6539
38119,420
38119,485
38119,256
38119,4446
38119,33794
38119,1573
38119,5418
43240,4226
43240,50
43240,2329
43240,318
43240,356
43240,33794
43240,5952
43240,1089
43240,589
43240,593
135462,1
135462,110
135462,1198
135462,356
135462,47
135462,2762
135462,588
135462,3578
135462,32
135462,780
61558,2329
61558,50
61558,1206
61558,4306
61558,3147
61558,33493
61558,1748
61558,4370
61558,924
61558,6711
101742,595
101742,588
101742,2987
101742,296
101742,551
101742,2137
101742,593
101742,34
101742,4226
101742,3398
22091,110
22091,5995
22091,318
22091,2959
22091,2858
22091,858
22091,593
22091,8961
22091,58559
22091,3578
110845,2959
110845,1210
110845,296
110845,150
110845,1721
110845,1097
110845,364
110845,1193
110845,1580
110845,68954
15577,1265
15577,1136
15577,1527
15577,780
15577,65261
15577,1
15577,1214
15577,3996
15577,316
15577,68358
71335,8961
71335,588
71335,3114
71335,8368
71335,5349
71335,2959
71335,60069
71335,69757
71335,1721
71335,69122
76632,7153
76632,78499
76632,6539
76632,364
76632,3114
76632,2355
76632,2
76632,5989
76632,919
76632,2706
88821,47610
88821,85414
88821,44199
88821,80463
88821,48774
88821,70286
88821,64839
88821,36517
88821,46578
88821,78574
128163,1961
128163,3408
128163,150
128163,527
128163,356
128163,3418
128163,508
128163,2762
128163,2115
128163,1196
114652,588
114652,364
114652,7361
114652,47
114652,2571
114652,68157
114652,4226
114652,3147
114652,3578
114652,4816
120948,91077
120948,82459
120948,68358
120948,49272
120948,37733
120948,32587
120948,45517
120948,40819
120948,70286
120948,89492
42060,5902
42060,5954
42060,6502
42060,55765
42060,19
42060,7502
42060,81562
42060,1127
42060,924
42060,8641
116703,1089
116703,2762
116703,4226
116703,4995
116703,5349
116703,364
116703,2987
116703,33493
116703,1213
116703,648
71592,597
71592,266
71592,1101
71592,1380
71592,33679
71592,587
71592,7293
71592,2145
71592,454
71592,33493
52232,480
52232,858
52232,356
52232,50
52232,1270
52232,3578
52232,4963
52232,1617
52232,377
52232,1961
93350,2959
93350,1193
93350,1258
93350,1206
93350,1089
93350,4878
93350,923
93350,1394
93350,79132
93350,2010
47581,50
47581,4226
47581,318
47581,6993
47581,608
47581,1625
47581,2959
47581,2858
47581,1172
47581,1193
103702,3421
103702,1220
103702,1206
103702,5418
103702,2683
103702,5481
103702,6539
103702,2791
103702,2947
103702,4963
131877,2329
131877,2959
131877,4993
131877,4792
131877,58559
131877,2571
131877,5952
131877,2085
131877,1198
131877,1207
11414,2716
11414,3702
11414,1527
11414,1199
11414,1129
11414,2916
11414,1214
11414,4571
11414,6537
11414,3070
21217,593
21217,8961
21217,6333
21217,6377
21217,260
21217,3578
21217,8798
21217,30707
21217,5349
21217,2502
67967,3949
67967,6953
67967,5364
67967,46723
67967,48696
67967,6870
67967,2762
67967,47
67967,3083
67967,8533
53305,7361
53305,47
53305,356
53305,48516
53305,79132
53305,2571
53305,5952
53305,2324
53305,5618
53305,2762
6702,5952
6702,293
6702,47
6702,593
6702,2028
6702,1527
6702,4226
6702,527
6702,79132
6702,4995
48879,78499
48879,50872
48879,3114
48879,68954
48879,81847
48879,1
48879,2085
48879,60069
48879,364
48879,2090
88916,1
88916,364
88916,7293
88916,1721
88916,4306
88916,69406
88916,4886
88916,69122
88916,6377
88916,66203
133852,5445
133852,4993
133852,5952
133852,7153
133852,1580
133852,5218
133852,480
133852,4306
133852,7458
133852,3753
38128,5952
38128,2028
38128,4993
38128,110
38128,2571
38128,58559
38128,1917
38128,1573
38128,457
38128,53972
97248,356
97248,527
97248,2571
97248,1203
97248,58559
97248,318
97248,4226
97248,908
97248,2028
97248,1617
42273,72998
42273,31658
42273,260
42273,78499
42273,97913
42273,50872
42273,8961
42273,4886
42273,70286
42273,76251
87029,778
87029,3948
87029,6377
87029,1961
87029,2997
87029,7323
87029,1517
87029,1136
87029,1704
87029,2706
31392,8957
31392,7438
31392,2959
31392,48516
31392,50
31392,5952
31392,7153
31392,4993
31392,3949
31392,44665
14342,35836
14342,2273
14342,1210
14342,586
14342,2502
14342,8665
14342,48516
14342,1485
14342,3578
14342,364
136895,1198
136895,904
136895,1374
136895,1136
136895,2716
136895,1256
136895,1253
136895,150
136895,1278
136895,1291
84680,4993
84680,3275
84680,5445
84680,6539
84680,34162
84680,318
84680,296
84680,2353
84680,104
84680,32587
127379,6377
127379,3052
127379,5418
127379,44191
127379,5445
127379,6874
127379,595
127379,588
127379,2572
127379,1
40131,2763
40131,3408
40131,7361
40131,110
40131,47
40131,3948
40131,1645
40131,2671
40131,30707
40131,6874
129060,111
129060,4011
129060,4226
129060,1206
129060,55820
129060,1732
129060,1208
129060,58559
129060,541
129060,318
2231,1372
2231,48394
2231,2571
2231,44191
2231,5952
2231,4993
2231,1373
2231,1198
2231,2959
2231,44199
120937,55442
120937,48516
120937,50
120937,44555
120937,56782
120937,7147
120937,1213
120937,260
120937,55247
120937,57669
55251,589
55251,1240
55251,63082
55251,4226
55251,1266
55251,2291
55251,4816
55251,551
55251,3081
55251,3949
89958,58559
89958,260
89958,356
89958,1198
89958,2571
89958,1291
89958,2762
89958,3256
89958,1136
89958,1089
62815,69122
62815,4306
62815,1136
62815,44195
62815,2858
62815,1
62815,4226
62815,2959
62815,1240
62815,3578
134508,6377
134508,3578
134508,593
134508,1240
134508,1682
134508,1275
134508,4886
134508,1265
134508,357
134508,920
134771,150
134771,1198
134771,4226
134771,47
134771,7438
134771,4886
134771,33794
134771,593
134771,1721
134771,50
65456,318
65456,51255
65456,57669
65456,48780
65456,48394
65456,55247
65456,8784
65456,51662
65456,60069
65456,7147
75145,33794
75145,2571
75145,2959
75145,3578
75145,2329
75145,89745
75145,2273
75145,4262
75145,111362
75145,1213
4793,778
4793,1961
4793,2997
4793,4878
4793,2692
4793,1246
4793,1997
4793,1307
4793,27803
4793,4848
28256,2918
28256,1961
28256,1276
28256,3362
28256,1674
28256,1263
28256,1307
28256,1923
28256,2797
28256,3101
4475,32587
4475,4993
4475,1196
4475,1198
4475,296
4475,2571
4475,8961
4475,30749
4475,1208
4475,1136
26279,6377
26279,4973
26279,7153
26279,1198
26279,1196
26279,589
26279,2762
26279,3751
26279,1265
26279,3578
85494,58559
85494,1196
85494,50872
85494,49530
85494,4995
85494,63082
85494,30749
85494,1270
85494,3147
85494,78499
43426,1196
43426,260
43426,6377
43426,150
43426,3175
43426,1073
43426,1210
43426,50872
43426,2918
43426,4993
48596,2858
48596,33794
48596,4776
48596,49272
48596,1089
48596,4011
48596,50
48596,32
48596,8798
48596,8665
5870,110
5870,2858
5870,2762
5870,1036
5870,47
5870,356
5870,4226
5870,3578
5870,293
5870,55820
13075,260
13075,296
13075,55820
13075,57669
13075,72226
13075,48774
13075,68157
13075,6333
13075,541
13075,8874
25299,858
25299,2959
25299,593
25299,1210
25299,47
25299,2762
25299,6365
25299,2858
25299,4993
25299,1198
68949,58998
68949,8636
68949,4306
68949,35836
68949,2763
68949,44191
68949,8984
68949,2706
68949,1721
68949,53322
124567,2762
124567,4306
124567,4246
124567,1197
124567,2571
124567,4973
124567,1073
124567,5299
124567,588
124567,8360
118027,593
118027,2571
118027,589
118027,377
118027,364
118027,500
118027,648
118027,1265
118027,1097
118027,110
92409,356
92409,7438
92409,6874
92409,5952
92409,7153
92409,4993
92409,32
92409,5903
92409,4011
92409,51662
51483,4226
51483,2959
51483,68237
51483,68358
51483,260
51483,79132
51483,91542
51483,87232
51483,7502
51483,59315
110428,7153
110428,318
110428,296
110428,51662
110428,50
110428,3275
110428,356
110428,5952
110428,48516
110428,110
97868,6502
97868,7360
97868,8874
97868,32587
97868,48394
97868,48774
97868,6731
97868,5833
97868,33794
97868,1221
22323,1704
22323,5147
22323,46723
22323,1041
22323,31437
22323,6016
22323,6291
22323,30803
22323,34437
22323,71579
2670,50
2670,457
2670,2571
2670,2762
2670,1196
2670,4226
2670,2716
2670,1291
2670,33794
2670,2959
32823,595
32823,2571
32823,1196
32823,4896
32823,588
32823,3793
32823,1198
32823,41566
32823,54001
32823,8636
44225,5418
44225,4995
44225,69122
44225,2683
44225,5903
44225,2706
44225,8665
44225,54286
44225,2700
44225,2628
19454,356
19454,5989
19454,4963
19454,49272
19454,6377
19454,4306
19454,6539
19454,45722
19454,2565
19454,2571
128000,79132
128000,4226
128000,1625
128000,49278
128000,70599
128000,34319
128000,5445
128000,2571
128000,1682
128000,2672
126498,260
126498,1136
126498,1198
126498,2959
126498,6377
126498,318
126498,1200
126498,1214
126498,4306
126498,1222
85942,2012
85942,589
85942,1127
85942,4370
85942,2078
85942,8636
85942,4874
85942,1653
85942,2858
85942,2291
40547,110
40547,858
40547,5952
40547,7361
40547,356
40547,59315
40547,8961
40547,527
40547,4306
40547,50
31907,508
31907,2028
31907,590
31907,1197
31907,1296
31907,1242
31907,3448
31907,1721
31907,47
31907,3101
14339,79132
14339,50
14339,1210
14339,1201
14339,1198
14339,750
14339,1213
14339,4226
14339,1617
14339,2019
87856,589
87856,2028
87856,5989
87856,1213
87856,3578
87856,527
87856,1089
87856,2858
87856,4226
87856,3911
18194,4993
18194,7153
18194,30749
18194,3578
18194,7254
18194,30707
18194,6942
18194,4886
18194,1246
18194,5952
54171,80489
54171,88129
54171,74458
54171,97304
54171,89864
54171,68157
54171,72998
54171,99114
54171,91630
54171,5989
105081,6377
105081,4306
105081,48774
105081,48516
105081,54372
105081,48394
105081,51540
105081,68157
105081,27831
105081,904
693,2762
693,50
693,47
693,296
693,2329
693,56367
693,6711
693,608
693,3949
693,441
24805,2959
24805,593
24805,2019
24805,3000
24805,4306
24805,32
24805,1199
24805,2858
24805,26662
24805,7361
35693,1213
35693,4034
35693,1089
35693,3578
35693,5445
35693,41997
35693,58559
35693,2329
35693,480
35693,1196
13624,920
13624,923
13624,2612
13624,903
13624,912
13624,4801
13624,3089
13624,1104
13624,1178
13624,1945
58642,1
58642,1197
58642,8961
58642,1196
58642,260
58642,2011
58642,4886
58642,1198
58642,1291
58642,3793
55015,50
55015,296
55015,541
55015,5902
55015,2076
55015,1285
55015,3481
55015,1193
55015,4226
55015,2329
16116,588
16116,2762
16116,2028
16116,8368
16116,62
16116,339
16116,72641
16116,587
16116,1674
16116,2571
54508,2858
54508,47
54508,2571
54508,8961
54508,356
54508,7361
54508,1240
54508,6711
54508,1732
54508,6539
120689,4979
120689,1089
120689,260
120689,4027
120689,471
120689,72226
120689,111
120689,5902
120689,4226
120689,1258
51487,72998
51487,2959
51487,589
51487,33794
51487,76093
51487,5952
51487,1270
51487,593
51487,78499
51487,68954
9101,1240
9101,3578
9101,32
9101,1270
9101,4306
9101,7361
9101,1923
9101,592
9101,858
9101,8360
52387,1
52387,5418
52387,480
52387,7153
52387,4306
52387,34405
52387,2115
52387,1275
52387,54286
52387,296
122319,593
122319,55820
122319,3174
122319,1921
122319,6377
122319,2762
122319,112290
122319,527
122319,3147
122319,8961
29671,47
29671,2959
29671,296
29671,2571
29671,2858
29671,7361
29671,1732
29671,61240
29671,2716
29671,8874
96069,1921
96069,2571
96069,4973
96069,3996
96069,5618
96069,741
96069,260
96069,4027
96069,1732
96069,1639
133177,44191
133177,2329
133177,356
133177,2571
133177,8368
133177,7022
133177,68157
133177,1197
133177,1214
133177,5669
25675,6874
25675,1136
25675,48516
25675,4226
25675,356
25675,54286
25675,3275
25675,4878
25675,1221
25675,2918
134683,60069
134683,8961
134683,838
134683,46578
134683,46976
134683,55280
134683,6377
134683,2918
134683,50872
134683,2248
31750,51834
31750,8533
31750,2125
31750,41566
31750,7669
31750,58559
31750,261
31750,54190
31750,2572
31750,59501
116389,110
116389,593
116389,6539
116389,1210
116389,590
116389,81845
116389,59369
116389,1214
116389,1270
116389,73017
134774,8371
134774,3827
134774,8361
134774,4343
134774,6564
134774,3300
134774,4369
134774,7439
134774,6541
134774,5219
46931,72998
46931,2571
46931,1036
46931,59784
46931,6539
46931,4993
46931,4306
46931,6365
46931,69406
46931,8644
93309,356
93309,31685
93309,8533
93309,4963
93309,539
93309,5418
93309,4995
93309,3512
93309,1101
93309,2424
124580,593
124580,47
124580,8360
124580,733
124580,457
124580,2321
124580,5218
124580,6874
124580,7438
124580,1225
64894,318
64894,1208
64894,260
64894,50
64894,7153
64894,4993
64894,1080
64894,593
64894,7090
64894,2692
48351,3147
48351,296
48351,49530
48351,78499
48351,1270
48351,858
48351,1198
48351,1036
48351,1
48351,69122
64151,1197
64151,3000
64151,33794
64151,58559
64151,1291
64151,79132
64151,858
64151,2959
64151,1210
64151,1270
84080,1653
84080,2028
84080,50
84080,2858
84080,1258
84080,4226
84080,1036
84080,48780
84080,27611
84080,60069
69162,4993
69162,5952
69162,7153
69162,4306
69162,1196
69162,1270
69162,296
69162,2571
69162,1527
69162,3052
133604,2571
133604,296
133604,1
133604,1196
133604,260
133604,7361
133604,7438
133604,6874
133604,1136
133604,110
134641,4878
134641,1732
134641,778
134641,7361
134641,1240
134641,31658
134641,56782
134641,5971
134641,4226
134641,2012
6355,1
6355,5952
6355,6539
6355,8961
6355,7153
6355,4306
6355,3793
6355,4896
6355,1198
6355,1356
82400,527
82400,2028
82400,50
82400,296
82400,4226
82400,5747
82400,1208
82400,6377
82400,3578
82400,1210
117567,593
117567,2571
117567,296
117567,1221
117567,49530
117567,1287
117567,4995
117567,1233
117567,1201
117567,2762
42987,110
42987,58559
42987,457
42987,59315
42987,33794
42987,2716
42987,4963
42987,2028
42987,589
42987,8961
112904,1193
112904,1089
112904,593
112904,356
112904,778
112904,2762
112904,1961
112904,1246
112904,4011
112904,7438
84899,2028
84899,4886
84899,2167
84899,4306
84899,4022
84899,2617
84899,1580
84899,296
84899,733
84899,1291
88051,7361
88051,2959
88051,68954
88051,318
88051,46578
88051,58559
88051,48780
88051,72998
88051,3578
88051,8961
33998,4306
33998,4886
33998,1
33998,6377
33998,68954
33998,912
33998,588
33998,356
33998,69757
33998,6539
45295,593
45295,4226
45295,1291
45295,70286
45295,110
45295,296
45295,3275
45295,1240
45295,6539
45295,54286
120087,1
120087,6377
120087,1682
120087,260
120087,5445
120087,68157
120087,733
120087,1097
120087,150
120087,73017
57542,1214
57542,1210
57542,1253
57542,912
57542,1250
57542,1221
57542,480
57542,1374
57542,908
57542,3307
20249,1210
20249,1196
20249,33493
20249,1676
20249,2916
20249,466
20249,7153
20249,5459
20249,380
20249,6934
46009,589
46009,4226
46009,593
46009,1200
46009,296
46009,2288
46009,1233
46009,48774
46009,1136
46009,48394
91153,293
91153,25
91153,5445
91153,2997
91153,1682
91153,3702
91153,1393
91153,1080
91153,2716
91153,924
90606,2918
90606,356
90606,4995
90606,2502
90606,4226
90606,296
90606,318
90606,55269
90606,3897
90606,7147
126937,2762
126937,527
126937,4993
126937,2028
126937,1704
126937,480
126937,457
126937,260
126937,1198
126937,47
113630,4226
113630,1258
113630,4886
113630,1
113630,1200
113630,3868
113630,5218
113630,49272
113630,3081
113630,44191
87778,32587
87778,49272
87778,89745
87778,48780
87778,296
87778,2959
87778,6874
87778,7438
87778,72226
87778,81845
65643,1291
65643,260
65643,1240
65643,59315
65643,79132
65643,150
65643,48516
65643,49272
65643,3275
65643,2268
65959,3741
65959,1227
65959,6016
65959,2313
65959,1997
65959,3089
65959,2871
65959,7063
65959,37733
65959,599
93987,2115
93987,4306
93987,1198
93987,2797
93987,1704
93987,2268
93987,5299
93987,6378
93987,11
93987,377
39181,106438
39181,41997
39181,55442
39181,97921
39181,81845
39181,48774
39181,47629
39181,98154
39181,60950
39181,95558
9346,8961
9346,45517
9346,5618
9346,1688
9346,60069
9346,59784
9346,3751
9346,6539
9346,56152
9346,4700
23521,7153
23521,1291
23521,2716
23521,608
23521,2762
23521,47
23521,150
23521,316
23521,1527
23521,344
30435,1223
30435,4886
30435,38038
30435,1
30435,41566
30435,1022
30435,30749
30435,8360
30435,527
30435,4178
38918,1258
38918,7361
38918,1259
38918,1193
38918,3897
38918,608
38918,356
38918,1213
38918,35836
38918,39
113825,2858
113825,2571
113825,4973
113825,4226
113825,33794
113825,293
113825,3996
113825,2329
113825,5618
113825,7090
131459,527
131459,99114
131459,4963
131459,47
131459,85414
131459,5418
131459,1682
131459,48516
131459,5989
131459,858
118139,4226
118139,356
118139,1199
118139,2997
118139,1136
118139,4878
118139,32
118139,260
118139,541
118139,608
119591,2762
119591,736
119591,2006
119591,1721
119591,5378
119591,587
119591,4963
119591,4310
119591,589
119591,339
79440,4226
79440,2959
79440,68157
79440,527
79440,49530
79440,63082
79440,2028
79440,593
79440,2762
79440,33794
69533,1240
69533,1136
69533,2571
69533,50
69533,1089
69533,2329
69533,1265
69533,1220
69533,79132
69533,2716
118325,1089
118325,58559
118325,4011
118325,593
118325,7438
118325,68954
118325,1580
118325,1258
118325,2291
118325,99114
55159,46578
55159,778
55159,2858
55159,1206
55159,55820
55159,4973
55159,1258
55159,1089
55159,3949
55159,1080
61487,7153
61487,5952
61487,3793
61487,4993
61487,6539
61487,356
61487,296
61487,1682
61487,1275
61487,1653
63272,316
63272,2716
63272,2571
63272,7361
63272,1748
63272,318
63272,44191
63272,8961
63272,480
63272,2105
1848,68954
1848,318
1848,79132
1848,260
1848,47
1848,31658
1848,6539
1848,858
1848,3996
1848,1732
55537,356
55537,2762
55537,2959
55537,2716
55537,46578
55537,1704
55537,2115
55537,68157
55537,4226
55537,1527
39353,2513
39353,4876
39353,2121
39353,3499
39353,44397
39353,3917
39353,7387
39353,410
39353,2003
39353,1997
112117,6539
112117,356
112117,480
112117,318
112117,1
112117,589
112117,2628
112117,32587
112117,4226
112117,1527
84504,47
84504,1200
84504,2502
84504,32587
84504,7143
84504,1653
84504,32
84504,2716
84504,3147
84504,6539
117246,527
117246,6711
117246,4226
117246,608
117246,2395
117246,858
117246,3911
117246,1193
117246,904
117246,39292
104897,2657
104897,2018
104897,586
104897,780
104897,4963
104897,1997
104897,1029
104897,2087
104897,596
104897,2096
77451,2115
77451,5952
77451,2268
77451,2763
77451,1378
77451,292
77451,1396
77451,2640
77451,1213
77451,4718
80105,2959
80105,6377
80105,1210
80105,5445
80105,33794
80105,58559
80105,6333
80105,4886
80105,49272
80105,318
77855,40819
77855,3552
77855,1393
77855,5218
77855,1961
77855,6936
77855,3114
77855,4995
77855,1580
77855,1721
22808,1089
22808,3253
22808,2011
22808,4571
22808,51255
22808,2716
22808,6188
22808,93840
22808,32
22808,541
39034,6377
39034,4306
39034,4993
39034,551
39034,4886
39034,588
39034,4816
39034,1210
39034,51255
39034,44191
28647,50872
28647,4963
28647,318
28647,47
28647,1704
28647,364
28647,68157
28647,527
28647,4993
28647,480
103165,1961
103165,4993
103165,4306
103165,4995
103165,1721
103165,1784
103165,6377
103165,5989
103165,1393
103165,593
92260,54286
92260,8798
92260,27821
92260,30793
92260,34437
92260,46578
92260,30707
92260,41566
92260,33679
92260,44191
29214,6218
29214,8961
29214,1197
29214,5377
29214,539
29214,8368
29214,1265
29214,1270
29214,6377
29214,3751
19401,1961
19401,4306
19401,5618
19401,8961
19401,1270
19401,2858
19401,4995
19401,3967
19401,8360
19401,33794
46265,50
46265,3925
46265,2997
46265,3415
46265,1173
46265,923
46265,3910
46265,6711
46265,1305
46265,34437
84973,6350
84973,2959
84973,58559
84973,4226
84973,55442
84973,1197
84973,5971
84973,551
84973,1136
84973,48082
110056,4226
110056,2959
110056,318
110056,1197
110056,1136
110056,913
110056,1291
110056,899
110056,1219
110056,750
15242,91529
15242,76251
15242,1274
15242,7099
15242,96610
15242,95510
15242,3967
15242,91500
15242,26662
15242,5690
96403,2571
96403,58559
96403,318
96403,79132
96403,1197
96403,81845
96403,1136
96403,60069
96403,296
96403,2858
13889,111
13889,2571
13889,2858
13889,4226
13889,608
13889,223
13889,4027
13889,30810
13889,4034
13889,3897
86903,588
86903,7153
86903,4993
86903,1367
86903,76093
86903,919
86903,917
86903,5952
86903,72737
86903,26133
105555,44191
105555,4973
105555,7361
105555,48394
105555,4878
105555,55269
105555,4886
105555,6377
105555,7147
105555,4306
129894,47
129894,2858
129894,750
129894,2329
129894,165
129894,593
129894,608
129894,1198
129894,592
129894,923
122904,2571
122904,1240
122904,1036
122904,1291
122904,480
122904,296
122904,2762
122904,380
122904,2012
122904,377
30380,6874
30380,50
30380,4011
30380,318
30380,8957
30380,288
30380,1258
30380,3949
30380,2542
30380,1923
98781,7361
98781,5952
98781,68954
98781,54286
98781,104841
98781,54259
98781,5445
98781,81564
98781,648
98781,96079
10356,6377
10356,2571
10356,4226
10356,7438
10356,5952
10356,4993
10356,1527
10356,4963
10356,7153
10356,4027
107334,1265
107334,903
107334,924
107334,904
107334,2076
107334,1278
107334,16
107334,1673
107334,1212
107334,5291
3031,8368
3031,4973
3031,356
3031,4896
3031,2571
3031,2788
3031,318
3031,4886
3031,8917
3031,3147
64667,66097
64667,82459
64667,3365
64667,2186
64667,3022
64667,2959
64667,2858
64667,3152
64667,8125
64667,1333
68961,106696
68961,39183
68961,4886
68961,95441
68961,8961
68961,99149
68961,56152
68961,99114
68961,6863
68961,3114
69669,1214
69669,1291
69669,32587
69669,3740
69669,3996
69669,6874
69669,6333
69669,49272
69669,1527
69669,6502
52098,110
52098,356
52098,5952
52098,2858
52098,1101
52098,2028
52098,1097
52098,1208
52098,592
52098,1961
130935,3578
130935,4308
130935,364
130935,4306
130935,597
130935,2959
130935,527
130935,47
130935,5995
130935,64957
52976,5952
52976,1291
52976,2716
52976,1968
52976,5989
52976,4034
52976,16
52976,2231
52976,1961
52976,48385
47468,2028
47468,1240
47468,32
47468,2762
47468,296
47468,4306
47468,165
47468,778
47468,1573
47468,733
126812,1704
126812,500
126812,858
126812,318
126812,3408
126812,1784
126812,527
126812,1721
126812,1097
126812,1307
10481,2571
10481,6874
10481,2858
10481,7147
10481,1784
10481,2291
10481,912
10481,7438
10481,1527
10481,6539
70594,1198
70594,7153
70594,858
70594,50
70594,5618
70594,1197
70594,1193
70594,1221
70594,1203
70594,912
130200,593
130200,318
130200,2858
130200,6016
130200,4973
130200,4226
130200,7361
130200,527
130200,4878
130200,924
11243,858
11243,2329
11243,4226
11243,2028
11243,296
11243,2959
11243,48516
11243,8961
11243,50
11243,32
59766,2959
59766,7034
59766,6291
59766,3949
59766,778
59766,2997
59766,7361
59766,593
59766,3910
59766,1193
91634,3793
91634,2716
91634,480
91634,6377
91634,6539
91634,1136
91634,6333
91634,8360
91634,588
91634,364
97935,7438
97935,56367
97935,4816
97935,1923
97935,48394
97935,44191
97935,3000
97935,49272
97935,35836
97935,8641
78046,318
78046,76093
78046,5952
78046,31658
78046,48394
78046,4993
78046,541
78046,4973
78046,8874
78046,48780
97906,356
97906,3578
97906,150
97906,260
97906,1196
97906,1210
97906,6365
97906,2115
97906,7143
97906,6934
121831,4963
121831,4306
121831,3897
121831,3948
121831,62
121831,5299
121831,5989
121831,6377
121831,150
121831,1682
114765,49651
114765,48516
114765,2273
114765,35836
114765,480
114765,4701
114765,1721
114765,3275
114765,1370
114765,1917
17261,1721
17261,318
17261,527
17261,1961
17261,72641
17261,1704
17261,590
17261,62
17261,2762
17261,500
76595,58303
76595,47629
76595,33660
76595,64614
76595,47610
76595,56788
76595,56607
76595,43376
76595,55052
76595,55765
63219,7160
63219,8645
63219,3546
63219,30707
63219,8951
63219,6770
63219,27722
63219,7572
63219,30803
63219,33660
59444,7361
59444,858
59444,1527
59444,1653
59444,541
59444,1206
59444,293
59444,527
59444,4027
59444,593
40196,40815
40196,69844
40196,7147
40196,37729
40196,51834
40196,4308
40196,4720
40196,72998
40196,48394
40196,44191
88065,2571
88065,55820
88065,58559
88065,1089
88065,4226
88065,1208
88065,32
88065,608
88065,101
88065,47
98206,260
98206,68954
98206,1240
98206,750
98206,32
98206,8914
98206,104841
98206,99114
98206,34405
98206,380
68661,4963
68661,69122
68661,858
68661,69481
68661,1196
68661,68954
68661,293
68661,1221
68661,74458
68661,3949
123609,81834
123609,595
123609,1270
123609,2355
123609,41566
123609,4886
123609,76093
123609,5218
123609,59615
123609,1097
128309,2303
128309,904
128309,6993
128309,3435
128309,1230
128309,3504
128309,2599
128309,5339
128309,1225
128309,2289
11585,79132
11585,1222
11585,593
11585,2959
11585,81591
11585,1206
11585,88129
11585,293
11585,4995
11585,74458
2394,50
2394,6377
2394,2959
2394,780
2394,2628
2394,364
2394,5445
2394,1270
2394,4226
2394,1961
116137,50
116137,32
116137,7438
116137,356
116137,4973
116137,2762
116137,1089
116137,527
116137,110
116137,1206
62884,4973
62884,1307
62884,2858
62884,4246
62884,6942
62884,5377
62884,7361
62884,357
62884,33166
62884,2671
105086,46723
105086,44199
105086,104841
105086,2028
105086,4226
105086,47610
105086,50068
105086,3386
105086,1246
105086,431
79184,76093
79184,6350
79184,68954
79184,3000
79184,26776
79184,1136
79184,68157
79184,48394
79184,2959
79184,81845
88804,8961
88804,32587
88804,8981
88804,33493
88804,8970
88804,30793
88804,8798
88804,35836
88804,8665
88804,6942
121477,1961
121477,30749
121477,2268
121477,4326
121477,36
121477,555
121477,2908
121477,778
121477,1625
121477,55820
60348,64614
60348,68157
60348,1291
60348,318
60348,1097
60348,527
60348,2115
60348,2000
60348,5418
60348,72998
99189,48780
99189,54286
99189,5418
99189,4963
99189,318
99189,64614
99189,47610
99189,68954
99189,69481
99189,2571
103668,253
103668,3052
103668,3996
103668,6754
103668,1080
103668,7090
103668,356
103668,551
103668,10
103668,1201
47148,32587
47148,6377
47148,4878
47148,296
47148,260
47148,858
47148,60069
47148,2329
47148,4306
47148,1221
93147,296
93147,4995
93147,1270
93147,4963
93147,7361
93147,648
93147,5418
93147,457
93147,2683
93147,1136
1090,6377
1090,1923
1090,1393
1090,1380
1090,6539
1090,4246
1090,4306
1090,4963
1090,7153
1090,4886
12823,47
12823,593
12823,296
12823,48516
12823,54286
12823,1213
12823,58559
12823,8665
12823,3578
12823,4226
58545,1208
58545,7361
58545,527
58545,1704
58545,6016
58545,2959
58545,1136
58545,1732
58545,4306
58545,1198
51491,54503
51491,89864
51491,79132
51491,58998
51491,69757
51491,55908
51491,83134
51491,88163
51491,67087
51491,96610
68735,5952
68735,608
68735,7153
68735,527
68735,6377
68735,48516
68735,1270
68735,380
68735,33794
68735,4306
11774,4226
11774,96079
11774,1196
11774,32587
11774,60069
11774,8368
11774,76251
11774,70286
11774,60684
11774,5349
128401,5445
128401,541
128401,7147
128401,4993
128401,318
128401,1206
128401,1921
128401,2291
128401,593
128401,6016
33357,74458
33357,2360
33357,92259
33357,4848
33357,2324
33357,3160
33357,7147
33357,34437
33357,2594
33357,73344
13350,7153
13350,4993
13350,541
13350,58559
13350,356
13350,296
13350,3000
13350,6377
13350,1223
13350,5618
49689,47
49689,2028
49689,1704
49689,296
49689,79132
49689,1198
49689,150
49689,110
49689,3578
49689,2762
15084,5418
15084,1210
15084,91542
15084,8644
15084,81834
15084,2571
15084,98809
15084,3300
15084,5507
15084,88125
23142,8533
23142,40815
23142,6942
23142,356
23142,8368
23142,41566
23142,4019
23142,4306
23142,6539
23142,4308
5611,50
5611,7361
5611,4993
5611,32587
5611,593
5611,1206
5611,4306
5611,6874
5611,2762
5611,4878
39053,595
39053,7085
39053,4795
39053,6785
39053,911
39053,2565
39053,588
39053,7395
39053,7212
39053,2398
52285,1213
52285,1260
52285,2858
52285,904
52285,541
52285,1617
52285,908
52285,3470
52285,7820
52285,7234
48929,45950
48929,36529
48929,8873
48929,55052
48929,47629
48929,41571
48929,8983
48929,33493
48929,41997
48929,50068
134295,58559
134295,5989
134295,50872
134295,5445
134295,593
134295,48516
134295,1961
134295,4226
134295,64614
134295,1210
76514,5989
76514,4963
76514,1721
76514,2572
76514,2858
76514,8784
76514,1073
76514,4995
76514,2762
76514,2959
126968,5816
126968,296
126968,6539
126968,920
126968,912
126968,4878
126968,1207
126968,253
126968,1206
126968,914
18133,40819
18133,4776
18133,3552
18133,4262
18133,33166
18133,589
18133,1291
18133,553
18133,44191
18133,260
6899,2858
6899,78499
6899,4896
6899,96610
6899,89864
6899,858
6899,71535
6899,7438
6899,480
6899,81847
106264,4963
106264,593
106264,47
106264,54503
106264,48738
106264,46578
106264,1704
106264,527
106264,7361
106264,8784
101397,4963
101397,4306
101397,68157
101397,296
101397,72998
101397,49272
101397,59369
101397,60684
101397,96079
101397,95167
49738,4262
49738,3275
49738,356
49738,2571
49738,6373
49738,32019
49738,6539
49738,6957
49738,8917
49738,1485
9685,50
9685,7361
9685,6711
9685,3897
9685,8949
9685,41997
9685,40583
9685,33166
9685,30707
9685,2959
18117,318
18117,750
18117,1136
18117,4034
18117,1201
18117,111
18117,5669
18117,608
18117,2194
18117,2028
55196,33794
55196,55820
55196,8961
55196,8949
55196,942
55196,5008
55196,48516
55196,63082
55196,44195
55196,2935
49794,4896
49794,8961
49794,1080
49794,1136
49794,4886
49794,57669
49794,68954
49794,5816
49794,3793
49794,4816
3178,3578
3178,1682
3178,1206
3178,32
3178,50
3178,4226
3178,1193
3178,2028
3178,6874
3178,2997
54158,86332
54158,6539
54158,72998
54158,1270
54158,95510
54158,77561
54158,110
54158,34405
54158,48774
54158,98809
90253,2858
90253,318
90253,4973
90253,597
90253,1784
90253,1961
90253,4995
90253,2396
90253,2324
90253,1704
78446,924
78446,2005
78446,3253
78446,61323
78446,2542
78446,54881
78446,1252
78446,52973
78446,1617
78446,3421
18306,6539
18306,6377
18306,91500
18306,1721
18306,68954
18306,49272
18306,4306
18306,81847
18306,8636
18306,364
126272,1206
126272,1244
126272,750
126272,1136
126272,2959
126272,1208
126272,4973
126272,745
126272,2997
126272,2858
132728,1036
132728,4226
132728,2329
132728,480
132728,589
132728,32
132728,1220
132728,1240
132728,7153
132728,5952
94192,79132
94192,44191
94192,2959
94192,76093
94192,588
94192,356
94192,3578
94192,89745
94192,1580
94192,1136
118093,4447
118093,78316
118093,43930
118093,56367
118093,7451
118093,6155
118093,5943
118093,78174
118093,36525
118093,59421
121423,4226
121423,318
121423,3147
121423,527
121423,2858
121423,1246
121423,1704
121423,1198
121423,1208
121423,589
96009,31685
96009,6879
96009,6188
96009,3448
96009,2371
96009,2268
96009,2231
96009,5267
96009,3552
96009,2353
113278,3897
113278,2858
113278,2174
113278,585
113278,3608
113278,1285
113278,1513
113278,4679
113278,532
113278,8366
122215,2762
122215,7438
122215,4973
122215,2542
122215,7361
122215,318
122215,253
122215,3081
122215,345
122215,1641
138295,50
138295,4011
138295,318
138295,16
138295,7360
138295,110
138295,1997
138295,1193
138295,4226
138295,1222
103016,32587
103016,48394
103016,57368
103016,91500
103016,103042
103016,70286
103016,112623
103016,60069
103016,81591
103016,112556
43752,6711
43752,356
43752,4973
43752,2712
43752,750
43752,1625
43752,2232
43752,1213
43752,48394
43752,2076
44610,4973
44610,2692
44610,4144
44610,2858
44610,4226
44610,6711
44610,41285
44610,33903
44610,39183
44610,2959
61847,589
61847,47
61847,2571
61847,296
61847,593
61847,1222
61847,1036
61847,2329
61847,2000
61847,1240
37662,47
37662,5445
37662,4306
37662,780
37662,2959
37662,5952
37662,2028
37662,2762
37662,4226
37662,344
94410,47
94410,2762
94410,4226
94410,318
94410,1258
94410,2959
94410,1221
94410,1089
94410,1682
94410,2329
123037,33794
123037,7445
123037,8636
123037,8368
123037,52973
123037,6539
123037,40815
123037,6378
123037,2959
123037,524
91400,32587
91400,34150
91400,33166
91400,41569
91400,8970
91400,31696
91400,30812
91400,7293
91400,32596
91400,30825
63064,4878
63064,5618
63064,1206
63064,5971
63064,7361
63064,1219
63064,1237
63064,750
63064,48774
63064,3030
93833,593
93833,4306
93833,2700
93833,2987
93833,1682
93833,1265
93833,318
93833,1221
93833,6874
93833,1
16401,58559
16401,1210
16401,1198
16401,78499
16401,60069
16401,76093
16401,85414
16401,480
16401,1291
16401,68358
126354,74458
126354,47
126354,79132
126354,2858
126354,318
126354,1682
126354,2571
126354,527
126354,99114
126354,4973
7100,56171
7100,60684
7100,7373
7100,71530
7100,253
7100,57640
7100,1831
7100,1748
7100,5171
7100,5952
117835,3578
117835,296
117835,50
117835,2329
117835,2959
117835,4995
117835,8665
117835,2028
117835,49272
117835,1704
118229,4878
118229,4973
118229,1732
118229,1997
118229,7099
118229,5989
118229,4848
118229,4306
118229,4886
118229,1036
31405,4226
31405,1258
31405,47
31405,4973
31405,1222
31405,1527
31405,4963
31405,2542
31405,2858
31405,1884
101405,318
101405,2762
101405,4776
101405,8957
101405,70286
101405,296
101405,47
101405,64614
101405,8807
101405,5266
52382,1258
52382,1089
52382,2762
52382,2959
52382,2858
52382,778
52382,1259
52382,4878
52382,527
52382,5952
26007,2011
26007,6377
26007,4963
26007,8961
26007,1222
26007,593
26007,2762
26007,5816
26007,2683
26007,2858
57230,260
57230,2501
57230,5445
57230,1073
57230,1240
57230,1307
57230,4995
57230,8360
57230,2011
57230,2115
36072,3753
36072,733
36072,2571
36072,648
36072,356
36072,318
36072,10
36072,377
36072,2353
36072,3578
93555,2762
93555,1270
93555,1200
93555,1320
93555,1261
93555,485
93555,858
93555,3033
93555,1356
93555,50
42963,923
42963,858
42963,1196
42963,2858
42963,32
42963,6874
42963,608
42963,4848
42963,165
42963,1961
82766,4886
82766,318
82766,5952
82766,4993
82766,1240
82766,1036
82766,58559
82766,296
82766,1721
82766,364
41094,1653
41094,1500
41094,1682
41094,45
41094,1393
41094,4037
41094,1923
41094,1060
41094,2599
41094,2406
53393,1527
53393,1907
53393,2167
53393,48394
53393,919
53393,5418
53393,1
53393,2273
53393,54286
53393,110
51989,5218
51989,2953
51989,6888
51989,4388
51989,3785
51989,33164
51989,2706
51989,1975
51989,1702
51989,6951
113325,8970
113325,48394
113325,58559
113325,40629
113325,68954
113325,8533
113325,56715
113325,4878
113325,8784
113325,55280
93440,3996
93440,8368
93440,5618
93440,5971
93440,1197
93440,39183
93440,5299
93440,7099
93440,1198
93440,6539
98123,293
98123,4226
98123,5952
98123,110
98123,1270
98123,1291
98123,589
98123,480
98123,527
98123,541
64217,588
64217,364
64217,4963
64217,1240
64217,733
64217,2918
64217,1552
64217,553
64217,1608
64217,3114
134456,733
134456,1089
134456,1210
134456,7438
134456,5349
134456,780
134456,1222
134456,2115
134456,8360
134456,48516
137246,5952
137246,2571
137246,2291
137246,344
137246,1784
137246,47
137246,1265
137246,337
137246,1198
137246,48385
135247,1641
135247,4306
135247,7153
135247,2858
135247,2959
135247,318
135247,4886
135247,1265
135247,6377
135247,260
78076,593
78076,27773
78076,31410
78076,296
78076,3949
78076,44555
78076,608
78076,50
78076,47
78076,318
87416,40819
87416,56367
87416,60069
87416,64614
87416,68954
87416,33679
87416,53972
87416,54997
87416,59369
87416,54001
68826,8665
68826,5418
68826,8360
68826,30707
68826,6539
68826,6565
68826,40819
68826,1704
68826,110
68826,33493
41231,1777
41231,1517
41231,2706
41231,1407
41231,2694
41231,3052
41231,3785
41231,3882
41231,333
41231,2683
129659,2858
129659,17
129659,919
129659,318
129659,527
129659,1193
129659,3101
129659,920
129659,1225
129659,2762
63419,3147
63419,2571
63419,5608
63419,356
63419,293
63419,63082
63419,48738
63419,593
63419,110
63419,74458
47242,59315
47242,2502
47242,68358
47242,296
47242,3578
47242,4226
47242,110
47242,356
47242,1291
47242,54286
47887,5989
47887,356
47887,2502
47887,1393
47887,589
47887,33794
47887,4306
47887,161
47887,3793
47887,2858
34573,6377
34573,1580
34573,4886
34573,1028
34573,2355
34573,8961
34573,1196
34573,1210
34573,260
34573,480
133489,1222
133489,608
133489,1617
133489,296
133489,3551
133489,903
133489,527
133489,1262
133489,2944
133489,2871
78381,2858
78381,296
78381,2329
78381,7254
78381,80463
78381,593
78381,47610
78381,6953
78381,44191
78381,59315
11902,33166
11902,35836
11902,44199
11902,36517
11902,41285
11902,40278
11902,41716
11902,40583
11902,34162
11902,8949
28857,32
28857,293
28857,1213
28857,589
28857,296
28857,1291
28857,4262
28857,110
28857,7438
28857,70286
49414,63082
49414,1189
49414,356
49414,93040
49414,4973
49414,5995
49414,30749
49414,2858
49414,1293
49414,71462
108285,55765
108285,49530
108285,48780
108285,3793
108285,63082
108285,77561
108285,60074
108285,4776
108285,5816
108285,4896
94047,1580
94047,2858
94047,2762
94047,4306
94047,4246
94047,4993
94047,1584
94047,60069
94047,5952
94047,7153
84968,5952
84968,6874
84968,7153
84968,2959
84968,5418
84968,7438
84968,1527
84968,4993
84968,1200
84968,33794
4073,7361
4073,2571
4073,1193
4073,608
4073,56782
4073,541
4073,4262
4073,64614
4073,2028
4073,68237
110947,1370
110947,2762
110947,356
110947,1682
110947,47
110947,1270
110947,2671
110947,1380
110947,296
110947,1092
52779,4963
52779,4306
52779,110
52779,72998
52779,58998
52779,64614
52779,3916
52779,3552
52779,296
52779,2115
114383,296
114383,733
114383,2028
114383,1
114383,4993
114383,2571
114383,593
114383,457
114383,150
114383,6874
10298,4226
10298,2858
10298,318
10298,2959
10298,1197
10298,110
10298,1089
10298,7361
10298,4011
10298,1136
2405,33794
2405,260
2405,3578
2405,1196
2405,1210
2405,592
2405,6377
2405,4886
2405,2115
2405,1580
13725,8961
13725,1270
13725,2571
13725,33794
13725,5418
13725,3753
13725,46972
13725,56775
13725,586
13725,56174
6623,8360
6623,318
6623,1580
6623,1
6623,2716
6623,1073
6623,54001
6623,2617
6623,3175
6623,1097
36946,32587
36946,2762
36946,2858
36946,8950
36946,3949
36946,1222
36946,68157
36946,55820
36946,2502
36946,858
56259,364
56259,1
56259,54286
56259,480
56259,500
56259,4306
56259,356
56259,73017
56259,50872
56259,5418
19651,4993
19651,7153
19651,356
19651,7438
19651,48516
19651,32587
19651,5349
19651,1265
19651,45722
19651,1198
115513,1210
115513,457
115513,1089
115513,58559
115513,110
115513,1213
115513,55820
115513,2762
115513,1240
115513,1968
51122,2858
51122,593
51122,356
51122,296
51122,1193
51122,1097
51122,1270
51122,3578
51122,110
51122,5952
95949,2118
95949,2160
95949,1994
95949,1387
95949,2918
95949,1265
95949,2791
95949,589
95949,1230
95949,260
69498,2716
69498,32
69498,318
69498,50
69498,1036
69498,527
69498,293
69498,6874
69498,1214
69498,1961
92512,858
92512,4973
92512,2329
92512,527
92512,296
92512,79132
92512,80463
92512,7361
92512,60069
92512,2028
63123,50872
63123,4306
63123,2762
63123,1210
63123,1089
63123,6377
63123,480
63123,1198
63123,50
63123,923
72597,1214
72597,593
72597,1240
72597,2762
72597,2028
72597,4963
72597,1198
72597,1036
72597,5010
72597,4223
132801,44191
132801,318
132801,54286
132801,7502
132801,3793
132801,49272
132801,50
132801,480
132801,2000
132801,98809
53159,1732
53159,608
53159,6711
53159,55820
53159,30810
53159,2599
53159,4034
53159,1200
53159,1208
53159,541
23149,44191
23149,58559
23149,8957
23149,5952
23149,7153
23149,4993
23149,6502
23149,48780
23149,60684
23149,106920
103827,1270
103827,260
103827,318
103827,527
103827,356
103827,541
103827,364
103827,4226
103827,150
103827,589
58904,86332
58904,5349
58904,54259
58904,1198
58904,4963
58904,48780
58904,2959
58904,1291
58904,5618
58904,8360
95997,6377
95997,4886
95997,3671
95997,41566
95997,2115
95997,1
95997,1356
95997,1240
95997,34405
95997,59315
72949,1213
72949,50
72949,8784
72949,2028
72949,5418
72949,44195
72949,60756
72949,5989
72949,81562
72949,55290
93947,356
93947,4886
93947,6377
93947,2502
93947,59315
93947,593
93947,47
93947,48394
93947,4011
93947,1527
107485,110
107485,541
107485,1097
107485,1136
107485,1089
107485,1198
107485,1270
107485,1
107485,1527
107485,2997
62882,1197
62882,51662
62882,48780
62882,60684
62882,1270
62882,296
62882,1
62882,48516
62882,88140
62882,6377
80718,47
80718,7153
80718,1136
80718,4993
80718,2571
80718,4011
80718,2683
80718,4226
80718,1089
80718,4886
67286,357
67286,1271
67286,2762
67286,3160
67286,342
67286,46723
67286,608
67286,1295
67286,4014
67286,2997
31896,4011
31896,47
31896,1222
31896,2858
31896,296
31896,1208
31896,44555
31896,356
31896,30749
31896,32
124375,6377
124375,33794
124375,1580
124375,33493
124375,480
124375,5952
124375,45499
124375,6333
124375,2628
124375,1
50192,7438
50192,337
50192,4306
50192,2396
50192,4973
50192,8970
50192,1729
50192,5991
50192,55052
50192,1339
34637,1527
34637,1265
34637,92259
34637,5377
34637,4306
34637,109374
34637,293
34637,1246
34637,5418
34637,8638
40687,593
40687,1704
40687,1
40687,1784
40687,11
40687,539
40687,1270
40687,110
40687,1197
40687,2918
134493,1198
134493,1036
134493,2571
134493,593
134493,1961
134493,1246
134493,5418
134493,7143
134493,5989
134493,474
57643,1214
57643,2858
57643,4226
57643,48516
57643,1198
57643,1208
57643,1193
57643,589
57643,1196
57643,541
58249,2028
58249,1196
58249,1210
58249,260
58249,296
58249,589
58249,593
58249,4226
58249,1198
58249,1270
80485,54272
80485,1682
80485,57368
80485,4226
80485,4995
80485,8807
80485,6863
80485,8957
80485,60069
80485,5669
128175,318
128175,1136
128175,608
128175,4027
128175,1214
128175,1080
128175,48516
128175,48774
128175,48394
128175,7981
99472,5349
99472,1291
99472,1610
99472,8636
99472,457
99472,1198
99472,2000
99472,2716
99472,4886
99472,3175
2193,4878
2193,6874
2193,3949
2193,48082
2193,48394
2193,69757
2193,55444
2193,7034
2193,7438
2193,7265
59812,253
59812,4226
59812,648
59812,509
59812,316
59812,4873
59812,6385
59812,44191
59812,4848
59812,1240
19818,48780
19818,44191
19818,70286
19818,56782
19818,41997
19818,33166
19818,46578
19818,68954
19818,59315
19818,34405
109081,2571
109081,2918
109081,1610
109081,2028
109081,1617
109081,3578
109081,457
109081,7153
109081,4993
109081,1259
137471,2571
137471,54503
137471,58559
137471,318
137471,1527
137471,4973
137471,35836
137471,2329
137471,4878
137471,1148
66241,2571
66241,1393
66241,4992
66241,1210
66241,2858
66241,5377
66241,40629
66241,33679
66241,39231
66241,56367
4189,8961
4189,3578
4189,7438
4189,44191
4189,6333
4189,44199
4189,1258
4189,2858
4189,110
4189,7361
109843,2115
109843,3105
109843,1210
109843,1584
109843,69122
109843,3098
109843,2858
109843,1101
109843,5816
109843,3256
138015,51662
138015,58559
138015,4262
138015,48780
138015,1196
138015,2028
138015,69122
138015,4878
138015,1193
138015,1208
104075,55820
104075,593
104075,2329
104075,1222
104075,4226
104075,1240
104075,47
104075,3147
104075,70286
104075,110
24928,8665
24928,6942
24928,590
24928,3147
24928,6377
24928,2797
24928,5445
24928,3256
24928,364
24928,1
41638,84392
41638,91077
41638,49772
41638,73017
41638,64620
41638,79897
41638,57243
41638,49822
41638,67997
41638,81847
35135,56174
35135,5903
35135,8361
35135,68319
35135,93363
35135,7373
35135,91542
35135,73321
35135,102445
35135,68358
44054,913
44054,904
44054,1225
44054,1136
44054,903
44054,1267
44054,1223
44054,4973
44054,1224
44054,1131
130052,3000
130052,1214
130052,32587
130052,2959
130052,4878
130052,741
130052,6774
130052,2076
130052,7099
130052,1089
45498,1196
45498,2762
45498,593
45498,4995
45498,1198
45498,1246
45498,1272
45498,480
45498,1090
45498,1097
127930,1197
127930,1089
127930,2918
127930,2858
127930,1198
127930,1278
127930,1225
127930,1968
127930,1094
127930,1994
26437,91529
26437,2959
26437,356
26437,26614
26437,87232
26437,91542
26437,106489
26437,95510
26437,88140
26437,6378
17185,68954
17185,58559
17185,79132
17185,593
17185,47
17185,2959
17185,2571
17185,4963
17185,6377
17185,63082
123281,4226
123281,4878
123281,593
123281,7361
123281,1196
123281,2329
123281,8874
123281,1210
123281,1193
123281,778
35436,4995
35436,5989
35436,296
35436,58559
35436,377
35436,4963
35436,1784
35436,33166
35436,524
35436,858
69370,59315
69370,2858
69370,47
69370,8961
69370,356
69370,1198
69370,4011
69370,44199
69370,4995
69370,7361
127141,68954
127141,8961
127141,30793
127141,46578
127141,39183
127141,8973
127141,60069
127141,36517
127141,40629
127141,37729
80482,2716
80482,356
80482,1580
80482,1923
80482,364
80482,500
80482,1704
80482,2797
80482,1197
80482,3361
51844,1136
51844,597
51844,1270
51844,595
51844,2918
51844,500
51844,527
51844,26662
51844,4995
51844,1246
88398,81562
88398,60069
88398,47
88398,68954
88398,1961
88398,1527
88398,50
88398,73017
88398,593
88398,72998
32522,68157
32522,318
32522,2571
32522,2959
32522,4973
32522,1196
32522,5971
32522,4878
32522,593
32522,293
15125,4226
15125,2959
15125,2571
15125,3578
15125,318
15125,541
15125,7438
15125,33794
15125,44555
15125,111
16473,356
16473,3996
16473,66371
16473,590
16473,1784
16473,6669
16473,30707
16473,31437
16473,858
16473,1682
37371,4973
37371,39183
37371,7254
37371,6291
37371,5015
37371,7361
37371,4308
37371,296
37371,4246
37371,3578
119842,49272
119842,60069
119842,35836
119842,34162
119842,60074
119842,41566
119842,8376
119842,54503
119842,49651
119842,27808
125276,60069
125276,356
125276,318
125276,88125
125276,4886
125276,89745
125276,78499
125276,73017
125276,63082
125276,50872
21829,31658
21829,1208
21829,50
21829,1270
21829,4306
21829,1252
21829,7938
21829,592
21829,1258
21829,26082
29872,5952
29872,593
29872,4993
29872,4963
29872,3147
29872,4011
29872,72998
29872,2329
29872,54286
29872,56367
40765,3949
40765,2657
40765,8622
40765,8464
40765,1073
40765,4641
40765,1274
40765,3863
40765,1653
40765,3556
44153,4226
44153,50
44153,2858
44153,48780
44153,1704
44153,99114
44153,55820
44153,6016
44153,44191
44153,3147
106755,33166
106755,39292
106755,34072
106755,97304
106755,40583
106755,44195
106755,81845
106755,41997
106755,44191
106755,48516
2232,778
2232,32587
2232,2618
2232,2542
2232,3996
2232,8874
2232,7160
2232,5669
2232,1641
2232,3186
63926,2858
63926,50
63926,1732
63926,1213
63926,4027
63926,750
63926,4878
63926,32
63926,318
63926,51255
33919,4878
33919,296
33919,2959
33919,7360
33919,1214
33919,3081
33919,6807
33919,2291
33919,551
33919,1193
13955,2288
13955,40732
13955,2571
13955,5502
13955,4002
13955,1258
13955,3033
13955,5349
13955,1206
13955,4571
112375,32587
112375,4963
112375,44191
112375,6874
112375,7438
112375,1270
112375,76093
112375,5378
112375,76251
112375,60684
94752,3481
94752,8784
94752,5669
94752,3996
94752,7438
94752,33166
94752,5992
94752,3949
94752,1089
94752,4027
59261,2571
59261,2858
59261,296
59261,2959
59261,750
59261,1136
59261,912
59261,2731
59261,79132
59261,608
107806,36517
107806,94070
107806,72998
107806,90866
107806,43396
107806,8961
107806,91630
107806,49272
107806,79132
107806,49530
50012,318
50012,1089
50012,5152
50012,8493
50012,2959
50012,5010
50012,3996
50012,590
50012,1233
50012,32587
9556,2571
9556,4226
9556,608
9556,1136
9556,2502
9556,778
9556,1213
9556,1222
9556,356
9556,71535
135035,3578
135035,3147
135035,58559
135035,31696
135035,6365
135035,6539
135035,4896
135035,56174
135035,8984
135035,47
121657,296
121657,1273
121657,750
121657,111
121657,7156
121657,2997
121657,3677
121657,1136
121657,1193
121657,32
81403,4306
81403,63082
81403,4022
81403,110
81403,6377
81403,8533
81403,480
81403,4995
81403,3578
81403,4886
15652,79132
15652,81847
15652,7153
15652,59784
15652,5952
15652,1
15652,33794
15652,91630
15652,72998
15652,4993
33897,7361
33897,2692
33897,1193
33897,342
33897,1079
33897,50
33897,6377
33897,509
33897,2762
33897,3751
80620,1036
80620,2959
80620,44665
80620,1527
80620,1370
80620,733
80620,293
80620,27660
80620,2571
80620,69122
104659,32
104659,47
104659,593
104659,1258
104659,1213
104659,1193
104659,16
104659,1961
104659,7361
104659,8132
23195,3948
23195,4963
23195,6188
23195,2791
23195,104
23195,3552
23195,5418
23195,904
23195,3253
23195,296
103506,2959
103506,2571
103506,58559
103506,4085
103506,4011
103506,32587
103506,8665
103506,1036
103506,1291
103506,589
113441,541
113441,2762
113441,7153
113441,1136
113441,4878
113441,79132
113441,50
113441,1222
113441,2542
113441,4973
16452,26084
16452,33679
16452,33794
16452,8984
16452,37727
16452,41569
16452,8644
16452,6565
16452,40815
16452,27808
56099,608
56099,541
56099,5291
56099,4973
56099,2010
56099,1348
56099,1206
56099,1136
56099,2076
56099,1244
62660,47
62660,1732
62660,778
62660,858
62660,1196
62660,4027
62660,4235
62660,5902
62660,50
62660,1089
115768,1610
115768,318
115768,2028
115768,3147
115768,1136
115768,8665
115768,5152
115768,6947
115768,1240
115768,32
112258,47
112258,318
112258,593
112258,1193
112258,1222
112258,1206
112258,2571
112258,32587
112258,1617
112258,4973
39022,2762
39022,457
39022,1240
39022,1089
39022,48516
39022,1101
39022,2411
39022,6
39022,442
39022,2716
52022,4226
52022,1704
52022,296
52022,593
52022,2858
52022,1
52022,2329
52022,2762
52022,32
52022,3147
80269,1270
80269,5952
80269,589
80269,2762
80269,2028
80269,2959
80269,2858
80269,1197
80269,7153
80269,8961
84385,1089
84385,4993
84385,7153
84385,5952
84385,457
84385,592
84385,1517
84385,6874
84385,2115
84385,2858
48278,6539
48278,60069
48278,2406
48278,68954
48278,38038
48278,7153
48278,260
48278,457
48278,59784
48278,4993
118959,1917
118959,1721
118959,2762
118959,2028
118959,2706
118959,296
118959,1270
118959,6595
118959,3114
118959,33679
40198,780
40198,4306
40198,4226
40198,2762
40198,608
40198,1721
40198,1270
40198,47
40198,648
40198,8961
23431,51662
23431,2959
23431,69122
23431,72998
23431,5989
23431,59369
23431,3578
23431,63082
23431,68157
23431,4306
40020,5952
40020,7153
40020,6377
40020,40629
40020,47610
40020,2762
40020,8529
40020,1246
40020,150
40020,5349
40099,318
40099,1206
40099,778
40099,3949
40099,4226
40099,47
40099,1089
40099,4641
40099,1193
40099,593
56954,1291
56954,5952
56954,260
56954,4306
56954,2571
56954,5349
56954,4886
56954,4963
56954,1580
56954,8360
46269,1240
46269,1214
46269,2762
46269,480
46269,593
46269,2716
46269,4370
46269,1961
46269,1704
46269,589
126177,2916
126177,2076
126177,3735
126177,3471
126177,3210
126177,1253
126177,3363
126177,1333
126177,1231
126177,6787
99930,49272
99930,6787
99930,46578
99930,38886
99930,36529
99930,3362
99930,6016
99930,46850
99930,52241
99930,34271
64274,4878
64274,1199
64274,101
64274,1175
64274,1206
64274,2997
64274,1273
64274,6620
64274,4641
64274,541
44481,589
44481,1748
44481,2012
44481,2542
44481,48774
44481,70286
44481,104841
44481,91529
44481,97752
44481,33794
76972,55118
76972,54997
76972,46578
76972,50068
76972,56333
76972,89492
76972,79242
76972,40819
76972,36276
76972,69757
120450,54286
120450,48385
120450,45210
120450,47610
120450,39292
120450,64614
120450,56339
120450,31410
120450,54272
120450,38061
21893,1222
21893,1221
21893,608
21893,593
21893,7153
21893,1198
21893,2329
21893,541
21893,7361
21893,48516
114490,60069
114490,110
114490,32
114490,2716
114490,589
114490,2028
114490,3527
114490,1240
114490,4226
114490,2278
13399,60069
13399,88125
13399,2571
13399,2959
13399,356
13399,68954
13399,81591
13399,32587
13399,44191
13399,78499
119757,46578
119757,4881
119757,6711
119757,48385
119757,1095
119757,2973
119757,1120
119757,1263
119757,59126
119757,2455
128250,1136
128250,54001
128250,1196
128250,69844
128250,1210
128250,3000
128250,5816
128250,44191
128250,79702
128250,54259
89215,1198
89215,32
89215,1270
89215,2762
89215,589
89215,593
89215,2028
89215,6377
89215,3147
89215,1196
104870,480
104870,1387
104870,1610
104870,1213
104870,1097
104870,1234
104870,296
104870,1193
104870,2028
104870,2762
18241,2572
18241,344
18241,1917
18241,5377
18241,588
18241,1367
18241,592
18241,1517
18241,1214
18241,2683
110536,47
110536,318
110536,4226
110536,53996
110536,48516
110536,36529
110536,44665
110536,260
110536,1196
110536,648
28771,41566
28771,34405
28771,33794
28771,77561
28771,91529
28771,40629
28771,102445
28771,954
28771,48780
28771,56367
121149,5445
121149,1527
121149,1258
121149,1961
121149,110
121149,2028
121149,3578
121149,4034
121149,1617
121149,1193
15428,2028
15428,2858
15428,32587
15428,48394
15428,1584
15428,1682
15428,4975
15428,33166
15428,3994
15428,589
78069,6539
78069,4993
78069,527
78069,7153
78069,1610
78069,318
78069,2194
78069,4963
78069,3578
78069,8368
36110,527
36110,908
36110,1945
36110,923
36110,8337
36110,1250
36110,3468
36110,1198
36110,1248
36110,1358
87859,2542
87859,53996
87859,3052
87859,1682
87859,88744
87859,77561
87859,1923
87859,318
87859,8874
87859,50
84565,1527
84565,1136
84565,3578
84565,318
84565,110
84565,3793
84565,2028
84565,1089
84565,2716
84565,2329
131422,56367
131422,33794
131422,58559
131422,51255
131422,7361
131422,32587
131422,31878
131422,6807
131422,48394
131422,858
94210,1580
94210,597
94210,7293
94210,1721
94210,356
94210,40815
94210,780
94210,1097
94210,4310
94210,4963
13003,1035
13003,899
13003,76093
13003,68358
13003,3793
13003,44191
13003,1073
13003,72998
13003,7669
13003,1136
67521,32
67521,1036
67521,1527
67521,48780
67521,380
67521,1573
67521,778
67521,1961
67521,353
67521,741
131403,588
131403,45517
131403,3624
131403,1025
131403,2087
131403,6785
131403,356
131403,5064
131403,2115
131403,457
96193,260
96193,2329
96193,593
96193,1089
96193,32587
96193,608
96193,1625
96193,29
96193,6502
96193,8874
40779,33794
40779,80489
40779,54503
40779,356
40779,97304
40779,88744
40779,76251
40779,54997
40779,105504
40779,69481
32258,1748
32258,32
32258,1214
32258,48394
32258,27773
32258,2959
32258,5618
32258,7099
32258,296
32258,741
18334,4027
18334,32
18334,608
18334,1206
18334,2918
18334,5060
18334,2762
18334,3683
18334,1527
18334,3471
21027,6537
21027,8644
21027,6377
21027,1608
21027,5445
21027,3175
21027,4963
21027,6378
21027,4306
21027,5989
65298,110
65298,1089
65298,4973
65298,5952
65298,3996
65298,4034
65298,4886
65298,778
65298,2542
65298,4011
110118,4973
110118,8464
110118,8784
110118,6807
110118,8949
110118,40819
110118,44191
110118,2502
110118,45950
110118,37741
39498,541
39498,1259
39498,2502
39498,1265
39498,1288
39498,3911
39498,2795
39498,2108
39498,1247
39498,3421
83127,904
83127,2762
83127,2571
83127,1207
83127,527
83127,2291
83127,1265
83127,4973
83127,4886
83127,1079
38273,2329
38273,48516
38273,318
38273,32
38273,3147
38273,1527
38273,8665
38273,60069
38273,32587
38273,6539
71010,1968
71010,1258
71010,1073
71010,5060
71010,1374
71010,2791
71010,3996
71010,1304
71010,1291
71010,5049
41919,5989
41919,2762
41919,5952
41919,6377
41919,3578
41919,357
41919,364
41919,1172
41919,318
41919,33166
96127,527
96127,1682
96127,318
96127,1784
96127,2762
96127,4246
96127,1704
96127,590
96127,1193
96127,4993
20383,5952
20383,4011
20383,4226
20383,8784
20383,1291
20383,1961
20383,1193
20383,1884
20383,45728
20383,1973
5889,2081
5889,4886
5889,588
5889,6539
5889,1073
5889,3114
5889,586
5889,318
5889,3948
5889,1028
27904,1196
27904,260
27904,2959
27904,480
27904,5952
27904,1
27904,356
27904,2762
27904,47
27904,318
99733,7361
99733,50
99733,2762
99733,1097
99733,3994
99733,454
99733,8950
99733,924
99733,1193
99733,4975
21210,69122
21210,3635
21210,5816
21210,54001
21210,58559
21210,4718
21210,79132
21210,2706
21210,54503
21210,2947
17687,1213
17687,1307
17687,356
17687,296
17687,2268
17687,1060
17687,4306
17687,2028
17687,6377
17687,4034
51150,79132
51150,58559
51150,318
51150,2762
51150,69757
51150,2565
51150,69122
51150,1207
51150,6377
51150,1032
122342,1291
122342,1136
122342,1036
122342,6874
122342,1089
122342,1222
122342,4226
122342,541
122342,2028
122342,592
82457,2716
82457,1073
82457,5618
82457,7099
82457,1527
82457,318
82457,6350
82457,364
82457,541
82457,500
53657,318
53657,54286
53657,59315
53657,2329
53657,1221
53657,858
53657,110
53657,51662
53657,8961
53657,6377
120272,1221
120272,4226
120272,903
120272,318
120272,1198
120272,4993
120272,7153
120272,596
120272,1207
120272,1203
133890,2858
133890,1198
133890,1285
133890,2571
133890,6377
133890,8961
133890,1259
133890,342
133890,2692
133890,1080
84283,356
84283,2716
84283,1641
84283,1682
84283,8464
84283,1220
84283,8961
84283,4027
84283,539
84283,1270
129025,2174
129025,296
129025,8874
129025,2
129025,5218
129025,480
129025,4011
129025,2692
129025,6934
129025,41566
133941,8961
133941,50
133941,48516
133941,4226
133941,296
133941,1196
133941,1193
133941,1197
133941,589
133941,356
2107,1527
2107,3578
2107,733
2107,6378
2107,4226
2107,5218
2107,3996
2107,32
2107,1917
2107,53125
126981,48780
126981,1203
126981,750
126981,1196
126981,7361
126981,293
126981,33794
126981,1234
126981,4235
126981,1210
14307,110
14307,356
14307,318
14307,3578
14307,2762
14307,8961
14307,5445
14307,7361
14307,3996
14307,648
60911,7001
60911,3032
60911,1339
60911,319
60911,3060
60911,3959
60911,50
60911,1219
60911,7076
60911,1997
87937,7438
87937,49272
87937,7153
87937,3578
87937,589
87937,1214
87937,7143
87937,48394
87937,6502
87937,8644
113626,588
113626,3751
113626,592
113626,364
113626,1219
113626,595
113626,594
113626,1281
113626,2115
113626,2028
30250,54001
30250,48394
30250,1198
30250,4973
30250,7147
30250,1653
30250,1206
30250,1235
30250,69951
30250,5690
40216,64957
40216,3252
40216,55052
40216,527
40216,2858
40216,2762
40216,5995
40216,8970
40216,105
40216,88810
133778,33794
133778,1
133778,2571
133778,1210
133778,2291
133778,500
133778,4886
133778,2762
133778,1682
133778,551
9264,3897
9264,608
9264,4226
9264,50
9264,2918
9264,4034
9264,8784
9264,8873
9264,30707
9264,1222
16351,35836
16351,593
16351,111
16351,541
16351,1222
16351,553
16351,48394
16351,1036
16351,44191
16351,48774
98494,56367
98494,48516
98494,34542
98494,8645
98494,63876
98494,69481
98494,36517
98494,30749
98494,48738
98494,994
135079,318
135079,81845
135079,86882
135079,2959
135079,8665
135079,81591
135079,48516
135079,81834
135079,4973
135079,7361
58999,3421
58999,2918
58999,1266
58999,2329
58999,1136
58999,1259
58999,527
58999,1732
58999,6787
58999,8949
1339,589
1339,1101
1339,106489
1339,1036
1339,2028
1339,165
1339,5378
1339,1610
1339,99114
1339,112623
131082,2291
131082,1193
131082,318
131082,1089
131082,1206
131082,1345
131082,778
131082,858
131082,55820
131082,111
100801,48774
100801,48394
100801,56367
100801,33493
100801,44195
100801,31878
100801,35836
100801,36529
100801,8874
100801,46976
98658,40815
98658,55820
98658,45722
98658,4306
98658,2571
98658,2329
98658,8961
98658,5349
98658,1258
98658,71535
43829,56174
43829,4306
43829,1291
43829,51662
43829,2571
43829,2716
43829,34405
43829,5349
43829,1214
43829,6874
26202,68358
26202,93840
26202,88744
26202,102125
26202,318
26202,2761
26202,51255
26202,7361
26202,589
26202,1270
20619,6539
20619,4022
20619,4085
20619,2617
20619,3147
20619,2005
20619,54286
20619,165
20619,2194
20619,10
102646,5893
102646,608
102646,5812
102646,5013
102646,2333
102646,296
102646,4211
102646,923
102646,912
102646,1912
62464,68358
62464,89745
62464,79132
62464,97304
62464,96610
62464,91658
62464,1197
62464,86882
62464,5952
62464,1196
130564,2115
130564,1214
130564,5669
130564,235
130564,2076
130564,1200
130564,1217
130564,1921
130564,2064
130564,2987
109096,4262
109096,58559
109096,2858
109096,1729
109096,1291
109096,64614
109096,1208
109096,1206
109096,1201
109096,7361
123837,78209
123837,54503
123837,66203
123837,67087
123837,104211
123837,6188
123837,64969
123837,87485
123837,79132
123837,84374
103453,47
103453,5418
103453,3578
103453,6539
103453,593
103453,8984
103453,48516
103453,1089
103453,110
103453,58559
65484,318
65484,2762
65484,4306
65484,39446
65484,5445
65484,5418
65484,32587
65484,48516
65484,593
65484,6365
13149,68358
13149,1610
13149,1291
13149,1210
13149,3793
13149,1918
13149,2002
13149,33794
13149,589
13149,1580
86326,4886
86326,588
86326,4878
86326,6539
86326,2959
86326,356
86326,7361
86326,46578
86326,593
86326,5618
27207,68157
27207,72011
27207,2993
27207,356
27207,6539
27207,55820
27207,8665
27207,2949
27207,2948
27207,69122
35084,7147
35084,110
35084,1210
35084,1196
35084,293
35084,7361
35084,1197
35084,6539
35084,3000
35084,34405
67523,5418
67523,6333
67523,4993
67523,5952
67523,4963
67523,32587
67523,3793
67523,33794
67523,4995
67523,5218
50763,2959
50763,6502
50763,2858
50763,924
50763,551
50763,4437
50763,2571
50763,750
50763,5909
50763,6377
6839,2571
6839,1036
6839,4262
6839,3147
6839,288
6839,593
6839,356
6839,42723
6839,7360
6839,16
126761,527
126761,5618
126761,1210
126761,2571
126761,5952
126761,8961
126761,6377
126761,6539
126761,356
126761,594
70113,5618
70113,296
70113,7438
70113,4973
70113,60069
70113,2329
70113,37729
70113,47
70113,7361
70113,4878
67179,1682
67179,593
67179,6539
67179,2959
67179,4995
67179,3793
67179,110
67179,6333
67179,253
67179,1270
93369,4226
93369,318
93369,2918
93369,733
93369,1240
93369,2762
93369,1580
93369,4878
93369,1073
93369,780
50523,2028
50523,32
50523,3578
50523,480
50523,2916
50523,48516
50523,54286
50523,1580
50523,3793
50523,51662
73880,44191
73880,8368
73880,40819
73880,7451
73880,7147
73880,27391
73880,7254
73880,8961
73880,2502
73880,7361
32397,2959
32397,1748
32397,34405
32397,2571
32397,5903
32397,1676
32397,8914
32397,3527
32397,68358
32397,3793
129976,318
129976,58559
129976,99114
129976,5989
129976,55765
129976,80463
129976,80489
129976,49530
129976,1704
129976,1
125701,76093
125701,81564
125701,49274
125701,2761
125701,1223
125701,26776
125701,2150
125701,1281
125701,46948
125701,87222
75420,3578
75420,2858
75420,1210
75420,4306
75420,32587
75420,296
75420,2329
75420,593
75420,2762
75420,356
45291,1407
45291,2571
45291,8376
45291,2706
45291,318
45291,4011
45291,5283
45291,3421
45291,6323
45291,6863
129221,920
129221,4306
129221,1136
129221,1961
129221,1234
129221,4361
129221,1246
129221,1265
129221,357
129221,597
60585,1193
60585,293
60585,29
60585,741
60585,33794
60585,32587
60585,7438
60585,2692
60585,778
60585,1089
37020,6787
37020,8961
37020,5617
37020,3911
37020,2858
37020,2692
37020,6380
37020,2997
37020,34528
37020,5669
20991,318
20991,7361
20991,58559
20991,4878
20991,778
20991,1732
20991,2997
20991,70286
20991,1222
20991,1729
39413,919
39413,595
39413,1022
39413,6942
39413,3675
39413,3255
39413,1380
39413,1
39413,2096
39413,594
60457,44191
60457,750
60457,27904
60457,198
60457,316
60457,1148
60457,50
60457,60069
60457,2762
60457,260
133370,593
133370,296
133370,1198
133370,1213
133370,5952
133370,1210
133370,527
133370,2918
133370,3552
133370,1136
26240,858
26240,1240
26240,4886
26240,4226
26240,6333
26240,5445
26240,1265
26240,1197
26240,1291
26240,5418
96476,2762
96476,480
96476,593
96476,4886
96476,318
96476,3578
96476,32587
96476,4878
96476,1136
96476,7361
30801,4886
30801,1197
30801,4016
30801,661
30801,783
30801,39183
30801,356
30801,1097
30801,1073
30801,596
36482,56174
36482,4367
36482,33679
36482,32031
36482,5459
36482,6157
36482,4232
36482,1580
36482,37386
36482,53972
72990,2858
72990,32
72990,318
72990,593
72990,1080
72990,541
72990,1193
72990,1209
72990,778
72990,2987
59407,3873
59407,6303
59407,3074
59407,3753
59407,54997
59407,3107
59407,5899
59407,7027
59407,3671
59407,2951
130568,44191
130568,6539
130568,5989
130568,48516
130568,8368
130568,8961
130568,8636
130568,33166
130568,110
130568,2571
24701,2000
24701,1198
24701,1036
24701,2916
24701,110
24701,1210
24701,260
24701,1196
24701,1291
24701,318
62794,58559
62794,3147
62794,1917
62794,6365
62794,47
62794,2028
62794,2329
62794,8665
62794,54286
62794,5418
75993,30707
75993,8958
75993,8665
75993,7569
75993,8961
75993,8968
75993,30812
75993,33794
75993,8798
75993,34072
11643,59315
11643,4306
11643,58559
11643,4993
11643,6377
11643,57368
11643,2571
11643,6539
11643,8360
11643,4370
94617,750
94617,1219
94617,912
94617,904
94617,111
94617,913
94617,1193
94617,1228
94617,1201
94617,3468
134925,50
134925,1732
134925,68157
134925,593
134925,1193
134925,111
134925,79132
134925,1258
134925,1206
134925,54503
40304,2329
40304,5418
40304,33794
40304,4226
40304,4011
40304,48516
40304,589
40304,1485
40304,2502
40304,54286
4958,3897
4958,3994
4958,3893
4958,2858
4958,2502
4958,1777
4958,1393
4958,457
4958,5673
4958,16
88937,2858
88937,3000
88937,4979
88937,4226
88937,3481
88937,1230
88937,86882
88937,48394
88937,68954
88937,7147
17006,1198
17006,7361
17006,48516
17006,4993
17006,2571
17006,778
17006,5418
17006,858
17006,32
17006,4878
5115,318
5115,31658
5115,68358
5115,2959
5115,2571
5115,79132
5115,1198
5115,1210
5115,68157
5115,7099
17864,7153
17864,4226
17864,4993
17864,2324
17864,5995
17864,1961
17864,500
17864,5952
17864,4995
17864,3114
102865,296
102865,1036
102865,58559
102865,1214
102865,2571
102865,1270
102865,3527
102865,32
102865,1196
102865,1198
34692,5418
34692,1201
34692,59315
34692,4262
34692,8961
34692,318
34692,6539
34692,1240
34692,356
34692,589
24731,6016
24731,296
24731,1193
24731,2858
24731,4878
24731,2571
24731,593
24731,318
24731,7147
24731,32587
64157,457
64157,7361
64157,2959
64157,356
64157,7153
64157,4993
64157,3996
64157,7438
64157,4034
64157,527
100849,260
100849,1221
100849,1210
100849,7153
100849,1196
100849,4993
100849,1291
100849,593
100849,5952
100849,2571
9006,110
9006,3578
9006,5952
9006,7153
9006,4306
9006,50
9006,1270
9006,4995
9006,1097
9006,260
116303,4226
116303,480
116303,780
116303,50
116303,1036
116303,1089
116303,1200
116303,3578
116303,1265
116303,2716
108460,1197
108460,2858
108460,51255
108460,4878
108460,71535
108460,2174
108460,3671
108460,48394
108460,2918
108460,47
91539,593
91539,2959
91539,68157
91539,541
91539,64614
91539,1214
91539,81591
91539,1206
91539,2858
91539,318
116373,46578
116373,63876
116373,3911
116373,1704
116373,2908
116373,6867
116373,4014
116373,2858
116373,1246
116373,6218
65230,19
65230,27660
65230,2706
65230,35836
65230,8985
65230,2329
65230,37386
65230,344
65230,54190
65230,8665
102386,2762
102386,1704
102386,4886
102386,4306
102386,6377
102386,1198
102386,2571
102386,4022
102386,364
102386,1271
101580,420
101580,2011
101580,589
101580,2716
101580,653
101580,7004
101580,4993
101580,2916
101580,1126
101580,2115
100614,541
100614,1527
100614,1258
100614,1201
100614,1214
100614,1220
100614,2194
100614,924
100614,3499
100614,1784
75715,1884
75715,3006
75715,40819
75715,4776
75715,30707
75715,44555
75715,454
75715,608
75715,4226
75715,858
79846,33794
79846,58559
79846,3147
79846,4886
79846,6377
79846,6539
79846,32587
79846,2762
79846,1198
79846,8874
31997,81562
31997,74458
31997,527
31997,48780
31997,70286
31997,69481
31997,2571
31997,2858
31997,4973
31997,69757
129183,5971
129183,1148
129183,2959
129183,1732
129183,50
129183,4878
129183,46578
129183,1223
129183,3160
129183,1354
53819,7215
53819,942
53819,2726
53819,25855
53819,8767
53819,5169
53819,908
53819,923
53819,903
53819,31770
79751,296
79751,3578
79751,6874
79751,3949
79751,2329
79751,1136
79751,1206
79751,589
79751,1198
79751,2028
46903,1704
46903,60069
46903,4993
46903,318
46903,68954
46903,7361
46903,1197
46903,30749
46903,2858
46903,296
83330,44191
83330,1961
83330,50
83330,4226
83330,8360
83330,44195
83330,1221
83330,46578
83330,5445
83330,1270
123537,2959
123537,593
123537,1387
123537,2657
123537,72998
123537,6807
123537,318
123537,2640
123537,2762
123537,2174
3344,265
3344,2291
3344,6218
3344,581
3344,5992
3344,2926
3344,4361
3344,4291
3344,1094
3344,1449
72043,590
72043,2716
72043,1265
72043,2797
72043,50
72043,1196
72043,4993
72043,1721
72043,527
72043,6377
51311,34405
51311,8636
51311,8961
51311,7373
51311,5349
51311,40815
51311,8865
51311,32587
51311,40629
51311,30793
12764,7361
12764,4226
12764,2959
12764,33794
12764,60684
12764,8874
12764,47
12764,72998
12764,318
12764,6874
115744,296
115744,2959
115744,110
115744,6377
115744,2571
115744,8360
115744,5218
115744,527
115744,4886
115744,2762
36093,60069
36093,56367
36093,68954
36093,37741
36093,81845
36093,49272
36093,5816
36093,59315
36093,41566
36093,4896
77720,8961
77720,1240
77720,1580
77720,1270
77720,2571
77720,588
77720,33794
77720,1214
77720,47
77720,4306
98997,60069
98997,7153
98997,318
98997,4226
98997,2959
98997,56367
98997,3949
98997,293
98997,110
98997,3578
17089,50
17089,54286
17089,110
17089,2028
17089,356
17089,2858
17089,593
17089,5418
17089,524
17089,44199
40633,44555
40633,55820
40633,6016
40633,1258
40633,4878
40633,96829
40633,1203
40633,2324
40633,81845
40633,4235
57339,45722
57339,7153
57339,1073
57339,588
57339,33794
57339,3977
57339,2706
57339,2716
57339,39
57339,4995
67518,110
67518,6378
67518,788
67518,2797
67518,377
67518,2706
67518,4002
67518,3717
67518,8644
67518,1573
108130,1036
108130,1580
108130,45722
108130,73017
108130,4896
108130,2959
108130,40815
108130,68157
108130,51255
108130,77561
136998,33615
136998,3793
136998,3977
136998,5507
136998,158
136998,6934
136998,1210
136998,8636
136998,4016
136998,4447
12550,608
12550,6377
12550,3996
12550,356
12550,6711
12550,4963
12550,2762
12550,1527
12550,2028
12550,32
41463,589
41463,1198
41463,296
41463,1196
41463,1200
41463,1214
41463,1089
41463,2571
41463,1193
41463,1333
4565,7438
4565,2858
4565,4963
4565,47
4565,1240
4565,3147
4565,1222
4565,3751
4565,1917
4565,1387
103418,1240
103418,1213
103418,1208
103418,858
103418,356
103418,1036
103418,3578
103418,1193
103418,2804
103418,3508
15908,110
15908,3147
15908,2762
15908,924
15908,70286
15908,2329
15908,6539
15908,68358
15908,2028
15908,4370
17821,318
17821,2571
17821,51662
17821,296
17821,110
17821,1089
17821,7438
17821,6874
17821,6539
17821,1923
33113,608
33113,2329
33113,4226
33113,6377
33113,1206
33113,1208
33113,4306
33113,3578
33113,4973
33113,1258
16693,4995
16693,780
16693,3527
16693,7153
16693,1206
16693,1201
16693,91500
16693,527
16693,608
16693,7361
56067,33794
56067,2571
56067,1704
56067,6377
56067,81932
56067,59315
56067,89864
56067,3916
56067,1198
56067,2918
92762,1208
92762,2571
92762,1198
92762,1200
92762,541
92762,296
92762,1233
92762,1291
92762,7022
92762,7090
117793,7361
117793,111
117793,555
117793,2134
117793,4571
117793,778
117793,1653
117793,593
117793,318
117793,1215
15788,7361
15788,2502
15788,2329
15788,35836
15788,52973
15788,4878
15788,63131
15788,2858
15788,1732
15788,32587
82437,30810
82437,7090
82437,8910
82437,5418
82437,6218
82437,8464
82437,6377
82437,30707
82437,30812
82437,34162
119044,1240
119044,2858
119044,2571
119044,5989
119044,589
119044,4993
119044,2268
119044,6
119044,1136
119044,54997
119793,2762
119793,1210
119793,593
119793,79132
119793,58559
119793,1196
119793,356
119793,110
119793,50
119793,296
106014,480
106014,1221
106014,590
106014,6711
106014,4995
106014,7153
106014,3949
106014,1580
106014,2324
106014,1097
71877,541
71877,593
71877,1225
71877,1291
71877,1950
71877,1219
71877,1283
71877,7502
71877,1244
71877,608
53665,597
53665,8360
53665,3916
53665,6377
53665,8368
53665,2485
53665,2541
53665,2581
53665,1197
53665,4025
59476,260
59476,6539
59476,4963
59476,1027
59476,8644
59476,552
59476,3916
59476,2628
59476,2115
59476,1291
137830,364
137830,1961
137830,1304
137830,4995
137830,1393
137830,1259
137830,4886
137830,1288
137830,4027
137830,2987
60333,593
60333,1721
60333,318
60333,919
60333,6874
60333,2706
60333,2762
60333,231
60333,4995
60333,5989
138492,608
138492,296
138492,2502
138492,2918
138492,4979
138492,50
138492,3897
138492,2395
138492,318
138492,1265
18222,110
18222,858
18222,4973
18222,296
18222,3578
18222,4720
18222,4993
18222,8798
18222,50
18222,33794
113249,1198
113249,1291
113249,48780
113249,296
113249,1527
113249,6539
113249,81591
113249,48774
113249,2324
113249,31658
80035,8961
80035,356
80035,6377
80035,2858
80035,593
80035,2571
80035,4995
80035,1704
80035,1
80035,4034
58697,593
58697,318
58697,5445
58697,47
58697,1240
58697,1089
58697,778
58697,70286
58697,33794
58697,44665
110594,589
110594,1213
110594,50
110594,110
110594,480
110594,1
110594,1193
110594,592
110594,2944
110594,1097
124076,1
124076,1210
124076,2762
124076,4993
124076,3578
124076,589
124076,68157
124076,2329
124076,79132
124076,1704
10189,4993
10189,7153
10189,60069
10189,8644
10189,2571
10189,5952
10189,4896
10189,8368
10189,41566
10189,8961
28288,60069
28288,6377
28288,4306
28288,2572
28288,588
28288,356
28288,4886
28288,8961
28288,50872
28288,8533
38054,1580
38054,2028
38054,2858
38054,380
38054,1240
38054,253
38054,165
38054,733
38054,6539
38054,4022
6906,1
6906,4993
6906,4886
6906,318
6906,4306
6906,47
6906,7153
6906,6539
6906,32
6906,1961
35694,68135
35694,72407
35694,4447
35694,7444
35694,60397
35694,31685
35694,262
35694,8643
35694,2125
35694,8972
54748,32587
54748,1136
54748,3793
54748,4886
54748,356
54748,51255
54748,1580
54748,3578
54748,6333
54748,1198
128521,1961
128521,318
128521,4226
128521,356
128521,260
128521,1527
128521,1208
128521,1089
128521,2028
128521,1225
39891,1036
39891,44191
39891,593
39891,2028
39891,2762
39891,48774
39891,6539
39891,1213
39891,33166
39891,1240
52470,4306
52470,356
52470,898
52470,6377
52470,928
52470,1947
52470,91529
52470,46578
52470,1269
52470,5418
95681,6874
95681,1089
95681,296
95681,1193
95681,32587
95681,1732
95681,32
95681,47
95681,7438
95681,924
82116,4306
82116,356
82116,1265
82116,2762
82116,296
82116,2858
82116,47
82116,1197
82116,1291
82116,2716
101568,2716
101568,50
101568,1200
101568,296
101568,8961
101568,293
101568,2858
101568,1080
101568,1222
101568,1748
76292,41566
76292,45447
76292,41569
76292,27410
76292,31410
76292,47610
76292,6768
76292,27816
76292,8521
76292,8783
42910,4963
42910,58559
42910,356
42910,33679
42910,33794
42910,5418
42910,8360
42910,318
42910,47
42910,1917
9458,592
9458,589
9458,5952
9458,1270
9458,1196
9458,480
9458,329
9458,2393
9458,1372
9458,541
10804,457
10804,2959
10804,48516
10804,145
10804,1923
10804,58998
10804,589
10804,61024
10804,58559
10804,480
19138,110
19138,5989
19138,1097
19138,33794
19138,4886
19138,8665
19138,5445
19138,2716
19138,2683
19138,8360
117849,47
117849,7153
117849,32587
117849,4993
117849,480
117849,2858
117849,2762
117849,4306
117849,3793
117849,6377
106177,79132
106177,4973
106177,81845
106177,4886
106177,8961
106177,4306
106177,527
106177,50872
106177,60069
106177,928
71374,1206
71374,27803
71374,7371
71374,1193
71374,858
71374,356
71374,6016
71374,86320
71374,2324
71374,2858
60615,7147
60615,7361
60615,2657
60615,1968
60615,44195
60615,4973
60615,593
60615,551
60615,1080
60615,318
82743,40629
82743,48
82743,2572
82743,1028
82743,58559
82743,60069
82743,68954
82743,17
82743,2687
82743,37729
77292,593
77292,1997
77292,2947
77292,2664
77292,6731
77292,589
77292,1240
77292,7360
77292,1198
77292,924
104160,48780
104160,58559
104160,33794
104160,7438
104160,356
104160,3275
104160,34405
104160,50
104160,5418
104160,3578
55847,3578
55847,72998
55847,110
55847,527
55847,4995
55847,5218
55847,5418
55847,60069
55847,1721
55847,2762
43101,318
43101,2028
43101,49272
43101,4993
43101,2959
43101,1291
43101,8644
43101,51662
43101,8665
43101,1036
40181,4306
40181,34162
40181,2959
40181,648
40181,3578
40181,1036
40181,110
40181,589
40181,2028
40181,49272
66833,7153
66833,2683
66833,356
66833,1721
66833,318
66833,1968
66833,2028
66833,296
66833,6377
66833,2797
73470,2571
73470,1136
73470,3578
73470,2918
73470,4995
73470,1380
73470,1207
73470,6377
73470,480
73470,4027
36807,8961
36807,1704
36807,6942
36807,1097
36807,150
36807,8970
36807,5991
36807,34072
36807,356
36807,4616
120847,7438
120847,5418
120847,33493
120847,2959
120847,356
120847,4226
120847,1196
120847,5378
120847,858
120847,7361
74832,8981
74832,33166
74832,8366
74832,8784
74832,141
74832,8910
74832,34162
74832,4246
74832,7155
74832,6879
107397,60069
107397,5952
107397,3147
107397,1222
107397,1258
107397,4022
107397,2712
107397,648
107397,924
107397,6502
59814,5618
59814,924
59814,2076
59814,2858
59814,4973
59814,8507
59814,111
59814,1199
59814,61240
59814,2495
77206,296
77206,2571
77206,1232
77206,589
77206,7438
77206,1270
77206,1527
77206,2011
77206,858
77206,1196
93995,2959
93995,7153
93995,4993
93995,50
93995,26131
93995,904
93995,908
93995,913
93995,1203
93995,111
93126,4848
93126,1625
93126,2076
93126,1635
93126,45
93126,3499
93126,1219
93126,2160
93126,1320
93126,319
108474,1207
108474,1198
108474,1721
108474,1957
108474,919
108474,4306
108474,4995
108474,260
108474,110
108474,5952
117512,31658
117512,68157
117512,78499
117512,48780
117512,76251
117512,72011
117512,59387
117512,5618
117512,4878
117512,44191
113812,2571
113812,1036
113812,3508
113812,2028
113812,1198
113812,1240
113812,1200
113812,5952
113812,3147
113812,64614
115222,780
115222,1653
115222,1036
115222,1704
115222,60069
115222,1206
115222,223
115222,48394
115222,7254
115222,6874
91532,60069
91532,7153
91532,2028
91532,1200
91532,1387
91532,1210
91532,2716
91532,111
91532,6502
91532,778
128360,1291
128360,1136
128360,4027
128360,480
128360,3793
128360,4963
128360,1220
128360,5349
128360,592
128360,2268
81038,51662
81038,3578
81038,318
81038,44195
81038,2028
81038,4011
81038,858
81038,527
81038,56367
81038,50
75887,47
75887,296
75887,2959
75887,527
75887,99114
75887,68157
75887,81845
75887,2858
75887,4226
75887,92259
62497,541
62497,924
62497,68954
62497,1214
62497,7361
62497,1199
62497,1206
62497,55820
62497,4027
62497,1189
68180,64614
68180,4022
68180,34048
68180,5349
68180,8636
68180,6870
68180,47200
68180,6953
68180,7361
68180,44974
114414,50
114414,47
114414,296
114414,54997
114414,58559
114414,1193
114414,593
114414,6016
114414,4226
114414,1210
17320,4226
17320,1214
17320,48394
17320,293
17320,55908
17320,65642
17320,48043
17320,27904
17320,1089
17320,296
117918,4878
117918,2918
117918,1968
117918,3949
117918,33794
117918,2502
117918,4226
117918,3275
117918,45728
117918,2716
111865,780
111865,3793
111865,2424
111865,6333
111865,8636
111865,6155
111865,1777
111865,8644
111865,4306
111865,539
68909,1222
68909,7153
68909,5952
68909,2762
68909,2959
68909,2329
68909,1090
68909,30707
68909,778
68909,4886
15055,4878
15055,253
15055,356
15055,3186
15055,69757
15055,48082
15055,1968
15055,79132
15055,2997
15055,353
18907,2571
18907,5574
18907,6383
18907,54286
18907,3617
18907,88744
18907,4718
18907,1198
18907,648
18907,1923
96779,527
96779,1193
96779,1704
96779,97921
96779,97304
96779,48516
96779,4226
96779,40819
96779,63082
96779,2959
113863,778
113863,2959
113863,4973
113863,318
113863,30707
113863,55820
113863,1089
113863,2023
113863,3481
113863,32587
53988,2959
53988,3000
53988,2571
53988,31658
53988,541
53988,1136
53988,5971
53988,2657
53988,6350
53988,1967
83995,48394
83995,58559
83995,40815
83995,7147
83995,8784
83995,4973
83995,8368
83995,4027
83995,5816
83995,30810
103253,92259
103253,2858
103253,6874
103253,3147
103253,44665
103253,3949
103253,593
103253,73017
103253,57669
103253,7438
65220,2572
65220,78105
65220,62081
65220,60072
65220,69526
65220,4299
65220,4025
65220,70183
65220,58559
65220,7373
32540,587
32540,2011
32540,19
32540,1682
32540,1485
32540,253
32540,2571
32540,1573
32540,367
32540,185
53667,5989
53667,2762
53667,4995
53667,356
53667,30707
53667,1704
53667,48780
53667,6
53667,858
53667,3753
68616,47
68616,296
68616,858
68616,589
68616,2028
68616,2959
68616,1358
68616,3578
68616,919
68616,7153
82134,68954
82134,63082
82134,68157
82134,52328
82134,56367
82134,68237
82134,34405
82134,61323
82134,46976
82134,33004
47301,48516
47301,7153
47301,72998
47301,69844
47301,2571
47301,40815
47301,60069
47301,4886
47301,56607
47301,4963
56008,48394
56008,5445
56008,6377
56008,260
56008,356
56008,50
56008,1291
56008,110
56008,593
56008,49530
119104,44191
119104,32
119104,593
119104,356
119104,3275
119104,48780
119104,4262
119104,2858
119104,589
119104,55765
120359,1274
120359,7099
120359,44191
120359,5618
120359,1136
120359,34405
120359,48394
120359,60684
120359,60069
120359,5971
129192,4848
129192,750
129192,1089
129192,7361
129192,4878
129192,1208
129192,2076
129192,6711
129192,1921
129192,3000
118372,6874
118372,45499
118372,7438
118372,48780
118372,53996
118372,54259
118372,37733
118372,33493
118372,44665
118372,5219
109210,48780
109210,1527
109210,589
109210,6333
109210,8370
109210,5618
109210,72998
109210,5445
109210,2594
109210,1232
76470,50
76470,4886
76470,593
76470,1097
76470,588
76470,527
76470,6874
76470,364
76470,648
76470,7438
112180,8961
112180,457
112180,1961
112180,1580
112180,5952
112180,2028
112180,4306
112180,3793
112180,1221
112180,3147
124351,5989
124351,356
124351,46967
124351,4963
124351,296
124351,7438
124351,6874
124351,4995
124351,47
124351,4886
32733,1090
32733,2268
32733,356
32733,593
32733,1089
32733,2571
32733,110
32733,527
32733,3897
32733,1060
94163,500
94163,1270
94163,1
94163,4963
94163,2762
94163,208
94163,2617
94163,733
94163,1101
94163,318
135662,4226
135662,2571
135662,1210
135662,1136
135662,50
135662,1732
135662,32
135662,1240
135662,2502
135662,2991
134119,356
134119,1206
134119,2571
134119,1080
134119,1210
134119,593
134119,1580
134119,5952
134119,4993
134119,2716
81034,1580
81034,5349
81034,318
81034,595
81034,1270
81034,593
81034,4306
81034,8360
81034,33794
81034,1923
30632,1206
30632,1089
30632,1222
30632,2571
30632,260
30632,1208
30632,58559
30632,2997
30632,1884
30632,2542
135862,4027
135862,318
135862,46578
135862,4246
135862,8665
135862,5349
135862,3052
135862,2321
135862,44191
135862,2161
65259,296
65259,4306
65259,1210
65259,8636
65259,3147
65259,364
65259,648
65259,1961
65259,1
65259,1291
110275,588
110275,364
110275,4306
110275,595
110275,5349
110275,8961
110275,8360
110275,1
110275,7153
110275,4016
103958,2167
103958,145
103958,3793
103958,778
103958,8957
103958,6
103958,4901
103958,2700
103958,6378
103958,2716
66094,260
66094,79132
66094,33794
66094,54286
66094,318
66094,58559
66094,293
66094,3578
66094,3275
66094,44199
17031,1197
17031,68358
17031,60069
17031,6377
17031,4886
17031,1270
17031,70286
17031,1265
17031,296
17031,648
34046,58559
34046,60069
34046,5445
34046,59315
34046,595
34046,45447
34046,4308
34046,4014
34046,8636
34046,1527
136499,2918
136499,3421
136499,1500
136499,553
136499,5103
136499,5650
136499,1220
136499,2716
136499,2542
136499,1136
57525,4896
57525,8368
57525,54001
57525,5218
57525,364
57525,5952
57525,4993
57525,7153
57525,51662
57525,58559
103816,5541
103816,2571
103816,370
103816,1682
103816,296
103816,356
103816,4306
103816,2329
103816,231
103816,32
122434,6539
122434,6377
122434,2858
122434,296
122434,527
122434,3578
122434,6874
122434,5989
122434,58559
122434,63082
39821,1580
39821,296
39821,5816
39821,593
39821,1270
39821,2858
39821,1198
39821,733
39821,357
39821,2671
34517,2762
34517,2571
34517,293
34517,47
34517,8529
34517,1625
34517,1682
34517,110
34517,6373
34517,8533
47658,1
47658,8961
47658,6539
47658,1210
47658,1196
47658,3578
47658,1136
47658,48516
47658,260
47658,480
58659,4995
58659,260
58659,2948
58659,1291
58659,3984
58659,1198
58659,3635
58659,2993
58659,110
58659,4005
9721,1197
9721,1961
9721,4973
9721,527
9721,2797
9721,4027
9721,1246
9721,1259
9721,1704
9721,2716
13909,1270
13909,110
13909,356
13909,3578
13909,50
13909,70286
13909,780
13909,1036
13909,2918
13909,44191
136080,1089
136080,593
136080,541
136080,32
136080,1206
136080,1214
136080,1270
136080,3996
136080,4963
136080,2542
24661,926
24661,2908
24661,235
24661,2155
24661,594
24661,2797
24661,953
24661,1952
24661,55820
24661,52281
113660,2762
113660,1517
113660,5378
113660,1221
113660,2081
113660,1544
113660,8665
113660,3147
113660,1374
113660,1682
103459,593
103459,31410
103459,30749
103459,4967
103459,2843
103459,2692
103459,2360
103459,62644
103459,3949
103459,357
77003,364
77003,1
77003,356
77003,6539
77003,590
77003,6768
77003,1302
77003,1962
77003,1250
77003,1265
57491,1204
57491,110
57491,908
57491,593
57491,4855
57491,356
57491,2571
57491,4034
57491,4262
57491,1387
22265,53953
22265,53000
22265,6502
22265,593
22265,56367
22265,55282
22265,724
22265,5679
22265,33085
22265,31696
30754,6711
30754,750
30754,5952
30754,4878
30754,4226
30754,1193
30754,1221
30754,8376
30754,608
30754,1208
24465,1210
24465,1196
24465,260
24465,4306
24465,2716
24465,6377
24465,1265
24465,2918
24465,4993
24465,5952
135811,1270
135811,4973
135811,4995
135811,110
135811,296
135811,8360
135811,527
135811,5418
135811,1240
135811,260
19694,260
19694,1304
19694,4993
19694,969
19694,1610
19694,1265
19694,1250
19694,5952
19694,1203
19694,954
66897,2918
66897,79132
66897,2501
66897,356
66897,59315
66897,1073
66897,6539
66897,8961
66897,1721
66897,88125
94437,6539
94437,1240
94437,733
94437,2329
94437,53972
94437,49272
94437,32587
94437,3793
94437,49278
94437,1196
24571,2858
24571,858
24571,2959
24571,589
24571,750
24571,7361
24571,63082
24571,50
24571,223
24571,6711
55019,593
55019,2959
55019,2858
55019,1258
55019,750
55019,551
55019,5618
55019,858
55019,1080
55019,1732
36530,4327
36530,1220
36530,3740
36530,2174
36530,3039
36530,2918
36530,2947
36530,1275
36530,2987
36530,1610
110676,56174
110676,51662
110676,2571
110676,5816
110676,4963
110676,5418
110676,54001
110676,56775
110676,69122
110676,3578
122360,608
122360,356
122360,2918
122360,593
122360,5952
122360,1358
122360,1961
122360,1198
122360,590
122360,7153
83515,1
83515,4226
83515,296
83515,2762
83515,2959
83515,318
83515,60069
83515,5989
83515,4963
83515,2997
56638,31658
56638,5618
56638,55820
56638,48394
56638,2395
56638,55442
56638,101
56638,608
56638,4878
56638,1732
97577,296
97577,3948
97577,500
97577,5445
97577,527
97577,480
97577,150
97577,33794
97577,1961
97577,1203
99109,4306
99109,356
99109,3408
99109,150
99109,4995
99109,527
99109,1307
99109,590
99109,1198
99109,1704
41349,50
41349,49272
41349,356
41349,3578
41349,47
41349,5418
41349,2542
41349,2028
41349,45722
41349,2762
38411,296
38411,5952
38411,4993
38411,47
38411,1210
38411,260
38411,2858
38411,4973
38411,45499
38411,4306
90482,527
90482,3897
90482,318
90482,296
90482,4993
90482,7153
90482,1221
90482,4886
90482,2959
90482,4306
50595,780
50595,33794
50595,56174
50595,7445
50595,2028
50595,4776
50595,50
50595,44199
50595,5464
50595,81591
56325,60069
56325,48394
56325,356
56325,58559
56325,48082
56325,2571
56325,6711
56325,2291
56325,1206
56325,778
63888,8961
63888,7153
63888,4993
63888,5952
63888,2115
63888,364
63888,1136
63888,4896
63888,3034
63888,2617
99070,1251
99070,6509
99070,3741
99070,6016
99070,8684
99070,1237
99070,3788
99070,26208
99070,7327
99070,1572
20335,32587
20335,1732
20335,2028
20335,47
20335,4993
20335,1704
20335,1270
20335,5989
20335,48385
20335,589
52799,1
52799,6539
52799,5952
52799,7153
52799,4993
52799,356
52799,4995
52799,68954
52799,4896
52799,8368
97086,30707
97086,38038
97086,44199
97086,34072
97086,36517
97086,8970
97086,30749
97086,35836
97086,44191
97086,50872
125646,2396
125646,4886
125646,4973
125646,3000
125646,6539
125646,6874
125646,1704
125646,1732
125646,1270
125646,1682
109065,2329
109065,356
109065,4226
109065,50
109065,318
109065,6377
109065,2028
109065,1089
109065,260
109065,1196
35778,50872
35778,60069
35778,68954
35778,4306
35778,79091
35778,78499
35778,4886
35778,5218
35778,72998
35778,8961
101661,6711
101661,1228
101661,50
101661,1213
101661,750
101661,1193
101661,1198
101661,46578
101661,2329
101661,912
98165,593
98165,2858
98165,1270
98165,2997
98165,1206
98165,750
98165,2762
98165,778
98165,2115
98165,551
9314,356
9314,1265
9314,593
9314,608
9314,457
9314,1961
9314,527
9314,1307
9314,1704
9314,924
41619,32
41619,318
41619,33794
41619,5418
41619,7153
41619,356
41619,3578
41619,589
41619,5445
41619,858
14294,1721
14294,2959
14294,2571
14294,5952
14294,1221
14294,858
14294,7254
14294,1682
14294,2762
14294,318
115323,4226
115323,2571
115323,260
115323,1258
115323,1219
115323,541
115323,7153
115323,5952
115323,4993
115323,296
2072,3578
2072,2571
2072,34162
2072,733
2072,110
2072,165
2072,380
2072,260
2072,296
2072,377
122052,5952
122052,7153
122052,1196
122052,260
122052,1210
122052,1270
122052,6333
122052,4993
122052,3578
122052,5349
17281,608
17281,1197
17281,2959
17281,5952
17281,1198
17281,527
17281,1252
17281,50
17281,2858
17281,2762
44501,3793
44501,1215
44501,1967
44501,2916
44501,1676
44501,1377
44501,2143
44501,2105
44501,60069
44501,180
48251,63082
48251,5952
48251,2959
48251,527
48251,110
48251,3578
48251,2324
48251,6942
48251,7361
48251,3147
9300,2716
9300,33794
9300,1198
9300,4226
9300,50
9300,260
9300,4022
9300,457
9300,2011
9300,223
95516,1196
95516,6874
95516,32587
95516,1193
95516,58559
95516,4886
95516,541
95516,1210
95516,1265
95516,2997
47915,4973
47915,778
47915,2959
47915,7361
47915,2858
47915,1732
47915,4878
47915,2692
47915,1175
47915,3910
61090,50
61090,5952
61090,593
61090,296
61090,1212
61090,2762
61090,1089
61090,4995
61090,3578
61090,5989
77925,480
77925,3033
77925,4993
77925,1136
77925,2918
77925,8961
77925,5952
77925,3421
77925,6377
77925,1270
5643,1704
5643,318
5643,2329
5643,5995
5643,356
5643,55290
5643,30707
5643,33660
5643,8464
5643,53024
26863,5445
26863,2959
26863,36
26863,2406
26863,1219
26863,5049
26863,4027
26863,380
26863,2916
26863,1
70192,3000
70192,31658
70192,1
70192,1219
70192,2291
70192,1206
70192,78499
70192,919
70192,66097
70192,2858
30826,1196
30826,1580
30826,589
30826,2762
30826,356
30826,2028
30826,4226
30826,1552
30826,1527
30826,1240
68121,1198
68121,78469
68121,165
68121,91542
68121,53972
68121,96737
68121,48774
68121,2167
68121,104841
68121,1291
37591,296
37591,2706
37591,51662
37591,5952
37591,2762
37591,2115
37591,30793
37591,7458
37591,4963
37591,2858
115353,2858
115353,1197
115353,56367
115353,593
115353,231
115353,6936
115353,8376
115353,337
115353,8464
115353,3114
73435,750
73435,923
73435,1247
73435,356
73435,593
73435,1206
73435,1617
73435,1230
73435,2959
73435,922
69445,1527
69445,2762
69445,1270
69445,329
69445,3578
69445,2716
69445,380
69445,1
69445,47
69445,32
69690,63082
69690,5989
69690,46578
69690,2858
69690,7438
69690,56367
69690,4995
69690,1193
69690,7361
69690,318
94519,364
94519,318
94519,4306
94519,1073
94519,1704
94519,2541
94519,6944
94519,588
94519,4979
94519,1
99952,5952
99952,7153
99952,296
99952,2571
99952,79132
99952,318
99952,356
99952,6377
99952,50
99952,68157
29052,1136
29052,3996
29052,3972
29052,2723
29052,3033
29052,2968
29052,31878
29052,1080
29052,3396
29052,1197
94608,2959
94608,5816
94608,1210
94608,912
94608,541
94608,2396
94608,1240
94608,4308
94608,364
94608,6377
85383,380
85383,1095
85383,904
85383,3020
85383,36529
85383,1086
85383,6214
85383,339
85383,2712
85383,97
65703,3578
65703,593
65703,32587
65703,318
65703,4226
65703,356
65703,2571
65703,58559
65703,4973
65703,68157
121037,2716
121037,59315
121037,72998
121037,5952
121037,7153
121037,4993
121037,3527
121037,5445
121037,150
121037,68358
27023,593
27023,527
27023,296
27023,1682
27023,1089
27023,55820
27023,70286
27023,30749
27023,3578
27023,71033
22561,589
22561,4306
22561,296
22561,5952
22561,2115
22561,223
22561,6377
22561,34405
22561,6807
22561,2918
90963,33004
90963,40815
90963,41566
90963,34150
90963,56171
90963,58559
90963,66934
90963,7380
90963,54001
90963,7438
11928,58559
11928,8641
11928,344
11928,5785
11928,104
11928,58998
11928,6957
11928,2571
11928,8807
11928,5481
72007,1198
72007,527
72007,1073
72007,1210
72007,4993
72007,2762
72007,3578
72007,5349
72007,296
72007,7361
46139,1036
46139,589
46139,593
46139,49272
46139,858
46139,73017
46139,318
46139,1089
46139,1213
46139,2329
86921,1270
86921,1196
86921,1240
86921,2959
86921,2571
86921,356
86921,111
86921,58559
86921,32
86921,2858
26413,924
26413,926
26413,950
26413,1333
26413,2664
26413,902
26413,4571
26413,898
26413,2100
26413,2717
123443,7323
123443,2959
123443,1136
123443,3996
123443,318
123443,6711
123443,7153
123443,5952
123443,4993
123443,1961
57473,2716
57473,1370
57473,3698
57473,1275
57473,4128
57473,589
57473,1215
57473,1196
57473,1291
57473,6659
5912,356
5912,4246
5912,914
5912,595
5912,2396
5912,912
5912,920
5912,6377
5912,50872
5912,527
88337,4306
88337,1961
88337,500
88337,46723
88337,7147
88337,858
88337,8873
88337,778
88337,48774
88337,1089
117363,1206
117363,3793
117363,969
117363,1610
117363,1961
117363,1220
117363,1080
117363,1
117363,1682
117363,923
73258,356
73258,923
73258,2502
73258,4979
73258,1206
73258,4027
73258,46578
73258,318
73258,2858
73258,308
14733,6874
14733,47
14733,296
14733,6377
14733,1059
14733,356
14733,778
14733,1527
14733,288
14733,318
41283,2948
41283,2857
41283,3545
41283,39
41283,3152
41283,1095
41283,3062
41283,1226
41283,150
41283,2915
103836,296
103836,527
103836,2858
103836,3996
103836,63082
103836,48516
103836,49272
103836,50
103836,7156
103836,3578
13291,53125
13291,51412
13291,7153
13291,53996
13291,34319
13291,5952
13291,780
13291,5418
13291,8665
13291,60074
21156,78499
21156,68358
21156,58559
21156,8874
21156,2571
21156,1196
21156,260
21156,73017
21156,108932
21156,69122
6545,4973
6545,745
6545,6773
6545,2359
6545,1230
6545,1223
6545,306
6545,4979
6545,4027
6545,3911
990,110
990,4886
990,318
990,2571
990,4993
990,3793
990,1270
990,2858
990,48394
990,2628
81531,47
81531,858
81531,50
81531,1270
81531,2028
81531,608
81531,593
81531,4235
81531,32
81531,1732
60425,1208
60425,1247
60425,1198
60425,1263
60425,6787
60425,1204
60425,30749
60425,1784
60425,1953
60425,3578
9060,99114
9060,34405
9060,1198
9060,2959
9060,76093
9060,68954
9060,33794
9060,103253
9060,5445
9060,27611
1393,1270
1393,260
1393,2571
1393,589
1393,318
1393,1214
1393,2959
1393,480
1393,1198
1393,592
2731,260
2731,1270
2731,318
2731,4993
2731,527
2731,4973
2731,1
2731,1073
2731,4306
2731,4896
71168,1961
71168,50
71168,1307
71168,2571
71168,4963
71168,1
71168,508
71168,296
71168,318
71168,110
30765,6502
30765,4973
30765,32
30765,296
30765,2959
30765,1215
30765,6620
30765,4226
30765,5225
30765,6953
2166,58559
2166,2329
2166,296
2166,1265
2166,4973
2166,1197
2166,2502
2166,2291
2166,7147
2166,2997
114617,7361
114617,48394
114617,2571
114617,44195
114617,593
114617,61323
114617,8874
114617,52328
114617,64839
114617,54997
39581,79132
39581,1653
39581,1527
39581,8914
39581,356
39581,2959
39581,318
39581,1921
39581,4370
39581,541
52764,2858
52764,4995
52764,527
52764,5995
52764,587
52764,3408
52764,39183
52764,318
52764,110
52764,2692
103701,1923
103701,1036
103701,58559
103701,3578
103701,3994
103701,5995
103701,1721
103701,1097
103701,4979
103701,8464
108362,1291
108362,6796
108362,454
108362,3256
108362,51662
108362,165
108362,30707
108362,590
108362,2000
108362,1200
133907,589
133907,5152
133907,5418
133907,7445
133907,2571
133907,59315
133907,4993
133907,1036
133907,33794
133907,49272
90317,71535
90317,59315
90317,58559
90317,79132
90317,56367
90317,54503
90317,85414
90317,593
90317,76093
90317,56949
120674,2174
120674,8042
120674,593
120674,1673
120674,5105
120674,778
120674,2455
120674,2918
120674,260
120674,1219
6610,49272
6610,87232
6610,33794
6610,5418
6610,68157
6610,59369
6610,73017
6610,318
6610,64614
6610,69122
100383,6539
100383,8644
100383,4993
100383,260
100383,4963
100383,5952
100383,45722
100383,44191
100383,3578
100383,1196
30134,593
30134,1196
30134,260
30134,318
30134,4993
30134,58559
30134,2959
30134,2028
30134,3578
30134,33794
114017,1036
114017,7153
114017,356
114017,165
114017,1270
114017,780
114017,589
114017,318
114017,733
114017,5952
29647,2232
29647,1253
29647,4878
29647,44191
29647,6305
29647,1196
29647,260
29647,48043
29647,8644
29647,1214
135642,1136
135642,1196
135642,1089
135642,296
135642,2959
135642,69122
135642,7153
135642,2329
135642,48516
135642,50
54163,7438
54163,293
54163,1961
54163,1580
54163,2959
54163,33794
54163,3147
54163,1682
54163,1097
54163,4995
110039,356
110039,2571
110039,2028
110039,7153
110039,1270
110039,480
110039,1291
110039,913
110039,1193
110039,4306
73002,48516
73002,30803
73002,63082
73002,8014
73002,69757
73002,27773
73002,8949
73002,47423
73002,50
73002,2858
105285,1198
105285,527
105285,2329
105285,2858
105285,58559
105285,68157
105285,68954
105285,4993
105285,7153
105285,1222
69171,58559
69171,68954
69171,81845
69171,79132
69171,7153
69171,4993
69171,80463
69171,1198
69171,7669
69171,356
137294,2762
137294,1645
137294,1214
137294,1240
137294,2959
137294,27434
137294,318
137294,53000
137294,27839
137294,58559
27267,2000
27267,7573
27267,1240
27267,380
27267,59369
27267,2640
27267,2993
27267,2353
27267,7386
27267,33493
103893,49272
103893,2571
103893,380
103893,3753
103893,2115
103893,5349
103893,48516
103893,2797
103893,2302
103893,8644
85893,63876
85893,34405
85893,71535
85893,8966
85893,64620
85893,3504
85893,48516
85893,51540
85893,60069
85893,55820
1282,1206
1282,110
1282,2329
1282,2710
1282,3578
1282,4973
1282,58559
1282,1682
1282,3147
1282,1374
42897,1206
42897,7438
42897,318
42897,3578
42897,110
42897,4995
42897,1732
42897,778
42897,50
42897,68954
71800,260
71800,1196
71800,589
71800,356
71800,4886
71800,2329
71800,296
71800,1210
71800,4963
71800,4011
89169,318
89169,480
89169,2959
89169,6377
89169,8961
89169,5378
89169,3793
89169,33794
89169,4886
89169,1198
49404,858
49404,50
49404,4993
49404,608
49404,318
49404,293
49404,1617
49404,2997
49404,1288
49404,4034
128806,2329
128806,4226
128806,1240
128806,44191
128806,5445
128806,6874
128806,4963
128806,48516
128806,150
128806,1682
130689,3089
130689,3134
130689,1244
130689,1252
130689,7327
130689,6987
130689,1572
130689,1178
130689,608
130689,908
55767,1136
55767,608
55767,5618
55767,58559
55767,48394
55767,4226
55767,2997
55767,296
55767,6711
55767,31658
38798,1198
38798,50
38798,1077
38798,3471
38798,30810
38798,3683
38798,3168
38798,2916
38798,1247
38798,1221
138124,1213
138124,2028
138124,527
138124,4226
138124,48516
138124,1704
138124,356
138124,68157
138124,4306
138124,1221
79928,47
79928,1193
79928,1089
79928,6016
79928,1200
79928,1246
79928,551
79928,48394
79928,1079
79928,2716
92317,260
92317,47
92317,1198
92317,4963
92317,2858
92317,2762
92317,50
92317,1704
92317,4226
92317,593
11248,61132
11248,54995
11248,47200
11248,34405
11248,293
11248,111362
11248,54999
11248,62434
11248,7346
11248,79132
14646,4306
14646,356
14646,60069
14646,4226
14646,59315
14646,296
14646,3793
14646,72998
14646,5418
14646,6874
43800,48774
43800,59315
43800,7143
43800,106489
43800,48780
43800,7162
43800,47610
43800,1233
43800,50068
43800,71535
75941,7669
75941,3751
75941,595
75941,6947
75941,588
75941,1250
75941,6539
75941,1204
75941,4886
75941,1873
40640,47
40640,79132
40640,3147
40640,48516
40640,593
40640,58559
40640,2858
40640,7254
40640,5418
40640,54286
40797,8874
40797,4105
40797,2288
40797,50
40797,4226
40797,2160
40797,53953
40797,48774
40797,541
40797,1208
134261,480
134261,5952
134261,8961
134261,10
134261,77561
134261,648
134261,33493
134261,1198
134261,588
134261,3635
14856,593
14856,589
14856,1210
14856,1291
14856,2291
14856,3897
14856,1259
14856,6333
14856,48774
14856,1080
28316,4878
28316,1732
28316,1193
28316,7361
28316,296
28316,2997
28316,2571
28316,4226
28316,55820
28316,593
124922,7361
124922,34405
124922,4878
124922,46976
124922,31658
124922,32587
124922,46578
124922,60684
124922,1199
124922,27611
49270,480
49270,6796
49270,70
49270,3275
49270,2000
49270,7360
49270,1997
49270,3535
49270,349
49270,6947
75172,60069
75172,2571
75172,48774
75172,85414
75172,4995
75172,72998
75172,73017
75172,49530
75172,55247
75172,30749
124912,4306
124912,1080
124912,1246
124912,1073
124912,1197
124912,593
124912,6711
124912,4979
124912,8784
124912,6874
12191,55442
12191,296
12191,8188
12191,65261
12191,7116
12191,111
12191,5498
12191,8199
12191,4226
12191,1193
3731,1291
3731,1198
3731,2959
3731,66097
3731,1200
3731,8961
3731,1748
3731,3578
3731,31658
3731,79132
54138,356
54138,1210
54138,593
54138,1198
54138,48516
54138,3996
54138,2028
54138,5349
54138,6539
54138,44191
32680,1291
32680,593
32680,5445
32680,377
32680,49272
32680,3897
32680,40815
32680,4886
32680,5618
32680,48516
70356,48394
70356,2959
70356,79132
70356,47610
70356,356
70356,318
70356,72998
70356,4878
70356,3147
70356,5445
74845,76093
74845,89745
74845,480
74845,102445
74845,4886
74845,1270
74845,1269
74845,6377
74845,7153
74845,1035
98920,5952
98920,4993
98920,457
98920,89745
98920,6539
98920,3578
98920,1036
98920,913
98920,76093
98920,364
29460,4993
29460,4878
29460,296
29460,1527
29460,79132
29460,4973
29460,32587
29460,589
29460,44191
29460,2858
123926,52245
123926,35836
123926,86911
123926,58998
123926,34162
123926,8528
123926,216
123926,67087
123926,55820
123926,63131
48253,49272
48253,48394
48253,527
48253,4011
48253,7323
48253,44694
48253,293
48253,1198
48253,7361
48253,8360
112788,2858
112788,296
112788,2571
112788,4973
112788,1249
112788,2959
112788,1080
112788,1617
112788,1245
112788,750
134999,35836
134999,59315
134999,2700
134999,1391
134999,1270
134999,1732
134999,70286
134999,4011
134999,3948
134999,7361
12659,6333
12659,2355
12659,4246
12659,3034
12659,1028
12659,597
12659,594
12659,45517
12659,1380
12659,2572
35984,8636
35984,4226
35984,7147
35984,8464
35984,2858
35984,8784
35984,5995
35984,5989
35984,30749
35984,8665
101614,3996
101614,750
101614,1208
101614,6773
101614,3683
101614,1258
101614,4027
101614,1206
101614,923
101614,1288
66397,6377
66397,2028
66397,2762
66397,5445
66397,72998
66397,2706
66397,47
66397,1198
66397,8368
66397,6934
14633,1046
14633,4973
14633,8879
14633,1278
14633,1136
14633,46578
14633,2622
14633,1269
14633,8580
14633,910
54985,77561
54985,72641
54985,78499
54985,88140
54985,79091
54985,91630
54985,72998
54985,76093
54985,91500
54985,87232
27116,2571
27116,81845
27116,60069
27116,7669
27116,89745
27116,48780
27116,1269
27116,91529
27116,78499
27116,4973
116738,1198
116738,6539
116738,1721
116738,1196
116738,356
116738,589
116738,4306
116738,733
116738,480
116738,2716
129058,1240
129058,589
129058,586
129058,48780
129058,6934
129058,7254
129058,6874
129058,6377
129058,2858
129058,5218
101275,4571
101275,2005
101275,2001
101275,2000
101275,4321
101275,2987
101275,2054
101275,4623
101275,553
101275,2094
79539,457
79539,1198
79539,597
79539,480
79539,110
79539,318
79539,344
79539,2858
79539,296
79539,47
78042,1097
78042,1343
78042,2915
78042,480
78042,587
78042,4447
78042,736
78042,2115
78042,1380
78042,3256
42211,527
42211,2959
42211,318
42211,2329
42211,50
42211,6385
42211,2692
42211,296
42211,3897
42211,30749
125057,4639
125057,1367
125057,47518
125057,2125
125057,7293
125057,41566
125057,1562
125057,8641
125057,1031
125057,37386
54153,1197
54153,3114
54153,1210
54153,260
54153,356
54153,1968
54153,1721
54153,2502
54153,150
54153,5378
60265,4226
60265,1580
60265,1527
60265,296
60265,58559
60265,589
60265,318
60265,47
60265,4963
60265,780
79485,457
79485,6377
79485,150
79485,1196
79485,4022
79485,648
79485,5418
79485,1073
79485,6365
79485,1721
133874,2329
133874,296
133874,260
133874,2959
133874,110
133874,64614
133874,3147
133874,527
133874,1222
133874,1221
43490,2858
43490,1270
43490,4995
43490,2329
43490,30812
43490,5418
43490,46723
43490,4973
43490,5945
43490,6957
39024,86882
39024,8638
39024,215
39024,97921
39024,63082
39024,81591
39024,74688
39024,82167
39024,55247
39024,79132
93195,4896
93195,3147
93195,318
93195,2571
93195,356
93195,593
93195,8961
93195,5816
93195,3996
93195,7143
130566,1380
130566,356
130566,364
130566,1580
130566,587
130566,318
130566,1291
130566,1393
130566,1
130566,4993
25345,3671
25345,6807
25345,6
25345,33493
25345,364
25345,3039
25345,4027
25345,1080
25345,608
25345,1097
99392,1923
99392,45720
99392,4878
99392,58559
99392,6942
99392,52973
99392,7361
99392,6377
99392,56757
99392,79132
127398,527
127398,60069
127398,260
127398,2571
127398,8874
127398,541
127398,296
127398,68157
127398,1
127398,4027
46281,1197
46281,1230
46281,2987
46281,1732
46281,2502
46281,1291
46281,6620
46281,3911
46281,1193
46281,3007
52657,4886
52657,60069
52657,318
52657,91529
52657,88125
52657,3578
52657,78499
52657,1196
52657,8961
52657,81834
43531,2502
43531,4306
43531,595
43531,3052
43531,1517
43531,4993
43531,7153
43531,2273
43531,34162
43531,480
131138,52281
131138,5349
131138,2028
131138,49651
131138,44191
131138,51255
131138,48774
131138,49530
131138,52458
131138,44665
64175,50
64175,34437
64175,1252
64175,7323
64175,924
64175,4848
64175,1270
64175,1247
64175,46578
64175,1729
63762,5872
63762,733
63762,3635
63762,2991
63762,648
63762,8665
63762,2947
63762,4963
63762,780
63762,3578
42352,2959
42352,4226
42352,4881
42352,4027
42352,4973
42352,81591
42352,2858
42352,47
42352,1258
42352,778
122092,7361
122092,2959
122092,902
122092,68954
122092,79132
122092,912
122092,40629
122092,2291
122092,914
122092,73017
66401,91500
66401,79132
66401,93510
66401,45447
66401,95441
66401,82461
66401,58559
66401,81845
66401,102903
66401,103372
121413,58559
121413,50
121413,70286
121413,778
121413,4226
121413,1653
121413,1527
121413,4011
121413,293
121413,6874
73140,1101
73140,1374
73140,2080
73140,2018
73140,1356
73140,2763
73140,1957
73140,2571
73140,524
73140,1125
88173,3578
88173,5669
88173,1407
88173,2231
88173,4701
88173,5055
88173,5810
88173,4011
88173,1754
88173,733
123268,6016
123268,50
123268,858
123268,4226
123268,2571
123268,2997
123268,2329
123268,46578
123268,527
123268,1219
66049,223
66049,67087
66049,8961
66049,1265
66049,6539
66049,30707
66049,595
66049,78209
66049,2762
66049,7502
19754,4369
19754,79091
19754,6539
19754,102125
19754,95510
19754,1022
19754,3114
19754,4025
19754,8361
19754,96079
55676,318
55676,1036
55676,1240
55676,32
55676,47
55676,3996
55676,1580
55676,8961
55676,7438
55676,4973
22292,2571
22292,3949
22292,50
22292,5989
22292,6874
22292,48780
22292,7153
22292,4993
22292,7438
22292,44191
97032,60069
97032,1089
97032,68157
97032,2329
97032,2762
97032,47
97032,1
97032,70286
97032,589
97032,4306
28567,1136
28567,2329
28567,47
28567,527
28567,318
28567,1221
28567,4226
28567,1704
28567,1222
28567,4973
88845,296
88845,356
88845,4975
88845,1784
88845,3174
88845,1682
88845,1625
88845,3147
88845,4995
88845,367
136759,59315
136759,60069
136759,5349
136759,2959
136759,2628
136759,8636
136759,73017
136759,6377
136759,70286
136759,8961
14087,4226
14087,296
14087,33794
14087,48516
14087,48780
14087,2858
14087,3578
14087,44191
14087,7361
14087,49272
102442,34405
102442,48516
102442,73321
102442,2067
102442,64614
102442,7502
102442,44191
102442,94864
102442,68237
102442,1617
136694,1089
136694,296
136694,1222
136694,2571
136694,4011
136694,5669
136694,2542
136694,6502
136694,1732
136694,7022
5968,318
5968,593
5968,4226
5968,2571
5968,3897
5968,32
5968,2762
5968,1193
5968,49272
5968,356
12481,2716
12481,364
12481,356
12481,1240
12481,3793
12481,1580
12481,5445
12481,72998
12481,3114
12481,733
27680,51662
27680,4467
27680,924
27680,969
27680,5010
27680,3363
27680,4042
27680,2858
27680,3671
27680,1517
16732,2947
16732,356
16732,541
16732,2948
16732,2028
16732,780
16732,1580
16732,7386
16732,8961
16732,2916
14492,2571
14492,2762
14492,356
14492,590
14492,1291
14492,1234
14492,161
14492,1704
14492,1961
14492,48516
14442,318
14442,2858
14442,2571
14442,8360
14442,1961
14442,7153
14442,4993
14442,5952
14442,5418
14442,1704
34428,5679
34428,2762
34428,480
34428,6539
34428,2167
34428,5349
34428,2617
34428,4963
34428,1527
34428,4270
21892,7438
21892,44191
21892,5618
21892,26662
21892,38038
21892,2959
21892,6874
21892,6016
21892,1222
21892,3949
96784,48780
96784,73017
96784,589
96784,316
96784,296
96784,69122
96784,30749
96784,5378
96784,56174
96784,6365
103614,8907
103614,586
103614,2355
103614,1407
103614,2432
103614,6155
103614,317
103614,231
103614,2683
103614,2541
97066,1265
97066,440
97066,5349
97066,6333
97066,356
97066,318
97066,1580
97066,50
97066,3039
97066,2115
135198,2858
135198,1207
135198,4973
135198,40819
135198,2571
135198,1089
135198,4993
135198,1035
135198,1193
135198,953
132240,4973
132240,588
132240,3081
132240,37729
132240,8254
132240,8970
132240,7669
132240,745
132240,4865
132240,4993
3821,1036
3821,1221
3821,6016
3821,4306
3821,48516
3821,4011
3821,1240
3821,2502
3821,2918
3821,1580
48670,296
48670,356
48670,2959
48670,2716
48670,2571
48670,58559
48670,5679
48670,6377
48670,2174
48670,4963
51455,356
51455,1387
51455,3791
51455,3255
51455,1088
51455,4621
51455,3526
51455,593
51455,2054
51455,3450
86474,99114
86474,4973
86474,4226
86474,109374
86474,79132
86474,68157
86474,94959
86474,1244
86474,112183
86474,1258
56034,955
56034,1
56034,750
56034,608
56034,2300
56034,7073
56034,6254
56034,1784
56034,1292
56034,2935
74119,4993
74119,2571
74119,2858
74119,2959
74119,32587
74119,48738
74119,56367
74119,527
74119,51662
74119,49272
84233,858
84233,1270
84233,4226
84233,50
84233,2762
84233,593
84233,165
84233,1193
84233,3000
84233,2019
40581,1200
40581,1214
40581,4896
40581,1653
40581,541
40581,7153
40581,2762
40581,8368
40581,5903
40581,5445
97356,48516
97356,2959
97356,54286
97356,8798
97356,59369
97356,59315
97356,8644
97356,49272
97356,318
97356,51662
72265,1193
72265,1201
72265,6787
72265,1263
72265,54001
72265,296
72265,50
72265,3060
72265,3448
72265,4855
69472,5349
69472,1
69472,3578
69472,480
69472,4993
69472,296
69472,59315
69472,8961
69472,1291
69472,457
80668,33794
80668,33166
80668,54997
80668,3686
80668,51935
80668,30822
80668,5049
80668,1257
80668,55269
80668,40819
10093,3408
10093,2115
10093,2797
10093,457
10093,4022
10093,110
10093,3147
10093,1198
10093,318
10093,1721
21594,4306
21594,364
21594,6377
21594,7361
21594,8368
21594,88163
21594,1
21594,58559
21594,3114
21594,46976
3015,2571
3015,5816
3015,6377
3015,4995
3015,588
3015,4963
3015,110
3015,2762
3015,8636
3015,2858
105062,3578
105062,2762
105062,2571
105062,2959
105062,47
105062,1089
105062,1036
105062,7153
105062,5952
105062,1201
88214,58559
88214,49272
88214,72998
88214,8368
88214,73017
88214,5816
88214,4896
88214,53322
88214,91542
88214,59315
59537,356
59537,33794
59537,780
59537,593
59537,6874
59537,58559
59537,296
59537,318
59537,648
59537,1270
107125,480
107125,318
107125,2762
107125,344
107125,593
107125,3578
107125,47
107125,588
107125,1136
107125,6539
101044,6942
101044,45062
101044,4866
101044,1961
101044,161
101044,49286
101044,1270
101044,4025
101044,30822
101044,8781
58394,56367
58394,6539
58394,588
58394,5816
58394,4896
58394,8368
58394,46578
58394,1197
58394,500
58394,4993
61237,1214
61237,1136
61237,750
61237,5291
61237,5618
61237,8961
61237,1200
61237,31658
61237,26662
61237,2019
68561,7361
68561,2329
68561,2571
68561,56367
68561,48394
68561,4226
68561,88125
68561,81591
68561,4306
68561,89745
40209,1258
40209,50
40209,58559
40209,110
40209,6711
40209,48516
40209,1682
40209,589
40209,4034
40209,2710
73792,72998
73792,58559
73792,32
73792,541
73792,6502
73792,1196
73792,260
73792,2959
73792,1210
73792,741
27377,102445
27377,96079
27377,2959
27377,99114
27377,8636
27377,356
27377,73017
27377,296
27377,2028
27377,112852
81314,2858
81314,1387
81314,608
81314,30707
81314,150
81314,1
81314,2797
81314,6870
81314,1207
81314,296
115697,7361
115697,4306
115697,63082
115697,68157
115697,593
115697,70286
115697,356
115697,56174
115697,527
115697,7153
39490,7153
39490,4993
39490,5445
39490,50
39490,318
39490,4995
39490,110
39490,5952
39490,32587
39490,5989
51377,2762
51377,318
51377,356
51377,2028
51377,589
51377,296
51377,2959
51377,1291
51377,1240
51377,1036
137027,3134
137027,4914
137027,1252
137027,1219
137027,750
137027,7234
137027,3307
137027,908
137027,1206
137027,6023
29682,356
29682,6377
29682,1
29682,2028
29682,1961
29682,1270
29682,150
29682,1704
29682,6539
29682,1246
44680,356
44680,2918
44680,2959
44680,1721
44680,4963
44680,1073
44680,8784
44680,33794
44680,296
44680,40815
133988,33794
133988,7153
133988,60069
133988,58559
133988,68954
133988,356
133988,72998
133988,296
133988,8961
133988,6377
72432,58559
72432,48394
72432,51662
72432,48774
72432,4011
72432,49530
72432,2858
72432,7438
72432,49272
72432,296
79374,4995
79374,2502
79374,2706
79374,3556
79374,2329
79374,8970
79374,2542
79374,1
79374,1921
79374,8873
113485,951
113485,910
113485,1197
113485,63082
113485,78499
113485,905
113485,1136
113485,2324
113485,4993
113485,60069
8966,88125
8966,59315
8966,72226
8966,33166
8966,40819
8966,8949
8966,45722
8966,47610
8966,34162
8966,33493
80724,1089
80724,6874
80724,50
80724,2028
80724,2762
80724,1
80724,4963
80724,32587
80724,3996
80724,1207
15234,356
15234,5952
15234,7153
15234,778
15234,4993
15234,4973
15234,4878
15234,50
15234,7147
15234,5618
114462,916
114462,1223
114462,2716
114462,2085
114462,1023
114462,5971
114462,26662
114462,1610
114462,3675
114462,1025
27902,68157
27902,37733
27902,30749
27902,56782
27902,41997
27902,36517
27902,32587
27902,3384
27902,39444
27902,48738
52954,1197
52954,4963
52954,1193
52954,2324
52954,4995
52954,593
52954,6863
52954,1246
52954,2067
52954,1961
78632,31410
78632,589
78632,8798
78632,57528
78632,8589
78632,1729
78632,1036
78632,1214
78632,48516
78632,41997
68026,49772
68026,93740
68026,65465
68026,55052
68026,30898
68026,34336
68026,49272
68026,78316
68026,97870
68026,55118
114937,41285
114937,4720
114937,5218
114937,3147
114937,64957
114937,53123
114937,69757
114937,597
114937,4886
114937,33166
51257,1234
51257,527
51257,1233
51257,260
51257,48516
51257,2019
51257,1240
51257,1203
51257,2959
51257,608
16050,4144
16050,923
16050,2731
16050,5147
16050,1212
16050,1206
16050,903
16050,2010
16050,6123
16050,4914
6753,2571
6753,4993
6753,356
6753,7153
6753,58559
6753,7361
6753,4963
6753,1
6753,33794
6753,1197
10021,5989
10021,586
10021,89745
10021,6539
10021,91542
10021,1
10021,30793
10021,5459
10021,7293
10021,1721
112369,69844
112369,45722
112369,4963
112369,4306
112369,1197
112369,318
112369,150
112369,2571
112369,588
112369,76093
109228,589
109228,2762
109228,2571
109228,593
109228,4306
109228,1270
109228,6377
109228,527
109228,2858
109228,8961
95735,1214
95735,1206
95735,1089
95735,2959
95735,1270
95735,592
95735,47
95735,858
95735,750
95735,541
23990,1060
23990,39
23990,4226
23990,608
23990,47
23990,69122
23990,1784
23990,101
23990,1732
23990,372
130516,4489
130516,3107
130516,40815
130516,33166
130516,2539
130516,3005
130516,8984
130516,2470
130516,2150
130516,33004
135628,1198
135628,1704
135628,2959
135628,1197
135628,7361
135628,3897
135628,919
135628,5349
135628,1393
135628,2291
54476,47
54476,593
54476,1206
54476,4878
54476,778
54476,2959
54476,7438
54476,6711
54476,2692
54476,2076
69037,2762
69037,356
69037,2502
69037,1923
69037,2571
69037,1213
69037,16
69037,4963
69037,2858
69037,2000
129992,4963
129992,63082
129992,4226
129992,48516
129992,59315
129992,68157
129992,47
129992,63131
129992,2858
129992,2329
19669,2959
19669,8950
19669,50
19669,293
19669,27773
19669,750
19669,106920
19669,32
19669,8874
19669,2571
104397,110
104397,4963
104397,95
104397,592
104397,47
104397,2470
104397,4085
104397,260
104397,1213
104397,4027
95421,6874
95421,3578
95421,4226
95421,79132
95421,58559
95421,3147
95421,2858
95421,6539
95421,2324
95421,99114
96480,110
96480,457
96480,1196
96480,2762
96480,2858
96480,1517
96480,6377
96480,3578
96480,8961
96480,1270
133113,1089
133113,2542
133113,3578
133113,27773
133113,63082
133113,55290
133113,53129
133113,36529
133113,6502
133113,5418
47641,1198
47641,1721
47641,1
47641,380
47641,377
47641,2028
47641,736
47641,1580
47641,590
47641,3578
20079,1089
20079,58559
20079,318
20079,2959
20079,296
20079,71535
20079,3275
20079,49530
20079,293
20079,4011
51253,2858
51253,593
51253,2329
51253,47
51253,4878
51253,778
51253,7361
51253,1193
51253,2571
51253,1222
124806,4306
124806,1197
124806,41566
124806,45722
124806,1196
124806,4857
124806,6333
124806,1210
124806,8360
124806,260
4150,1136
4150,1265
4150,913
4150,4027
4150,1210
4150,5952
4150,7153
4150,1206
4150,3039
4150,34
75228,48774
75228,4878
75228,780
75228,56782
75228,3578
75228,5989
75228,1258
75228,51662
75228,5349
75228,4022
66312,2858
66312,1196
66312,858
66312,593
66312,750
66312,58559
66312,1136
66312,4226
66312,1193
66312,7361
27461,6377
27461,3578
27461,4306
27461,4995
27461,597
27461,1580
27461,590
27461,4963
27461,1721
27461,50872
58614,6874
58614,51540
58614,923
58614,1203
58614,8874
58614,7438
58614,48780
58614,1
58614,33794
58614,1222
64518,457
64518,4963
64518,104
64518,2268
64518,2918
64518,1625
64518,3916
64518,4489
64518,2353
64518,2302
23648,318
23648,2959
23648,2028
23648,4993
23648,1196
23648,356
23648,480
23648,33794
23648,6539
23648,4226
137124,78499
137124,5952
137124,68954
137124,6377
137124,32587
137124,8961
137124,296
137124,68157
137124,6539
137124,1527
114146,4973
114146,6893
114146,4014
114146,5377
114146,40815
114146,6323
114146,318
114146,7147
114146,46976
114146,44191
124923,356
124923,318
124923,47610
124923,3408
124923,41566
124923,49272
124923,1393
124923,1682
124923,5816
124923,7147
88298,2117
88298,1198
88298,27660
88298,33794
88298,58559
88298,1240
88298,592
88298,3000
88298,6303
88298,37386
16766,356
16766,2762
16766,48780
16766,68954
16766,60069
16766,296
16766,8961
16766,4995
16766,4226
16766,6377
45414,8961
45414,5952
45414,1
45414,480
45414,4306
45414,58559
45414,356
45414,4896
45414,79132
45414,318
43319,608
43319,2858
43319,912
43319,364
43319,1193
43319,588
43319,356
43319,1527
43319,527
43319,4973
91328,913
91328,912
91328,1230
91328,3814
91328,1193
91328,342
91328,7132
91328,910
91328,4973
91328,527
93724,1552
93724,2762
93724,2571
93724,2826
93724,3717
93724,653
93724,2000
93724,208
93724,4299
93724,2959
101797,5952
101797,4306
101797,7153
101797,4993
101797,1136
101797,1032
101797,2571
101797,53125
101797,8368
101797,5444
92665,4306
92665,780
92665,1721
92665,2028
92665,296
92665,2959
92665,1213
92665,2858
92665,2706
92665,589
22875,110
22875,293
22875,68237
22875,7361
22875,54997
22875,69481
22875,56367
22875,48774
22875,1198
22875,32
91522,4306
91522,6874
91522,2028
91522,1270
91522,527
91522,3578
91522,79132
91522,3147
91522,2329
91522,33794
7541,318
7541,5952
7541,50
7541,4973
7541,2329
7541,1210
7541,1270
7541,1136
7541,47
7541,2997
49928,356
49928,36363
49928,5888
49928,110
49928,5952
49928,60904
49928,1196
49928,260
49928,2959
49928,5418
60280,1196
60280,1210
60280,1036
60280,377
60280,592
60280,367
60280,6365
60280,32
60280,736
60280,4226
25454,2959
25454,6377
25454,858
25454,593
25454,500
25454,4995
25454,7361
25454,50872
25454,64575
25454,2762
18313,4886
18313,8961
18313,1198
18313,5349
18313,736
18313,8360
18313,1291
18313,733
18313,2115
18313,296
44530,2987
44530,551
44530,1129
44530,1261
44530,1079
44530,2194
44530,3868
44530,3039
44530,1080
44530,589
11448,47
11448,2028
11448,4306
11448,296
11448,318
11448,5349
11448,648
11448,231
11448,4226
11448,150
35050,1200
35050,58559
35050,110
35050,1748
35050,1617
35050,593
35050,27611
35050,79132
35050,54997
35050,1291
3487,5445
3487,858
3487,6942
3487,8360
3487,2355
3487,5218
3487,2291
3487,2278
3487,55820
3487,3994
137975,5618
137975,2959
137975,48394
137975,1198
137975,1
137975,56367
137975,527
137975,88125
137975,48780
137975,4995
55449,595
55449,480
55449,588
55449,1
55449,1198
55449,7153
55449,5952
55449,8961
55449,6377
55449,1270
32442,858
32442,4226
32442,2959
32442,7153
32442,318
32442,2571
32442,32
32442,2858
32442,1136
32442,3578
91631,333
91631,3793
91631,2403
91631,1270
91631,5349
91631,1663
91631,3527
91631,2804
91631,5010
91631,2490
18786,1196
18786,2858
18786,296
18786,2571
18786,4973
18786,2997
18786,318
18786,2019
18786,1206
18786,1198
115279,7361
115279,45722
115279,2959
115279,40815
115279,6539
115279,4973
115279,2571
115279,46578
115279,1136
115279,33794
109661,2959
109661,39183
109661,5992
109661,48774
109661,48394
109661,2571
109661,296
109661,58559
109661,3160
109661,4973
52496,778
52496,390
52496,3676
52496,1199
52496,52281
52496,296
52496,4878
52496,69134
52496,2657
52496,766
129206,3147
129206,7147
129206,3578
129206,296
129206,4995
129206,8873
129206,6942
129206,3949
129206,8376
129206,8970
6245,1580
6245,480
6245,5952
6245,4993
6245,364
6245,7153
6245,1210
6245,3578
6245,8636
6245,5378
7111,589
7111,110
7111,2028
7111,48516
7111,5418
7111,1036
7111,59369
7111,2571
7111,49530
7111,64614
60394,3793
60394,150
60394,6539
60394,6942
60394,50
60394,8665
60394,8360
60394,4014
60394,5377
60394,6333
77077,541
77077,3551
77077,1201
77077,589
77077,1222
77077,1199
77077,1084
77077,2726
77077,4027
77077,6711
53475,56757
53475,4226
53475,56367
53475,48394
53475,6711
53475,4973
53475,60069
53475,3949
53475,63876
53475,356
106272,2858
106272,4973
106272,3967
106272,6942
106272,1246
106272,4014
106272,6711
106272,318
106272,69757
106272,4308
316,32
316,3793
316,589
316,110
316,3052
316,3578
316,1240
316,6377
316,293
316,1136
110370,6377
110370,1136
110370,3000
110370,68954
110370,356
110370,2139
110370,2761
110370,7099
110370,2291
110370,32
70116,68358
70116,480
70116,59315
70116,49272
70116,780
70116,70286
70116,364
70116,344
70116,1080
70116,1265
60294,91542
60294,34405
60294,72998
60294,8665
60294,6378
60294,87232
60294,45186
60294,81229
60294,8368
60294,81847
47833,7361
47833,2571
47833,296
47833,5952
47833,106100
47833,106487
47833,4226
47833,1196
47833,107141
47833,106438
52260,780
52260,1693
52260,79132
52260,81845
52260,30749
52260,70286
52260,104841
52260,1580
52260,2000
52260,1136
103756,3000
103756,2959
103756,8914
103756,296
103756,5952
103756,4993
103756,33794
103756,8950
103756,55247
103756,72998
136478,1210
136478,318
136478,1653
136478,1527
136478,1690
136478,4226
136478,1909
136478,50
136478,593
136478,68358
16617,7361
16617,1682
16617,4306
16617,2329
16617,50
16617,2858
16617,318
16617,5989
16617,8665
16617,48516
122877,7438
122877,44191
122877,72011
122877,63082
122877,32587
122877,593
122877,2858
122877,63876
122877,8961
122877,64614
61,32587
61,4979
61,2959
61,2571
61,3556
61,5577
61,3477
61,30810
61,1968
61,6502
64510,2959
64510,1921
64510,26326
64510,62511
64510,7123
64510,4878
64510,7361
64510,1232
64510,8950
64510,1748
104525,318
104525,1246
104525,3996
104525,5989
104525,5349
104525,8636
104525,457
104525,1197
104525,1610
104525,2321
63395,2858
63395,2959
63395,648
63395,318
63395,2571
63395,5445
63395,5418
63395,2324
63395,110
63395,3147
15388,2858
15388,2997
15388,356
15388,111
15388,1225
15388,1203
15388,1250
15388,1263
15388,2313
15388,1214
36936,1270
36936,318
36936,6539
36936,110
36936,296
36936,780
36936,4993
36936,593
36936,1580
36936,589
78310,1682
78310,593
78310,3996
78310,2571
78310,2858
78310,2959
78310,1961
78310,4306
78310,1214
78310,2716
85925,1375
85925,177
85925,912
85925,1416
85925,7649
85925,2571
85925,3551
85925,2468
85925,933
85925,1221
75176,1270
75176,6539
75176,72998
75176,111759
75176,7153
75176,8665
75176,318
75176,40815
75176,2028
75176,1
54401,593
54401,6377
54401,4306
54401,4993
54401,1265
54401,1079
54401,7153
54401,1028
54401,1225
54401,2858
125213,2571
125213,3578
125213,72998
125213,5066
125213,6539
125213,79132
125213,2617
125213,110
125213,1721
125213,7254
109883,30812
109883,41285
109883,49530
109883,40583
109883,46578
109883,41997
109883,37733
109883,48738
109883,33154
109883,82459
61609,6365
61609,68358
61609,3793
61609,34150
61609,44191
61609,2571
61609,8361
61609,49278
61609,64497
61609,67197
8700,81845
8700,1240
8700,46578
8700,1193
8700,2858
8700,8949
8700,1265
8700,1200
8700,5669
8700,541
1887,1240
1887,1196
1887,1036
1887,72998
1887,2918
1887,6333
1887,2959
1887,3578
1887,1197
1887,593
111512,912
111512,46578
111512,916
111512,1035
111512,899
111512,28
111512,26712
111512,898
111512,2248
111512,1307
57080,1089
57080,68157
57080,356
57080,778
57080,57669
57080,69122
57080,7361
57080,32
57080,8874
57080,48780
25005,2028
25005,541
25005,6874
25005,4993
25005,1198
25005,3147
25005,2692
25005,589
25005,7438
25005,1036
26168,4014
26168,914
26168,1197
26168,899
26168,1035
26168,6942
26168,8970
26168,5380
26168,915
26168,4973
28514,33794
28514,4995
28514,1270
28514,54997
28514,1917
28514,4993
28514,356
28514,2571
28514,318
28514,780
8485,53123
8485,318
8485,6377
8485,8970
8485,4306
8485,4886
8485,49961
8485,48394
8485,30749
8485,5618
108246,1214
108246,1208
108246,3742
108246,1222
108246,2068
108246,111
108246,2571
108246,923
108246,858
108246,1219
18,5995
18,296
18,1193
18,4235
18,46578
18,46723
18,48738
18,2324
18,4226
18,8873
21036,58559
21036,1
21036,2
21036,4886
21036,2762
21036,595
21036,2918
21036,1682
21036,586
21036,8961
126565,4979
126565,1721
126565,8376
126565,4239
126565,1777
126565,2028
126565,6870
126565,8949
126565,8645
126565,2321
137879,1197
137879,76251
137879,1968
137879,104841
137879,48394
137879,858
137879,96821
137879,356
137879,593
137879,87232
20165,4226
20165,56367
20165,2858
20165,51662
20165,69122
20165,1210
20165,2716
20165,44191
20165,1136
20165,2329
71115,47
71115,1136
71115,3578
71115,1201
71115,318
71115,2959
71115,2716
71115,2028
71115,6874
71115,59315
4537,4886
4537,6377
4537,79132
4537,318
4537,68954
4537,1682
4537,58559
4537,2324
4537,99114
4537,97921
128003,296
128003,2858
128003,2028
128003,1358
128003,3983
128003,4226
128003,5902
128003,2890
128003,41285
128003,33166
3345,2571
3345,356
3345,780
3345,318
3345,2000
3345,593
3345,2245
3345,587
3345,1198
3345,648
119085,8961
119085,356
119085,2959
119085,364
119085,6377
119085,1968
119085,2918
119085,6539
119085,2502
119085,1270
128739,1094
128739,2797
128739,2100
128739,2571
128739,1073
128739,1954
128739,3706
128739,2791
128739,2313
128739,4713
58222,8961
58222,59315
58222,57669
58222,51255
58222,778
58222,1291
58222,6874
58222,293
58222,1210
58222,1265
119698,2028
119698,356
119698,593
119698,527
119698,3578
119698,1198
119698,4034
119698,47
119698,357
119698,2762
116583,260
116583,2692
116583,5952
116583,593
116583,2571
116583,2396
116583,34
116583,47
116583,1073
116583,4979
127755,64957
127755,7147
127755,2628
127755,1704
127755,2762
127755,86882
127755,69122
127755,4226
127755,3967
127755,8529
45283,1380
45283,1907
45283,4886
45283,1198
45283,2571
45283,2628
45283,39
45283,3114
45283,1282
45283,5378
2234,2291
2234,5679
2234,1997
2234,527
2234,1347
2234,1079
2234,3081
2234,318
2234,7438
2234,6874
39429,33794
39429,293
39429,527
39429,48774
39429,2028
39429,1199
39429,4973
39429,7502
39429,68237
39429,3578
106919,500
106919,47
106919,5952
106919,7153
106919,33679
106919,56174
106919,64957
106919,4878
106919,7147
106919,5418
87187,296
87187,2571
87187,2858
87187,4878
87187,3147
87187,2291
87187,3897
87187,6539
87187,7361
87187,337
131721,2762
131721,1036
131721,1208
131721,318
131721,3578
131721,2542
131721,1466
131721,4226
131721,7143
131721,4034
107809,2324
107809,56367
107809,2396
107809,4306
107809,1235
107809,1270
107809,588
107809,1097
107809,1734
107809,7147
31805,32
31805,1089
31805,111
31805,912
31805,1197
31805,2762
31805,527
31805,1136
31805,2028
31805,908
110560,110
110560,47
110560,296
110560,3578
110560,5989
110560,4306
110560,318
110560,2571
110560,4720
110560,1682
121564,2916
121564,58559
121564,296
121564,1584
121564,1527
121564,1704
121564,780
121564,316
121564,329
121564,1580
39275,357
39275,50
39275,593
39275,2762
39275,2959
39275,4022
39275,8360
39275,1265
39275,47
39275,7143
11849,293
11849,924
11849,296
11849,1193
11849,527
11849,2329
11849,1732
11849,1136
11849,48394
11849,1240
109961,4963
109961,6539
109961,4995
109961,111759
109961,69844
109961,77561
109961,48780
109961,5349
109961,1721
109961,81847
97614,923
97614,3471
97614,951
97614,2640
97614,8183
97614,2916
97614,1081
97614,1376
97614,1371
97614,272
30233,318
30233,2997
30233,71464
30233,2571
30233,293
30233,64614
30233,527
30233,32
30233,69481
30233,1961
20758,2959
20758,2571
20758,1196
20758,5349
20758,356
20758,5952
20758,7153
20758,4226
20758,4993
20758,6365
26270,8970
26270,68954
26270,41566
26270,81834
26270,39183
26270,56152
26270,6867
26270,1641
26270,60069
26270,64957
14074,2959
14074,4886
14074,51255
14074,46976
14074,56367
14074,58559
14074,912
14074,30810
14074,8784
14074,1197
70010,58559
70010,318
70010,4226
70010,88125
70010,2571
70010,106489
70010,6377
70010,5995
70010,91529
70010,527
136991,55820
136991,1193
136991,1213
136991,2571
136991,4011
136991,3147
136991,5989
136991,293
136991,2762
136991,858
44894,480
44894,1580
44894,1073
44894,2918
44894,1517
44894,6539
44894,919
44894,8636
44894,1136
44894,45722
2509,1208
2509,1358
2509,1240
2509,1258
2509,2194
2509,16
2509,4776
2509,6
2509,7143
2509,1617
52821,2571
52821,750
52821,7361
52821,32587
52821,47
52821,1258
52821,5618
52821,858
52821,1222
52821,541
103078,2858
103078,64957
103078,33679
103078,44555
103078,56782
103078,54997
103078,55765
103078,7458
103078,2762
103078,593
23982,82461
23982,58559
23982,296
23982,60684
23982,96737
23982,69122
23982,97913
23982,70286
23982,84152
23982,593
37282,1221
37282,4226
37282,5952
37282,296
37282,2194
37282,318
37282,50
37282,1213
37282,1060
37282,2502
16846,8961
16846,5349
16846,4886
16846,2858
16846,1265
16846,4027
16846,6539
16846,1198
16846,2987
16846,6874
85614,293
85614,1198
85614,1089
85614,7153
85614,50
85614,44555
85614,47
85614,260
85614,1196
85614,27773
17217,97938
17217,593
17217,296
17217,104841
17217,58559
17217,91529
17217,750
17217,88744
17217,2180
17217,912
83600,58559
83600,79132
83600,69757
83600,46578
83600,4973
83600,8784
83600,318
83600,2918
83600,78499
83600,48394
129708,539
129708,1197
129708,2081
129708,1380
129708,595
129708,3114
129708,832
129708,1
129708,6539
129708,4306
4978,5952
4978,778
4978,8874
4978,4993
4978,3275
4978,46976
4978,593
4978,4995
4978,54503
4978,3052
3282,64614
3282,64839
3282,81591
3282,88744
3282,61323
3282,79592
3282,3578
3282,63082
3282,89864
3282,106782
61303,6502
61303,1196
61303,1527
61303,6874
61303,47
61303,3578
61303,4226
61303,1198
61303,5445
61303,51935
38069,1485
38069,4446
38069,34150
38069,8983
38069,500
38069,5459
38069,6156
38069,788
38069,7090
38069,2431
114372,33794
114372,58559
114372,260
114372,3793
114372,32587
114372,1029
114372,2571
114372,59315
114372,1210
114372,4011
76722,48780
76722,56367
76722,49272
76722,55276
76722,54286
76722,79132
76722,47610
76722,72011
76722,7502
76722,69757
130084,318
130084,7438
130084,3996
130084,1198
130084,7981
130084,1617
130084,1218
130084,750
130084,4963
130084,2858
19993,1246
19993,1124
19993,2858
19993,5945
19993,30749
19993,33166
19993,2268
19993,55276
19993,4014
19993,62
91559,51255
91559,32587
91559,6618
91559,68157
91559,223
91559,8961
91559,59315
91559,87232
91559,7022
91559,5618
56881,4447
56881,44004
56881,4718
56881,8969
56881,36525
56881,60397
56881,68135
56881,31433
56881,4018
56881,49286
111886,4993
111886,63082
111886,47
111886,4226
111886,2396
111886,81845
111886,3499
111886,1193
111886,5952
111886,6539
102049,1175
102049,1206
102049,111
102049,296
102049,7044
102049,6774
102049,2729
102049,2997
102049,6987
102049,2160
34060,91542
34060,60069
34060,111362
34060,59369
34060,2959
34060,77561
34060,4993
34060,7153
34060,48780
34060,8961
121015,1198
121015,54286
121015,4226
121015,5903
121015,44665
121015,49272
121015,48394
121015,1270
121015,1580
121015,4878
114817,58
114817,1271
114817,902
114817,914
114817,2150
114817,1132
114817,910
114817,3967
114817,2336
114817,3095
77363,2571
77363,858
77363,527
77363,4973
77363,356
77363,4995
77363,3578
77363,1193
77363,2324
77363,7153
82634,1198
82634,260
82634,1196
82634,2918
82634,2716
82634,1197
82634,1270
82634,1210
82634,2797
82634,1214
64623,50
64623,2959
64623,4034
64623,2571
64623,778
64623,3897
64623,7361
64623,1673
64623,8784
64623,2762
121904,589
121904,50
121904,1198
121904,58559
121904,48780
121904,34405
121904,70286
121904,47
121904,2858
121904,1240
11343,2916
11343,60069
11343,86332
11343,1610
11343,1580
11343,380
11343,3868
11343,33679
11343,2959
11343,3623
72009,457
72009,1240
72009,589
72009,527
72009,780
72009,3793
72009,1387
72009,50
72009,8636
72009,2959
45391,33794
45391,480
45391,58559
45391,7153
45391,4993
45391,1198
45391,34405
45391,1527
45391,3793
45391,1291
135068,2858
135068,6874
135068,32587
135068,51662
135068,2232
135068,6016
135068,7438
135068,50872
135068,8950
135068,33166
113303,1089
113303,293
113303,2329
113303,4963
113303,7438
113303,593
113303,4995
113303,5989
113303,1682
113303,48780
29633,2268
29633,1584
29633,7143
29633,1721
29633,2115
29633,6377
29633,364
29633,34162
29633,527
29633,55820
15608,7361
15608,6333
15608,55820
15608,4878
15608,48774
15608,32
15608,30810
15608,6440
15608,60040
15608,4226
7394,58559
7394,69122
7394,5816
7394,53996
7394,33794
7394,79132
7394,72998
7394,6539
7394,3793
7394,480
39493,1206
39493,4973
39493,296
39493,1198
39493,2959
39493,6016
39493,1247
39493,912
39493,1230
39493,1252
59682,4226
59682,1198
59682,2916
59682,1527
59682,7153
59682,780
59682,44191
59682,2959
59682,316
59682,5952
75370,1639
75370,2997
75370,2291
75370,5992
75370,4878
75370,3418
75370,581
75370,3851
75370,3911
75370,6711
43592,1198
43592,2959
43592,7153
43592,296
43592,3578
43592,318
43592,356
43592,589
43592,480
43592,3000
18069,7361
18069,44191
18069,48774
18069,2791
18069,30825
18069,46723
18069,8961
18069,41285
18069,8783
18069,54286
73096,1
73096,1270
73096,2571
73096,2012
73096,4022
73096,2700
73096,5349
73096,780
73096,3793
73096,4306
131360,4993
131360,5445
131360,541
131360,1270
131360,77561
131360,89745
131360,1036
131360,2012
131360,60069
131360,3996
7482,1307
7482,1246
7482,457
7482,4014
7482,1198
7482,5299
7482,4306
7482,590
7482,527
7482,2797
138403,2028
138403,58559
138403,2959
138403,32587
138403,2716
138403,2288
138403,68157
138403,1089
138403,8665
138403,590
2343,3578
2343,1198
2343,5349
2343,1201
2343,296
2343,7569
2343,1233
2343,3527
2343,3198
2343,4443
32300,7153
32300,1221
32300,68157
32300,1200
32300,1089
32300,2028
32300,1997
32300,70286
32300,16
32300,6874
9514,49822
9514,63853
9514,55094
9514,49772
9514,62293
9514,51540
9514,46578
9514,56788
9514,49910
9514,55820
119043,356
119043,1196
119043,47
119043,1198
119043,2858
119043,1527
119043,318
119043,2762
119043,110
119043,260
111135,59315
111135,72998
111135,2571
111135,7254
111135,109487
111135,356
111135,5952
111135,1653
111135,6365
111135,1527
106369,51662
106369,2762
106369,2028
106369,593
106369,7153
106369,5952
106369,318
106369,780
106369,1580
106369,4306
23837,4963
23837,593
23837,2571
23837,4226
23837,5418
23837,33660
23837,150
23837,1961
23837,1193
23837,2542
30104,1
30104,110
30104,4011
30104,589
30104,36529
30104,6874
30104,2542
30104,1961
30104,51662
30104,48394
55303,60069
55303,2959
55303,296
55303,7438
55303,2571
55303,5418
55303,48516
55303,589
55303,593
55303,356
24024,3741
24024,6818
24024,1757
24024,4914
24024,2731
24024,2932
24024,3030
24024,111
24024,1208
24024,2427
93395,2762
93395,1307
93395,902
93395,4995
93395,527
93395,47
93395,1197
93395,2918
93395,48516
93395,912
14511,5952
14511,3578
14511,4963
14511,1193
14511,32587
14511,1682
14511,4886
14511,110
14511,5445
14511,4878
16714,8961
16714,4963
16714,26614
16714,1580
16714,59369
16714,6377
16714,6378
16714,73017
16714,356
16714,85414
120707,104841
120707,97304
120707,30749
120707,96079
120707,49530
120707,8533
120707,101864
120707,590
120707,33162
120707,49272
83356,70286
83356,589
83356,71535
83356,2571
83356,2918
83356,8874
83356,3275
83356,72998
83356,593
83356,49272
134800,68954
134800,6377
134800,356
134800,4896
134800,2858
134800,318
134800,94959
134800,44195
134800,79132
134800,35836
117253,47
117253,110
117253,2268
117253,593
117253,150
117253,1036
117253,480
117253,4963
117253,3147
117253,733
85863,4886
85863,4226
85863,2858
85863,2324
85863,2959
85863,8961
85863,50
85863,58559
85863,6874
85863,5989
25530,1252
25530,608
25530,1203
25530,318
25530,1234
25530,1945
25530,1219
25530,910
25530,50
25530,356
50687,55820
50687,2858
50687,7361
50687,90600
50687,527
50687,109374
50687,2959
50687,4011
50687,66371
50687,8949
13140,31658
13140,593
13140,4973
13140,858
13140,1213
13140,2028
13140,55820
13140,27722
13140,1036
13140,541
84465,110
84465,4963
84465,31685
84465,356
84465,4223
84465,5952
84465,6539
84465,44665
84465,5956
84465,4306
26804,2716
26804,2918
26804,8961
26804,318
26804,2571
26804,3147
26804,4306
26804,6539
26804,4963
26804,480
52282,1270
52282,2762
52282,1265
52282,593
52282,150
52282,1610
52282,1097
52282,2918
52282,1193
52282,2858
137200,58559
137200,91529
137200,96079
137200,102125
137200,95510
137200,59315
137200,33794
137200,69122
137200,40815
137200,106487
19939,58559
19939,5952
19939,356
19939,4993
19939,593
19939,3949
19939,778
19939,50872
19939,32587
19939,4878
25696,4886
25696,59315
25696,58559
25696,59784
25696,1
25696,77561
25696,81564
25696,597
25696,81847
25696,79132
83441,1210
83441,47
83441,318
83441,50
83441,8784
83441,6333
83441,1270
83441,1198
83441,1
83441,4995
121838,1198
121838,8961
121838,589
121838,1210
121838,2716
121838,4306
121838,1580
121838,296
121838,318
121838,51662
38503,1196
38503,1265
38503,2762
38503,356
38503,1089
38503,589
38503,3578
38503,33794
38503,44191
38503,58559
33409,7153
33409,1198
33409,2858
33409,318
33409,50
33409,5971
33409,150
33409,595
33409,1193
33409,1270
17667,79132
17667,2762
17667,593
17667,1270
17667,296
17667,1291
17667,102125
17667,4226
17667,73017
17667,2011
33144,2959
33144,5418
33144,33794
33144,3578
33144,3996
33144,6539
33144,50
33144,44191
33144,1136
33144,8665
29750,593
29750,7438
29750,7361
29750,1732
29750,1210
29750,4226
29750,6874
29750,47
29750,778
29750,2997
86736,2640
86736,7132
86736,7835
86736,951
86736,4306
86736,1226
86736,317
86736,8228
86736,539
86736,7072
7286,37729
7286,1175
7286,41569
7286,1201
7286,8961
7286,33794
7286,26776
7286,31878
7286,6874
7286,1148
29316,356
29316,1
29316,1198
29316,1375
29316,1580
29316,1876
29316,6979
29316,33493
29316,1682
29316,1265
42456,1527
42456,5349
42456,2105
42456,2021
42456,2529
42456,924
42456,1129
42456,1219
42456,296
42456,2455
77917,318
77917,2329
77917,2858
77917,46578
77917,4973
77917,3949
77917,44191
77917,6539
77917,8970
77917,296
107514,4306
107514,1721
107514,4896
107514,2572
107514,356
107514,377
107514,56367
107514,2706
107514,595
107514,4447
49965,6539
49965,41566
49965,33493
49965,2502
49965,3361
49965,1302
49965,5816
49965,31685
49965,2915
49965,524
73821,3949
73821,1222
73821,293
73821,3499
73821,1201
73821,58559
73821,608
73821,924
73821,48738
73821,2467
52749,1721
52749,5989
52749,7293
52749,41569
52749,4993
52749,44195
52749,47610
52749,49530
52749,7361
52749,46976
66985,2858
66985,1704
66985,7361
66985,1777
66985,5669
66985,2502
66985,3911
66985,2997
66985,4226
66985,356
68068,1208
68068,1093
68068,111
68068,1089
68068,4262
68068,6016
68068,858
68068,1884
68068,5956
68068,1732
9406,2762
9406,3967
9406,3949
9406,8533
9406,39183
9406,5014
9406,3408
9406,147
9406,1059
9406,1721
60391,296
60391,33794
60391,47
60391,2329
60391,59315
60391,58559
60391,49530
60391,1580
60391,3147
60391,59369
100390,6502
100390,60684
100390,68358
100390,6539
100390,7153
100390,70286
100390,296
100390,87232
100390,4226
100390,4105
25027,47
25027,48516
25027,296
25027,2959
25027,4963
25027,5989
25027,6874
25027,593
25027,4995
25027,293
85554,296
85554,47
85554,2700
85554,1983
85554,366
85554,589
85554,2107
85554,6615
85554,4896
85554,2459
70171,2571
70171,2858
70171,7323
70171,593
70171,1080
70171,7361
70171,858
70171,2324
70171,1206
70171,2692
51979,31658
51979,68954
51979,46578
51979,4973
51979,8874
51979,66097
51979,1148
51979,56367
51979,3000
51979,4226
105512,8366
105512,4963
105512,1721
105512,919
105512,39
105512,7293
105512,8958
105512,2501
105512,44195
105512,4022
47629,4306
47629,2115
47629,39292
47629,5418
47629,5995
47629,2396
47629,8961
47629,3897
47629,8949
47629,8464
7584,6377
7584,364
7584,4306
7584,344
7584,1210
7584,2706
7584,5952
7584,1721
7584,1682
7584,586
109606,7360
109606,2459
109606,6820
109606,3016
109606,31502
109606,3917
109606,1215
109606,33834
109606,4553
109606,5980
24970,2324
24970,2959
24970,48394
24970,4878
24970,2858
24970,3949
24970,56367
24970,6711
24970,318
24970,55247
22171,1089
22171,55820
22171,296
22171,1221
22171,27773
22171,1222
22171,1258
22171,1214
22171,5690
22171,3949
19419,81845
19419,7361
19419,2918
19419,63082
19419,4886
19419,527
19419,2762
19419,2959
19419,80463
19419,7147
43063,3949
43063,52973
43063,50
43063,6016
43063,2329
43063,2324
43063,8784
43063,858
43063,1247
43063,53123
12499,2858
12499,7361
12499,2572
12499,8910
12499,7285
12499,5577
12499,6377
12499,1380
12499,6874
12499,2918
96519,4226
96519,1206
96519,2997
96519,3476
96519,48082
96519,778
96519,1258
96519,2959
96519,27773
96519,2858
61099,6228
61099,922
61099,1230
61099,951
61099,3097
61099,1219
61099,3435
61099,4973
61099,4999
61099,1244
104543,48516
104543,2959
104543,1198
104543,6377
104543,47
104543,593
104543,8961
104543,2762
104543,6539
104543,5418
79607,593
79607,47
79607,50
79607,4878
79607,1258
79607,1222
79607,44195
79607,858
79607,4979
79607,48516
73611,51255
73611,109374
73611,76251
73611,109487
73611,96079
73611,34153
73611,56782
73611,106487
73611,45728
73611,35957
86239,1193
86239,46578
86239,4226
86239,923
86239,778
86239,37741
86239,111
86239,5878
86239,6874
86239,55814
19800,45722
19800,3147
19800,1527
19800,2716
19800,8529
19800,34319
19800,59315
19800,1610
19800,1876
19800,53125
97100,47
97100,2858
97100,4306
97100,318
97100,5669
97100,3967
97100,1682
97100,6377
97100,745
97100,4226
130473,1704
130473,2959
130473,1
130473,2858
130473,4995
130473,4993
130473,6539
130473,1721
130473,7153
130473,5816
38203,2329
38203,2959
38203,6874
38203,110
38203,2542
38203,293
38203,4993
38203,32587
38203,32
38203,1240
57498,110
57498,1682
57498,2683
57498,1210
57498,2918
57498,260
57498,2716
57498,588
57498,1
57498,457
60722,50
60722,6016
60722,778
60722,48385
60722,110
60722,1258
60722,32
60722,1228
60722,1
60722,33166
60416,5445
60416,3499
60416,1193
60416,1258
60416,1997
60416,3471
60416,2028
60416,349
60416,32
60416,1079
37120,919
37120,593
37120,3499
37120,4995
37120,1259
37120,2028
37120,6377
37120,56367
37120,1219
37120,39183
5107,8464
5107,2396
5107,953
5107,87304
5107,2336
5107,7156
5107,1293
5107,247
5107,1307
5107,2863
37436,2762
37436,4993
37436,6539
37436,6377
37436,3409
37436,6281
37436,2571
37436,4995
37436,5989
37436,3578
108864,1212
108864,7091
108864,913
108864,1253
108864,1260
108864,8670
108864,2186
108864,1284
108864,306
108864,750
119606,50872
119606,500
119606,1784
119606,2291
119606,1097
119606,2324
119606,27803
119606,1961
119606,2
119606,4022
63448,4886
63448,33794
63448,780
63448,2762
63448,49272
63448,6874
63448,6365
63448,1580
63448,1210
63448,260
21080,1
21080,262
21080,899
21080,3675
21080,919
21080,1907
21080,917
21080,1022
21080,3114
21080,911
108079,2571
108079,2959
108079,1252
108079,2858
108079,1080
108079,2502
108079,3911
108079,318
108079,2791
108079,4979
64154,4720
64154,3052
64154,1909
64154,514
64154,1883
64154,260
64154,3629
64154,1747
64154,581
64154,589
29583,1291
29583,318
29583,2918
29583,1270
29583,2571
29583,356
29583,4993
29583,7153
29583,593
29583,2502
89148,48780
89148,56757
89148,51255
89148,60684
89148,33794
89148,318
89148,1
89148,4886
89148,1136
89148,1198
80648,2288
80648,7387
80648,1222
80648,1213
80648,2959
80648,296
80648,1208
80648,1206
80648,1997
80648,4878
72989,8784
72989,2502
72989,1089
72989,8910
72989,2542
72989,32
72989,778
72989,8874
72989,8961
72989,48082
105529,6874
105529,4226
105529,2916
105529,1748
105529,318
105529,58559
105529,50
105529,33794
105529,6
105529,1676
111777,919
111777,3114
111777,1387
111777,940
111777,2355
111777,8961
111777,4886
111777,7720
111777,1270
111777,1610
93240,1196
93240,1253
93240,318
93240,590
93240,1199
93240,1748
93240,3578
93240,1291
93240,329
93240,34048
29063,44191
29063,4995
29063,1625
29063,7254
29063,36529
29063,84152
29063,27660
29063,1089
29063,69122
29063,68237
55070,1580
55070,6539
55070,1
55070,260
55070,480
55070,2716
55070,7153
55070,380
55070,344
55070,592
77122,92259
77122,3147
77122,356
77122,76251
77122,527
77122,77561
77122,88744
77122,55247
77122,96821
77122,110
39743,8961
39743,1136
39743,1197
39743,1610
39743,457
39743,593
39743,4306
39743,5418
39743,6539
39743,541
101521,593
101521,858
101521,47
101521,55765
101521,1206
101521,778
101521,527
101521,1193
101521,58559
101521,1732
9690,45950
9690,67255
9690,60766
9690,55290
9690,78574
9690,1954
9690,1357
9690,44204
9690,3418
9690,71033
48033,3489
48033,4963
48033,1527
48033,58559
48033,6539
48033,2413
48033,44665
48033,8917
48033,3301
48033,46976
118734,1198
118734,70286
118734,72998
118734,6539
118734,296
118734,780
118734,4886
118734,1527
118734,367
118734,8360
8685,58559
8685,595
8685,56174
8685,1485
8685,51662
8685,2502
8685,7361
8685,8874
8685,318
8685,480
113635,55820
113635,903
113635,26729
113635,3198
113635,71462
113635,1219
113635,750
113635,44555
113635,1262
113635,1213
1559,6539
1559,95510
1559,8368
1559,3114
1559,364
1559,91500
1559,98809
1559,85414
1559,1270
1559,80463
94065,51662
94065,527
94065,48774
94065,1210
94065,260
94065,7438
94065,1580
94065,593
94065,54286
94065,5445
37028,4995
37028,8641
37028,5989
37028,54503
37028,2502
37028,79132
37028,1270
37028,3578
37028,52973
37028,6188
103027,40583
103027,8981
103027,41569
103027,8984
103027,8376
103027,44191
103027,38061
103027,7137
103027,30810
103027,8910
17101,1196
17101,60069
17101,2762
17101,79132
17101,597
17101,1210
17101,260
17101,4886
17101,296
17101,5816
38843,49272
38843,58559
38843,2959
38843,364
38843,48394
38843,356
38843,48780
38843,41571
38843,32587
38843,6377
77696,96610
77696,68237
77696,88129
77696,38038
77696,82461
77696,40819
77696,90866
77696,8957
77696,53000
77696,97304
130501,1210
130501,1266
130501,33794
130501,4306
130501,1080
130501,110
130501,1617
130501,1304
130501,3671
130501,2791
128166,318
128166,79132
128166,2959
128166,96821
128166,89864
128166,75341
128166,63131
128166,7361
128166,35836
128166,58559
39687,1580
39687,33493
39687,3753
39687,33679
39687,6539
39687,3793
39687,4993
39687,7153
39687,5952
39687,1917
79542,70286
79542,2502
79542,48780
79542,45728
79542,58998
79542,59315
79542,7361
79542,78499
79542,71535
79542,296
125243,47
125243,1921
125243,5445
125243,8783
125243,8950
125243,1270
125243,4995
125243,7254
125243,2313
125243,296
132145,7153
132145,1270
132145,1196
132145,919
132145,6377
132145,1580
132145,8961
132145,5952
132145,2791
132145,1380
82578,1784
82578,541
82578,5952
82578,2571
82578,1234
82578,235
82578,6993
82578,551
82578,924
82578,920
17054,5952
17054,2571
17054,58559
17054,2762
17054,780
17054,5349
17054,6539
17054,733
17054,1917
17054,45722
66328,7153
66328,1270
66328,6874
66328,44555
66328,4881
66328,6711
66328,1210
66328,1265
66328,527
66328,318
14878,480
14878,2959
14878,1997
14878,59315
14878,356
14878,7438
14878,60069
14878,1345
14878,4973
14878,70286
6272,778
6272,296
6272,50
6272,2959
6272,293
6272,44555
6272,68237
6272,47491
6272,58559
6272,32
71458,54503
71458,1729
71458,48385
71458,86882
71458,94959
71458,53322
71458,6711
71458,91542
71458,1136
71458,63082
84721,367
84721,2571
84721,344
84721,1270
84721,33794
84721,3114
84721,588
84721,2716
84721,1485
84721,2762
93796,2329
93796,50
93796,32587
93796,4226
93796,70286
93796,48780
93796,79132
93796,68157
93796,4011
93796,1089
122136,44694
122136,4886
122136,3751
122136,37741
122136,1682
122136,5989
122136,1704
122136,56367
122136,48385
122136,1580
15915,260
15915,1196
15915,1213
15915,1240
15915,293
15915,32
15915,2329
15915,2858
15915,6016
15915,49272
115652,296
115652,1089
115652,2959
115652,2791
115652,1197
115652,58559
115652,2700
115652,51255
115652,33794
115652,3033
133005,2858
133005,593
133005,58559
133005,858
133005,293
133005,68157
133005,2502
133005,2762
133005,33794
133005,1196
77773,110
77773,356
77773,1270
77773,318
77773,296
77773,2762
77773,5349
77773,49272
77773,2028
77773,480
124795,48774
124795,33794
124795,27831
124795,8917
124795,59315
124795,34405
124795,46578
124795,34162
124795,61323
124795,60069
67012,608
67012,1196
67012,260
67012,50
67012,2571
67012,58559
67012,1732
67012,2959
67012,541
67012,2858
58987,48774
58987,1228
58987,55820
58987,6711
58987,6001
58987,46976
58987,6003
58987,32
58987,6953
58987,527
2238,65261
2238,52885
2238,8961
2238,31658
2238,2997
2238,318
2238,27773
2238,1732
2238,8607
2238,608
31,68358
31,79132
31,68954
31,5349
31,7454
31,8636
31,6377
31,8644
31,6541
31,81847
112493,69481
112493,46578
112493,55247
112493,77455
112493,8949
112493,246
112493,72011
112493,55290
112493,56367
112493,89492
3203,527
3203,4226
3203,6016
3203,2959
3203,2329
3203,593
3203,48516
3203,111
3203,31410
3203,68157
3901,1198
3901,1721
3901,59315
3901,2858
3901,2959
3901,150
3901,5952
3901,6539
3901,1210
3901,3578
72421,3897
72421,4308
72421,364
72421,4720
72421,7460
72421,63876
72421,1089
72421,30793
72421,910
72421,37741
89877,69122
89877,4993
89877,81932
89877,72641
89877,80463
89877,4963
89877,77561
89877,80489
89877,7153
89877,78499
26922,33794
26922,2716
26922,1270
26922,2706
26922,1088
26922,2003
26922,8961
26922,59315
26922,88125
26922,40815
82328,296
82328,58559
82328,3147
82328,858
82328,50872
82328,63082
82328,55247
82328,81845
82328,593
82328,92259
74102,6711
74102,1961
74102,541
74102,2858
74102,2959
74102,3703
74102,924
74102,30707
74102,1214
74102,3252
94995,318
94995,5971
94995,60069
94995,2571
94995,5952
94995,1225
94995,2959
94995,8961
94995,593
94995,541
94964,78499
94964,356
94964,8874
94964,2085
94964,1197
94964,1032
94964,1968
94964,2918
94964,3489
94964,33794
35458,1240
35458,480
35458,3717
35458,2683
35458,2617
35458,1291
35458,1073
35458,588
35458,104
35458,318
137255,4896
137255,589
137255,2174
137255,110
137255,4226
137255,6502
137255,51662
137255,1215
137255,2054
137255,2700
80533,8360
80533,8636
80533,5349
80533,296
80533,110
80533,47
80533,3147
80533,480
80533,919
80533,6333
55278,56367
55278,8949
55278,46578
55278,39183
55278,48516
55278,32587
55278,597
55278,4306
55278,8464
55278,1961
24964,72998
24964,41566
24964,5418
24964,8970
24964,44191
24964,40815
24964,44555
24964,8873
24964,55276
24964,46976
64572,69481
64572,91658
64572,96811
64572,104841
64572,97938
64572,98961
64572,96432
64572,106920
64572,91630
64572,91077
109789,2502
109789,1704
109789,608
109789,1089
109789,1270
109789,1961
109789,3578
109789,541
109789,1228
109789,3897
51839,318
51839,81834
51839,58559
51839,1527
51839,4226
51839,31696
51839,69122
51839,56757
51839,4306
51839,81591
19054,7293
19054,4973
19054,3897
19054,932
19054,74789
19054,4239
19054,64957
19054,5377
19054,35836
19054,68135
73303,1291
73303,1923
73303,1079
73303,590
73303,474
73303,4855
73303,2028
73303,1208
73303,597
73303,1370
86019,60069
86019,88125
86019,68358
86019,1197
86019,90866
86019,44193
86019,31658
86019,58559
86019,72998
86019,7380
104207,6539
104207,318
104207,45447
104207,5445
104207,33679
104207,1198
104207,7163
104207,3578
104207,46972
104207,49278
112112,63082
112112,4306
112112,6377
112112,54997
112112,67255
112112,4963
112112,36529
112112,2028
112112,57669
112112,69481
51526,1779
51526,2028
51526,4344
51526,5010
51526,3617
51526,1377
51526,95
51526,5400
51526,3052
51526,3916
63781,589
63781,3081
63781,48394
63781,1240
63781,7143
63781,8950
63781,47610
63781,32587
63781,2012
63781,316
35703,1060
35703,2248
35703,30707
35703,1500
35703,1193
35703,1288
35703,5782
35703,16
35703,5669
35703,527
106171,2791
106171,1230
106171,2294
106171,3967
106171,3421
106171,4464
106171,3671
106171,31260
106171,2124
106171,5945
115253,2959
115253,356
115253,1222
115253,1036
115253,47
115253,4262
115253,2502
115253,2762
115253,1291
115253,3421
92481,293
92481,58559
92481,6874
92481,46723
92481,49530
92481,4963
92481,4239
92481,48738
92481,4034
92481,30707
27662,356
27662,2858
27662,50
27662,1197
27662,296
27662,1136
27662,58559
27662,48394
27662,1148
27662,4306
11406,68954
11406,106782
11406,7153
11406,1
11406,27773
11406,91500
11406,95510
11406,78499
11406,112175
11406,4973
75012,7265
75012,3949
75012,778
75012,6953
75012,48082
75012,71579
75012,4914
75012,1103
75012,1247
75012,8910
95782,1
95782,5418
95782,2006
95782,34162
95782,4886
95782,2762
95782,4995
95782,1923
95782,1307
95782,595
80618,48516
80618,112852
80618,3578
80618,1682
80618,2028
80618,57368
80618,4995
80618,50
80618,106920
80618,74458
5613,4720
5613,2571
5613,2232
5613,4993
5613,4306
5613,356
5613,593
5613,1258
5613,4226
5613,1682
82907,1198
82907,1732
82907,527
82907,1204
82907,2871
82907,2762
82907,1131
82907,1387
82907,4027
82907,1132
133291,1208
133291,7361
133291,58559
133291,4011
133291,2329
133291,3429
133291,1222
133291,60069
133291,1262
133291,7153
86577,7153
86577,1918
86577,1036
86577,2403
86577,2571
86577,33493
86577,6539
86577,4855
86577,1270
86577,3639
138293,253
138293,2762
138293,3186
138293,45722
138293,364
138293,2571
138293,1270
138293,8970
138293,837
138293,1721
35613,79132
35613,318
35613,7254
35613,8665
35613,73017
35613,356
35613,48516
35613,2762
35613,69406
35613,104374
94325,8983
94325,5418
94325,6333
94325,8798
94325,7254
94325,5679
94325,4886
94325,8644
94325,6502
94325,4720
86280,5952
86280,4306
86280,296
86280,44191
86280,7438
86280,2762
86280,4993
86280,8961
86280,3578
86280,1196
43934,68157
43934,59369
43934,356
43934,76093
43934,54503
43934,48516
43934,96079
43934,296
43934,56174
43934,88744
27535,4226
27535,7153
27535,31658
27535,7147
27535,6711
27535,6385
27535,2686
27535,2324
27535,30749
27535,2959
62243,1265
62243,55820
62243,4995
62243,4034
62243,5902
62243,2028
62243,47
62243,3897
62243,1617
62243,1682
132924,1136
132924,4878
132924,4973
132924,4306
132924,7361
132924,32
132924,260
132924,46578
132924,1967
132924,2572
99808,30707
99808,2959
99808,7438
99808,293
99808,1089
99808,6870
99808,1200
99808,1214
99808,44199
99808,1961
15513,592
15513,356
15513,589
15513,2762
15513,1527
15513,1291
15513,293
15513,3578
15513,3996
15513,527
44243,4226
44243,1214
44243,2502
44243,34405
44243,318
44243,1210
44243,32
44243,4011
44243,44191
44243,33794
13658,2959
13658,79132
13658,4306
13658,2762
13658,318
13658,593
13658,356
13658,76093
13658,4886
13658,480
12534,2762
12534,318
12534,6539
12534,2959
12534,44191
12534,32587
12534,2028
12534,593
12534,5418
12534,3996
15142,6377
15142,1197
15142,480
15142,45722
15142,6373
15142,5418
15142,2628
15142,4896
15142,41566
15142,1265
138170,2918
138170,4886
138170,356
138170,63082
138170,4025
138170,364
138170,7361
138170,4963
138170,46976
138170,2959
93853,3948
93853,30825
93853,30812
93853,30707
93853,30822
93853,27821
93853,31685
93853,8984
93853,35836
93853,8528
103244,588
103244,1485
103244,2082
103244,377
103244,2167
103244,592
103244,2700
103244,216
103244,1240
103244,8528
111933,38038
111933,44555
111933,48774
111933,5319
111933,63082
111933,46723
111933,79132
111933,49272
111933,42734
111933,70286
24850,2858
24850,2539
24850,6016
24850,318
24850,35836
24850,1732
24850,2329
24850,1089
24850,6953
24850,2706
81758,593
81758,4226
81758,318
81758,527
81758,2329
81758,3949
81758,99114
81758,111362
81758,5995
81758,356
19767,4973
19767,356
19767,91529
19767,1136
19767,5618
19767,260
19767,76251
19767,96079
19767,68237
19767,98809
27643,1291
27643,296
27643,293
27643,3578
27643,5952
27643,76093
27643,480
27643,2916
27643,780
27643,733
136936,593
136936,4973
136936,318
136936,1258
136936,1247
136936,1380
136936,1197
136936,39
136936,3897
136936,2762
105782,1270
105782,296
105782,6874
105782,2959
105782,165
105782,4993
105782,1377
105782,344
105782,7438
105782,1222
53747,6539
53747,33794
53747,2858
53747,6377
53747,4262
53747,5995
53747,527
53747,5989
53747,49272
53747,46578
2809,527
2809,4993
2809,5418
2809,63082
2809,47
2809,68954
2809,4886
2809,2918
2809,595
2809,357
126326,1036
126326,1527
126326,4306
126326,6539
126326,3793
126326,5445
126326,44191
126326,150
126326,6365
126326,8636
108755,1198
108755,1197
108755,1291
108755,5418
108755,480
108755,780
108755,54286
108755,736
108755,68358
108755,104
50580,58559
50580,1270
50580,593
50580,5418
50580,527
50580,2762
50580,47
50580,79132
50580,3147
50580,4995
96719,2858
96719,1206
96719,8644
96719,1527
96719,3996
96719,6711
96719,33004
96719,52328
96719,2105
96719,34319
2150,356
2150,541
2150,3578
2150,8961
2150,1090
2150,1193
2150,1208
2150,1080
2150,2329
2150,3114
97373,4306
97373,6373
97373,4720
97373,8947
97373,33615
97373,364
97373,7153
97373,7451
97373,4896
97373,31427
127425,27803
127425,27878
127425,63082
127425,34153
127425,8961
127425,57243
127425,46578
127425,31437
127425,60069
127425,33639
65221,1089
65221,4011
65221,1258
65221,48516
65221,50
65221,3578
65221,4995
65221,30707
65221,41997
65221,110
56742,1704
56742,4995
56742,8360
56742,5445
56742,4896
56742,1136
56742,1
56742,1196
56742,1198
56742,2918
106401,1721
106401,1210
106401,2268
106401,1610
106401,1704
106401,6539
106401,3256
106401,6155
106401,4992
106401,4023
20095,47
20095,1291
20095,1136
20095,5952
20095,858
20095,1196
20095,2858
20095,1210
20095,110
20095,1270
57603,44555
57603,47
57603,858
57603,4011
57603,293
57603,49530
57603,55247
57603,5995
57603,3147
57603,2571
128619,150
128619,380
128619,2174
128619,2985
128619,1270
128619,165
128619,2167
128619,4963
128619,50
128619,587
78678,6539
78678,81845
78678,4995
78678,3949
78678,47
78678,4963
78678,50
78678,4306
78678,6377
78678,91658
12450,55820
12450,7361
12450,47
12450,60069
12450,44555
12450,2324
12450,4995
12450,5995
12450,2692
12450,8873
700,2762
700,356
700,1196
700,4993
700,32
700,3578
700,3793
700,2716
700,4306
700,1917
67447,1210
67447,4993
67447,2571
67447,1196
67447,32587
67447,260
67447,4306
67447,40815
67447,4886
67447,6377
39998,7153
39998,60069
39998,4993
39998,70286
39998,4226
39998,318
39998,80463
39998,5952
39998,356
39998,64614
83218,2858
83218,750
83218,6440
83218,1245
83218,527
83218,318
83218,7361
83218,55820
83218,1256
83218,1222
4970,1374
4970,59315
4970,1136
4970,1291
4970,33794
4970,8961
4970,2716
4970,3578
4970,110
4970,3793
68271,296
68271,2502
68271,593
68271,33794
68271,50
68271,150
68271,3916
68271,260
68271,4262
68271,4306
118023,1198
118023,480
118023,3578
118023,2571
118023,2858
118023,51662
118023,7438
118023,49272
118023,592
118023,48516
1252,318
1252,3147
1252,5459
1252,1580
1252,344
1252,2683
1252,1517
1252,48780
1252,60069
1252,4011
58203,4262
58203,318
58203,2329
58203,1214
58203,2028
58203,356
58203,163
58203,288
58203,7153
58203,32
54325,60069
54325,8961
54325,70286
54325,36529
54325,44665
54325,318
54325,72998
54325,69122
54325,33166
54325,2959
1780,288
1780,1291
1780,648
1780,2997
1780,4993
1780,780
1780,293
1780,316
1780,25
1780,1961
74130,2858
74130,1732
74130,61323
74130,356
74130,2997
74130,68157
74130,4226
74130,6874
74130,1089
74130,33903
50429,296
50429,2997
50429,4973
50429,2700
50429,6711
50429,5902
50429,1089
50429,318
50429,4011
50429,32587
101326,2959
101326,8961
101326,44191
101326,2918
101326,4027
101326,51662
101326,30793
101326,2174
101326,61132
101326,48385
118577,3578
118577,55908
118577,110
118577,1208
118577,47
118577,1222
118577,60069
118577,3503
118577,48394
118577,2762
23286,4306
23286,60069
23286,6377
23286,50872
23286,8961
23286,45517
23286,364
23286,58299
23286,3114
23286,6297
24317,1089
24317,296
24317,2959
24317,527
24317,5995
24317,750
24317,2858
24317,593
24317,1200
24317,2117
91055,593
91055,4226
91055,356
91055,1089
91055,2858
91055,480
91055,3949
91055,3275
91055,165
91055,1213
31213,2959
31213,7153
31213,5989
31213,4878
31213,7438
31213,2571
31213,4011
31213,4993
31213,33794
31213,6365
33270,2858
33270,4226
33270,1921
33270,2692
33270,7153
33270,1584
33270,72998
33270,48774
33270,1527
33270,44191
94598,110
94598,858
94598,8874
94598,99114
94598,3033
94598,48774
94598,8641
94598,1258
94598,6502
94598,1220
71970,858
71970,47
71970,2959
71970,3252
71970,356
71970,318
71970,4226
71970,4878
71970,1222
71970,4011
107256,2762
107256,2951
107256,3498
107256,47
107256,3508
107256,431
107256,590
107256,1219
107256,3868
107256,165
129331,2571
129331,1198
129331,2959
129331,2683
129331,49272
129331,4896
129331,6874
129331,2001
129331,7143
129331,6377
18416,34162
18416,39292
18416,33166
18416,597
18416,8970
18416,6565
18416,8464
18416,1961
18416,3408
18416,736
124025,457
124025,898
124025,1198
124025,899
124025,969
124025,1262
124025,920
124025,150
124025,1234
124025,1291
155,318
155,541
155,2959
155,608
155,4011
155,1136
155,47
155,2692
155,2997
155,48780
81879,7361
81879,5225
81879,6953
81879,3967
81879,4878
81879,39183
81879,4235
81879,7147
81879,4896
81879,1784
99789,1197
99789,750
99789,296
99789,1732
99789,318
99789,1196
99789,2571
99789,260
99789,7361
99789,541
20042,296
20042,2918
20042,318
20042,50
20042,46578
20042,2329
20042,1259
20042,64614
20042,2248
20042,5989
85240,2858
85240,750
85240,2959
85240,608
85240,111
85240,858
85240,1213
85240,1288
85240,318
85240,1222
100227,1258
100227,2571
100227,47
100227,260
100227,2324
100227,1222
100227,356
100227,7438
100227,6377
100227,4973
114762,1270
114762,1210
114762,1372
114762,7018
114762,527
114762,5816
114762,3105
114762,2336
114762,3578
114762,3996
27590,1136
27590,608
27590,750
27590,3996
27590,541
27590,904
27590,1252
27590,903
27590,745
27590,4027
99780,780
99780,150
99780,1
99780,1240
99780,457
99780,2762
99780,589
99780,8961
99780,5418
99780,1270
12460,2858
12460,32
12460,70286
12460,318
12460,4226
12460,1210
12460,47
12460,48394
12460,32587
12460,593
73945,1206
73945,2571
73945,589
73945,1213
73945,223
73945,7361
73945,5618
73945,6874
73945,6957
73945,741
118051,1206
118051,55820
118051,111
118051,2858
118051,1089
118051,56367
118051,2918
118051,4027
118051,1273
118051,7748
25170,60069
25170,6539
25170,3578
25170,480
25170,589
25170,4370
25170,4896
25170,5378
25170,1240
25170,1270
68351,1234
68351,593
68351,1961
68351,4226
68351,2194
68351,6377
68351,541
68351,3252
68351,2028
68351,4995
40520,4886
40520,1136
40520,1641
40520,2918
40520,1270
40520,1080
40520,1198
40520,1968
40520,6711
40520,46578
122464,2959
122464,1721
122464,648
122464,3578
122464,593
122464,2028
122464,36519
122464,733
122464,231
122464,6365
92980,6966
92980,3986
92980,8361
92980,5459
92980,1391
92980,3471
92980,338
92980,2161
92980,1321
92980,1876
58700,2762
58700,1258
58700,1527
58700,32
58700,1206
58700,4226
58700,858
58700,4993
58700,367
58700,778
135369,356
135369,68157
135369,593
135369,2858
135369,7361
135369,50
135369,55820
135369,1213
135369,527
135369,1089
122594,2959
122594,5618
122594,5952
122594,7153
122594,56757
122594,69757
122594,7147
122594,4886
122594,5816
122594,73017
15051,2959
15051,1248
15051,7361
15051,2571
15051,592
15051,1682
15051,58559
15051,1217
15051,2997
15051,599
92860,4973
92860,34405
92860,1240
92860,7361
92860,1270
92860,750
92860,3793
92860,110
92860,6333
92860,923
115528,6016
115528,2858
115528,4226
115528,7361
115528,296
115528,318
115528,8228
115528,1252
115528,908
115528,6380
59270,5349
59270,6539
59270,60069
59270,72998
59270,6377
59270,4306
59270,5445
59270,54001
59270,7361
59270,6502
98798,47
98798,231
98798,7153
98798,1580
98798,1240
98798,318
98798,4306
98798,648
98798,165
98798,1036
30459,2918
30459,2716
30459,1285
30459,2174
30459,2144
30459,296
30459,3052
30459,2003
30459,223
30459,480
48487,79132
48487,58559
48487,2959
48487,356
48487,4993
48487,68157
48487,49530
48487,2028
48487,47
48487,7153
119136,2858
119136,593
119136,2571
119136,296
119136,7361
119136,8961
119136,50
119136,2329
119136,527
119136,2692
6034,2542
6034,32
6034,318
6034,2858
6034,33004
6034,2700
6034,56251
6034,1079
6034,69122
6034,1391
18871,8874
18871,2997
18871,318
18871,1193
18871,55444
18871,1230
18871,56367
18871,593
18871,6350
18871,66097
129874,2858
129874,1203
129874,3468
129874,1250
129874,3196
129874,1197
129874,7153
129874,4993
129874,2203
129874,2959
21740,5618
21740,1223
21740,3000
21740,6350
21740,8961
21740,50872
21740,7099
21740,4973
21740,68954
21740,56367
33219,2858
33219,1136
33219,2502
33219,50
33219,2762
33219,1210
33219,1197
33219,1270
33219,1288
33219,6377
128575,3083
128575,6953
128575,2858
128575,5995
128575,7361
128575,2712
128575,2997
128575,5269
128575,527
128575,8656
75466,58559
75466,55820
75466,6016
75466,8641
75466,54503
75466,4226
75466,1089
75466,68157
75466,7361
75466,59315
133397,47
133397,1213
133397,1089
133397,57274
133397,1997
133397,7438
133397,4226
133397,2571
133397,1214
133397,6502
33706,1
33706,4995
33706,356
33706,1784
33706,1961
33706,590
33706,593
33706,6539
33706,4886
33706,4014
98366,50
98366,1222
98366,778
98366,608
98366,5669
98366,750
98366,223
98366,2502
98366,1258
98366,2997
27532,2858
27532,2959
27532,2571
27532,4973
27532,6016
27532,4226
27532,3000
27532,2329
27532,1206
27532,293
43960,6377
43960,2762
43960,2858
43960,8368
43960,4995
43960,1
43960,34
43960,4973
43960,4993
43960,1097
97731,1094
97731,1183
97731,1641
97731,5135
97731,1358
97731,342
97731,4034
97731,3996
97731,7090
97731,8949
92142,329
92142,3578
92142,5445
92142,51255
92142,2617
92142,2762
92142,2959
92142,2791
92142,1197
92142,45499
94175,6874
94175,7438
94175,1961
94175,2959
94175,3949
94175,1222
94175,2797
94175,2064
94175,441
94175,6953
35316,111
35316,1208
35316,318
35316,1262
35316,1225
35316,1204
35316,593
35316,4327
35316,1136
35316,2858
81752,4886
81752,60069
81752,2858
81752,858
81752,58559
81752,5816
81752,6874
81752,593
81752,81845
81752,1291
129579,260
129579,541
129579,31658
129579,1921
129579,7438
129579,1196
129579,924
129579,1210
129579,1073
129579,32587
54652,412
54652,6953
54652,35836
54652,4464
54652,5810
54652,1287
54652,26564
54652,55282
54652,2539
54652,5954
94003,40815
94003,4886
94003,589
94003,2762
94003,356
94003,44191
94003,6365
94003,2115
94003,2959
94003,1148
128781,480
128781,51662
128781,5219
128781,4306
128781,356
128781,4720
128781,91529
128781,8644
128781,102125
128781,8957
26157,6016
26157,2858
26157,2571
26157,79132
26157,1208
26157,431
26157,555
26157,778
26157,1262
26157,356
23488,1196
23488,3996
23488,4973
23488,593
23488,293
23488,2762
23488,260
23488,3147
23488,8360
23488,527
102051,1704
102051,2706
102051,1291
102051,1196
102051,589
102051,593
102051,1200
102051,1961
102051,592
102051,1721
91755,858
91755,2858
91755,4226
91755,2571
91755,356
91755,2959
91755,4993
91755,1197
91755,40583
91755,33794
80139,260
80139,858
80139,4226
80139,4973
80139,68157
80139,34405
80139,1203
80139,76093
80139,608
80139,2329
103076,8961
103076,60069
103076,34405
103076,58559
103076,45517
103076,50872
103076,30793
103076,33639
103076,1223
103076,8874
22762,593
22762,1291
22762,356
22762,296
22762,2987
22762,1210
22762,2997
22762,3703
22762,750
22762,4993
17540,48516
17540,3147
17540,3198
17540,1178
17540,4776
17540,54997
17540,30812
17540,16
17540,1263
17540,3468
66243,7143
66243,8529
66243,8984
66243,3916
66243,1917
66243,2694
66243,780
66243,7458
66243,4022
66243,2959
81457,79702
81457,89745
81457,44191
81457,2571
81457,260
81457,4993
81457,80463
81457,1196
81457,68157
81457,50872
87814,1270
87814,480
87814,2762
87814,1580
87814,593
87814,2571
87814,6377
87814,2683
87814,3793
87814,588
49058,1198
49058,58559
49058,110
49058,1617
49058,8368
49058,1704
49058,296
49058,1193
49058,2959
49058,6539
32261,111
32261,1270
32261,1258
32261,919
32261,541
32261,858
32261,4973
32261,260
32261,5291
32261,2858
56965,318
56965,293
56965,32
56965,1206
56965,48774
56965,608
56965,44195
56965,4973
56965,54995
56965,60069
120005,5952
120005,4993
120005,47
120005,7153
120005,2329
120005,8665
120005,1196
120005,4878
120005,7361
120005,54997
17348,1136
17348,8360
17348,356
17348,253
17348,318
17348,260
17348,1210
17348,2716
17348,924
17348,1748
108984,88125
108984,1148
108984,1136
108984,4896
108984,68358
108984,1527
108984,81845
108984,1080
108984,48516
108984,5816
123617,4226
123617,3147
123617,593
123617,91529
123617,2329
123617,589
123617,480
123617,92259
123617,4995
123617,1721
11295,953
11295,7386
11295,6565
11295,2080
11295,6986
11295,2081
11295,150
11295,1957
11295,1962
11295,62
114478,59315
114478,50
114478,318
114478,104841
114478,32
114478,99114
114478,111759
114478,1682
114478,94864
114478,1527
83221,588
83221,3578
83221,2571
83221,4857
83221,8636
83221,1907
83221,364
83221,356
83221,899
83221,1028
103232,296
103232,597
103232,63082
103232,318
103232,47
103232,3114
103232,6539
103232,2424
103232,1961
103232,587
130112,110
130112,32
130112,608
130112,111
130112,1258
130112,44191
130112,59315
130112,2502
130112,2916
130112,2000
109066,50872
109066,4226
109066,1206
109066,5445
109066,34162
109066,344
109066,32
109066,56367
109066,541
109066,53996
41458,2858
41458,7361
41458,106920
41458,106100
41458,8784
41458,55280
41458,55247
41458,4878
41458,102800
41458,56367
71417,7153
71417,296
71417,56367
71417,318
71417,46578
71417,4963
71417,35836
71417,4878
71417,4995
71417,3147
77968,6385
77968,7361
77968,39183
77968,2395
77968,4642
77968,7023
77968,5618
77968,8966
77968,2291
77968,40629
53800,1210
53800,6350
53800,3000
53800,5618
53800,1198
53800,48394
53800,33794
53800,51255
53800,44191
53800,26776
49863,44191
49863,1032
49863,6539
49863,79132
49863,48780
49863,1022
49863,69844
49863,2018
49863,2087
49863,2096
71412,2762
71412,2571
71412,6377
71412,2329
71412,78499
71412,74458
71412,5989
71412,63082
71412,7153
71412,3578
47345,4886
47345,3793
47345,1544
47345,2355
47345,6333
47345,6537
47345,329
47345,3114
47345,6377
47345,4993
38073,1097
38073,457
38073,1240
38073,150
38073,590
38073,8493
38073,589
38073,1302
38073,4220
38073,2194
53998,2321
53998,5956
53998,49530
53998,74545
53998,49961
53998,70286
53998,924
53998,1061
53998,50514
53998,1271
84940,5618
84940,1089
84940,58559
84940,296
84940,6539
84940,4886
84940,27773
84940,7147
84940,1240
84940,3000
91583,72998
91583,46578
91583,42004
91583,46723
91583,44195
91583,27878
91583,56367
91583,30793
91583,79132
91583,81845
31449,6539
31449,6377
31449,2080
31449,4308
31449,41285
31449,2959
31449,27706
31449,1032
31449,1029
31449,357
63757,4306
63757,47
63757,50
63757,33794
63757,318
63757,8961
63757,4226
63757,527
63757,1240
63757,608
73913,69
73913,780
73913,47
73913,2329
73913,59315
73913,58559
73913,3263
73913,31
73913,147
73913,60074
8412,1219
8412,922
8412,1222
8412,2762
8412,1784
8412,235
8412,908
8412,8961
8412,903
8412,6874
45671,5952
45671,7153
45671,1198
45671,4993
45671,2716
45671,588
45671,2762
45671,1265
45671,3793
45671,2959
22535,1704
22535,50872
22535,2762
22535,34162
22535,1
22535,7361
22535,1197
22535,4995
22535,72998
22535,597
121297,8961
121297,296
121297,4878
121297,5349
121297,3949
121297,44195
121297,1704
121297,7361
121297,4973
121297,7147
3980,5299
3980,8362
3980,27808
3980,36525
3980,33669
3980,41573
3980,1923
3980,4025
3980,2706
3980,8808
67351,1136
67351,356
67351,1198
67351,296
67351,1197
67351,58559
67351,32
67351,2762
67351,1210
67351,4973
81552,2858
81552,39
81552,380
81552,1196
81552,47
81552,356
81552,904
81552,34
81552,1961
81552,1210
77512,72998
77512,37729
77512,5816
77512,4896
77512,6365
77512,39
77512,45722
77512,2054
77512,48
77512,77561
15130,928
15130,912
15130,911
15130,923
15130,2212
15130,1204
15130,1254
15130,3812
15130,1230
15130,1212
83648,48385
83648,7361
83648,32587
83648,6333
83648,6539
83648,8665
83648,1210
83648,260
83648,1196
83648,1200
99149,8784
99149,6218
99149,46976
99149,8970
99149,7361
99149,7155
99149,5957
99149,4976
99149,4963
99149,6881
79850,1270
79850,2571
79850,608
79850,318
79850,3578
79850,3996
79850,1265
79850,5445
79850,589
79850,7438
14235,2571
14235,912
14235,1221
14235,1089
14235,2959
14235,7361
14235,5618
14235,904
14235,1213
14235,608
67527,3476
67527,5464
67527,481
67527,1321
67527,5010
67527,293
67527,541
67527,44199
67527,55276
67527,592
92516,55276
92516,8972
92516,55765
92516,49530
92516,69122
92516,34150
92516,80489
92516,34405
92516,27831
92516,52973
42069,33679
42069,59315
42069,48780
42069,48516
42069,34162
42069,35836
42069,48982
42069,55820
42069,44199
42069,41566
6873,30810
6873,27266
6873,39292
6873,32587
6873,48516
6873,8874
6873,7981
6873,46578
6873,8949
6873,34338
122227,1580
122227,1198
122227,1210
122227,32
122227,2762
122227,4963
122227,2997
122227,2028
122227,110
122227,1270
125024,5989
125024,2858
125024,49272
125024,1208
125024,2194
125024,2762
125024,608
125024,30707
125024,648
125024,733
90866,73017
90866,33794
90866,68157
90866,318
90866,54286
90866,60069
90866,58559
90866,76251
90866,74458
90866,91529
116298,48304
116298,33660
116298,48780
116298,48516
116298,46578
116298,32587
116298,53972
116298,43936
116298,47610
116298,53129
51158,1968
51158,78499
51158,3114
51158,1682
51158,595
51158,79702
51158,1907
51158,4973
51158,31658
51158,66097
61495,2115
61495,6947
61495,7373
61495,48774
61495,51662
61495,57640
61495,48780
61495,589
61495,51255
61495,1374
101062,32
101062,356
101062,4993
101062,589
101062,1240
101062,3578
101062,50
101062,527
101062,318
101062,590
37384,5952
37384,589
37384,356
37384,5349
37384,1073
37384,33794
37384,480
37384,44191
37384,2706
37384,3578
66177,3147
66177,1036
66177,1089
66177,32587
66177,2115
66177,780
66177,344
66177,8376
66177,165
66177,293
107004,58559
107004,2329
107004,296
107004,1704
107004,47
107004,2028
107004,1968
107004,5989
107004,35836
107004,6188
102945,1197
102945,260
102945,1200
102945,750
102945,1240
102945,1036
102945,919
102945,593
102945,1219
102945,1663
133624,296
133624,318
133624,2997
133624,5577
133624,1682
133624,8873
133624,6620
133624,8949
133624,1653
133624,4881
94557,4993
94557,34162
94557,1291
94557,457
94557,2028
94557,1196
94557,589
94557,1270
94557,260
94557,1210
43279,260
43279,1196
43279,3793
43279,2916
43279,1527
43279,457
43279,541
43279,3996
43279,32587
43279,318
82946,110
82946,356
82946,4306
82946,1240
82946,32587
82946,296
82946,367
82946,1370
82946,4369
82946,5574
91200,68157
91200,44665
91200,7361
91200,55765
91200,89804
91200,62374
91200,61323
91200,27831
91200,69640
91200,4963
87092,2028
87092,6016
87092,2762
87092,858
87092,356
87092,33794
87092,589
87092,7153
87092,5952
87092,4973
74399,59315
74399,6539
74399,60069
74399,8636
74399,54001
74399,33794
74399,44191
74399,4896
74399,8961
74399,2571
138348,1097
138348,608
138348,33794
138348,64614
138348,1682
138348,81932
138348,6377
138348,161
138348,1193
138348,33166
135886,79702
135886,70286
135886,2959
135886,58559
135886,2571
135886,1210
135886,60069
135886,260
135886,44191
135886,68954
24244,6155
24244,6539
24244,7451
24244,2762
24244,4246
24244,41566
24244,7320
24244,356
24244,3977
24244,8360
58360,33004
58360,31685
58360,33794
58360,40815
58360,8972
58360,41566
58360,42738
58360,49272
58360,34150
58360,51662
9562,82459
9562,78499
9562,45722
9562,2795
9562,37733
9562,45447
9562,60684
9562,38038
9562,54503
9562,8340
14004,5418
14004,6377
14004,4306
14004,1101
14004,1393
14004,457
14004,1485
14004,5445
14004,6378
14004,1552
3330,1197
3330,1198
3330,2997
3330,2762
3330,318
3330,2692
3330,3481
3330,1225
3330,1617
3330,5902
135074,33794
135074,2028
135074,2959
135074,2571
135074,4995
135074,110
135074,2858
135074,50
135074,1089
135074,5989
19981,50
19981,32
19981,4886
19981,2858
19981,4973
19981,1193
19981,593
19981,7153
19981,293
19981,1732
106659,58559
106659,61240
106659,8874
106659,6377
106659,1200
106659,4973
106659,750
106659,924
106659,551
106659,80463
2825,32
2825,608
2825,2762
2825,47
2825,2858
2825,260
2825,110
2825,1291
2825,1617
2825,4973
31610,5952
31610,1210
31610,4306
31610,1196
31610,60069
31610,6874
31610,4226
31610,7438
31610,1732
31610,5618
44826,318
44826,3996
44826,4306
44826,8784
44826,1653
44826,2324
44826,33794
44826,8645
44826,357
44826,6377
33922,1197
33922,1223
33922,912
33922,951
33922,38038
33922,497
33922,50872
33922,1269
33922,318
33922,1234
120350,5445
120350,4306
120350,4226
120350,32587
120350,4995
120350,8360
120350,1721
120350,4973
120350,4896
120350,2329
40643,2858
40643,58998
40643,2762
40643,364
40643,6942
40643,1
40643,4226
40643,595
40643,58047
40643,2571
77000,111
77000,1208
77000,7748
77000,858
77000,923
77000,7361
77000,8197
77000,1258
77000,4144
77000,8195
67881,59315
67881,72998
67881,1721
67881,33794
67881,41566
67881,73017
67881,5989
67881,2959
67881,4995
67881,54286
45760,356
45760,6942
45760,63082
45760,4014
45760,6155
45760,595
45760,62
45760,2396
45760,2724
45760,45720
117352,2918
117352,457
117352,1291
117352,1270
117352,1240
117352,1923
117352,858
117352,1387
117352,480
117352,2959
131941,1258
131941,1193
131941,4973
131941,1206
131941,2571
131941,1208
131941,32
131941,1265
131941,6016
131941,6711
37474,30749
37474,33794
37474,58559
37474,33166
37474,8970
37474,48780
37474,44694
37474,34072
37474,48516
37474,44199
21304,47
21304,48516
21304,296
21304,2762
21304,58559
21304,4995
21304,2329
21304,54286
21304,4022
21304,293
40101,3052
40101,2502
40101,356
40101,2959
40101,7361
40101,1
40101,4886
40101,54001
40101,2329
40101,8641
42193,2858
42193,593
42193,296
42193,4226
42193,2959
42193,5971
42193,356
42193,2329
42193,541
42193,76093
118179,1307
118179,6942
118179,539
118179,8368
118179,3408
118179,3916
118179,4995
118179,150
118179,1704
118179,7149
46724,50
46724,858
46724,2571
46724,4226
46724,2858
46724,7361
46724,2997
46724,1
46724,527
46724,2973
134076,2858
134076,8957
134076,44191
134076,2959
134076,3147
134076,1136
134076,2232
134076,1089
134076,1240
134076,7387
106218,2502
106218,2959
106218,223
106218,1449
106218,4973
106218,2395
106218,5673
106218,1884
106218,4878
106218,56367
28351,318
28351,4973
28351,3147
28351,356
28351,32587
28351,296
28351,110
28351,3949
28351,7361
28351,33794
31122,5400
31122,1250
31122,3967
31122,27410
31122,1281
31122,4448
31122,3462
31122,933
31122,350
31122,7139
105719,59315
105719,1210
105719,1196
105719,50
105719,48516
105719,2028
105719,110
105719,7438
105719,1270
105719,1704
27632,2762
27632,2571
27632,356
27632,589
27632,1127
27632,1584
27632,2916
27632,587
27632,318
27632,2959
27039,480
27039,318
27039,780
27039,2959
27039,6333
27039,5952
27039,5445
27039,1777
27039,733
27039,1923
93237,69757
93237,54190
93237,71535
93237,34162
93237,58559
93237,6502
93237,53953
93237,74789
93237,30793
93237,1968
53824,51255
53824,56367
53824,3949
53824,69122
53824,48774
53824,8874
53824,80463
53824,81562
53824,69481
53824,96811
16188,5952
16188,296
16188,50
16188,2571
16188,48738
16188,51662
16188,2542
16188,293
16188,44665
16188,527
83724,2291
83724,6377
83724,4226
83724,50
83724,3793
83724,1200
83724,8360
83724,2683
83724,318
83724,3147
29379,1097
29379,2571
29379,7153
29379,2762
29379,589
29379,2028
29379,110
29379,6539
29379,733
29379,2005
72266,1219
72266,2959
72266,3160
72266,3030
72266,4226
72266,260
72266,1080
72266,4144
72266,26150
72266,3683
91824,3147
91824,4973
91824,6874
91824,593
91824,7153
91824,5952
91824,2291
91824,7438
91824,293
91824,4995
108272,1214
108272,33794
108272,296
108272,4011
108272,4878
108272,3578
108272,589
108272,593
108272,293
108272,6874
1550,1198
1550,1136
1550,593
1550,356
1550,2959
1550,3578
1550,3793
1550,50
1550,2762
1550,6874
31788,318
31788,608
31788,1258
31788,1206
31788,1961
31788,1136
31788,457
31788,4262
31788,1036
31788,7361
74566,3793
74566,1580
74566,2959
74566,5445
74566,47
74566,648
74566,296
74566,1036
74566,48780
74566,5989
102241,47
102241,49272
102241,54286
102241,2028
102241,72998
102241,480
102241,4226
102241,4993
102241,7153
102241,54997
8541,40815
8541,40819
8541,37733
8541,33794
8541,46578
8541,41997
8541,44199
8541,46530
8541,52722
8541,46976
134476,904
134476,2571
134476,1221
134476,1197
134476,951
134476,2959
134476,4226
134476,1178
134476,1212
134476,1208
62593,1732
62593,32
62593,2762
62593,318
62593,3176
62593,8949
62593,1673
62593,4235
62593,5902
62593,44191
99879,3751
99879,1136
99879,1580
99879,8360
99879,457
99879,1079
99879,1265
99879,3996
99879,1641
99879,3578
120966,7153
120966,2762
120966,4993
120966,296
120966,858
120966,593
120966,50
120966,5952
120966,2028
120966,293
23287,2762
23287,593
23287,2571
23287,1196
23287,4306
23287,1270
23287,7361
23287,2716
23287,2997
23287,608
29205,1210
29205,1214
29205,593
29205,7153
29205,2571
29205,6874
29205,8961
29205,1080
29205,1291
29205,2791
33610,53322
33610,48516
33610,98961
33610,89492
33610,49530
33610,105504
33610,41997
33610,91630
33610,92259
33610,54001
129136,4226
129136,2858
129136,296
129136,923
129136,3949
129136,2959
129136,5902
129136,5669
129136,2997
129136,6711
112274,4973
112274,1208
112274,2858
112274,306
112274,27266
112274,1172
112274,8254
112274,2117
112274,26359
112274,4191
46589,6333
46589,1
46589,480
46589,260
46589,356
46589,1270
46589,5445
46589,1210
46589,5418
46589,49272
15872,4993
15872,1247
15872,1234
15872,318
15872,858
15872,1302
15872,1242
15872,912
15872,1617
15872,1246
17304,4226
17304,2762
17304,1214
17304,6502
17304,3996
17304,318
17304,589
17304,32587
17304,1265
17304,2160
60000,4306
60000,1291
60000,3578
60000,858
60000,7153
60000,50
60000,48516
60000,592
60000,1580
60000,10
55514,27831
55514,34162
55514,27660
55514,34319
55514,33794
55514,42718
55514,8914
55514,36519
55514,40278
55514,46578
49249,7361
49249,48394
49249,1222
49249,2028
49249,356
49249,58559
49249,1213
49249,56367
49249,293
49249,260
66413,1089
66413,2329
66413,6016
66413,593
66413,47
66413,1732
66413,32587
66413,2762
66413,2692
66413,1193
110130,6774
110130,6440
110130,39381
110130,52281
110130,32587
110130,8874
110130,40278
110130,599
110130,26150
110130,40583
33705,593
33705,296
33705,48516
33705,1136
33705,1193
33705,3949
33705,904
33705,858
33705,1203
33705,1213
72859,6377
72859,480
72859,4306
72859,2329
72859,48780
72859,4993
72859,4226
72859,50
72859,4995
72859,44191
110896,47
110896,50
110896,1193
110896,4973
110896,8784
110896,296
110896,56367
110896,68157
110896,3897
110896,1704
134409,4993
134409,6807
134409,6377
134409,1073
134409,2791
134409,5952
134409,33794
134409,344
134409,1288
134409,7153
27362,2762
27362,4995
27362,2329
27362,40815
27362,4226
27362,527
27362,1961
27362,5989
27362,79132
27362,357
130350,3703
130350,1291
130350,2571
130350,110
130350,51662
130350,1127
130350,5418
130350,5010
130350,79132
130350,260
132196,150
132196,589
132196,5816
132196,110
132196,1527
132196,1136
132196,2617
132196,593
132196,296
132196,5445
64648,79132
64648,1210
64648,7153
64648,4993
64648,1196
64648,1136
64648,4886
64648,3000
64648,5952
64648,6377
119128,33166
119128,8949
119128,30822
119128,8784
119128,7361
119128,31685
119128,37741
119128,27815
119128,27803
119128,45720
13257,293
13257,47
13257,593
13257,318
13257,4226
13257,1136
13257,27773
13257,111
13257,48394
13257,1196
73157,356
73157,593
73157,1089
73157,8376
73157,4975
73157,1288
73157,6188
73157,2395
73157,1258
73157,260
6338,356
6338,4226
6338,296
6338,4878
6338,1197
6338,4973
6338,31658
6338,3000
6338,7147
6338,44191
137935,6377
137935,527
137935,480
137935,589
137935,1198
137935,150
137935,356
137935,2918
137935,5445
137935,4886
103479,1682
103479,5445
103479,2959
103479,2502
103479,54286
103479,32
103479,46578
103479,1968
103479,50872
103479,780
56603,110
56603,71535
56603,2502
56603,89745
56603,102445
56603,1036
56603,778
56603,2716
56603,2858
56603,76251
110846,5971
110846,31658
110846,8464
110846,6724
110846,38038
110846,8983
110846,68954
110846,46948
110846,46578
110846,6299
78383,32587
78383,318
78383,6539
78383,5952
78383,58559
78383,33794
78383,70286
78383,1196
78383,71535
78383,1136
55849,60069
55849,8961
55849,780
55849,2762
55849,3793
55849,44191
55849,1097
55849,2918
55849,50872
55849,2716
111061,1198
111061,6539
111061,4306
111061,2355
111061,78499
111061,8636
111061,4896
111061,72407
111061,1136
111061,231
23179,1704
23179,2858
23179,2329
23179,4963
23179,1198
23179,1
23179,5445
23179,1221
23179,597
23179,527
26553,2959
26553,356
26553,51662
26553,59369
26553,3147
26553,8874
26553,73017
26553,110
26553,2329
26553,47
25302,5349
25302,1291
25302,1080
25302,527
25302,7438
25302,6874
25302,91542
25302,2194
25302,1225
25302,77561
32146,50
32146,44665
32146,49530
32146,1580
32146,4011
32146,33166
32146,2706
32146,7361
32146,33794
32146,5418
6976,34405
6976,3147
6976,2571
6976,4886
6976,8874
6976,51255
6976,59784
6976,3793
6976,364
6976,56174
106406,2012
106406,344
106406,150
106406,924
106406,3421
106406,2167
106406,1517
106406,32
106406,37386
106406,2123
66999,527
66999,1221
66999,1464
66999,589
66999,1258
66999,1732
66999,7371
66999,3160
66999,44555
66999,5989
128559,32
128559,2858
128559,1198
128559,3578
128559,32587
128559,356
128559,7438
128559,5903
128559,589
128559,2949
95394,2858
95394,1835
95394,4865
95394,3252
95394,1961
95394,5014
95394,4161
95394,431
95394,590
95394,3147
21662,4306
21662,33794
21662,593
21662,2329
21662,1
21662,2502
21662,3578
21662,480
21662,49272
21662,527
70759,47
70759,2959
70759,3052
70759,4306
70759,7438
70759,2599
70759,6874
70759,3556
70759,33166
70759,2291
59763,5481
59763,150
59763,296
59763,3421
59763,4973
59763,3897
59763,2959
59763,55830
59763,356
59763,1220
5848,780
5848,32587
5848,8636
5848,2571
5848,2028
5848,58559
5848,588
5848,54286
5848,8368
5848,45722
21870,50
21870,778
21870,1222
21870,2997
21870,318
21870,608
21870,527
21870,1200
21870,3996
21870,110
99452,1923
99452,2028
99452,858
99452,2706
99452,2762
99452,30749
99452,1247
99452,1208
99452,1221
99452,6711
114806,1206
114806,608
114806,1265
114806,8641
114806,8784
114806,3481
114806,2329
114806,356
114806,58998
114806,4878
76748,4226
76748,1222
76748,4011
76748,32587
76748,1206
76748,1213
76748,47
76748,46578
76748,858
76748,34162
8044,2571
8044,2762
8044,50
8044,79132
8044,48516
8044,4226
8044,3949
8044,6016
8044,7361
8044,4878
109091,33794
109091,44191
109091,1210
109091,6539
109091,8665
109091,318
109091,5445
109091,1198
109091,1517
109091,59315
32703,858
32703,1
32703,4993
32703,50
32703,2571
32703,58559
32703,480
32703,1210
32703,5952
32703,2918
36500,1196
36500,356
36500,2571
36500,1073
36500,3578
36500,2918
36500,33794
36500,1198
36500,1197
36500,1270
93113,648
93113,1210
93113,1527
93113,1101
93113,1393
93113,2302
93113,2000
93113,6
93113,903
93113,3481
131858,80463
131858,7361
131858,8950
131858,70286
131858,1222
131858,778
131858,46578
131858,32
131858,82459
131858,81562
110779,56949
110779,2085
110779,35836
110779,4748
110779,47518
110779,3534
110779,595
110779,53000
110779,1517
110779,58803
69224,68954
69224,4886
69224,318
69224,4306
69224,6377
69224,4226
69224,1136
69224,588
69224,7438
69224,2762
119223,2762
119223,527
119223,6502
119223,6373
119223,7143
119223,50
119223,4643
119223,2420
119223,2539
119223,30707
126915,919
126915,2081
126915,4306
126915,588
126915,8874
126915,5299
126915,73017
126915,1035
126915,4963
126915,45722
61444,1196
61444,8874
61444,1210
61444,4993
61444,71535
61444,4011
61444,296
61444,51255
61444,5445
61444,48780
57766,1221
57766,608
57766,1198
57766,903
57766,1250
57766,919
57766,7700
57766,5291
57766,904
57766,1084
65235,5952
65235,2571
65235,1213
65235,4226
65235,55820
65235,1193
65235,1208
65235,111
65235,589
65235,1
128220,3081
128220,1387
128220,4306
128220,318
128220,367
128220,780
128220,2947
128220,2174
128220,1265
128220,356
101291,6539
101291,5218
101291,588
101291,60069
101291,59315
101291,1136
101291,6936
101291,1485
101291,2918
101291,6373
58254,593
58254,5952
58254,858
58254,1089
58254,4878
58254,6016
58254,1198
58254,1212
58254,293
58254,111
26073,7153
26073,4226
26073,318
26073,1200
26073,296
26073,593
26073,2858
26073,1240
26073,253
26073,3578
112957,1721
112957,2687
112957,2355
112957,58559
112957,5349
112957,45722
112957,72998
112957,48
112957,500
112957,2762
57467,2571
57467,1953
57467,913
57467,904
57467,1201
57467,1208
57467,2858
57467,260
57467,1267
57467,1225
41499,4886
41499,1923
41499,4246
41499,5377
41499,39
41499,364
41499,2797
41499,1200
41499,1073
41499,34
21127,50
21127,4344
21127,84152
21127,68157
21127,593
21127,73321
21127,6708
21127,49530
21127,84392
21127,97304
118702,293
118702,68157
118702,296
118702,3275
118702,79132
118702,76251
118702,57669
118702,81834
118702,7438
118702,91542
13492,1213
13492,1250
13492,44555
13492,1204
13492,1212
13492,5618
13492,1207
13492,6016
13492,5008
13492,58559
8521,5952
8521,2571
8521,3578
8521,2145
8521,1270
8521,1580
8521,2959
8521,2918
8521,7147
8521,1968
122012,47
122012,7361
122012,1704
122012,1961
122012,2657
122012,5989
122012,608
122012,4014
122012,2396
122012,30812
135169,32
135169,4963
135169,593
135169,1089
135169,589
135169,7361
135169,4878
135169,1036
135169,6539
135169,63082
105566,2762
105566,1196
105566,1210
105566,1682
105566,33794
105566,1610
105566,4014
105566,2115
105566,3448
105566,745
66230,55820
66230,68157
66230,48774
66230,4011
66230,296
66230,5952
66230,1089
66230,64614
66230,7361
66230,48394
60530,70
60530,7022
60530,1240
60530,32
60530,50
60530,1676
60530,1206
60530,1200
60530,1213
60530,1036
120524,589
120524,2571
120524,1653
120524,2916
120524,1214
120524,3527
120524,8644
120524,70286
120524,1610
120524,68237
134296,527
134296,1089
134296,593
134296,48516
134296,318
134296,2959
134296,608
134296,296
134296,4878
134296,356
25512,2028
25512,4327
25512,260
25512,2019
25512,150
25512,920
25512,457
25512,1210
25512,2571
25512,1203
107643,364
107643,33794
107643,1265
107643,54001
107643,34405
107643,58559
107643,4886
107643,6377
107643,5418
107643,2791
138201,5349
138201,4973
138201,480
138201,1527
138201,10
138201,44191
138201,5445
138201,110
138201,1682
138201,3793
85007,63082
85007,44191
85007,81591
85007,69122
85007,68954
85007,2858
85007,60069
85007,4226
85007,1732
85007,4973
36051,6711
36051,2692
36051,63082
36051,5617
36051,8376
36051,1032
36051,54503
36051,29
36051,337
36051,1639
38357,4226
38357,60069
38357,608
38357,2716
38357,4878
38357,55820
38357,5952
38357,4993
38357,7153
38357,592
86600,6539
86600,3578
86600,45722
86600,648
86600,165
86600,1923
86600,5418
86600,5989
86600,2028
86600,1961
87863,356
87863,2571
87863,5378
87863,364
87863,4993
87863,7153
87863,5952
87863,33493
87863,1291
87863,1148
37262,541
37262,4226
37262,2502
37262,1215
37262,7153
37262,1197
37262,70286
37262,4973
37262,593
37262,61240
70079,59315
70079,8368
70079,54286
70079,56145
70079,53953
70079,8665
70079,53996
70079,70286
70079,71379
70079,56367
118456,4226
118456,1136
118456,2858
118456,1213
118456,7153
118456,1198
118456,356
118456,1210
118456,2019
118456,4973
25668,597
25668,4995
25668,2918
25668,733
25668,780
25668,2194
25668,1608
25668,1090
25668,1
25668,589
105125,5952
105125,7153
105125,2959
105125,318
105125,2762
105125,260
105125,1196
105125,527
105125,68157
105125,2329
44032,5445
44032,6539
44032,1265
44032,1197
44032,8360
44032,1097
44032,527
44032,5418
44032,5989
44032,6874
37497,318
37497,8961
37497,1206
37497,1270
37497,2028
37497,4995
37497,1580
37497,2355
37497,924
37497,2194
110102,1136
110102,32
110102,2916
110102,51255
110102,1682
110102,5445
110102,6377
110102,4878
110102,110
110102,4011
17511,7153
17511,44191
17511,8636
17511,2329
17511,7090
17511,4878
17511,110
17511,4011
17511,260
17511,5349
28156,296
28156,364
28156,318
28156,1
28156,33794
28156,4886
28156,5445
28156,4306
28156,110
28156,50
102860,34162
102860,54286
102860,46578
102860,1
102860,50872
102860,4963
102860,6377
102860,69122
102860,3897
102860,457
42706,6754
42706,5903
42706,54259
42706,34319
42706,170
42706,3717
42706,7317
42706,37386
42706,3052
42706,6378
8607,593
8607,318
8607,1213
8607,50
8607,2329
8607,4973
8607,32
8607,1732
8607,293
8607,1193
20023,357
20023,2571
20023,4014
20023,318
20023,4306
20023,457
20023,1961
20023,1704
20023,1035
20023,4246
55307,4226
55307,356
55307,4306
55307,7153
55307,5952
55307,4993
55307,4886
55307,1721
55307,1291
55307,1961
75872,5445
75872,4995
75872,2762
75872,7438
75872,6539
75872,6323
75872,5989
75872,5959
75872,1573
75872,7254
85525,79132
85525,81845
85525,63082
85525,97921
85525,39183
85525,46578
85525,91658
85525,88810
85525,7566
85525,46976
24121,4226
24121,608
24121,296
24121,50
24121,32
24121,1089
24121,555
24121,541
24121,2959
24121,293
61976,1198
61976,6874
61976,4306
61976,480
61976,4995
61976,4963
61976,50
61976,2858
61976,3793
61976,733
69144,2959
69144,110
69144,6539
69144,48516
69144,49272
69144,6377
69144,6365
69144,5995
69144,4226
69144,49530
106922,3147
106922,1387
106922,2918
106922,4995
106922,4226
106922,593
106922,72998
106922,1259
106922,2797
106922,2000
65225,6539
65225,356
65225,2762
65225,158
65225,1
65225,4993
65225,1721
65225,5952
65225,1407
65225,58559
20086,1270
20086,3578
20086,589
20086,318
20086,296
20086,1
20086,32587
20086,6539
20086,2858
20086,44191
90922,4878
90922,60069
90922,58559
90922,5971
90922,1089
90922,1193
90922,2571
90922,1213
90922,8874
90922,1223
39820,2028
39820,48516
39820,3578
39820,2329
39820,4226
39820,60069
39820,1
39820,1221
39820,48738
39820,597
42849,1704
42849,58559
42849,3114
42849,1580
42849,1220
42849,6377
42849,69122
42849,344
42849,54503
42849,79132
86133,3578
86133,8961
86133,593
86133,32587
86133,4973
86133,457
86133,7438
86133,4886
86133,2997
86133,1923
119854,2858
119854,750
119854,296
119854,608
119854,5995
119854,527
119854,1221
119854,1208
119854,7361
119854,6016
5101,3578
5101,3147
5101,4993
5101,7153
5101,6539
5101,6377
5101,5218
5101,356
5101,4886
5101,40815
69702,68954
69702,56174
69702,60684
69702,70286
69702,91500
69702,45499
69702,56367
69702,63113
69702,8874
69702,31696
131736,7001
131736,31804
131736,2160
131736,8861
131736,541
131736,56145
131736,3918
131736,2377
131736,48678
131736,76
49645,111
49645,58559
49645,56367
49645,1208
49645,55363
49645,5971
49645,71899
49645,81932
49645,72011
49645,72998
32514,55269
32514,63876
32514,39183
32514,3176
32514,41997
32514,88810
32514,40819
32514,71520
32514,2161
32514,2686
91118,608
91118,110
91118,3556
91118,32587
91118,8464
91118,1961
91118,2692
91118,6377
91118,7090
91118,3578
18295,1036
18295,5952
18295,3578
18295,2683
18295,1517
18295,480
18295,6373
18295,1270
18295,3717
18295,110
43703,1517
43703,1090
43703,3147
43703,2167
43703,3578
43703,1097
43703,4262
43703,4489
43703,2268
43703,1552
79501,6539
79501,8961
79501,457
79501,7254
79501,1213
79501,293
79501,1961
79501,4027
79501,527
79501,2997
24531,318
24531,34405
24531,4993
24531,49530
24531,68358
24531,8784
24531,58998
24531,55247
24531,4011
24531,4878
22306,1240
22306,2571
22306,260
22306,102445
22306,72998
22306,59369
22306,5952
22306,1610
22306,73017
22306,1200
127399,8784
127399,33166
127399,6870
127399,2248
127399,30707
127399,2144
127399,6708
127399,6863
127399,3735
127399,4361
7036,81591
7036,74458
7036,37741
7036,8798
7036,45210
7036,51540
7036,6187
7036,16
7036,858
7036,30812
120290,2375
120290,8373
120290,356
120290,2174
120290,4361
120290,3253
120290,2470
120290,2716
120290,3526
120290,2100
128271,6662
128271,720
128271,345
128271,1199
128271,34
128271,3175
128271,7153
128271,4027
128271,908
128271,969
78198,32
78198,6711
78198,5618
78198,7361
78198,2959
78198,50
78198,3949
78198,32587
78198,46578
78198,293
52818,8961
52818,7361
52818,3361
52818,8638
52818,3421
52818,3006
52818,50
52818,3911
52818,6807
52818,6787
16670,3578
16670,2028
16670,2403
16670,4226
16670,590
16670,1617
16670,733
16670,2115
16670,2948
16670,466
127065,1222
127065,4226
127065,7361
127065,1208
127065,2959
127065,778
127065,5608
127065,296
127065,111
127065,1209
63886,91630
63886,59369
63886,106002
63886,106489
63886,88140
63886,106072
63886,95510
63886,108190
63886,86332
63886,40815
6881,2997
6881,7361
6881,1080
6881,70286
6881,52885
6881,32554
6881,4993
6881,1682
6881,1210
6881,44555
7834,44555
7834,81845
7834,4226
7834,527
7834,150
7834,296
7834,1610
7834,4963
7834,3448
7834,79132
87364,1732
87364,2028
87364,111
87364,1682
87364,1222
87364,99114
87364,4878
87364,4973
87364,5995
87364,4239
90333,1307
90333,588
90333,364
90333,4306
90333,17
90333,1028
90333,1207
90333,39
90333,902
90333,1197
5457,79132
5457,2959
5457,593
5457,2858
5457,56367
5457,2918
5457,54503
5457,88810
5457,296
5457,4306
28233,35836
28233,49272
28233,296
28233,50
28233,6539
28233,48774
28233,5903
28233,7143
28233,30749
28233,54286
121127,1721
121127,1682
121127,589
121127,780
121127,7153
121127,5445
121127,1210
121127,1584
121127,260
121127,1196
107126,34437
107126,49280
107126,48516
107126,61323
107126,30848
107126,47423
107126,55118
107126,64839
107126,72011
107126,6770
23180,66097
23180,98809
23180,31658
23180,1748
23180,588
23180,33794
23180,7147
23180,52885
23180,1732
23180,2730
96374,111
96374,1213
96374,2959
96374,1682
96374,1704
96374,1206
96374,2716
96374,6874
96374,1265
96374,4226
51639,1
51639,357
51639,2248
51639,39183
51639,1234
51639,8949
51639,608
51639,1500
51639,910
51639,39
59562,7153
59562,4993
59562,55820
59562,4226
59562,1221
59562,48780
59562,49530
59562,4011
59562,6016
59562,47
121758,48394
121758,2858
121758,2329
121758,8961
121758,78499
121758,69122
121758,296
121758,3897
121758,356
121758,2502
43343,1210
43343,1196
43343,4306
43343,5952
43343,4993
43343,1206
43343,2571
43343,8622
43343,7153
43343,1884
60022,1136
60022,48516
60022,318
60022,356
60022,51255
60022,6874
60022,6539
60022,36529
60022,7438
60022,44665
114933,96610
114933,50
114933,48780
114933,34405
114933,3300
114933,112852
114933,51255
114933,6
114933,2571
114933,68358
94851,593
94851,750
94851,924
94851,1704
94851,2019
94851,5291
94851,2959
94851,2115
94851,2762
94851,1784
41516,778
41516,3147
41516,6711
41516,6539
41516,733
41516,2115
41516,4034
41516,1079
41516,1060
41516,8784
137076,59315
137076,1036
137076,5952
137076,33794
137076,54286
137076,34405
137076,589
137076,79132
137076,916
137076,58559
127827,5952
127827,7153
127827,6539
127827,60069
127827,68954
127827,50
127827,2502
127827,110
127827,5418
127827,593
84652,589
84652,318
84652,6539
84652,3578
84652,50
84652,47
84652,527
84652,32
84652,2628
84652,457
55844,50
55844,4226
55844,2329
55844,30707
55844,593
55844,3147
55844,1222
55844,6016
55844,3996
55844,5669
103667,527
103667,47
103667,50
103667,1136
103667,2502
103667,32
103667,6365
103667,4226
103667,1036
103667,6333
129510,4886
129510,5989
129510,110
129510,318
129510,4963
129510,2959
129510,1580
129510,79132
129510,1527
129510,364
35875,5989
35875,356
35875,47099
35875,318
35875,2571
35875,49530
35875,3147
35875,58559
35875,59369
35875,30707
1657,2959
1657,27773
1657,296
1657,4973
1657,1206
1657,6711
1657,2858
1657,593
1657,2291
1657,7147
51114,110
51114,2329
51114,457
51114,4963
51114,44665
51114,593
51114,33794
51114,55820
51114,608
51114,32
121916,46578
121916,56367
121916,67087
121916,593
121916,58998
121916,500
121916,8533
121916,5989
121916,1923
121916,69406
34780,6863
34780,33794
34780,6377
34780,7153
34780,5952
34780,4011
34780,48385
34780,1136
34780,1213
34780,32587
119254,32587
119254,1089
119254,70286
119254,3793
119254,5349
119254,1270
119254,4226
119254,1732
119254,48516
119254,50
71231,2959
71231,110
71231,1580
71231,7147
71231,2571
71231,4306
71231,344
71231,1704
71231,4963
71231,51255
24140,2571
24140,48394
24140,79132
24140,60069
24140,46578
24140,3949
24140,2858
24140,55442
24140,2324
24140,8873
129888,1200
129888,1252
129888,1036
129888,1210
129888,3265
129888,82459
129888,7587
129888,3683
129888,58559
129888,111
107279,1214
107279,924
107279,527
107279,1221
107279,318
107279,1333
107279,1225
107279,589
107279,288
107279,2959
47875,1281
47875,7924
47875,3462
47875,6669
47875,714
47875,3307
47875,30803
47875,33004
47875,25805
47875,5498
68473,318
68473,2571
68473,356
68473,1196
68473,2858
68473,4973
68473,592
68473,33493
68473,1721
68473,1270
58982,1
58982,72998
58982,78499
58982,6539
58982,1196
58982,1198
58982,31658
58982,87232
58982,364
58982,4306
60501,356
60501,8874
60501,1073
60501,1682
60501,1968
60501,4308
60501,6942
60501,296
60501,1732
60501,44191
7758,2762
7758,1784
7758,50
7758,344
7758,1923
7758,1265
7758,48385
7758,4262
7758,1097
7758,223
125437,2571
125437,858
125437,4995
125437,296
125437,527
125437,3147
125437,1193
125437,508
125437,1213
125437,1222
52890,1580
52890,480
52890,457
52890,2858
52890,356
52890,593
52890,1584
52890,1
52890,2916
52890,2329
30626,6874
30626,4306
30626,2571
30626,7451
30626,48516
30626,919
30626,1015
30626,80549
30626,44974
30626,68954
59296,6377
59296,4963
59296,46578
59296,50872
59296,4306
59296,8961
59296,2571
59296,54286
59296,1197
59296,5952
113083,6539
113083,32
113083,1580
113083,5349
113083,6365
113083,592
113083,1097
113083,4446
113083,1320
113083,6934
19819,2762
19819,5445
19819,1210
19819,1214
19819,4963
19819,1222
19819,7254
19819,33493
19819,50
19819,480
124977,1196
124977,2762
124977,1036
124977,59315
124977,68358
124977,110
124977,3578
124977,260
124977,3793
124977,1210
113600,3000
113600,58559
113600,1198
113600,51662
113600,31878
113600,1196
113600,32587
113600,34405
113600,48394
113600,4306
115762,4993
115762,1291
115762,1270
115762,1208
115762,2028
115762,527
115762,1220
115762,7153
115762,318
115762,858
2568,3147
2568,88163
2568,64716
2568,3897
2568,1393
2568,2321
2568,4995
2568,1917
2568,60074
2568,49286
27720,4306
27720,1291
27720,4886
27720,318
27720,1374
27720,1214
27720,924
27720,2761
27720,104841
27720,34405
8465,2232
8465,1921
8465,1732
8465,1645
8465,7361
8465,1527
8465,6874
8465,356
8465,50
8465,778
97434,1270
97434,2571
97434,1089
97434,1198
97434,1193
97434,1617
97434,858
97434,1206
97434,4878
97434,2700
22374,69757
22374,81834
22374,1721
22374,595
22374,2581
22374,68135
22374,7293
22374,364
22374,356
22374,8533
7828,2423
7828,296
7828,1370
7828,3052
7828,2723
7828,33794
7828,2005
7828,2478
7828,2406
7828,553
57770,47
57770,3408
57770,54997
57770,41997
57770,8360
57770,597
57770,377
57770,40819
57770,3252
57770,4008
107445,4973
107445,2858
107445,58559
107445,2571
107445,2959
107445,72011
107445,296
107445,4306
107445,63082
107445,74458
64080,3300
64080,527
64080,5903
64080,8644
64080,27611
64080,7502
64080,6365
64080,356
64080,6947
64080,7842
104953,1380
104953,364
104953,527
104953,2174
104953,1073
104953,2797
104953,2470
104953,2959
104953,2355
104953,3671
120004,3052
120004,5418
120004,60069
120004,648
120004,8961
120004,3033
120004,5618
120004,316
120004,2617
120004,1356
12270,3147
12270,8957
12270,5445
12270,253
12270,1350
12270,8961
12270,5418
12270,1682
12270,1721
12270,85788
15861,588
15861,1
15861,6377
15861,7451
15861,595
15861,60069
15861,8360
15861,6539
15861,8368
15861,58998
12965,4995
12965,589
12965,1270
12965,1682
12965,1784
12965,592
12965,1197
12965,4034
12965,1196
12965,48516
9935,1250
9935,913
9935,922
9935,1225
9935,930
9935,1221
9935,1284
9935,1203
9935,1262
9935,1283
86857,2997
86857,56367
86857,608
86857,778
86857,3481
86857,47629
86857,750
86857,53123
86857,318
86857,44694
38746,2858
38746,1200
38746,32
38746,50
38746,1079
38746,2997
38746,1213
38746,1206
38746,318
38746,2716
80169,3578
80169,260
80169,1721
80169,594
80169,1408
80169,920
80169,2762
80169,1196
80169,1029
80169,1210
76513,2762
76513,33794
76513,7361
76513,1198
76513,1291
76513,40815
76513,32
76513,1136
76513,46578
76513,858
98309,4306
98309,74458
98309,68157
98309,4963
98309,76251
98309,318
98309,6539
98309,60069
98309,81845
98309,4886
69479,2762
69479,1198
69479,4973
69479,1193
69479,593
69479,111
69479,2028
69479,1136
69479,1210
69479,3000
3492,2762
3492,1198
3492,3578
3492,318
3492,1580
3492,5952
3492,7153
3492,4993
3492,5418
3492,1036
120108,551
120108,2959
120108,1073
120108,4878
120108,53468
120108,296
120108,1333
120108,40732
120108,1241
120108,58559
59373,597
59373,4226
59373,724
59373,64957
59373,8533
59373,2396
59373,6502
59373,34319
59373,6333
59373,40629
31430,2959
31430,2571
31430,858
31430,1617
31430,1208
31430,4973
31430,1221
31430,1193
31430,1213
31430,1222
5973,79132
5973,3578
5973,2959
5973,1527
5973,49272
5973,72998
5973,6874
5973,77561
5973,76251
5973,68954
128980,4973
128980,2959
128980,3793
128980,1197
128980,26662
128980,2716
128980,500
128980,1198
128980,1291
128980,33794
93160,2571
93160,2858
93160,1
93160,50
93160,1198
93160,1193
93160,608
93160,356
93160,1197
93160,7361
82515,364
82515,4306
82515,3948
82515,1097
82515,2762
82515,586
82515,1968
82515,2918
82515,4886
82515,597
15572,110
15572,6539
15572,2959
15572,2571
15572,356
15572,4995
15572,3147
15572,5989
15572,4993
15572,1961
137228,110
137228,2959
137228,50
137228,2028
137228,5418
137228,3793
137228,1097
137228,7361
137228,2716
137228,6377
101681,48082
101681,1732
101681,7361
101681,31658
101681,1884
101681,3949
101681,67734
101681,72226
101681,33880
101681,69757
123976,47
123976,4226
123976,5445
123976,32587
123976,7153
123976,8636
123976,6539
123976,7438
123976,3994
123976,30822
94106,608
94106,1704
94106,2502
94106,1089
94106,5630
94106,4993
94106,5418
94106,2058
94106,49272
94106,74458
93024,91529
93024,589
93024,527
93024,1214
93024,48394
93024,253
93024,32
93024,32587
93024,5995
93024,74458
55813,6539
55813,1136
55813,7153
55813,1721
55813,2571
55813,4306
55813,780
55813,2
55813,858
55813,3793
91197,1704
91197,4973
91197,2291
91197,1136
91197,4226
91197,6539
91197,364
91197,2329
91197,47
91197,4896
129122,32587
129122,7153
129122,5952
129122,4993
129122,1240
129122,260
129122,293
129122,1617
129122,6711
129122,5445
122814,4975
122814,4995
122814,2329
122814,3253
122814,3556
122814,356
122814,2762
122814,1673
122814,1073
122814,1961
10801,527
10801,2858
10801,1193
10801,750
10801,1228
10801,50
10801,1090
10801,1617
10801,1219
10801,6852
88570,50872
88570,5989
88570,33794
88570,2571
88570,3000
88570,5971
88570,1721
88570,41566
88570,1073
88570,7147
31796,44191
31796,30793
31796,41569
31796,33615
31796,31685
31796,8970
31796,8533
31796,7451
31796,32596
31796,7438
61309,3052
61309,4886
61309,2571
61309,4963
61309,8360
61309,8961
61309,5618
61309,5459
61309,33679
61309,5481
43985,356
43985,296
43985,2571
43985,1527
43985,1645
43985,47
43985,4011
43985,1580
43985,7438
43985,1573
83133,356
83133,6377
83133,4886
83133,231
83133,367
83133,1923
83133,6373
83133,1580
83133,6287
83133,31685
135189,7438
135189,50
135189,5618
135189,3147
135189,5952
135189,858
135189,7153
135189,7361
135189,32
135189,48394
64277,356
64277,4995
64277,54286
64277,1704
64277,30749
64277,457
64277,46578
64277,858
64277,33794
64277,4226
103097,2858
103097,47
103097,5618
103097,7361
103097,551
103097,4226
103097,318
103097,7147
103097,7438
103097,56367
58833,345
58833,6953
58833,5810
58833,8641
58833,3911
58833,2018
58833,2683
58833,51662
58833,1270
58833,1784
85790,356
85790,6539
85790,51662
85790,5349
85790,8972
85790,8636
85790,4638
85790,53996
85790,4963
85790,4369
127025,293
127025,318
127025,2997
127025,2329
127025,6016
127025,79132
127025,57669
127025,4235
127025,1222
127025,48780
35266,4226
35266,60069
35266,2858
35266,58559
35266,1721
35266,4995
35266,2762
35266,30749
35266,1197
35266,48780
126635,1962
126635,1307
126635,2918
126635,858
126635,3147
126635,1259
126635,1704
126635,3498
126635,40819
126635,6724
50755,2174
50755,3081
50755,593
50755,4865
50755,4306
50755,353
50755,4128
50755,4886
50755,2081
50755,1219
132170,589
132170,32
132170,1200
132170,4878
132170,79132
132170,541
132170,6502
132170,1240
132170,4995
132170,1193
112900,1527
112900,1580
112900,2858
112900,1214
112900,527
112900,3578
112900,1089
112900,208
112900,1200
112900,2997
66620,31658
66620,296
66620,4973
66620,593
66620,1682
66620,2291
66620,32
66620,1527
66620,3793
66620,260
72376,1196
72376,597
72376,4963
72376,1270
72376,6377
72376,2762
72376,1527
72376,1961
72376,6874
72376,5989
136053,48774
136053,41997
136053,36529
136053,88129
136053,4881
136053,215
136053,57669
136053,1190
136053,55363
136053,2594
88720,4306
88720,595
88720,364
88720,1291
88720,58559
88720,551
88720,1
88720,588
88720,45722
88720,3147
48628,2959
48628,480
48628,1200
48628,541
48628,5445
48628,8961
48628,3793
48628,589
48628,5349
48628,33794
43715,924
43715,913
43715,750
43715,1210
43715,2951
43715,1127
43715,4993
43715,2948
43715,58559
43715,68358
57790,4993
57790,5952
57790,17
57790,6539
57790,3793
57790,497
57790,2396
57790,920
57790,2081
57790,2006
87550,1291
87550,68954
87550,58559
87550,3578
87550,2571
87550,79132
87550,110
87550,1197
87550,2959
87550,5989
20134,1210
20134,1240
20134,541
20134,329
20134,2232
20134,1580
20134,47997
20134,3471
20134,6645
20134,2010
72769,47
72769,48516
72769,58559
72769,4011
72769,44191
72769,44665
72769,51931
72769,2502
72769,5989
72769,2762
6247,2571
6247,318
6247,293
6247,741
6247,7153
6247,5952
6247,4993
6247,480
6247,2174
6247,8961
27549,2858
27549,4027
27549,2329
27549,8376
27549,2502
27549,1032
27549,2997
27549,441
27549,1968
27549,7451
76075,50
76075,1210
76075,2762
76075,1213
76075,318
76075,2028
76075,1193
76075,2791
76075,1090
76075,2716
107288,91529
107288,80489
107288,72998
107288,44195
107288,33166
107288,48738
107288,80463
107288,49272
107288,30707
107288,30749
77483,4306
77483,589
77483,587
77483,6377
77483,1721
77483,1291
77483,1485
77483,586
77483,10
77483,2762
692,91529
692,87232
692,89745
692,73017
692,79132
692,78499
692,99114
692,5952
692,4993
692,33794
85356,110
85356,593
85356,356
85356,2858
85356,50
85356,4995
85356,6934
85356,33166
85356,527
85356,1653
121002,7361
121002,4226
121002,296
121002,50
121002,2762
121002,47
121002,2858
121002,527
121002,36529
121002,45950
54223,3793
54223,58559
54223,8636
54223,6373
54223,34
54223,2137
54223,1035
54223,60069
54223,4016
54223,1197
91613,35836
91613,33794
91613,104
91613,2694
91613,7143
91613,8636
91613,8972
91613,6934
91613,8641
91613,6378
2138,4226
2138,2762
2138,110
2138,3000
2138,6807
2138,2987
2138,2329
2138,7143
2138,40815
2138,1625
66965,3793
66965,457
66965,780
66965,593
66965,33794
66965,165
66965,2028
66965,5418
66965,648
66965,4306
127954,4720
127954,1196
127954,260
127954,1210
127954,1721
127954,551
127954,30793
127954,37729
127954,2762
127954,6377
129861,778
129861,5952
129861,2959
129861,2571
129861,47
129861,593
129861,293
129861,1080
129861,1089
129861,1136
70141,8949
70141,6711
70141,5902
70141,60069
70141,2997
70141,5673
70141,1732
70141,7361
70141,60950
70141,6773
84733,5952
84733,7153
84733,4993
84733,110
84733,296
84733,318
84733,858
84733,593
84733,1221
84733,58559
136678,2959
136678,1527
136678,480
136678,293
136678,6874
136678,356
136678,165
136678,1208
136678,8957
136678,2762
103901,2762
103901,364
103901,4306
103901,296
103901,1258
103901,1907
103901,1203
103901,912
103901,2355
103901,616
132716,4226
132716,527
132716,260
132716,110
132716,7153
132716,4993
132716,54286
132716,33794
132716,48516
132716,6377
134513,1213
134513,4226
134513,7361
134513,1222
134513,2712
134513,3949
134513,1230
134513,1732
134513,1237
134513,47
20201,110
20201,356
20201,3996
20201,1
20201,4306
20201,4226
20201,3578
20201,2858
20201,4963
20201,457
122649,63082
122649,68135
122649,72641
122649,58998
122649,356
122649,31685
122649,69406
122649,58559
122649,51662
122649,2571
58482,2959
58482,1732
58482,2858
58482,1199
58482,34437
58482,2551
58482,4878
58482,7123
58482,27563
58482,2160
38103,34405
38103,70286
38103,79132
38103,27611
38103,6502
38103,68237
38103,5903
38103,44191
38103,68358
38103,58559
74085,33794
74085,4306
74085,32587
74085,69122
74085,44191
74085,318
74085,6874
74085,7438
74085,648
74085,48780
84318,1036
84318,858
84318,4306
84318,1580
84318,1704
84318,110
84318,541
84318,780
84318,1721
84318,597
127518,5952
127518,5989
127518,7153
127518,34162
127518,7458
127518,1196
127518,260
127518,110
127518,32587
127518,5418
3029,97921
3029,99114
3029,69757
3029,81845
3029,92259
3029,2572
3029,2959
3029,87232
3029,106487
3029,27773
125594,2959
125594,72998
125594,60069
125594,2571
125594,68157
125594,4963
125594,70286
125594,5903
125594,69122
125594,44665
91416,2571
91416,318
91416,296
91416,593
91416,1270
91416,2858
91416,2028
91416,2762
91416,4963
91416,47
29505,593
29505,589
29505,1127
29505,541
29505,1210
29505,480
29505,5445
29505,1968
29505,1097
29505,457
31296,33679
31296,7153
31296,33794
31296,5418
31296,8636
31296,33162
31296,1304
31296,7458
31296,6378
31296,4886
80681,260
80681,1196
80681,3253
80681,5444
80681,3114
80681,750
80681,8917
80681,3396
80681,2083
80681,5349
100716,5989
100716,4963
100716,3578
100716,2028
100716,8131
100716,4995
100716,6377
100716,1721
100716,33660
100716,58559
62420,3147
62420,4878
62420,55820
62420,32
62420,55247
62420,1206
62420,4226
62420,51662
62420,1193
62420,253
125226,1148
125226,1223
125226,6970
125226,745
125226,17
125226,539
125226,8711
125226,41566
125226,8961
125226,1
41772,58559
41772,1721
41772,4963
41772,47
41772,597
41772,6365
41772,5418
41772,4226
41772,1682
41772,1097
127530,79132
127530,1704
127530,91529
127530,89492
127530,1610
127530,527
127530,1961
127530,2571
127530,1246
127530,1036
31088,4896
31088,2081
31088,4306
31088,3114
31088,8368
31088,33615
31088,588
31088,41566
31088,4025
31088,1028
119328,5952
119328,608
119328,1196
119328,2571
119328,1198
119328,7153
119328,4973
119328,4306
119328,2918
119328,1089
10604,48394
10604,1197
10604,2858
10604,55820
10604,1193
10604,2997
10604,1198
10604,6874
10604,527
10604,50
65354,4886
65354,2762
65354,2858
65354,1527
65354,1704
65354,3996
65354,4226
65354,47
65354,593
65354,480
29327,1291
29327,6874
29327,2762
29327,4963
29327,4993
29327,4011
29327,2329
29327,7438
29327,527
29327,48780
122116,1291
122116,1240
122116,1580
122116,1721
122116,377
122116,592
122116,110
122116,587
122116,648
122116,2858
128290,457
128290,380
128290,1270
128290,2115
128290,587
128290,4321
128290,2716
128290,150
128290,1198
128290,1610
67690,480
67690,1721
67690,595
67690,2161
67690,1246
67690,2571
67690,1028
67690,261
67690,4963
67690,2797
98924,4886
98924,2
98924,3717
98924,7325
98924,1517
98924,5283
98924,2694
98924,4149
98924,8368
98924,8961
75689,1193
75689,858
75689,1258
75689,2858
75689,48516
75689,32
75689,296
75689,2542
75689,589
75689,4226
45148,1
45148,4886
45148,4306
45148,6377
45148,6539
45148,356
45148,588
45148,1136
45148,4896
45148,46578
30642,69757
30642,1222
30642,59369
30642,49272
30642,8949
30642,2542
30642,1193
30642,1721
30642,94959
30642,2194
134400,50
134400,296
134400,2959
134400,8641
134400,356
134400,2858
134400,2502
134400,48516
134400,593
134400,1222
9262,3114
9262,7361
9262,296
9262,4886
9262,2716
9262,1721
9262,8961
9262,595
9262,4995
9262,480
53441,858
53441,541
53441,30812
53441,51662
53441,2012
53441,3535
53441,16
53441,1206
53441,1222
53441,7063
3289,53894
3289,72998
3289,49272
3289,91500
3289,35836
3289,59258
3289,33154
3289,54286
3289,96079
3289,91529
24779,3147
24779,49272
24779,2028
24779,44191
24779,2628
24779,593
24779,6377
24779,2762
24779,4011
24779,4886
45996,2571
45996,47
45996,1206
45996,6350
45996,5618
45996,541
45996,31658
45996,858
45996,1208
45996,1193
45064,5502
45064,1
45064,4995
45064,364
45064,4886
45064,5445
45064,589
45064,5810
45064,30812
45064,541
70054,480
70054,318
70054,2001
70054,231
70054,356
70054,110
70054,2273
70054,59315
70054,47
70054,10
107711,5816
107711,68954
107711,69844
107711,56757
107711,54001
107711,3793
107711,4306
107711,1197
107711,56367
107711,6502
124694,58559
124694,2571
124694,74458
124694,78499
124694,40815
124694,8874
124694,8368
124694,4896
124694,589
124694,7361
93217,2571
93217,2762
93217,356
93217,3897
93217,318
93217,3408
93217,1097
93217,6711
93217,1307
93217,1088
124654,2571
124654,858
124654,1210
124654,1
124654,608
124654,480
124654,5952
124654,6377
124654,6539
124654,5349
82909,1527
82909,3996
82909,919
82909,1374
82909,1028
82909,54001
82909,1348
82909,912
82909,3751
82909,33794
58920,1907
58920,8360
58920,527
58920,40819
58920,48
58920,69757
58920,2018
58920,2080
58920,110
58920,73017
83697,593
83697,2329
83697,7361
83697,4226
83697,4011
83697,778
83697,4993
83697,47
83697,1175
83697,858
5088,1258
5088,6016
5088,923
5088,4878
5088,908
5088,6711
5088,1276
5088,1285
5088,3897
5088,1288
23421,60069
23421,40819
23421,41566
23421,104841
23421,8874
23421,106920
23421,7373
23421,35836
23421,6942
23421,7451
131092,50
131092,780
131092,924
131092,858
131092,318
131092,260
131092,1089
131092,1208
131092,648
131092,1265
34714,480
34714,87232
34714,2571
34714,60069
34714,356
34714,1
34714,1196
34714,70286
34714,260
34714,4963
96582,1704
96582,527
96582,4995
96582,110
96582,47610
96582,3252
96582,3916
96582,2028
96582,63082
96582,6539
35248,356
35248,527
35248,296
35248,58559
35248,1219
35248,44555
35248,4720
35248,48516
35248,6323
35248,32
58985,930
58985,1219
58985,50
58985,2066
58985,942
58985,48516
58985,1252
58985,6273
58985,2203
58985,2858
109996,111
109996,2918
109996,356
109996,4963
109996,223
109996,1193
109996,1258
109996,4027
109996,293
109996,5989
134915,7090
134915,1193
134915,1197
134915,3996
134915,541
134915,4878
134915,260
134915,2571
134915,1225
134915,3897
65067,6016
65067,2858
65067,7022
65067,912
65067,4226
65067,296
65067,50
65067,1084
65067,3996
65067,1225
60048,1
60048,87232
60048,293
60048,8961
60048,318
60048,111362
60048,1610
60048,106489
60048,5816
60048,110102
68922,2858
68922,1089
68922,296
68922,47
68922,50
68922,778
68922,4262
68922,858
68922,1213
68922,55765
62648,4226
62648,318
62648,2571
62648,2858
62648,296
62648,68157
62648,7153
62648,2028
62648,293
62648,593
98518,527
98518,44191
98518,2858
98518,48394
98518,46976
98518,4993
98518,47610
98518,2997
98518,44195
98518,1136
115303,6016
115303,1682
115303,4308
115303,54001
115303,8873
115303,8961
115303,7458
115303,1246
115303,5816
115303,56757
133997,3030
133997,8094
133997,1260
133997,2019
133997,913
133997,1178
133997,923
133997,541
133997,3134
133997,1254
4935,3671
4935,223
4935,750
4935,7361
4935,1278
4935,2109
4935,2395
4935,296
4935,1080
4935,8874
35997,2194
35997,2115
35997,30707
35997,150
35997,34162
35997,5010
35997,5464
35997,2716
35997,349
35997,32587
108616,318
108616,541
108616,47
108616,32
108616,50
108616,7153
108616,457
108616,1617
108616,4993
108616,1240
6002,1271
6002,2316
6002,7154
6002,1961
6002,2396
6002,5415
6002,5957
6002,4246
6002,3186
6002,4367
76862,898
76862,1225
76862,3088
76862,899
76862,3095
76862,950
76862,1198
76862,1283
76862,912
76862,945
123907,8371
123907,68358
123907,3745
123907,27611
123907,59315
123907,60684
123907,8644
123907,56174
123907,5171
123907,58559
71328,104374
71328,64957
71328,4993
71328,102903
71328,69122
71328,90405
71328,95441
71328,5952
71328,48385
71328,110
37935,356
37935,50
37935,1214
37935,527
37935,1210
37935,46578
37935,3363
37935,1732
37935,2788
37935,60069
18359,5618
18359,318
18359,2324
18359,2959
18359,910
18359,5995
18359,8033
18359,899
18359,902
18359,1193
39350,47
39350,1265
39350,597
39350,1784
39350,150
39350,1291
39350,1036
39350,4226
39350,1617
39350,1307
36962,58559
36962,2571
36962,2959
36962,1089
36962,4776
36962,1222
36962,47
36962,589
36962,2028
36962,49272
132973,52973
132973,1968
132973,81932
132973,1259
132973,1721
132973,2858
132973,2716
132973,4306
132973,58998
132973,590
2108,7153
2108,4993
2108,1198
2108,2571
2108,296
2108,589
2108,924
2108,318
2108,5952
2108,4226
110262,318
110262,3676
110262,1206
110262,2959
110262,8507
110262,4437
110262,778
110262,46578
110262,111
110262,562
66906,1198
66906,1204
66906,3175
66906,4993
66906,150
66906,480
66906,5952
66906,6979
66906,1356
66906,1610
113386,2997
113386,357
113386,1079
113386,1617
113386,3060
113386,3481
113386,1198
113386,2858
113386,1307
113386,1225
31297,260
31297,1127
31297,1580
31297,1240
31297,2762
31297,924
31297,1097
31297,380
31297,1198
31297,1584
40688,27660
40688,53000
40688,60684
40688,8644
40688,71535
40688,48774
40688,59315
40688,7254
40688,52281
40688,60069
2010,5418
2010,59315
2010,595
2010,5989
2010,8972
2010,5349
2010,3753
2010,8665
2010,54286
2010,53125
108843,39183
108843,318
108843,1784
108843,3147
108843,4226
108843,6711
108843,296
108843,2959
108843,3408
108843,1968
82497,150
82497,60069
82497,480
82497,55820
82497,1617
82497,56782
82497,6711
82497,5445
82497,64839
82497,55290
38965,56367
38965,318
38965,5444
38965,4306
38965,1219
38965,2413
38965,1203
38965,8636
38965,4700
38965,5618
120366,1704
120366,3578
120366,2762
120366,527
120366,2329
120366,32587
120366,3147
120366,1193
120366,4995
120366,32
138456,318
138456,4995
138456,2424
138456,1393
138456,5299
138456,3948
138456,4018
138456,2125
138456,150
138456,1042
69225,6711
69225,34437
69225,46723
69225,49272
69225,8949
69225,55820
69225,44191
69225,40583
69225,4226
69225,6953
51986,541
51986,296
51986,3578
51986,1240
51986,2571
51986,71535
51986,68157
51986,70286
51986,2716
51986,593
56604,2959
56604,1197
56604,6539
56604,5989
56604,150
56604,50
56604,5418
56604,4886
56604,1961
56604,2268
134385,7153
134385,2762
134385,593
134385,2571
134385,48385
134385,2502
134385,4993
134385,2918
134385,1923
134385,3578
127435,1
127435,47
127435,150
127435,50
127435,2393
127435,4306
127435,2858
127435,457
127435,6539
127435,380
58428,296
58428,318
58428,648
58428,4963
58428,780
58428,527
58428,2959
58428,2028
58428,150
58428,2858
67346,41285
67346,40583
67346,7619
67346,25937
67346,6370
67346,4664
67346,4420
67346,46967
67346,5114
67346,936
34749,1213
34749,48516
34749,1095
34749,1784
34749,6874
34749,2692
34749,3147
34749,56367
34749,8798
34749,608
122435,296
122435,2692
122435,260
122435,4144
122435,3996
122435,2329
122435,7022
122435,2858
122435,1089
122435,5618
95148,2959
95148,1258
95148,1704
95148,480
95148,2571
95148,110
95148,2858
95148,2329
95148,3948
95148,5989
74675,4993
74675,8961
74675,1136
74675,7361
74675,4011
74675,1193
74675,55820
74675,1036
74675,7438
74675,1291
34842,2762
34842,1222
34842,2571
34842,2918
34842,35836
34842,58998
34842,1265
34842,3948
34842,1753
34842,3897
14211,1921
14211,4370
14211,1580
14211,52328
14211,3527
14211,2858
14211,2105
14211,1274
14211,2716
14211,3793
131323,3147
131323,7361
131323,8961
131323,2762
131323,356
131323,6377
131323,1214
131323,1266
131323,5418
131323,60069
3277,5010
3277,508
3277,48516
3277,3176
3277,50
3277,2712
3277,7361
3277,2542
3277,4018
3277,4262
116897,1270
116897,356
116897,587
116897,79132
116897,4306
116897,367
116897,3147
116897,1240
116897,60069
116897,4370
24604,2959
24604,4226
24604,2571
24604,1073
24604,1136
24604,2692
24604,6016
24604,5952
24604,39
24604,912
67244,4306
67244,2571
67244,2762
67244,4993
67244,4963
67244,7143
67244,48
67244,1682
67244,5952
67244,6539
41961,6377
41961,2762
41961,1196
41961,3578
41961,5952
41961,527
41961,2858
41961,589
41961,4226
41961,1270
67617,47
67617,2762
67617,2959
67617,780
67617,58559
67617,5349
67617,49272
67617,6365
67617,4306
67617,2402
111804,296
111804,4973
111804,4641
111804,1089
111804,593
111804,750
111804,5902
111804,1235
111804,47
111804,8874
8499,6377
8499,1968
8499,1032
8499,4226
8499,318
8499,6711
8499,2161
8499,588
8499,364
8499,2959
1507,4226
1507,2571
1507,2762
1507,1408
1507,1127
1507,2501
1507,457
1507,8874
1507,1374
1507,3081
55961,858
55961,4973
55961,4226
55961,2762
55961,110
55961,1210
55961,1198
55961,2329
55961,68157
55961,60069
30985,1136
30985,356
30985,7153
30985,32587
30985,1225
30985,1201
30985,1193
30985,6874
30985,1246
30985,7438
123713,69844
123713,1197
123713,6539
123713,76093
123713,58559
123713,44191
123713,2571
123713,1
123713,79132
123713,72998
18838,2571
18838,33794
18838,2700
18838,4571
18838,3578
18838,1517
18838,3052
18838,1673
18838,1198
18838,6874
136727,318
136727,58559
136727,2959
136727,81591
136727,91529
136727,4226
136727,96079
136727,48780
136727,48516
136727,88129
54351,349
54351,903
54351,1721
54351,497
54351,2501
54351,529
54351,2640
54351,1203
54351,3471
54351,7386
134692,89492
134692,48780
134692,78499
134692,49272
134692,48516
134692,5418
134692,7153
134692,2028
134692,59315
134692,63082
88383,54286
88383,1923
88383,6365
88383,788
88383,8665
88383,7004
88383,3052
88383,1777
88383,1196
88383,1101
60277,4878
60277,60069
60277,296
60277,1198
60277,50
60277,1210
60277,7153
60277,48780
60277,5952
60277,2329
91621,1219
91621,58559
91621,33794
91621,6502
91621,79132
91621,2657
91621,608
91621,4886
91621,1682
91621,1136
29664,79132
29664,6874
29664,1527
29664,2959
29664,296
29664,4011
29664,778
29664,68157
29664,7438
29664,6807
35367,1213
35367,50
35367,858
35367,593
35367,1089
35367,3578
35367,6016
35367,32
35367,48394
35367,55820
18045,2762
18045,1089
18045,6377
18045,5445
18045,296
18045,1208
18045,527
18045,1252
18045,6874
18045,480
5489,110
5489,48516
5489,2959
5489,2571
5489,356
5489,4226
5489,4995
5489,63082
5489,79132
5489,3147
2837,1291
2837,5952
2837,527
2837,1704
2837,2762
2837,356
2837,1580
2837,1196
2837,1097
2837,593
74208,48774
74208,1246
74208,3147
74208,51255
74208,3535
74208,3996
74208,2028
74208,2916
74208,3300
74208,111362
26182,7153
26182,6333
26182,4993
26182,32
26182,4886
26182,6539
26182,6502
26182,5445
26182,2571
26182,329
88873,2762
88873,4246
88873,3408
88873,1923
88873,586
88873,2571
88873,69122
88873,7153
88873,6373
88873,4886
44541,31658
44541,1732
44541,68954
44541,7361
44541,1270
44541,541
44541,5971
44541,72226
44541,2858
44541,55269
59247,60069
59247,480
59247,589
59247,593
59247,1198
59247,50
59247,356
59247,110
59247,1197
59247,4886
35532,296
35532,2858
35532,356
35532,357
35532,2918
35532,46578
35532,223
35532,1259
35532,2248
35532,260
86354,589
86354,4306
86354,1580
86354,733
86354,165
86354,780
86354,8961
86354,2571
86354,1291
86354,1198
56825,55820
56825,60069
56825,81845
56825,46578
56825,80463
56825,112852
56825,7502
56825,356
56825,48774
56825,68157
56186,4896
56186,70286
56186,46578
56186,1073
56186,1682
56186,2028
56186,2700
56186,1206
56186,1080
56186,5445
116084,608
116084,2712
116084,1732
116084,1682
116084,2291
116084,1884
116084,589
116084,4105
116084,6016
116084,6502
135996,5418
135996,46578
135996,55820
135996,8784
135996,1193
135996,6711
135996,48385
135996,2918
135996,1393
135996,4306
101768,1079
101768,5945
101768,2329
101768,3160
101768,1080
101768,6953
101768,68954
101768,2762
101768,3481
101768,110
80640,1961
80640,2959
80640,2997
80640,2571
80640,1089
80640,1079
80640,111
80640,1213
80640,1198
80640,508
84315,2858
84315,356
84315,593
84315,47
84315,260
84315,4995
84315,7361
84315,8798
84315,7254
84315,1036
99856,1240
99856,356
99856,2028
99856,527
99856,1196
99856,318
99856,1079
99856,1291
99856,1270
99856,2302
76464,3578
76464,593
76464,2762
76464,2028
76464,8961
76464,110
76464,4886
76464,54286
76464,6539
76464,32587
1384,2762
1384,593
1384,58559
1384,68954
1384,318
1384,296
1384,50
1384,60069
1384,1197
1384,2028
39050,7153
39050,58559
39050,51662
39050,2706
39050,5989
39050,5418
39050,73017
39050,50872
39050,78499
39050,53996
2160,32
2160,1210
2160,2329
2160,5902
2160,1206
2160,1732
2160,2502
2160,1193
2160,7438
2160,6874
10688,2571
10688,69844
10688,47
10688,76093
10688,74458
10688,64614
10688,8961
10688,95510
10688,3793
10688,81591
58788,4973
58788,1197
58788,2959
58788,4995
58788,5971
58788,72998
58788,7143
58788,745
58788,78499
58788,40629
86592,1193
86592,1206
86592,4298
86592,2206
86592,2180
86592,2178
86592,2181
86592,32
86592,6953
86592,5608
48816,79132
48816,364
48816,586
48816,40870
48816,48997
48816,55442
48816,3489
48816,4306
48816,5995
48816,1262
81117,1375
81117,541
81117,1199
81117,32
81117,296
81117,903
81117,1136
81117,1198
81117,1653
81117,4226
77353,2959
77353,858
77353,2858
77353,6539
77353,593
77353,55820
77353,318
77353,56367
77353,1
77353,4886
6071,47
6071,318
6071,4306
6071,1721
6071,4973
6071,5377
6071,3408
6071,3578
6071,4014
6071,5445
27860,778
27860,296
27860,293
27860,99114
27860,6016
27860,46723
27860,4995
27860,1961
27860,2329
27860,55820
8203,2352
8203,1292
8203,1449
8203,1235
8203,898
8203,1185
8203,994
8203,1077
8203,911
8203,1234
20453,40815
20453,830
20453,54001
20453,8970
20453,6942
20453,2746
20453,5299
20453,7147
20453,3489
20453,3247
70383,50
70383,593
70383,2858
70383,55820
70383,4973
70383,318
70383,714
70383,2174
70383,55269
70383,858
39052,1580
39052,2788
39052,2174
39052,3052
39052,2572
39052,1441
39052,2124
39052,8961
39052,2657
39052,1968
15555,47
15555,593
15555,2858
15555,296
15555,318
15555,1073
15555,223
15555,2762
15555,2571
15555,1206
68037,778
68037,2329
68037,4963
68037,593
68037,4306
68037,2858
68037,1527
68037,2762
68037,1682
68037,2706
98586,6874
98586,8644
98586,34405
98586,2959
98586,2762
98586,27904
98586,48780
98586,3000
98586,6333
98586,45499
13833,111
13833,1221
13833,296
13833,1230
13833,912
13833,7361
13833,2959
13833,1206
13833,593
13833,99114
57024,1221
57024,454
57024,1961
57024,1193
57024,590
57024,2858
57024,1240
57024,1265
57024,1089
57024,480
73773,40815
73773,356
73773,4963
73773,49530
73773,4995
73773,48516
73773,63082
73773,55052
73773,4246
73773,2858
3415,8961
3415,1246
3415,2028
3415,1961
3415,1197
3415,1270
3415,527
3415,593
3415,3578
3415,1265
28447,2700
28447,1729
28447,55820
28447,45728
28447,3174
28447,1288
28447,1673
28447,81591
28447,2502
28447,1258
21081,608
21081,1961
21081,1721
21081,2028
21081,1198
21081,2396
21081,150
21081,587
21081,364
21081,47
111633,296
111633,8961
111633,1223
111633,745
111633,3751
111633,1148
111633,4027
111633,6807
111633,2716
111633,2542
105842,6383
105842,4306
105842,344
105842,2571
105842,1580
105842,2378
105842,6548
105842,3578
105842,19
105842,2959
79943,110
79943,4306
79943,7361
79943,356
79943,33794
79943,2571
79943,4034
79943,6874
79943,6539
79943,1
19826,318
19826,3147
19826,5679
19826,70
19826,1407
19826,1997
19826,2710
19826,3081
19826,3578
19826,724
62724,31685
62724,3948
62724,30825
62724,1485
62724,1036
62724,1370
62724,8984
62724,2671
62724,380
62724,54276
82483,1197
82483,1198
82483,4973
82483,1210
82483,47
82483,2329
82483,48780
82483,81845
82483,3147
82483,33794
109572,68954
109572,1136
109572,4973
109572,2858
109572,1199
109572,589
109572,1653
109572,1258
109572,4306
109572,1240
127579,1089
127579,53519
127579,2571
127579,6502
127579,8917
127579,1213
127579,3535
127579,4011
127579,750
127579,7360
64582,1240
64582,6934
64582,2571
64582,150
64582,1270
64582,1356
64582,1584
64582,2628
64582,33493
64582,1036
1433,3578
1433,541
1433,85414
1433,356
1433,82459
1433,1291
1433,44191
1433,2959
1433,32
1433,59369
211,588
211,480
211,110
211,1
211,595
211,47
211,6874
211,4963
211,260
211,3114
71078,8981
71078,1777
71078,8366
71078,1485
71078,2144
71078,7361
71078,1895
71078,597
71078,6863
71078,736
32519,6016
32519,47
32519,4226
32519,1258
32519,6711
32519,778
32519,3160
32519,608
32519,4979
32519,2318
51415,7022
51415,8370
51415,7235
51415,49272
51415,2762
51415,3052
51415,27592
51415,1214
51415,5679
51415,163
70793,4226
70793,1210
70793,260
70793,593
70793,4973
70793,50
70793,1197
70793,150
70793,4995
70793,7361
47445,913
47445,1198
47445,608
47445,1203
47445,1271
47445,7669
47445,6639
47445,1225
47445,910
47445,150
88518,34437
88518,61323
88518,71745
88518,924
88518,2959
88518,106920
88518,1206
88518,7123
88518,3075
88518,90531
32608,33794
32608,2858
32608,593
32608,318
32608,5971
32608,4896
32608,2762
32608,7099
32608,46578
32608,4973
10098,46578
10098,4993
10098,52975
10098,1721
10098,4306
10098,595
10098,45028
10098,48774
10098,318
10098,54001
49291,1270
49291,1225
49291,1784
49291,2858
49291,592
49291,3363
49291,588
49291,912
49291,2791
49291,4085
102893,2959
102893,750
102893,48394
102893,50
102893,1266
102893,1262
102893,55118
102893,1950
102893,1945
102893,30749
34440,593
34440,6731
34440,5853
34440,3917
34440,1255
34440,380
34440,3918
34440,2867
34440,1350
34440,480
43354,2858
43354,47
43354,2959
43354,1219
43354,903
43354,318
43354,48516
43354,44555
43354,778
43354,55820
106682,1199
106682,608
106682,4878
106682,50
106682,593
106682,111
106682,924
106682,1237
106682,4979
106682,5291
109992,1197
109992,1307
109992,150
109992,1246
109992,1641
109992,500
109992,2762
109992,527
109992,2716
109992,4896
99499,26479
99499,8360
99499,26375
99499,45517
99499,60487
99499,6104
99499,950
99499,25868
99499,8827
99499,25753
39464,33794
39464,4993
39464,7153
39464,6333
39464,4896
39464,79132
39464,86332
39464,88140
39464,45499
39464,6539
33711,1196
33711,41566
33711,33794
33711,5445
33711,41569
33711,318
33711,45722
33711,2571
33711,45499
33711,260
66499,4226
66499,2571
66499,2403
66499,4855
66499,49272
66499,1255
66499,3535
66499,1220
66499,3198
66499,44191
126763,6934
126763,8810
126763,32587
126763,53972
126763,7360
126763,31696
126763,53996
126763,6874
126763,56174
126763,2571
105705,165
105705,150
105705,2918
105705,356
105705,58559
105705,88
105705,4993
105705,1196
105705,2082
105705,4886
91177,6711
91177,2502
91177,592
91177,1196
91177,4306
91177,260
91177,3578
91177,1682
91177,1097
91177,3147
84314,5952
84314,2762
84314,4306
84314,3578
84314,110
84314,8360
84314,2571
84314,5064
84314,2081
84314,150
47783,50
47783,356
47783,110
47783,1997
47783,1222
47783,1225
47783,1219
47783,5618
47783,590
47783,1089
124918,4878
124918,780
124918,1089
124918,8784
124918,1704
124918,364
124918,2683
124918,8636
124918,1393
124918,2804
85303,1198
85303,1196
85303,593
85303,2997
85303,1201
85303,50
85303,1210
85303,288
85303,2858
85303,4306
96858,1265
96858,5418
96858,1036
96858,5445
96858,68358
96858,1704
96858,2716
96858,2502
96858,3793
96858,733
57626,33493
57626,64839
57626,54503
57626,41285
57626,72011
57626,64614
57626,34162
57626,41569
57626,39292
57626,55805
85495,49272
85495,53322
85495,3578
85495,59369
85495,3916
85495,51662
85495,356
85495,44199
85495,5010
85495,5349
31857,5445
31857,110
31857,49530
31857,4963
31857,48516
31857,48780
31857,733
31857,49272
31857,53996
31857,4226
2246,3408
2246,2858
2246,589
2246,5349
2246,364
2246,3578
2246,47
2246,2959
2246,4306
2246,4963
18796,5377
18796,3556
18796,357
18796,1997
18796,2908
18796,2858
18796,5945
18796,539
18796,1923
18796,3967
18448,593
18448,318
18448,1089
18448,47
18448,2329
18448,1213
18448,293
18448,6377
18448,5952
18448,4993
77893,54286
77893,4896
77893,50
77893,59784
77893,91542
77893,96610
77893,1250
77893,68237
77893,953
77893,1617
4186,1291
4186,4226
4186,2716
4186,6377
4186,4306
4186,1206
4186,1580
4186,4886
4186,1527
4186,2918
13640,6377
13640,4016
13640,5952
13640,3793
13640,1025
13640,3034
13640,2139
13640,2394
13640,5444
13640,4306
86467,110
86467,1073
86467,4027
86467,586
86467,5952
86467,7153
86467,4993
86467,2115
86467,1923
86467,339
42726,74458
42726,3052
42726,4553
42726,610
42726,7481
42726,54995
42726,4975
42726,94864
42726,3300
42726,1682
36250,296
36250,39
36250,223
36250,2918
36250,4011
36250,3253
36250,778
36250,1777
36250,2959
36250,141
85833,1610
85833,3836
85833,59315
85833,3098
85833,1240
85833,8039
85833,1302
85833,2012
85833,1198
85833,64614
25012,74458
25012,6539
25012,79695
25012,59784
25012,81229
25012,40815
25012,79185
25012,53972
25012,64614
25012,61132
30352,1213
30352,1250
30352,924
30352,5995
30352,1086
30352,3735
30352,1237
30352,1204
30352,7438
30352,1333
113957,1028
113957,6377
113957,56367
113957,7669
113957,2059
113957,953
113957,4306
113957,262
113957,17
113957,1
58451,4306
58451,2761
58451,37729
58451,39183
58451,2291
58451,48774
58451,2081
58451,7147
58451,64575
58451,6350
69014,7153
69014,4016
69014,8636
69014,1196
69014,1291
69014,780
69014,4896
69014,5952
69014,2000
69014,3996
113645,1197
113645,3114
113645,8961
113645,364
113645,3793
113645,72998
113645,1097
113645,780
113645,2115
113645,924
124104,1240
124104,6016
124104,2571
124104,5349
124104,8983
124104,7361
124104,1036
124104,31878
124104,3052
124104,1222
11860,2571
11860,527
11860,1208
11860,79132
11860,1196
11860,1213
11860,110
11860,48516
11860,7361
11860,1193
21342,733
21342,377
21342,1307
21342,2858
21342,608
21342,141
21342,1193
21342,380
21342,34
21342,1208
77569,2858
77569,47
77569,50
77569,4226
77569,2997
77569,6807
77569,1193
77569,3000
77569,1245
77569,1213
113588,6539
113588,318
113588,72998
113588,5618
113588,2762
113588,1270
113588,1291
113588,2393
113588,4306
113588,8961
23326,1136
23326,50
23326,541
23326,750
23326,1172
23326,1207
23326,1089
23326,1233
23326,293
23326,1234
137623,1
137623,70286
137623,68954
137623,778
137623,60069
137623,4878
137623,2858
137623,2918
137623,6377
137623,1213
47440,2918
47440,1219
47440,608
47440,2571
47440,919
47440,260
47440,1777
47440,2762
47440,356
47440,1968
81813,1089
81813,858
81813,318
81813,260
81813,48780
81813,33794
81813,356
81813,4878
81813,4011
81813,1198
127098,97921
127098,81847
127098,73017
127098,76093
127098,91658
127098,91542
127098,95510
127098,98809
127098,89492
127098,99114
35461,2696
35461,46967
35461,2959
35461,60408
35461,59026
35461,2858
35461,2571
35461,296
35461,27815
35461,8604
94090,49272
94090,48516
94090,39292
94090,44709
94090,59315
94090,41997
94090,30749
94090,41566
94090,50685
94090,47629
16136,260
16136,527
16136,8961
16136,1073
16136,1136
16136,78499
16136,1198
16136,3114
16136,88810
16136,81845
105059,2329
105059,6502
105059,56174
105059,45186
105059,2916
105059,380
105059,3863
105059,6548
105059,6952
105059,1645
84527,7438
84527,6874
84527,48394
84527,58559
84527,55820
84527,2571
84527,79132
84527,7361
84527,61240
84527,68157
62897,780
62897,2858
62897,1676
62897,364
62897,1573
62897,108932
62897,586
62897,1197
62897,1225
62897,2
130720,1580
130720,1198
130720,1721
130720,587
130720,50
130720,2959
130720,364
130720,339
130720,588
130720,2028
33376,5418
33376,6502
33376,253
33376,1036
33376,4226
33376,2858
33376,1089
33376,50
33376,353
33376,7438
70232,91630
70232,77561
70232,98809
70232,79091
70232,90746
70232,99149
70232,68954
70232,106487
70232,106489
70232,102125
28606,2571
28606,1732
28606,55820
28606,1213
28606,2959
28606,58559
28606,63082
28606,64614
28606,1221
28606,8665
29021,4886
29021,356
29021,2762
29021,1270
29021,58559
29021,2987
29021,253
29021,2571
29021,1028
29021,8961
50891,1127
50891,1203
50891,2529
50891,1253
50891,2664
50891,858
50891,913
50891,2528
50891,6774
50891,59315
109223,1580
109223,6539
109223,589
109223,4886
109223,5418
109223,60069
109223,5349
109223,4306
109223,648
109223,5445
124741,4447
124741,54276
124741,2571
124741,4310
124741,1088
124741,57951
124741,4993
124741,597
124741,60074
124741,8361
53539,50
53539,2858
53539,96610
53539,2959
53539,88129
53539,58559
53539,4226
53539,1193
53539,111
53539,81591
129024,356
129024,2791
129024,4571
129024,1079
129024,1073
129024,2011
129024,1
129024,33794
129024,380
129024,480
119953,58559
119953,2329
119953,47
119953,48516
119953,1213
119953,1270
119953,608
119953,2858
119953,54286
119953,1036
33943,7090
33943,2019
33943,1243
33943,1249
33943,31658
33943,3996
33943,8961
33943,1196
33943,541
33943,4973
105686,260
105686,1136
105686,32
105686,4226
105686,1240
105686,1198
105686,1210
105686,4993
105686,5618
105686,2019
100027,4306
100027,3793
100027,3578
100027,260
100027,3147
100027,6539
100027,1954
100027,1407
100027,3948
100027,1265
130763,1219
130763,2028
130763,942
130763,954
130763,1213
130763,922
130763,923
130763,7215
130763,902
130763,1259
128992,59369
128992,4238
128992,805
128992,112171
128992,55290
128992,30707
128992,64614
128992,30749
128992,1608
128992,95510
25268,2959
25268,4447
25268,1968
25268,1982
25268,2804
25268,2599
25268,4878
25268,223
25268,904
25268,1193
9668,48516
9668,110
9668,1721
9668,150
9668,780
9668,2858
9668,592
9668,380
9668,50
9668,30749
132154,318
132154,6377
132154,33794
132154,5952
132154,44191
132154,32587
132154,110
132154,296
132154,8961
132154,2762
47100,1213
47100,110
47100,4226
47100,7438
47100,527
47100,32587
47100,44191
47100,57669
47100,3949
47100,1089
11233,480
11233,356
11233,60069
11233,70286
11233,79132
11233,2762
11233,60684
11233,780
11233,316
11233,293
93609,47
93609,1961
93609,1200
93609,58559
93609,1222
93609,1090
93609,45928
93609,27904
93609,27846
93609,2028
93956,6377
93956,89745
93956,68954
93956,48780
93956,4963
93956,4993
93956,44191
93956,112852
93956,3578
93956,4306
30615,296
30615,46578
30615,58559
30615,68157
30615,7361
30615,4979
30615,35836
30615,81845
30615,61323
30615,8641
107165,48783
107165,48304
107165,48738
107165,318
107165,45722
107165,49824
107165,46723
107165,2762
107165,30749
107165,110
40109,50
40109,4878
40109,4995
40109,48394
40109,110
40109,1240
40109,1200
40109,589
40109,7438
40109,457
58505,33794
58505,58559
58505,5445
58505,48780
58505,318
58505,5952
58505,4993
58505,7153
58505,69122
58505,49272
27078,1221
27078,44191
27078,49272
27078,50
27078,356
27078,2762
27078,2502
27078,1198
27078,4963
27078,6539
92262,32
92262,2762
92262,593
92262,4226
92262,2858
92262,4963
92262,3147
92262,778
92262,4034
92262,5995
73893,1961
73893,1198
73893,110
73893,1270
73893,2
73893,1
73893,1704
73893,5816
73893,1527
73893,150
86364,6016
86364,296
86364,778
86364,4878
86364,4973
86364,318
86364,608
86364,8950
86364,1206
86364,48394
100371,67997
100371,2502
100371,1213
100371,8784
100371,46723
100371,1466
100371,48385
100371,5945
100371,4979
100371,69122
93780,1210
93780,3996
93780,4993
93780,2692
93780,2571
93780,296
93780,4973
93780,6539
93780,4306
93780,2959
27356,2571
27356,2329
27356,4878
27356,7361
27356,4995
27356,48394
27356,593
27356,318
27356,4973
27356,6711
4687,1307
4687,708
4687,1923
4687,500
4687,832
4687,337
4687,11
4687,2797
4687,4306
4687,104
16036,4226
16036,593
16036,32
16036,4878
16036,296
16036,44191
16036,110
16036,32587
16036,3578
16036,318
130686,5349
130686,1136
130686,7153
130686,1198
130686,59315
130686,3253
130686,51255
130686,2115
130686,780
130686,1291
109460,60069
109460,3949
109460,4878
109460,1213
109460,288
109460,5952
109460,1625
109460,1704
109460,7153
109460,64839
63292,5952
63292,4993
63292,1270
63292,1
63292,858
63292,919
63292,480
63292,7153
63292,1101
63292,780
20351,6539
20351,318
20351,736
20351,110
20351,457
20351,2268
20351,5445
20351,5952
20351,4993
20351,296
8932,4226
8932,48774
8932,6502
8932,260
8932,590
8932,1617
8932,3408
8932,1210
8932,2997
8932,45210
52934,4027
52934,8961
52934,4886
52934,7361
52934,5952
52934,7153
52934,4993
52934,2502
52934,899
52934,1270
47654,4306
47654,2762
47654,527
47654,2571
47654,1674
47654,1617
47654,1291
47654,5952
47654,4993
47654,2716
64985,68954
64985,4973
64985,55444
64985,4226
64985,48780
64985,27773
64985,2858
64985,55069
64985,81591
64985,66097
34718,2329
34718,1206
34718,541
34718,2692
34718,79132
34718,778
34718,1527
34718,318
34718,593
34718,47
70593,2959
70593,589
70593,260
70593,1198
70593,541
70593,1527
70593,32587
70593,32
70593,1210
70593,1036
70282,34048
70282,68157
70282,40278
70282,30812
70282,64839
70282,6774
70282,48780
70282,56174
70282,8464
70282,45499
5696,1580
5696,2959
5696,33794
5696,44191
5696,780
5696,31878
5696,6539
5696,480
5696,1210
5696,51255
43260,318
43260,7361
43260,2997
43260,4973
43260,1210
43260,1196
43260,593
43260,2692
43260,50
43260,608
100482,33794
100482,293
100482,2890
100482,7981
100482,3681
100482,1198
100482,1252
100482,1208
100482,40583
100482,6711
6296,7361
6296,858
6296,2959
6296,1089
6296,2858
6296,1213
6296,1210
6296,4226
6296,2571
6296,111
47381,1089
47381,2959
47381,2329
47381,1193
47381,1208
47381,47
47381,527
47381,1252
47381,904
47381,4226
131320,1704
131320,30707
131320,48516
131320,1228
131320,3897
131320,41997
131320,37741
131320,593
131320,2571
131320,1203
38251,47
38251,1527
38251,32
38251,3421
38251,2161
38251,7147
38251,61132
38251,3081
38251,4002
38251,2858
121978,4226
121978,919
121978,1252
121978,3418
121978,1617
121978,3996
121978,357
121978,593
121978,1584
121978,1208
14876,6539
14876,4886
14876,35836
14876,6377
14876,588
14876,500
14876,8961
14876,56949
14876,597
14876,364
86992,4963
86992,110
86992,296
86992,1
86992,3147
86992,3578
86992,1923
86992,4993
86992,7153
86992,1210
131829,62434
131829,34405
131829,1527
131829,71106
131829,260
131829,1500
131829,1748
131829,4878
131829,47997
131829,296
72134,4886
72134,110
72134,2762
72134,8961
72134,58559
72134,4963
72134,49272
72134,33794
72134,1270
72134,480
103975,318
103975,2858
103975,2959
103975,81591
103975,593
103975,80463
103975,1704
103975,91658
103975,55247
103975,1193
129907,47
129907,30707
129907,55290
129907,27773
129907,6870
129907,40819
129907,58559
129907,7158
129907,2959
129907,7156
16556,1221
16556,969
16556,1213
16556,50
16556,908
16556,903
16556,1252
16556,1272
16556,3468
16556,2028
52184,1270
52184,2762
52184,1196
52184,2028
52184,356
52184,51662
52184,2959
52184,780
52184,1198
52184,1291
120131,44555
120131,5225
120131,46578
120131,53894
120131,6016
120131,27803
120131,48738
120131,30707
120131,7361
120131,39183
15941,318
15941,68954
15941,1527
15941,541
15941,1089
15941,4973
15941,47
15941,293
15941,741
15941,1200
86077,1198
86077,1193
86077,4226
86077,2571
86077,296
86077,1196
86077,4993
86077,3499
86077,968
86077,7153
92179,527
92179,3578
92179,7153
92179,8961
92179,3147
92179,2959
92179,520
92179,2858
92179,47
92179,158
53693,2692
53693,3552
53693,2406
53693,1214
53693,356
53693,480
53693,110
53693,8633
53693,1394
53693,2371
40720,597
40720,778
40720,2329
40720,1527
40720,208
40720,1721
40720,44665
40720,3147
40720,36529
40720,6711
49865,527
49865,2959
49865,32
49865,4993
49865,150
49865,1270
49865,110
49865,541
49865,356
49865,1198
30563,527
30563,1961
30563,48780
30563,44191
30563,54286
30563,49530
30563,1089
30563,1
30563,4226
30563,33166
67992,70286
67992,60069
67992,2959
67992,68358
67992,58559
67992,66934
67992,7153
67992,4993
67992,56367
67992,5971
47874,1200
47874,356
47874,480
47874,3578
47874,2959
47874,2628
47874,589
47874,110
47874,780
47874,1291
48691,4878
48691,74458
48691,1923
48691,3578
48691,7438
48691,2762
48691,2028
48691,608
48691,223
48691,81932
114202,4963
114202,6539
114202,2858
114202,4306
114202,2762
114202,5816
114202,4896
114202,81591
114202,595
114202,5218
99534,50
99534,48516
99534,2571
99534,49272
99534,4226
99534,4306
99534,5418
99534,318
99534,4973
99534,46578
7820,593
7820,318
7820,1214
7820,2571
7820,2019
7820,4993
7820,1242
7820,1262
7820,7153
7820,1272
131347,46723
131347,7361
131347,55276
131347,73023
131347,6787
131347,40819
131347,1682
131347,89745
131347,71211
131347,1333
88221,2959
88221,2858
88221,2571
88221,592
88221,1089
88221,541
88221,4226
88221,1136
88221,924
88221,1206
29496,1246
29496,1101
29496,1517
29496,1393
29496,508
29496,1784
29496,2396
29496,3793
29496,3996
29496,1777
45387,4896
45387,1196
45387,54001
45387,58559
45387,48780
45387,6377
45387,260
45387,2959
45387,73017
45387,54259
45161,908
45161,904
45161,50
45161,913
45161,2176
45161,8228
45161,1288
45161,2949
45161,1079
45161,541
68878,72998
68878,81845
68878,6874
68878,2858
68878,593
68878,5349
68878,4022
68878,99114
68878,55442
68878,30749
77231,2762
77231,296
77231,1219
77231,111
77231,1097
77231,1
77231,3114
77231,2716
77231,2571
77231,919
137333,593
137333,8961
137333,1682
137333,7438
137333,5418
137333,7153
137333,4993
137333,1704
137333,3114
137333,5952
133171,48516
133171,3578
133171,50
133171,4963
133171,47629
133171,55276
133171,81845
133171,4973
133171,1221
133171,2858
14207,1732
14207,5903
14207,74458
14207,44665
14207,4262
14207,3147
14207,1704
14207,1884
14207,5989
14207,5954
98314,80463
98314,81847
98314,84392
98314,87306
98314,86332
98314,90746
98314,78499
98314,81788
98314,2605
98314,88744
100667,50
100667,593
100667,356
100667,2571
100667,1270
100667,79132
100667,1196
100667,260
100667,858
100667,60069
137128,2959
137128,110
137128,733
137128,589
137128,58559
137128,1
137128,4306
137128,47
137128,150
137128,4963
106832,8665
106832,150
106832,4963
106832,5418
106832,3578
106832,2028
106832,3147
106832,3360
106832,7263
106832,1210
62048,50
62048,2959
62048,48394
62048,593
62048,296
62048,7438
62048,6934
62048,6365
62048,89745
62048,4306
83007,8360
83007,2762
83007,3793
83007,68954
83007,1097
83007,2291
83007,260
83007,586
83007,500
83007,1270
18010,1193
18010,6377
18010,3275
18010,68358
18010,527
18010,47610
18010,1961
18010,733
18010,2028
18010,1073
97218,1
97218,950
97218,4327
97218,745
97218,904
97218,750
97218,919
97218,6787
97218,923
97218,6777
8899,296
8899,3578
8899,2762
8899,81845
8899,5952
8899,4973
8899,47
8899,1704
8899,4963
8899,72998
53515,2396
53515,1
53515,34
53515,356
53515,272
53515,6550
53515,4308
53515,5669
53515,5446
53515,4886
43555,1089
43555,7361
43555,58559
43555,3578
43555,1222
43555,68157
43555,4993
43555,36529
43555,2542
43555,3949
24020,4896
24020,480
24020,4306
24020,7153
24020,2571
24020,5378
24020,33794
24020,50872
24020,5816
24020,49272
125148,364
125148,595
125148,6377
125148,593
125148,1197
125148,26662
125148,2081
125148,1387
125148,953
125148,2987
122250,595
122250,318
122250,457
122250,1721
122250,736
122250,1097
122250,1265
122250,364
122250,2762
122250,1203
23318,1196
23318,260
23318,1387
23318,1291
23318,318
23318,1214
23318,79132
23318,5418
23318,58559
23318,1270
67544,48774
67544,79132
67544,101864
67544,6
67544,57669
67544,1274
67544,103253
67544,293
67544,106782
67544,1527
70709,4022
70709,47
70709,318
70709,2571
70709,231
70709,150
70709,48516
70709,4011
70709,1580
70709,1704
104031,5952
104031,1214
104031,648
104031,2628
104031,4963
104031,5679
104031,1961
104031,318
104031,58559
104031,4306
4034,4011
4034,6874
4034,2716
4034,6502
4034,1580
4034,3052
4034,2683
4034,4370
4034,2997
4034,7438
28632,6539
28632,6377
28632,4226
28632,50
28632,593
28632,2571
28632,1270
28632,4886
28632,1961
28632,1197
119220,1127
119220,51662
119220,2959
119220,296
119220,3702
119220,2985
119220,91529
119220,70286
119220,60684
119220,318
138019,5377
138019,377
138019,2302
138019,1639
138019,2908
138019,2571
138019,1079
138019,592
138019,4226
138019,3361
53472,79091
53472,63082
53472,6539
53472,8665
53472,2028
53472,4993
53472,364
53472,76093
53472,3147
53472,296
76492,541
76492,1200
76492,293
76492,4226
76492,1214
76492,2571
76492,32
76492,527
76492,1089
76492,5618
11843,46578
11843,745
11843,38038
11843,54503
11843,35836
11843,7361
11843,34338
11843,34542
11843,8641
11843,6755
62984,2078
62984,4571
62984,30793
62984,41569
62984,2723
62984,41997
62984,3755
62984,6863
62984,48774
62984,54503
34937,5952
34937,1210
34937,4306
34937,260
34937,1196
34937,2571
34937,4993
34937,7153
34937,3996
34937,6333
98789,1961
98789,3448
98789,318
98789,1265
98789,1704
98789,2150
98789,1302
98789,1610
98789,1225
98789,1693
19483,2571
19483,1748
19483,6807
19483,32
19483,2692
19483,2968
19483,1653
19483,2788
19483,2987
19483,3793
10778,50
10778,858
10778,912
10778,318
10778,1270
10778,1198
10778,2028
10778,480
10778,1
10778,1961
137024,8961
137024,47
137024,3578
137024,44191
137024,356
137024,858
137024,33166
137024,8636
137024,593
137024,4262
130555,1732
130555,541
130555,58559
130555,1136
130555,4226
130555,1617
130555,527
130555,1203
130555,1080
130555,55820
20322,50872
20322,318
20322,7361
20322,79132
20322,63082
20322,44191
20322,48780
20322,6377
20322,49272
20322,2858
92255,1527
92255,50
92255,111
92255,1213
92255,318
92255,1221
92255,4011
92255,592
92255,3527
92255,1220
100804,32587
100804,49272
100804,55820
100804,48780
100804,30793
100804,45722
100804,38061
100804,76251
100804,77561
100804,46976
14726,66097
14726,2858
14726,593
14726,4973
14726,51255
14726,7022
14726,56339
14726,296
14726,318
14726,2762
104803,79132
104803,88125
104803,69844
104803,45499
104803,54286
104803,46972
104803,56152
104803,81834
104803,73017
104803,98809
124127,589
124127,6874
124127,318
124127,2028
124127,7438
124127,32587
124127,356
124127,33493
124127,2858
124127,1214
51456,78039
51456,3949
51456,3897
51456,1617
51456,55118
51456,8784
51456,64839
51456,54503
51456,55805
51456,86320
121358,2959
121358,5618
121358,6539
121358,8368
121358,48394
121358,7361
121358,33794
121358,56367
121358,6377
121358,73017
12373,4993
12373,7153
12373,47
12373,2762
12373,1270
12373,588
12373,5349
12373,4226
12373,4886
12373,5952
122211,6539
122211,356
122211,296
122211,59369
122211,589
122211,8665
122211,733
122211,260
122211,72998
122211,1240
75946,5378
75946,6539
75946,780
75946,1552
75946,6365
75946,3697
75946,592
75946,3981
75946,10
75946,2628
35480,2959
35480,527
35480,1704
35480,70286
35480,1136
35480,76093
35480,150
35480,457
35480,47
35480,293
22481,1197
22481,2716
22481,1610
22481,527
22481,3671
22481,3471
22481,2918
22481,4306
22481,110
22481,3578
33405,480
33405,6502
33405,1193
33405,1387
33405,8507
33405,1982
33405,4754
33405,2529
33405,3018
33405,589
2328,7147
2328,4878
2328,7293
2328,2571
2328,2329
2328,46578
2328,2762
2328,5225
2328,46976
2328,4975
22583,60069
22583,296
22583,1732
22583,48394
22583,56782
22583,46578
22583,4878
22583,68157
22583,6440
22583,2395
39550,1961
39550,2959
39550,4995
39550,1704
39550,5989
39550,2858
39550,2329
39550,2762
39550,2028
39550,7361
68222,2716
68222,364
68222,356
68222,1136
68222,2762
68222,6662
68222,2671
68222,780
68222,17
68222,2617
44573,1270
44573,2762
44573,2858
44573,296
44573,4306
44573,1198
44573,6377
44573,4993
44573,457
44573,1
73919,1222
73919,1213
73919,1732
73919,2918
73919,1089
73919,50
73919,593
73919,56782
73919,44195
73919,3671
85846,1198
85846,858
85846,48516
85846,3578
85846,2028
85846,608
85846,1270
85846,2329
85846,2762
85846,1196
67847,110
67847,2542
67847,7438
67847,527
67847,4993
67847,2858
67847,3996
67847,293
67847,1617
67847,1193
133980,1214
133980,48394
133980,33004
133980,1175
133980,34319
133980,2232
133980,1206
133980,1240
133980,6711
133980,46976
74928,2571
74928,2959
74928,4226
74928,58559
74928,3578
74928,1203
74928,55820
74928,4011
74928,6947
74928,33794
133292,5418
133292,54286
133292,296
133292,69122
133292,51935
133292,36529
133292,4306
133292,48780
133292,96610
133292,95441
55699,7153
55699,4993
55699,4306
55699,356
55699,1721
55699,110
55699,4886
55699,5952
55699,79132
55699,59784
60805,56174
60805,53125
60805,54001
60805,2268
60805,60074
60805,589
60805,377
60805,46972
60805,2797
60805,4022
2835,1265
2835,1704
2835,1387
2835,527
2835,4995
2835,2762
2835,1225
2835,4022
2835,1304
2835,1200
132540,1265
132540,3949
132540,924
132540,55820
132540,608
132540,1682
132540,4973
132540,4979
132540,68237
132540,55247
109351,1136
109351,318
109351,4720
109351,923
109351,110
109351,1721
109351,1784
109351,1246
109351,32587
109351,1198
8183,2918
8183,2716
8183,541
8183,50
8183,1208
8183,527
8183,2028
8183,4226
8183,82459
8183,1291
97277,480
97277,1210
97277,2028
97277,3717
97277,46970
97277,5283
97277,58103
97277,45672
97277,61132
97277,6281
128979,3578
128979,260
128979,296
128979,318
128979,2762
128979,1653
128979,1291
128979,4226
128979,1198
128979,33794
10520,1136
10520,4306
10520,33794
10520,4886
10520,8644
10520,1371
10520,72998
10520,2762
10520,1240
10520,2355
136373,5618
136373,750
136373,858
136373,1212
136373,296
136373,541
136373,5147
136373,2203
136373,3030
136373,912
90908,4993
90908,6874
90908,1198
90908,2959
90908,32587
90908,318
90908,7153
90908,38061
90908,293
90908,858
127298,858
127298,296
127298,1193
127298,1288
127298,608
127298,318
127298,541
127298,1198
127298,79132
127298,1219
100307,527
100307,593
100307,1203
100307,1198
100307,1288
100307,1225
100307,4027
100307,1208
100307,1104
100307,951
15492,4226
15492,5418
15492,7361
15492,318
15492,541
15492,2502
15492,4963
15492,80463
15492,593
15492,4975
21592,3147
21592,1407
21592,2302
21592,5445
21592,3578
21592,2795
21592,2797
21592,2640
21592,3868
21592,11
54074,32587
54074,318
54074,2712
54074,1721
54074,6874
54074,912
54074,1097
54074,1244
54074,3089
54074,150
96453,2858
96453,296
96453,4878
96453,27773
96453,2329
96453,50
96453,31658
96453,4973
96453,33794
96453,48394
38406,1225
38406,1080
38406,2997
38406,4226
38406,608
38406,1258
38406,5952
38406,4993
38406,5690
38406,2010
126956,50
126956,2858
126956,4973
126956,2959
126956,1682
126956,1732
126956,6874
126956,7438
126956,47
126956,778
68659,1210
68659,2959
68659,4226
68659,2571
68659,260
68659,2762
68659,2028
68659,1304
68659,3996
68659,923
86584,32
86584,50
86584,593
86584,2571
86584,7153
86584,110
86584,1089
86584,2762
86584,589
86584,356
113243,1213
113243,2762
113243,356
113243,110
113243,55765
113243,49530
113243,1036
113243,1221
113243,260
113243,26614
25101,3362
25101,1673
25101,27790
25101,1982
25101,8042
25101,55071
25101,34528
25101,1084
25101,3386
25101,3007
124405,58559
124405,7361
124405,1682
124405,750
124405,4973
124405,1270
124405,593
124405,4878
124405,4993
124405,1089
4214,46578
4214,1207
4214,150
4214,1183
4214,1307
4214,1704
4214,4246
4214,62
4214,3418
4214,36
135783,2905
135783,968
135783,1339
135783,1333
135783,6987
135783,2288
135783,26064
135783,1260
135783,541
135783,7013
33991,7143
33991,1222
33991,1580
33991,49530
33991,46723
33991,4011
33991,48304
33991,2194
33991,1721
33991,1089
34238,44555
34238,54503
34238,52241
34238,55276
34238,46976
34238,48516
34238,4973
34238,2395
34238,1247
34238,34437
22375,1
22375,5378
22375,2011
22375,8360
22375,86332
22375,5445
22375,4963
22375,1721
22375,81847
22375,4022
129159,6
129159,3706
129159,2726
129159,969
129159,3741
129159,4329
129159,1250
129159,8042
129159,2076
129159,1240
97843,4226
97843,750
97843,318
97843,6874
97843,2959
97843,1201
97843,1209
97843,356
97843,1089
97843,110
3266,1
3266,318
3266,79132
3266,59315
3266,6377
3266,91529
3266,589
3266,1265
3266,4963
3266,78499
102261,32
102261,32587
102261,50
102261,5445
102261,1240
102261,5952
102261,1196
102261,3578
102261,68358
102261,8665
82725,2571
82725,46578
82725,2321
82725,2997
82725,1968
82725,2762
82725,356
82725,480
82725,58559
82725,1639
122523,50
122523,51255
122523,56251
122523,97306
122523,60161
122523,57669
122523,68157
122523,94466
122523,32
122523,1136
30943,6539
30943,5445
30943,858
30943,356
30943,49272
30943,296
30943,4886
30943,6377
30943,2762
30943,1198
36712,2762
36712,593
36712,1270
36712,2028
36712,858
36712,56367
36712,539
36712,1197
36712,6377
36712,1265
604,500
604,595
604,480
604,1917
604,40815
604,35836
604,7153
604,2005
604,39
604,597
32045,2268
32045,1210
32045,1196
32045,1198
32045,1291
32045,8961
32045,593
32045,5418
32045,4963
32045,296
81626,2762
81626,480
81626,1198
81626,2918
81626,1
81626,1270
81626,858
81626,1923
81626,150
81626,2797
125067,2959
125067,1214
125067,4262
125067,1200
125067,858
125067,50
125067,1036
125067,48516
125067,2329
125067,40732
6553,1537
6553,1674
6553,337
6553,1193
6553,6870
6553,6218
6553,1266
6553,58
6553,1961
6553,1247
68821,2329
68821,2700
68821,3949
68821,2571
68821,4011
68821,4979
68821,4027
68821,1921
68821,5669
68821,1682
90603,55069
90603,6874
90603,89904
90603,3503
90603,80463
90603,32892
90603,1196
90603,16
90603,5902
90603,8638
66236,2571
66236,3984
66236,3635
66236,608
66236,2947
66236,2993
66236,1247
66236,4973
66236,2959
66236,541
1979,4973
1979,318
1979,5952
1979,2571
1979,1960
1979,1244
1979,1299
1979,1197
1979,1131
1979,910
35113,2762
35113,4886
35113,539
35113,1
35113,2081
35113,588
35113,364
35113,5299
35113,2080
35113,2078
5178,8961
5178,587
5178,588
5178,5971
5178,1907
5178,592
5178,2396
5178,1081
5178,899
5178,4014
59697,480
59697,32
59697,733
59697,2959
59697,3793
59697,50
59697,5418
59697,590
59697,318
59697,2987
95794,4993
95794,5952
95794,7153
95794,1073
95794,1097
95794,1608
95794,3552
95794,5103
95794,1917
95794,2058
9742,593
9742,595
9742,4993
9742,4886
9742,7361
9742,48516
9742,79132
9742,2762
9742,7147
9742,4973
34782,58559
34782,8368
34782,1198
34782,87232
34782,76251
34782,71535
34782,1196
34782,260
34782,2717
34782,77561
98487,58998
98487,457
98487,4246
98487,51662
98487,1210
98487,39
98487,4011
98487,33166
98487,3948
98487,4963
64759,1732
64759,1080
64759,5945
64759,3814
64759,2065
64759,1235
64759,337
64759,6711
64759,6440
64759,1175
115857,480
115857,4226
115857,79132
115857,858
115857,527
115857,780
115857,2329
115857,1198
115857,589
115857,58559
70856,5952
70856,2502
70856,4993
70856,4878
70856,7361
70856,2571
70856,2858
70856,3275
70856,293
70856,2028
121930,48394
121930,3910
121930,2360
121930,293
121930,71304
121930,61240
121930,2329
121930,73344
121930,97
121930,6291
70349,2858
70349,608
70349,356
70349,858
70349,1213
70349,1193
70349,1732
70349,527
70349,2329
70349,1222
63811,1198
63811,150
63811,318
63811,47
63811,8961
63811,5989
63811,4995
63811,55765
63811,44665
63811,2628
29355,8665
29355,3578
29355,2959
29355,5903
29355,44199
29355,38061
29355,6016
29355,48780
29355,5445
29355,59369
135498,1196
135498,50
135498,590
135498,380
135498,648
135498,377
135498,318
135498,2959
135498,1210
135498,165
21117,6711
21117,1213
21117,608
21117,527
21117,111
21117,318
21117,47
21117,4973
21117,1090
21117,923
81526,7153
81526,1210
81526,318
81526,527
81526,110
81526,590
81526,47
81526,1089
81526,55820
81526,1206
133070,7361
133070,318
133070,2571
133070,32587
133070,1
133070,44191
133070,4226
133070,2762
133070,1136
133070,1197
23565,6539
23565,296
23565,2959
23565,2858
23565,3408
23565,593
23565,527
23565,1246
23565,337
23565,4993
112305,79132
112305,2502
112305,296
112305,2571
112305,1258
112305,111
112305,1288
112305,608
112305,55247
112305,3949
33022,4226
33022,457
33022,1748
33022,1213
33022,2174
33022,7361
33022,208
33022,8914
33022,1732
33022,608
79175,8796
79175,2640
79175,7091
79175,2115
79175,7121
79175,3361
79175,965
79175,8228
79175,920
79175,1945
107458,68358
107458,1210
107458,1196
107458,1198
107458,480
107458,79132
107458,59315
107458,1270
107458,32587
107458,3578
50137,838
50137,6377
50137,2396
50137,497
50137,7023
50137,5013
50137,1225
50137,6385
50137,745
50137,3751
110826,7982
110826,55820
110826,33896
110826,27801
110826,48394
110826,54995
110826,34542
110826,46578
110826,36276
110826,48774
39397,608
39397,924
39397,1240
39397,31658
39397,2716
39397,2762
39397,1221
39397,1213
39397,3578
39397,4027
27098,6539
27098,33794
27098,593
27098,296
27098,318
27098,356
27098,48394
27098,5349
27098,5445
27098,59315
12838,50
12838,33493
12838,73017
12838,527
12838,6378
12838,8132
12838,2001
12838,6365
12838,1200
12838,593
25856,2671
25856,380
25856,68157
25856,165
25856,50
25856,4011
25856,73017
25856,60074
25856,592
25856,5218
43807,2997
43807,296
43807,2692
43807,5618
43807,3996
43807,1748
43807,32
43807,2571
43807,6711
43807,3000
4045,2571
4045,4963
4045,953
4045,2115
4045,8368
4045,5349
4045,356
4045,1610
4045,954
4045,1036
47917,6874
47917,2959
47917,1270
47917,370
47917,6539
47917,3033
47917,344
47917,2115
47917,318
47917,47
69766,261
69766,56367
69766,2144
69766,46578
69766,40629
69766,838
69766,6539
69766,54259
69766,8970
69766,4246
27719,4011
27719,4262
27719,1682
27719,4995
27719,104
27719,3949
27719,56367
27719,480
27719,3948
27719,51662
42660,4973
42660,593
42660,3147
42660,4995
42660,260
42660,1196
42660,508
42660,595
42660,1704
42660,8961
29879,1387
29879,6874
29879,553
29879,45499
29879,3300
29879,1704
29879,2329
29879,6539
29879,1378
29879,2193
102900,2571
102900,2329
102900,356
102900,8368
102900,40815
102900,5952
102900,4993
102900,6874
102900,7153
102900,2762
50721,85394
50721,2712
50721,63082
50721,902
50721,4848
50721,81591
50721,2067
50721,96488
50721,912
50721,3285
40063,4963
40063,296
40063,2762
40063,5418
40063,1089
40063,44191
40063,44199
40063,1265
40063,3275
40063,457
90569,34542
90569,6380
90569,26131
90569,39292
90569,5339
90569,6993
90569,26587
90569,46578
90569,1446
90569,5056
19018,58559
19018,1219
19018,50
19018,3421
19018,1953
19018,1203
19018,1196
19018,260
19018,1233
19018,1252
14877,4306
14877,541
14877,50
14877,2571
14877,318
14877,296
14877,593
14877,5816
14877,4027
14877,2997
50904,2028
50904,1
50904,48780
50904,3793
50904,50
50904,44191
50904,4027
50904,2115
50904,6874
50904,47
46653,2617
46653,4993
46653,2762
46653,588
46653,1580
46653,8360
46653,30793
46653,41566
46653,4865
46653,4308
132310,44555
132310,904
132310,6953
132310,48780
132310,608
132310,56782
132310,1921
132310,55247
132310,1252
132310,71535
17288,1197
17288,2959
17288,2502
17288,6331
17288,2571
17288,2692
17288,1230
17288,1617
17288,4027
17288,1265
50374,6539
50374,79132
50374,6383
50374,72998
50374,4306
50374,1580
50374,1196
50374,6377
50374,364
50374,4993
99159,480
99159,589
99159,4226
99159,1196
99159,5952
99159,593
99159,1198
99159,2762
99159,7153
99159,4306
18024,5952
18024,7153
18024,150
18024,110
18024,3578
18024,5445
18024,1961
18024,780
18024,2028
18024,1580
64410,318
64410,79132
64410,3793
64410,49272
64410,68358
64410,2571
64410,1291
64410,1198
64410,5349
64410,3275
21395,48780
21395,2571
21395,79132
21395,1193
21395,7147
21395,7438
21395,48516
21395,4878
21395,5618
21395,99114
30473,5349
30473,8961
30473,5445
30473,150
30473,56782
30473,32587
30473,2918
30473,7147
30473,4973
30473,3793
35491,8644
35491,260
35491,2762
35491,296
35491,1198
35491,2617
35491,4963
35491,4022
35491,2716
35491,2353
115142,4993
115142,58559
115142,60069
115142,46578
115142,5989
115142,597
115142,5995
115142,2329
115142,4963
115142,1961
54496,4963
54496,5418
54496,49272
54496,2028
54496,4022
54496,500
54496,76093
54496,1101
54496,595
54496,89492
71763,2571
71763,593
71763,296
71763,92259
71763,2858
71763,4973
71763,2329
71763,63082
71763,4226
71763,1961
66800,71535
66800,59315
66800,72998
66800,58998
66800,6502
66800,61024
66800,58559
66800,3617
66800,7293
66800,60684
43040,110
43040,32
43040,1208
43040,2858
43040,750
43040,32587
43040,7438
43040,6874
43040,4878
43040,1203
54885,2144
54885,3868
54885,2005
54885,1663
54885,2717
54885,4489
54885,4002
54885,2134
54885,4571
54885,2109
11878,80463
11878,56367
11878,68954
11878,63082
11878,69122
11878,71535
11878,58559
11878,76093
11878,2959
11878,4306
13779,4641
13779,296
13779,7361
13779,1273
13779,608
13779,2395
13779,541
13779,750
13779,2997
13779,190
109522,318
109522,32587
109522,6874
109522,71535
109522,34162
109522,48385
109522,7438
109522,377
109522,86377
109522,68237
110032,296
110032,39183
110032,56367
110032,58559
110032,48394
110032,44191
110032,356
110032,5995
110032,60069
110032,593
16918,480
16918,593
16918,47
16918,1721
16918,597
16918,39
16918,2571
16918,1198
16918,587
16918,2248
93573,318
93573,356
93573,4226
93573,1210
93573,2329
93573,589
93573,2762
93573,1136
93573,1089
93573,50
119205,48780
119205,8665
119205,4886
119205,60069
119205,6539
119205,3578
119205,63082
119205,1704
119205,3114
119205,4995
68173,4993
68173,1136
68173,2997
68173,1732
68173,4878
68173,6874
68173,318
68173,8961
68173,2762
68173,4011
63929,527
63929,2918
63929,2571
63929,1198
63929,1258
63929,2762
63929,260
63929,1221
63929,2028
63929,1193
24514,2959
24514,72011
24514,68157
24514,44195
24514,318
24514,1203
24514,53123
24514,44191
24514,1221
24514,750
122219,593
122219,1193
122219,1527
122219,7361
122219,27773
122219,1258
122219,293
122219,5971
122219,1199
122219,6016
55103,2329
55103,48516
55103,318
55103,593
55103,4993
55103,49272
55103,47
55103,50
55103,8132
55103,4262
36752,33166
36752,3578
36752,7254
36752,1682
36752,8798
36752,2353
36752,110
36752,4973
36752,589
36752,7143
23518,81591
23518,116797
23518,97921
23518,96821
23518,64716
23518,7361
23518,88810
23518,92259
23518,109374
23518,99114
79986,50
79986,1682
79986,2997
79986,1
79986,48385
79986,1270
79986,318
79986,778
79986,364
79986,541
61902,40815
61902,2791
61902,4896
61902,1035
61902,2716
61902,440
61902,2987
61902,5299
61902,1307
61902,2746
134558,2959
134558,33794
134558,72998
134558,296
134558,1704
134558,2762
134558,589
134558,480
134558,68954
134558,60069
65299,4226
65299,50
65299,1580
65299,1210
65299,593
65299,1
65299,2571
65299,3578
65299,380
65299,5445
114406,26171
114406,3925
114406,8507
114406,52885
114406,48394
114406,910
114406,42094
114406,7238
114406,2488
114406,4027
67175,1136
67175,1617
67175,10
67175,2683
67175,1291
67175,1517
67175,2987
67175,2028
67175,110
67175,2628
11854,68954
11854,44191
11854,79132
11854,60069
11854,2571
11854,4878
11854,7361
11854,60684
11854,48394
11854,79702
101384,50
101384,99114
101384,2959
101384,48516
101384,541
101384,2571
101384,923
101384,1193
101384,1251
101384,1230
79603,1997
79603,4226
79603,47
79603,2959
79603,593
79603,296
79603,2459
79603,1206
79603,1219
79603,2858
44998,1196
44998,31658
44998,3000
44998,106642
44998,60069
44998,260
44998,5971
44998,5816
44998,73017
44998,8961
102303,1213
102303,293
102303,318
102303,1258
102303,4995
102303,608
102303,288
102303,110
102303,3147
102303,2542
135155,39183
135155,8914
135155,33004
135155,8370
135155,48780
135155,8950
135155,8874
135155,27801
135155,7090
135155,44199
72232,56367
72232,1
72232,55820
72232,4226
72232,68157
72232,68358
72232,63082
72232,3578
72232,2502
72232,5952
130083,4963
130083,356
130083,2571
130083,50
130083,5349
130083,5445
130083,3578
130083,3147
130083,110
130083,32587
18953,2762
18953,318
18953,296
18953,2858
18953,858
18953,110
18953,150
18953,1387
18953,590
18953,2571
121661,296
121661,1193
121661,356
121661,2571
121661,1213
121661,1197
121661,223
121661,1221
121661,4226
121661,923
41107,3578
41107,296
41107,110
41107,593
41107,1213
41107,2194
41107,1089
41107,47
41107,2571
41107,163
82755,1
82755,4306
82755,364
82755,4447
82755,6539
82755,588
82755,3977
82755,4232
82755,8961
82755,4993
22591,1784
22591,597
22591,1270
22591,4963
22591,2571
22591,3578
22591,474
22591,440
22591,260
22591,4306
117064,318
117064,2959
117064,68358
117064,7361
117064,2571
117064,71535
117064,1136
117064,66934
117064,4993
117064,1197
51606,593
51606,1285
51606,6711
51606,2959
51606,3910
51606,55820
51606,3556
51606,2997
51606,4878
51606,1916
1641,457
1641,1270
1641,7153
1641,4993
1641,3578
1641,1204
1641,318
1641,5952
1641,2762
1641,541
19796,4886
19796,2959
19796,2571
19796,8360
19796,8644
19796,7361
19796,5989
19796,6365
19796,1136
19796,5349
67465,5952
67465,1198
67465,2571
67465,4963
67465,8636
67465,8961
67465,150
67465,1610
67465,440
67465,1291
57870,1580
57870,6539
57870,356
57870,4963
57870,35836
57870,1270
57870,588
57870,1968
57870,1073
57870,8961
100020,8957
100020,34162
100020,31878
100020,32587
100020,35836
100020,8917
100020,32029
100020,7143
100020,30793
100020,33646
48958,2028
48958,33794
48958,4963
48958,48780
48958,2762
48958,780
48958,58559
48958,53996
48958,48516
48958,1580
42737,924
42737,902
42737,969
42737,1333
42737,590
42737,903
42737,2529
42737,3471
42737,260
42737,2571
77351,6539
77351,79132
77351,44191
77351,7361
77351,7451
77351,56367
77351,7444
77351,8643
77351,59315
77351,2572
67935,296
67935,2997
67935,2329
67935,562
67935,1089
67935,3949
67935,2571
67935,5618
67935,32587
67935,6711
59707,527
59707,1221
59707,953
59707,1172
59707,318
59707,902
59707,923
59707,933
59707,1207
59707,1203
55875,8961
55875,4306
55875,914
55875,1197
55875,899
55875,58559
55875,1947
55875,5952
55875,7153
55875,68358
8806,5952
8806,7153
8806,3949
8806,48516
8806,50
8806,4878
8806,6874
8806,44191
8806,2858
8806,80463
45524,260
45524,2571
45524,2959
45524,6350
45524,1148
45524,8961
45524,7153
45524,4993
45524,2761
45524,7361
36799,79132
36799,4878
36799,2959
36799,1206
36799,2571
36799,6350
36799,68237
36799,48394
36799,68157
36799,58559
105080,86332
105080,89745
105080,59315
105080,589
105080,4993
105080,77561
105080,56174
105080,6333
105080,6537
105080,80463
16676,81229
16676,88163
16676,91630
16676,69844
16676,67087
16676,69122
16676,91653
16676,78316
16676,79132
16676,67734
80186,260
80186,1196
80186,1198
80186,457
80186,1197
80186,110
80186,592
80186,1210
80186,541
80186,4993
113899,5952
113899,7153
113899,4011
113899,49530
113899,48774
113899,110
113899,4973
113899,4995
113899,50
113899,33794
40905,50
40905,3098
40905,5989
40905,33660
40905,2028
40905,296
40905,3039
40905,1358
40905,40819
40905,2959
66136,733
66136,5989
66136,110
66136,780
66136,58559
66136,3948
66136,2706
66136,104
66136,648
66136,4816
27997,2502
27997,1193
27997,1089
27997,356
27997,2762
27997,32
27997,1222
27997,38061
27997,6016
27997,1617
132321,56367
132321,48774
132321,34437
132321,61323
132321,39292
132321,69481
132321,63876
132321,63082
132321,55118
132321,46578
118074,7361
118074,1136
118074,1222
118074,2959
118074,4973
118074,1260
118074,1213
118074,8014
118074,5669
118074,593
89817,50
89817,56174
89817,44195
89817,7361
89817,49530
89817,55247
89817,56367
89817,8784
89817,4027
89817,32
6530,4963
6530,1270
6530,60069
6530,527
6530,4226
6530,4973
6530,1222
6530,72998
6530,4306
6530,4011
27914,63082
27914,69122
27914,72998
27914,1721
27914,63992
27914,79132
27914,593
27914,58559
27914,586
27914,64622
81974,5952
81974,4993
81974,2571
81974,296
81974,7361
81974,1198
81974,1
81974,2028
81974,63082
81974,589
91114,922
91114,1284
91114,593
91114,1214
91114,2203
91114,2019
91114,2066
91114,1204
91114,928
91114,3334
123529,73017
123529,72998
123529,1
123529,8961
123529,60069
123529,69122
123529,59784
123529,318
123529,1721
123529,80463
13476,58559
13476,2959
13476,51255
13476,4993
13476,1732
13476,6874
13476,2329
13476,1206
13476,33794
13476,1240
46729,5218
46729,1721
46729,4973
46729,2324
46729,1258
46729,4014
46729,5014
46729,4235
46729,5630
46729,7147
45915,733
45915,5254
45915,7163
45915,8972
45915,7373
45915,6548
45915,42738
45915,4701
45915,1876
45915,5378
90091,6539
90091,91529
90091,5971
90091,2959
90091,318
90091,4993
90091,4306
90091,356
90091,79091
90091,54286
29232,33794
29232,91529
29232,1210
29232,73017
29232,7153
29232,91500
29232,1197
29232,76093
29232,1198
29232,5952
122503,4306
122503,1270
122503,1291
122503,1
122503,780
122503,3275
122503,356
122503,49272
122503,79132
122503,51255
69862,4973
69862,356
69862,1
69862,2762
69862,1197
69862,260
69862,1196
69862,6377
69862,2028
69862,750
51420,1214
51420,2959
51420,32
51420,4226
51420,2858
51420,4973
51420,7361
51420,1
51420,1193
51420,1270
43195,1240
43195,356
43195,57528
43195,1580
43195,480
43195,3527
43195,1370
43195,780
43195,1036
43195,110
62459,6539
62459,4886
62459,500
62459,2918
62459,2762
62459,595
62459,2
62459,5349
62459,5952
62459,4993
53948,110
53948,6874
53948,2329
53948,4262
53948,260
53948,1089
53948,2194
53948,1214
53948,7438
53948,4011
70798,6377
70798,4306
70798,2571
70798,356
70798,2858
70798,41566
70798,2396
70798,6539
70798,7361
70798,2959
1693,58559
1693,356
1693,2858
1693,2997
1693,68157
1693,54503
1693,6440
1693,2571
1693,1136
1693,3683
53364,48780
53364,51540
53364,53129
53364,48516
53364,48774
53364,2762
53364,8950
53364,47
53364,6870
53364,39444
15738,6377
15738,4011
15738,296
15738,2858
15738,593
15738,6874
15738,2997
15738,3949
15738,480
15738,2011
48309,1
48309,480
48309,377
48309,1393
48309,832
48309,5218
48309,595
48309,552
48309,165
48309,10
13123,919
13123,364
13123,1
13123,8961
13123,41566
13123,260
13123,1291
13123,969
13123,7614
13123,8636
50166,55820
50166,57669
50166,44199
50166,46976
50166,51662
50166,56782
50166,40819
50166,43396
50166,36529
50166,46723
100479,110
100479,8961
100479,1136
100479,318
100479,44191
100479,2028
100479,1262
100479,1036
100479,34405
100479,48516
59489,2329
59489,56367
59489,58998
59489,4239
59489,1485
59489,333
59489,4874
59489,61024
59489,58559
59489,44191
66023,41997
66023,49272
66023,48774
66023,8983
66023,34048
66023,44555
66023,37733
66023,39183
66023,8961
66023,33004
17724,3034
17724,60069
17724,1
17724,364
17724,2080
17724,81847
17724,48
17724,50872
17724,8961
17724,1688
37507,31658
37507,7361
37507,63082
37507,60069
37507,356
37507,68157
37507,260
37507,55247
37507,1196
37507,30749
72741,4226
72741,5952
72741,47
72741,7153
72741,593
72741,2571
72741,318
72741,1291
72741,58559
72741,2329
65117,4878
65117,44195
65117,2858
65117,8910
65117,53956
65117,6993
65117,55269
65117,5617
65117,48744
65117,41285
47533,4262
47533,1198
47533,2329
47533,318
47533,70286
47533,1270
47533,4011
47533,1206
47533,48780
47533,1221
92479,1036
92479,50
92479,4226
92479,2571
92479,58559
92479,1197
92479,1200
92479,1214
92479,4973
92479,2395
72555,6874
72555,1136
72555,1961
72555,4226
72555,4975
72555,5377
72555,4370
72555,3556
72555,7438
72555,3052
137134,4306
137134,110
137134,1198
137134,33794
137134,6539
137134,589
137134,47
137134,2028
137134,593
137134,318
103907,589
103907,50
103907,1270
103907,6365
103907,2858
103907,4226
103907,480
103907,4995
103907,1580
103907,150
122935,2858
122935,50
122935,908
122935,1193
122935,1206
122935,1208
122935,318
122935,1212
122935,6016
122935,1136
36234,318
36234,1089
36234,48394
36234,4011
36234,2571
36234,4995
36234,50
36234,3949
36234,7438
36234,1193
45894,37729
45894,79132
45894,296
45894,6377
45894,52885
45894,89745
45894,84944
45894,5952
45894,4993
45894,7153
52210,3703
52210,5254
52210,593
52210,1241
52210,293
52210,3578
52210,1206
52210,6947
52210,3702
52210,4011
88933,49272
88933,54286
88933,527
88933,1210
88933,8961
88933,33794
88933,1136
88933,1704
88933,296
88933,5989
36379,7361
36379,2502
36379,4226
36379,33794
36379,1240
36379,68358
36379,51662
36379,68157
36379,6539
36379,61132
45193,1263
45193,923
45193,3362
45193,1952
45193,1228
45193,1219
45193,1358
45193,55820
45193,3198
45193,1293
23062,39183
23062,30749
23062,33660
23062,7151
23062,527
23062,41997
23062,34072
23062,7162
23062,41285
23062,3967
65034,64614
65034,6377
65034,4993
65034,2762
65034,48774
65034,1089
65034,6016
65034,2997
65034,1625
65034,1270
23027,1580
23027,2916
23027,1036
23027,924
23027,150
23027,1127
23027,7153
23027,5952
23027,4993
23027,34405
71749,4995
71749,2762
71749,593
71749,356
71749,5418
71749,2858
71749,4306
71749,4226
71749,4993
71749,4963
130468,356
130468,527
130468,5418
130468,30749
130468,6539
130468,6711
130468,4011
130468,150
130468,6942
130468,7143
98061,3578
98061,4995
98061,2858
98061,1206
98061,1358
98061,1198
98061,110
98061,1222
98061,8949
98061,4262
102890,7361
102890,4878
102890,68157
102890,4993
102890,527
102890,1240
102890,2997
102890,2716
102890,48394
102890,750
89657,4262
89657,50
89657,47
89657,318
89657,4993
89657,5989
89657,44665
89657,1704
89657,110
89657,48780
107619,110
107619,1240
107619,6537
107619,2617
107619,52722
107619,49272
107619,4270
107619,51662
107619,7438
107619,8368
22629,608
22629,1225
22629,1291
22629,6377
22629,356
22629,1223
22629,110
22629,3000
22629,1199
22629,4467
103731,6874
103731,8368
103731,260
103731,58559
103731,2959
103731,1210
103731,4226
103731,318
103731,296
103731,33794
16589,55820
16589,79132
16589,81591
16589,68157
16589,4226
16589,6016
16589,5995
16589,32
16589,296
16589,80463
120278,50
120278,318
120278,2571
120278,2959
120278,55820
120278,4011
120278,47
120278,1193
120278,33794
120278,63082
24678,58559
24678,4848
24678,924
24678,4235
24678,6870
24678,6874
24678,1673
24678,61240
24678,4973
24678,7438
123462,296
123462,4878
123462,4226
123462,51662
123462,44665
123462,48394
123462,48780
123462,8874
123462,60684
123462,54259
98897,223
98897,2502
98897,3897
98897,3481
98897,8874
98897,1242
98897,6377
98897,1304
98897,4878
98897,2542
30627,68954
30627,296
30627,356
30627,5418
30627,6377
30627,47
30627,593
30627,1653
30627,36529
30627,3147
13519,356
13519,1197
13519,58559
13519,32
13519,1732
13519,2502
13519,4027
13519,593
13519,7361
13519,1148
34023,33794
34023,8961
34023,6539
34023,3793
34023,1
34023,7147
34023,6333
34023,8665
34023,4308
34023,5218
94893,1210
94893,33794
94893,260
94893,1196
94893,2329
94893,32587
94893,7361
94893,2700
94893,47
94893,1214
62383,5349
62383,54286
62383,8636
62383,56757
62383,4963
62383,5816
62383,2572
62383,6874
62383,8665
62383,56367
106995,4226
106995,1089
106995,2571
106995,58559
106995,2329
106995,110
106995,1210
106995,527
106995,4011
106995,858
57164,2329
57164,858
57164,44191
57164,1221
57164,96610
57164,48780
57164,48516
57164,59369
57164,68157
57164,7502
70170,1136
70170,6539
70170,1580
70170,33493
70170,2959
70170,1291
70170,3745
70170,68358
70170,8644
70170,780
38881,6377
38881,32
38881,5952
38881,2762
38881,608
38881,318
38881,50
38881,527
38881,1210
38881,33794
137500,111759
137500,3578
137500,4306
137500,318
137500,4973
137500,112556
137500,4995
137500,8644
137500,33794
137500,1210
93626,5608
93626,72554
93626,57669
93626,48774
93626,5418
93626,69481
93626,7143
93626,16
93626,5989
93626,27660
39346,7090
39346,8966
39346,7451
39346,8961
39346,31878
39346,8376
39346,8464
39346,27808
39346,7160
39346,30812
73790,593
73790,1291
73790,1214
73790,356
73790,49272
73790,592
73790,6539
73790,2028
73790,1201
73790,33493
86574,3114
86574,56152
86574,2355
86574,616
86574,1136
86574,19
86574,3671
86574,2687
86574,6373
86574,4308
1584,589
1584,318
1584,110
1584,356
1584,3578
1584,2028
1584,593
1584,1
1584,380
1584,1721
56570,44555
56570,3147
56570,318
56570,48516
56570,6016
56570,2028
56570,6870
56570,293
56570,106100
56570,5989
20605,33794
20605,260
20605,2571
20605,6502
20605,4226
20605,51662
20605,52722
20605,44191
20605,54503
20605,32587
63786,356
63786,5952
63786,7153
63786,79132
63786,2571
63786,58559
63786,2959
63786,5445
63786,1682
63786,593
45533,457
45533,1
45533,296
45533,1580
45533,2762
45533,597
45533,587
45533,1923
45533,2028
45533,318
124798,6377
124798,8368
124798,919
124798,1225
124798,8961
124798,4973
124798,1028
124798,4886
124798,953
124798,899
34199,1208
34199,110
34199,1090
34199,1210
34199,2716
34199,733
34199,508
34199,293
34199,165
34199,1682
39926,1196
39926,1198
39926,32587
39926,1682
39926,1
39926,68157
39926,480
39926,2115
39926,99114
39926,3114
13760,1247
13760,903
13760,6867
13760,6787
13760,858
13760,1278
13760,3551
13760,1267
13760,1358
13760,37741
65905,318
65905,1221
65905,4011
65905,2329
65905,4262
65905,593
65905,1222
65905,44665
65905,3681
65905,32587
94789,48516
94789,8961
94789,38038
94789,69481
94789,52435
94789,33493
94789,26614
94789,56367
94789,48982
94789,45431
92491,58559
92491,356
92491,527
92491,6874
92491,1222
92491,1198
92491,1682
92491,2028
92491,6539
92491,3793
101379,2571
101379,48516
101379,79132
101379,6
101379,293
101379,58559
101379,1258
101379,8016
101379,8207
101379,48780
87343,1136
87343,1258
87343,778
87343,1961
87343,110
87343,2987
87343,4034
87343,150
87343,608
87343,1246
72378,7153
72378,4993
72378,1136
72378,2959
72378,4226
72378,296
72378,5952
72378,60069
72378,593
72378,34405
93596,26133
93596,8542
93596,906
93596,235
93596,7361
93596,7706
93596,3334
93596,8331
93596,60487
93596,7091
25821,49272
25821,106489
25821,70286
25821,81834
25821,68954
25821,356
25821,588
25821,77561
25821,7254
25821,96610
110128,7361
110128,4993
110128,7153
110128,4011
110128,5952
110128,608
110128,99114
110128,912
110128,68157
110128,1704
11963,4886
11963,2273
11963,2571
11963,231
11963,1
11963,4701
11963,3977
11963,7153
11963,5952
11963,4993
45071,2762
45071,1035
45071,1197
45071,1246
45071,7458
45071,1393
45071,5956
45071,3186
45071,4306
45071,2020
128869,4963
128869,102125
128869,1240
128869,82461
128869,51662
128869,81229
128869,53996
128869,2959
128869,3578
128869,71535
112773,2990
112773,1198
112773,1221
112773,593
112773,3638
112773,3635
112773,1704
112773,1136
112773,4973
112773,1
74801,7153
74801,2858
74801,318
74801,110
74801,7438
74801,2329
74801,3578
74801,50
74801,344
74801,520
91380,5418
91380,111362
91380,6539
91380,3578
91380,53996
91380,5445
91380,69122
91380,76093
91380,68157
91380,47
37249,1274
37249,5952
37249,1225
37249,3253
37249,3481
37249,1704
37249,1270
37249,111
37249,3578
37249,2700
133853,2571
133853,59369
133853,8861
133853,6539
133853,81229
133853,26614
133853,80363
133853,780
133853,68358
133853,3793
5514,2291
5514,7361
5514,1206
5514,1258
5514,296
5514,2959
5514,1193
5514,2987
5514,88129
5514,235
24749,527
24749,4027
24749,778
24749,6377
24749,8961
24749,1089
24749,2692
24749,589
24749,1265
24749,5669
98248,593
98248,4226
98248,4878
98248,6874
98248,2858
98248,5618
98248,1527
98248,6539
98248,7438
98248,47
28746,1
28746,80463
28746,356
28746,40815
28746,8368
28746,1682
28746,74458
28746,91500
28746,364
28746,5989
9385,457
9385,2762
9385,3793
9385,1
9385,919
9385,527
9385,6377
9385,4886
9385,2716
9385,912
34956,2028
34956,318
34956,72998
34956,589
34956,33679
34956,1291
34956,1036
34956,1527
34956,96079
34956,1198
61929,1682
61929,356
61929,318
61929,6711
61929,6874
61929,5989
61929,1265
61929,3174
61929,4226
61929,7438
104430,589
104430,4005
104430,597
104430,2376
104430,380
104430,5872
104430,2115
104430,2990
104430,165
104430,349
98644,589
98644,5378
98644,364
98644,4993
98644,2959
98644,318
98644,648
98644,150
98644,1097
98644,3948
101231,47
101231,6711
101231,7361
101231,46578
101231,44195
101231,41285
101231,44555
101231,356
101231,39183
101231,4011
1906,1270
1906,2115
1906,5349
1906,2716
1906,44191
1906,1641
1906,89745
1906,70286
1906,8636
1906,41566
135022,2329
135022,7153
135022,50
135022,2858
135022,2959
135022,778
135022,356
135022,293
135022,2028
135022,32
11118,58559
11118,7153
11118,4878
11118,7361
11118,4973
11118,4226
11118,593
11118,1136
11118,293
11118,79132
111155,68157
111155,1682
111155,1080
111155,61323
111155,4027
111155,223
111155,1282
111155,541
111155,74458
111155,3160
24351,8961
24351,296
24351,1240
24351,1198
24351,2947
24351,1617
24351,380
24351,2571
24351,589
24351,2918
108426,2762
108426,6539
108426,318
108426,480
108426,4995
108426,1682
108426,2174
108426,203
108426,150
108426,6377
40152,2762
40152,1961
40152,919
40152,1225
40152,858
40152,1304
40152,1036
40152,1272
40152,608
40152,2571
48482,1210
48482,1196
48482,4226
48482,7361
48482,32
48482,50
48482,260
48482,8961
48482,6218
48482,7438
84157,1288
84157,1641
84157,345
84157,318
84157,7153
84157,5952
84157,4993
84157,1223
84157,4246
84157,1136
75948,50
75948,1784
75948,3481
75948,318
75948,608
75948,1923
75948,4886
75948,5349
75948,2683
75948,589
45950,3578
45950,593
45950,110
45950,2329
45950,4262
45950,10
45950,480
45950,858
45950,1722
45950,293
14504,593
14504,79132
14504,1197
14504,50
14504,50872
14504,4963
14504,4306
14504,296
14504,44191
14504,47
104041,6377
104041,78499
104041,7451
104041,1
104041,8368
104041,356
104041,1197
104041,1207
104041,4886
104041,68954
53167,2571
53167,3793
53167,2959
53167,296
53167,4993
53167,1210
53167,6365
53167,48516
53167,110
53167,3527
95944,1
95944,51255
95944,56367
95944,60126
95944,356
95944,4963
95944,5349
95944,55765
95944,5418
95944,52973
8149,2502
8149,7153
8149,2571
8149,1201
8149,2918
8149,1610
8149,4047
8149,527
8149,1036
8149,1262
39387,1387
39387,2918
39387,3499
39387,8874
39387,1777
39387,608
39387,3535
39387,40819
39387,253
39387,1784
43516,110
43516,318
43516,5952
43516,4993
43516,7153
43516,8529
43516,4963
43516,6942
43516,1246
43516,27815
97595,904
97595,1221
97595,356
97595,1252
97595,3095
97595,903
97595,4995
97595,110
97595,1097
97595,150
114481,356
114481,1580
114481,2571
114481,4878
114481,4993
114481,44199
114481,1653
114481,68358
114481,608
114481,377
91489,4973
91489,8961
91489,7361
91489,46578
91489,48774
91489,60069
91489,48780
91489,44195
91489,6385
91489,40819
16348,260
16348,4973
16348,1214
16348,2571
16348,741
16348,1196
16348,6242
16348,7153
16348,4993
16348,2858
32973,1
32973,1580
32973,1270
32973,780
32973,2716
32973,8636
32973,593
32973,1097
32973,2012
32973,2011
26316,1028
26316,909
26316,7706
26316,1260
26316,3307
26316,940
26316,356
26316,2918
26316,1234
26316,1387
90514,1207
90514,527
90514,4226
90514,2997
90514,778
90514,1246
90514,2161
90514,1206
90514,8966
90514,6773
51740,5349
51740,1089
51740,2762
51740,2916
51740,1527
51740,70
51740,3793
51740,1339
51740,1079
51740,1653
134267,858
134267,293
134267,7438
134267,6874
134267,1258
134267,4973
134267,778
134267,260
134267,1196
134267,6711
63249,356
63249,2028
63249,3527
63249,1196
63249,1198
63249,3578
63249,2947
63249,1036
63249,296
63249,593
50117,47
50117,5679
50117,593
50117,2762
50117,2571
50117,34323
50117,6874
50117,4878
50117,7360
50117,296
117853,94959
117853,79132
117853,4878
117853,48082
117853,2959
117853,6711
117853,60069
117853,34437
117853,99917
117853,1921
28815,1197
28815,1208
28815,48516
28815,1270
28815,2329
28815,1704
28815,1580
28815,1961
28815,4963
28815,590
48133,46578
48133,47
48133,4306
48133,8961
48133,2571
48133,593
48133,588
48133,4963
48133,33794
48133,3578
66929,500
66929,4022
66929,2762
66929,608
66929,2115
66929,4963
66929,58559
66929,3107
66929,3499
66929,69122
4417,1214
4417,608
4417,1206
4417,2571
4417,589
4417,260
4417,2997
4417,1258
4417,1732
4417,1200
134752,8961
134752,2571
134752,356
134752,4306
134752,6377
134752,1196
134752,1580
134752,4963
134752,593
134752,49272
98368,1136
98368,296
98368,1240
98368,5952
98368,2571
98368,2959
98368,110
98368,356
98368,3578
98368,1036
49307,1
49307,60069
49307,8360
49307,4886
49307,2858
49307,5995
49307,32
49307,7147
49307,8529
49307,49530
121466,364
121466,902
121466,8970
121466,40819
121466,46976
121466,1198
121466,35836
121466,4447
121466,539
121466,595
107521,1721
107521,595
107521,6539
107521,2087
107521,3114
107521,3977
107521,1022
107521,364
107521,4270
107521,8636
8577,1240
8577,2959
8577,1200
8577,70286
8577,7143
8577,356
8577,68358
8577,59315
8577,4226
8577,6874
124942,608
124942,597
124942,1247
124942,1704
124942,750
124942,1270
124942,1097
124942,1393
124942,1641
124942,1079
82174,4226
82174,1073
82174,8970
82174,3793
82174,2581
82174,3186
82174,597
82174,318
82174,8961
82174,6333
11990,4993
11990,1247
11990,4995
11990,30749
11990,2571
11990,1270
11990,908
11990,953
11990,3578
11990,150
83664,5349
83664,58559
83664,6155
83664,45720
83664,8808
83664,58347
83664,597
83664,1721
83664,60069
83664,8644
13660,2291
13660,2572
13660,2125
13660,1285
13660,1088
13660,1197
13660,588
13660,2145
13660,551
13660,1441
116793,260
116793,58559
116793,1210
116793,5971
116793,2571
116793,356
116793,1198
116793,5445
116793,1291
116793,6539
106149,2115
106149,1129
106149,3740
106149,2011
106149,1610
106149,6537
106149,3671
106149,1347
106149,3704
106149,3703
5485,56367
5485,4979
5485,8784
5485,48780
5485,48774
5485,55820
5485,5971
5485,6874
5485,40629
5485,56757
49030,1214
49030,1240
49030,589
49030,457
49030,2194
49030,1
49030,592
49030,750
49030,1278
49030,3671
91301,6539
91301,1221
91301,54286
91301,3578
91301,79132
91301,4226
91301,296
91301,40815
91301,1219
91301,2959
104578,1198
104578,8636
104578,780
104578,592
104578,1
104578,8961
104578,316
104578,344
104578,367
104578,588
83525,6539
83525,1196
83525,1198
83525,858
83525,4306
83525,2959
83525,2762
83525,527
83525,3996
83525,2028
62191,1704
62191,539
62191,597
62191,4246
62191,1197
62191,4963
62191,6377
62191,2671
62191,34162
62191,46578
97347,1527
97347,3578
97347,1270
97347,4993
97347,1580
97347,110
97347,2959
97347,318
97347,4022
97347,8644
128157,4886
128157,2762
128157,4306
128157,4993
128157,4995
128157,2858
128157,6539
128157,47
128157,3147
128157,318
112040,260
112040,1196
112040,741
112040,4011
112040,7153
112040,4993
112040,60069
112040,318
112040,5618
112040,1210
40306,2959
40306,7361
40306,59315
40306,56367
40306,49530
40306,59369
40306,5418
40306,8784
40306,49272
40306,68157
63317,1291
63317,1198
63317,47
63317,2028
63317,1240
63317,924
63317,33493
63317,1721
63317,541
63317,32
24608,2762
24608,5989
24608,3578
24608,7361
24608,4973
24608,527
24608,63082
24608,48780
24608,2329
24608,60950
57978,6377
57978,595
57978,4306
57978,750
57978,1923
57978,1721
57978,923
57978,1270
57978,912
57978,8961
59145,68358
59145,4993
59145,1270
59145,2028
59145,356
59145,50
59145,4226
59145,2502
59145,1136
59145,49272
131036,1197
131036,8368
131036,2762
131036,1270
131036,4306
131036,3996
131036,1580
131036,2028
131036,2858
131036,593
82178,4973
82178,2858
82178,6711
82178,1089
82178,296
82178,541
82178,55820
82178,1921
82178,1136
82178,7361
67734,7361
67734,356
67734,110
67734,7153
67734,296
67734,2571
67734,58559
67734,1196
67734,858
67734,260
13711,527
13711,1193
13711,3101
13711,1307
13711,1230
13711,912
13711,356
13711,593
13711,1097
13711,1784
48588,356
48588,150
48588,2959
48588,2571
48588,1704
48588,1210
48588,1270
48588,1393
48588,4027
48588,608
117066,32587
117066,1265
117066,1240
117066,3793
117066,48516
117066,457
117066,59369
117066,6333
117066,96610
117066,4011
125938,1288
125938,3751
125938,720
125938,6807
125938,1333
125938,904
125938,6377
125938,8961
125938,1269
125938,908
9770,4878
9770,50
9770,2580
9770,7361
9770,1258
9770,3186
9770,2144
9770,293
9770,356
9770,1193
132701,593
132701,1210
132701,4993
132701,1213
132701,1198
132701,7153
132701,5952
132701,923
132701,608
132701,1219
23668,59315
23668,48
23668,2762
23668,3793
23668,2081
23668,4306
23668,595
23668,6377
23668,68954
23668,3578
44628,4963
44628,318
44628,69757
44628,58998
44628,61323
44628,44195
44628,150
44628,5989
44628,2918
44628,52973
96995,260
96995,1196
96995,1210
96995,50872
96995,2959
96995,54001
96995,3578
96995,364
96995,45499
96995,53996
111206,31878
111206,2329
111206,7438
111206,6874
111206,2028
111206,3578
111206,6333
111206,4011
111206,50
111206,2858
6704,2329
6704,48774
6704,48780
6704,50
6704,58559
6704,1732
6704,3160
6704,44761
6704,6711
6704,4973
26645,293
26645,4993
26645,541
26645,858
26645,2858
26645,47
26645,1080
26645,1213
26645,5952
26645,1221
85581,1089
85581,55820
85581,6016
85581,111
85581,7361
85581,4973
85581,4226
85581,8784
85581,44191
85581,30810
56919,4226
56919,8874
56919,2455
56919,2118
56919,71535
56919,6774
56919,4105
56919,2997
56919,1276
56919,4533
119120,858
119120,1193
119120,527
119120,590
119120,919
119120,1225
119120,2396
119120,318
119120,7311
119120,1299
18627,1079
18627,260
18627,2657
18627,4973
18627,247
18627,5992
18627,2318
18627,4226
18627,4306
18627,2571
35,33794
35,5952
35,4306
35,48516
35,2959
35,4963
35,44191
35,3996
35,48774
35,48394
14790,2918
14790,4306
14790,3147
14790,1610
14790,4886
14790,49530
14790,2268
14790,150
14790,527
14790,8132
108446,6016
108446,55118
108446,1274
108446,74458
108446,52885
108446,63072
108446,31364
108446,4878
108446,2959
108446,31658
91054,47
91054,593
91054,1206
91054,2997
91054,46578
91054,3949
91054,4878
91054,750
91054,293
91054,30749
95841,47
95841,60684
95841,70286
95841,57368
95841,32
95841,296
95841,7438
95841,91500
95841,102445
95841,4720
71166,3114
71166,6377
71166,1210
71166,1197
71166,6539
71166,110
71166,2393
71166,1207
71166,919
71166,1097
129823,1136
129823,1198
129823,1196
129823,318
129823,1197
129823,2105
129823,296
129823,541
129823,3671
129823,1291
135736,858
135736,2571
135736,7361
135736,1213
135736,55282
135736,1206
135736,2762
135736,3863
135736,541
135736,1222
7266,8949
7266,8910
7266,44195
7266,912
7266,6867
7266,36517
7266,34437
7266,47629
7266,44694
7266,34528
136056,46578
136056,2571
136056,4993
136056,6874
136056,296
136056,6377
136056,59315
136056,54286
136056,527
136056,6539
41466,4973
41466,68157
41466,8784
41466,4306
41466,778
41466,6942
41466,6539
41466,593
41466,6377
41466,1682
118961,2959
118961,71500
118961,54785
118961,44974
118961,56367
118961,56757
118961,593
118961,8784
118961,51086
118961,39446
135593,110
135593,260
135593,5989
135593,1610
135593,2268
135593,3039
135593,1090
135593,4886
135593,1625
135593,589
13122,1219
13122,1198
13122,1258
13122,318
13122,79132
13122,6016
13122,58559
13122,1206
13122,4226
13122,1178
104326,2797
104326,50
104326,2028
104326,1291
104326,1220
104326,3671
104326,4361
104326,2291
104326,1
104326,1221
76338,527
76338,2028
76338,1580
76338,110
76338,296
76338,364
76338,539
76338,1198
76338,1270
76338,367
102218,47
102218,2959
102218,318
102218,356
102218,593
102218,1682
102218,1193
102218,79132
102218,2858
102218,296
118955,318
118955,74458
118955,4011
118955,6807
118955,3020
118955,80219
118955,293
118955,55247
118955,67255
118955,53519
41813,2028
41813,1198
41813,4878
41813,6365
41813,2762
41813,7361
41813,593
41813,356
41813,47
41813,1527
36041,47
36041,377
36041,3160
36041,8798
36041,1721
36041,500
36041,3897
36041,4022
36041,1639
36041,55820
98842,1197
98842,1278
98842,1198
98842,2804
98842,2502
98842,2268
98842,356
98842,1610
98842,1704
98842,1036
75930,2571
75930,1198
75930,1214
75930,1961
75930,32
75930,1193
75930,1079
75930,318
75930,1584
75930,1206
56408,1127
56408,1287
56408,1231
56408,924
56408,1198
56408,1387
56408,1250
56408,1270
56408,913
56408,1036
111279,608
111279,1732
111279,1095
111279,50
111279,2858
111279,2729
111279,3435
111279,2997
111279,4226
111279,32
6500,47
6500,296
6500,2959
6500,2762
6500,2571
6500,110
6500,4226
6500,589
6500,54286
6500,2329
70887,2858
70887,8961
70887,3253
70887,2987
70887,1517
70887,5989
70887,2321
70887,39292
70887,44195
70887,527
98848,4878
98848,48774
98848,778
98848,2959
98848,44555
98848,55444
98848,1176
98848,2076
98848,1921
98848,1464
114323,4226
114323,7153
114323,4993
114323,260
114323,2571
114323,2858
114323,296
114323,1221
114323,356
114323,593
105453,858
105453,1230
105453,296
105453,924
105453,3363
105453,912
105453,3814
105453,1077
105453,7084
105453,2750
41983,480
41983,5445
41983,608
41983,260
41983,3996
41983,356
41983,2916
41983,527
41983,150
41983,750
71509,7361
71509,31658
71509,318
71509,2291
71509,26662
71509,2858
71509,551
71509,778
71509,293
71509,68157
101516,71535
101516,8874
101516,54001
101516,180
101516,52281
101516,1206
101516,1347
101516,54503
101516,32587
101516,33834
58463,4011
58463,480
58463,32
58463,2571
58463,1580
58463,1193
58463,3578
58463,2028
58463,1136
58463,7361
48500,3793
48500,4306
48500,110
48500,6539
48500,5349
48500,1210
48500,4963
48500,2762
48500,2959
48500,5418
89024,1200
89024,1089
89024,7254
89024,47
89024,1198
89024,5445
89024,293
89024,6502
89024,6539
89024,6807
49417,1089
49417,5618
49417,51662
49417,4306
49417,42718
49417,1196
49417,8157
49417,48780
49417,1213
49417,6365
26592,47
26592,1097
26592,2762
26592,527
26592,2028
26592,110
26592,150
26592,1923
26592,1393
26592,539
103652,58559
103652,49272
103652,66934
103652,2791
103652,79132
103652,91529
103652,59315
103652,6377
103652,2115
103652,1907
121369,1197
121369,4886
121369,899
121369,858
121369,4306
121369,527
121369,1721
121369,79132
121369,1214
121369,595
117649,58559
117649,2571
117649,33679
117649,1036
117649,54286
117649,53322
117649,2959
117649,8665
117649,733
117649,5418
86030,356
86030,5989
86030,318
86030,5418
86030,3578
86030,589
86030,72998
86030,8665
86030,54286
86030,109487
59738,1240
59738,79132
59738,1356
59738,593
59738,1200
59738,2571
59738,58559
59738,2959
59738,1270
59738,527
44172,5219
44172,59501
44172,56171
44172,58025
44172,42738
44172,58559
44172,108190
44172,6754
44172,109578
44172,95875
99207,2716
99207,1240
99207,1197
99207,1580
99207,8961
99207,2028
99207,527
99207,3578
99207,608
99207,6874
80854,1127
80854,5902
80854,2791
80854,6502
80854,2997
80854,3897
80854,1225
80854,4973
80854,4571
80854,1230
95220,2716
95220,4226
95220,5445
95220,2918
95220,8665
95220,5464
95220,1136
95220,1610
95220,1090
95220,1222
122111,2716
122111,318
122111,3578
122111,2353
122111,1265
122111,1204
122111,50
122111,2028
122111,357
122111,590
9947,44191
9947,318
9947,7153
9947,68954
9947,76093
9947,4963
9947,1584
9947,780
9947,4226
9947,1653
22544,527
22544,364
22544,2959
22544,6377
22544,4973
22544,4246
22544,3578
22544,4963
22544,597
22544,7438
121521,1136
121521,1089
121521,527
121521,4993
121521,1193
121521,2762
121521,8961
121521,1262
121521,750
121521,1036
82481,5010
82481,59315
82481,3753
82481,33679
82481,1792
82481,53996
82481,7458
82481,2353
82481,2058
82481,1918
87302,8784
87302,7361
87302,35836
87302,30749
87302,8910
87302,33166
87302,30793
87302,34162
87302,8464
87302,4979
81532,2858
81532,296
81532,1193
81532,6711
81532,541
81532,4034
81532,1208
81532,1258
81532,778
81532,4973
62083,4878
62083,1
62083,91529
62083,76251
62083,58559
62083,60684
62083,44191
62083,595
62083,78499
62083,5349
122703,7254
122703,8957
122703,3948
122703,6539
122703,5952
122703,8360
122703,780
122703,3753
122703,318
122703,2028
129087,59315
129087,2571
129087,527
129087,72998
129087,318
129087,72378
129087,53996
129087,64614
129087,68358
129087,6539
34743,7700
34743,7234
34743,6920
34743,25954
34743,3819
34743,3134
34743,6783
34743,26131
34743,7116
34743,5602
136575,593
136575,2571
136575,47
136575,1193
136575,4226
136575,4011
136575,71131
136575,2542
136575,7438
136575,3481
9602,2959
9602,5971
9602,4979
9602,3000
9602,4881
9602,2395
9602,6440
9602,1213
9602,3030
9602,2858
38033,1
38033,4886
38033,1682
38033,2716
38033,1197
38033,260
38033,8961
38033,4995
38033,5445
38033,4306
81860,2329
81860,58559
81860,48394
81860,1136
81860,8950
81860,44191
81860,3535
81860,71535
81860,3275
81860,47610
103246,110
103246,33794
103246,3527
103246,356
103246,3793
103246,908
103246,1080
103246,223
103246,1
103246,780
66012,32
66012,4993
66012,4973
66012,50
66012,110
66012,3578
66012,4963
66012,2959
66012,68954
66012,91529
32526,35836
32526,33166
32526,231
32526,4995
32526,5418
32526,3578
32526,3948
32526,7361
32526,5445
32526,5989
129116,1
129116,608
129116,50
129116,2186
129116,930
129116,1207
129116,1196
129116,457
129116,1242
129116,1212
97750,60040
97750,3793
97750,70286
97750,7438
97750,103335
97750,6874
97750,1036
97750,45499
97750,106487
97750,56775
67871,3676
67871,1222
67871,1214
67871,1089
67871,6301
67871,535
67871,3168
67871,4226
67871,1201
67871,858
8292,296
8292,858
8292,593
8292,30749
8292,5995
8292,4306
8292,457
8292,590
8292,1198
8292,5952
110485,63082
110485,2858
110485,318
110485,30749
110485,55820
110485,858
110485,4995
110485,33166
110485,64575
110485,72011
131026,1214
131026,33794
131026,2762
131026,2918
131026,527
131026,8464
131026,480
131026,4995
131026,4027
131026,8949
22920,6377
22920,593
22920,4993
22920,296
22920,2959
22920,32587
22920,1270
22920,344
22920,5445
22920,4226
116260,4306
116260,6539
116260,2571
116260,356
116260,72641
116260,5620
116260,3916
116260,597
116260,4069
116260,2694
95528,7361
95528,1198
95528,4226
95528,50
95528,356
95528,58559
95528,2028
95528,1136
95528,48516
95528,2329
3685,1210
3685,1291
3685,1036
3685,593
3685,377
3685,260
3685,1961
3685,208
3685,5445
3685,1923
86378,1247
86378,527
86378,50
86378,16
86378,1206
86378,2997
86378,1953
86378,3911
86378,2571
86378,4226
102418,4226
102418,608
102418,318
102418,2959
102418,1198
102418,1291
102418,32
102418,2716
102418,1220
102418,47
39382,56367
39382,44191
39382,48394
39382,34405
39382,46578
39382,58559
39382,51255
39382,38061
39382,55820
39382,63082
43794,4226
43794,356
43794,3578
43794,1527
43794,44191
43794,527
43794,1089
43794,55247
43794,593
43794,7438
138148,903
138148,39183
138148,357
138148,5989
138148,111
138148,454
138148,457
138148,47629
138148,44555
138148,1962
63115,318
63115,4226
63115,7153
63115,6016
63115,32
63115,47
63115,5952
63115,858
63115,60069
63115,63082
41303,648
41303,7153
41303,1274
41303,110
41303,3114
41303,1676
41303,586
41303,4084
41303,5445
41303,208
6783,4226
6783,1291
6783,33794
6783,59315
6783,8961
6783,1270
6783,1200
6783,3793
6783,34405
6783,2762
123420,778
123420,2395
123420,4022
123420,8784
123420,1704
123420,7438
123420,1213
123420,4816
123420,1288
123420,58998
89454,1240
89454,60069
89454,6537
89454,1201
89454,49272
89454,2000
89454,6564
89454,589
89454,59784
89454,2470
78574,778
78574,3147
78574,7153
78574,5952
78574,4011
78574,8622
78574,4262
78574,4878
78574,31410
78574,4848
67573,364
67573,6377
67573,1
67573,4886
67573,4306
67573,5816
67573,68954
67573,41566
67573,8360
67573,3114
76494,1089
76494,2858
76494,2502
76494,2571
76494,3916
76494,80489
76494,8665
76494,1222
76494,54503
76494,7143
61062,1639
61062,5956
61062,4011
61062,2858
61062,46578
61062,2580
61062,44195
61062,110
61062,7438
61062,4979
120429,253
120429,8533
120429,49272
120429,4014
120429,1035
120429,8972
120429,7162
120429,8665
120429,1873
120429,1059
22727,44191
22727,40819
22727,39183
22727,30820
22727,40278
22727,27790
22727,40629
22727,46970
22727,41571
22727,37720
62289,72998
62289,2571
62289,60069
62289,88125
62289,2393
62289,1136
62289,68954
62289,1376
62289,6377
62289,1270
34459,2716
34459,7153
34459,260
34459,541
34459,1270
34459,1198
34459,3527
34459,2916
34459,5952
34459,1265
455,4235
455,3949
455,6016
455,55118
455,7361
455,4848
455,5477
455,41285
455,8950
455,44555
12540,2959
12540,1136
12540,2571
12540,1214
12540,318
12540,912
12540,1291
12540,1240
12540,1250
12540,1221
20011,1265
20011,101
20011,2064
20011,1500
20011,3386
20011,40583
20011,593
20011,3897
20011,30810
20011,44191
98419,4973
98419,7361
98419,7438
98419,3910
98419,1673
98419,2174
98419,5669
98419,4226
98419,4642
98419,55820
55501,260
55501,1196
55501,1270
55501,589
55501,4973
55501,296
55501,50
55501,480
55501,8961
55501,1036
34241,344
34241,1265
34241,858
34241,1198
34241,2762
34241,318
34241,110
34241,150
34241,4993
34241,1617
121662,89492
121662,4226
121662,6874
121662,7254
121662,5445
121662,48516
121662,94959
121662,3578
121662,79091
121662,3147
910,55820
910,46578
910,45062
910,33794
910,48783
910,33166
910,150
910,43396
910,50872
910,48774
125155,356
125155,318
125155,58559
125155,1197
125155,2762
125155,4973
125155,8961
125155,6377
125155,56367
125155,588
78481,32
78481,293
78481,2858
78481,47
78481,2959
78481,1240
78481,357
78481,587
78481,260
78481,1270
76285,2329
76285,296
76285,2571
76285,4011
76285,2959
76285,79132
76285,48394
76285,63082
76285,32587
76285,48780
17404,7153
17404,4993
17404,356
17404,4973
17404,260
17404,5952
17404,2858
17404,2571
17404,1
17404,296
98370,1213
98370,1265
98370,318
98370,1387
98370,1219
98370,1258
98370,1206
98370,162
98370,26131
98370,3424
9945,367
9945,2502
9945,1580
9945,4993
9945,588
9945,1240
9945,3114
9945,593
9945,1270
9945,5952
14812,7153
14812,296
14812,4973
14812,2959
14812,593
14812,2692
14812,527
14812,4993
14812,858
14812,8961
56381,745
56381,2762
56381,364
56381,8636
56381,1287
56381,595
56381,5418
56381,8360
56381,588
56381,1374
125493,97304
125493,96610
125493,102125
125493,48385
125493,44195
125493,96079
125493,81834
125493,77658
125493,41566
125493,54286
126600,7438
126600,2571
126600,32587
126600,4011
126600,2028
126600,3578
126600,47
126600,3527
126600,4226
126600,380
89984,110
89984,2571
89984,4226
89984,58559
89984,1036
89984,733
89984,377
89984,2028
89984,296
89984,33166
105547,58559
105547,2959
105547,1250
105547,1209
105547,1265
105547,1262
105547,1148
105547,1214
105547,3198
105547,64614
90291,364
90291,4306
90291,6377
90291,2762
90291,106696
90291,109374
90291,296
90291,2048
90291,1028
90291,3034
57706,7303
57706,1250
57706,3095
57706,4190
57706,534
57706,1084
57706,1931
57706,2313
57706,1224
57706,2745
124743,3000
124743,858
124743,7361
124743,260
124743,4993
124743,924
124743,1237
124743,49272
124743,7099
124743,8874
10805,4226
10805,6796
10805,50
10805,318
10805,4262
10805,69
10805,3949
10805,47
10805,1221
10805,64839
58230,1036
58230,1198
58230,589
58230,2000
58230,2571
58230,520
58230,1220
58230,1
58230,260
58230,2706
112625,1704
112625,150
112625,480
112625,110
112625,2762
112625,47
112625,648
112625,377
112625,46578
112625,4973
93316,2502
93316,4571
93316,2797
93316,4085
93316,35836
93316,1101
93316,2985
93316,3527
93316,1954
93316,2716
86640,6539
86640,1682
86640,356
86640,2959
86640,3081
86640,1029
86640,2018
86640,4963
86640,5618
86640,527
35107,318
35107,50
35107,1291
35107,1036
35107,2571
35107,589
35107,6874
35107,5418
35107,3996
35107,1200
89326,4995
89326,4306
89326,4018
89326,356
89326,4246
89326,7153
89326,4896
89326,597
89326,5816
89326,6942
14054,858
14054,904
14054,2571
14054,1197
14054,912
14054,750
14054,1136
14054,898
14054,954
14054,81845
28557,296
28557,68157
28557,527
28557,81591
28557,69481
28557,5995
28557,2762
28557,5989
28557,7361
28557,30749
31481,47
31481,923
31481,908
31481,904
31481,750
31481,111
31481,1197
31481,2571
31481,1208
31481,6016
101789,7361
101789,55269
101789,4979
101789,2395
101789,3481
101789,101
101789,46976
101789,1079
101789,6100
101789,30810
121040,1210
121040,2959
121040,608
121040,46578
121040,4995
121040,1291
121040,858
121040,1358
121040,1079
121040,56367
112783,63082
112783,2858
112783,296
112783,4995
112783,56367
112783,318
112783,2571
112783,32587
112783,597
112783,4963
34999,43460
34999,55820
34999,51709
34999,32587
34999,31270
34999,41569
34999,42632
34999,48043
34999,26303
34999,33154
76790,31658
76790,2858
76790,2959
76790,1206
76790,2160
76790,3949
76790,4973
76790,7361
76790,65261
76790,5291
127912,2571
127912,150
127912,5445
127912,1
127912,4963
127912,1517
127912,3114
127912,1682
127912,318
127912,4306
75641,293
75641,73017
75641,3578
75641,4011
75641,6539
75641,1198
75641,4963
75641,48780
75641,70286
75641,7502
128652,81845
128652,4014
128652,1198
128652,4886
128652,2396
128652,106489
128652,68954
128652,50872
128652,6377
128652,364
5597,4878
5597,2858
5597,2959
5597,48394
5597,5618
5597,60069
5597,44191
5597,1206
5597,56367
5597,4306
13652,2329
13652,47
13652,6016
13652,64839
13652,38061
13652,31410
13652,318
13652,7981
13652,1732
13652,46578
35580,6539
35580,54286
35580,41566
35580,356
35580,56152
35580,3114
35580,318
35580,58299
35580,62999
35580,58103
80972,69844
80972,79132
80972,81834
80972,60069
80972,40815
80972,26662
80972,65261
80972,54001
80972,551
80972,76093
26817,589
26817,2571
26817,733
26817,780
26817,54286
26817,4387
26817,59315
26817,1580
26817,8665
26817,1608
37770,32
37770,1
37770,4963
37770,3996
37770,3793
37770,5445
37770,2918
37770,2716
37770,2762
37770,1197
96772,6874
96772,2571
96772,1036
96772,2706
96772,16
96772,919
96772,4027
96772,1214
96772,1220
96772,4886
93411,46578
93411,296
93411,7361
93411,7147
93411,1258
93411,2997
93411,356
93411,47
93411,912
93411,1682
88614,2858
88614,6993
88614,1244
88614,4973
88614,858
88614,2959
88614,3083
88614,68157
88614,4914
88614,4979
99698,7361
99698,7153
99698,5952
99698,4993
99698,60069
99698,2858
99698,356
99698,296
99698,527
99698,5971
103877,318
103877,903
103877,60487
103877,1193
103877,527
103877,2804
103877,2085
103877,608
103877,48394
103877,906
7781,587
7781,736
7781,150
7781,4995
7781,4306
7781,7444
7781,1784
7781,6155
7781,364
7781,1
115929,1213
115929,356
115929,858
115929,79132
115929,912
115929,55820
115929,1221
115929,2542
115929,293
115929,923
84543,593
84543,48516
84543,2502
84543,858
84543,2571
84543,50
84543,2858
84543,4226
84543,356
84543,1196
67026,1233
67026,1784
67026,1939
67026,8094
67026,1284
67026,3250
67026,32
67026,1270
67026,6787
67026,5945
120308,58559
120308,318
120308,110
120308,6874
120308,32587
120308,2542
120308,4226
120308,293
120308,7438
120308,5418
43940,5989
43940,48780
43940,7438
43940,7143
43940,593
43940,5349
43940,34162
43940,104
43940,2706
43940,480
64186,89745
64186,7438
64186,34405
64186,780
64186,1200
64186,70286
64186,5903
64186,91529
64186,33004
64186,76251
18138,52973
18138,4641
18138,4210
18138,3210
18138,25
18138,68952
18138,48774
18138,56782
18138,592
18138,60069
83052,47
83052,80463
83052,78499
83052,68157
83052,68237
83052,858
83052,4226
83052,33794
83052,1206
83052,59315
36433,1136
36433,1208
36433,1197
36433,2571
36433,260
36433,356
36433,2858
36433,1270
36433,750
36433,4993
14238,2019
14238,3996
14238,908
14238,5618
14238,1252
14238,904
14238,4973
14238,541
14238,4226
14238,50
1455,4993
1455,356
1455,6377
1455,1917
1455,2355
1455,588
1455,780
1455,1270
1455,364
1455,5952
43274,1291
43274,1704
43274,2716
43274,1617
43274,2858
43274,2997
43274,3578
43274,2762
43274,2028
43274,1208
90364,1210
90364,356
90364,2571
90364,593
90364,79132
90364,1291
90364,318
90364,3793
90364,296
90364,589
35098,1291
35098,260
35098,912
35098,3527
35098,913
35098,2916
35098,6539
35098,1610
35098,457
35098,1200
94119,4306
94119,908
94119,1073
94119,2987
94119,1225
94119,1079
94119,3671
94119,910
94119,66934
94119,1214
129265,296
129265,5952
129265,7153
129265,4993
129265,6539
129265,253
129265,1441
129265,551
129265,2858
129265,48394
87662,356
87662,296
87662,1237
87662,7327
87662,1196
87662,1258
87662,4226
87662,58559
87662,4993
87662,79132
100781,5602
100781,1199
100781,3462
100781,1281
100781,1673
100781,4979
100781,7728
100781,3134
100781,6062
100781,2176
41085,3793
41085,318
41085,6333
41085,1485
41085,50
41085,1580
41085,5989
41085,1291
41085,5903
41085,2353
69036,56174
69036,3578
69036,2028
69036,3300
69036,1198
69036,1676
69036,1240
69036,4367
69036,53125
69036,33794
1034,589
1034,608
1034,296
1034,1258
1034,2858
1034,50
1034,1206
1034,924
1034,1129
1034,2571
58730,79132
58730,1221
58730,1193
58730,1732
58730,1208
58730,44191
58730,1209
58730,1206
58730,1196
58730,1466
38107,7153
38107,6711
38107,4226
38107,2502
38107,608
38107,1921
38107,1270
38107,3996
38107,8622
38107,1291
78914,2028
78914,2762
78914,1721
78914,110
78914,589
78914,7153
78914,1270
78914,4973
78914,4993
78914,5952
124860,4993
124860,7153
124860,2959
124860,110
124860,48516
124860,480
124860,588
124860,5952
124860,4022
124860,150
13415,2858
13415,5952
13415,7153
13415,1097
13415,48780
13415,5989
13415,1961
13415,60069
13415,5445
13415,6539
75807,4776
75807,8970
75807,33794
75807,1090
75807,628
75807,1242
75807,4306
75807,6708
75807,1784
75807,3081
78272,4226
78272,2997
78272,593
78272,916
78272,68954
78272,909
78272,46578
78272,1732
78272,898
78272,4144
29336,1036
29336,47
29336,150
29336,480
29336,5445
29336,380
29336,593
29336,110
29336,2916
29336,4226
36519,916
36519,261
36519,11
36519,2424
36519,31694
36519,905
36519,899
36519,2396
36519,898
36519,912
16974,47
16974,110
16974,293
16974,4878
16974,2916
16974,51662
16974,380
16974,1265
16974,2291
16974,1485
48262,5952
48262,2858
48262,296
48262,2571
48262,4306
48262,33493
48262,4993
48262,527
48262,4973
48262,2762
86400,260
86400,4370
86400,2916
86400,4878
86400,34048
86400,46530
86400,2716
86400,1210
86400,2762
86400,8371
78006,2028
78006,60069
78006,54286
78006,72998
78006,8636
78006,356
78006,1917
78006,4446
78006,2762
78006,35836
52611,5445
52611,608
52611,8784
52611,33166
52611,4995
52611,2329
52611,6502
52611,51255
52611,1240
52611,6711
95875,59315
95875,51662
95875,69844
95875,72998
95875,5952
95875,4993
95875,7153
95875,69122
95875,2571
95875,54286
37526,1213
37526,58559
37526,1214
37526,750
37526,356
37526,4993
37526,1240
37526,2329
37526,858
37526,5952
3417,47
3417,8961
3417,6377
3417,2692
3417,2329
3417,6711
3417,608
3417,4886
3417,1682
3417,3996
105909,2959
105909,593
105909,2143
105909,17
105909,4973
105909,7045
105909,551
105909,4865
105909,4246
105909,6377
91795,3623
91795,4701
91795,6287
91795,6888
91795,32019
91795,7373
91795,5784
91795,7173
91795,377
91795,5313
4332,5952
4332,1089
4332,608
4332,1097
4332,1036
4332,356
4332,1387
4332,923
4332,223
4332,1200
19249,2716
19249,1214
19249,2288
19249,356
19249,1258
19249,3147
19249,64614
19249,1262
19249,2985
19249,1291
63597,4963
63597,56367
63597,58559
63597,296
63597,4027
63597,953
63597,7147
63597,1265
63597,46976
63597,1203
54498,2028
54498,32587
54498,296
54498,2232
54498,318
54498,1215
54498,4226
54498,5218
54498,70
54498,1036
74778,1394
74778,3683
74778,3911
74778,2076
74778,3481
74778,3019
74778,1225
74778,2871
74778,608
74778,2997
116730,1089
116730,356
116730,5618
116730,1682
116730,364
116730,8360
116730,2987
116730,44191
116730,1265
116730,6350
120147,318
120147,858
120147,296
120147,32587
120147,1201
120147,527
120147,47
120147,33166
120147,2571
120147,50
26452,231
26452,1673
26452,1394
26452,3868
26452,6001
26452,1228
26452,16
26452,1963
26452,35836
26452,555
6875,7153
6875,58559
6875,2080
6875,1035
6875,33794
6875,46976
6875,54259
6875,59315
6875,6539
6875,63082
114629,1198
114629,1240
114629,2762
114629,1270
114629,2028
114629,2858
114629,2959
114629,780
114629,6539
114629,380
57379,1208
57379,2571
57379,858
57379,47
57379,593
57379,2858
57379,7361
57379,4878
57379,356
57379,1221
99843,2571
99843,296
99843,2959
99843,541
99843,2732
99843,2729
99843,1258
99843,1111
99843,2291
99843,8933
45697,750
45697,1212
45697,296
45697,912
45697,1252
45697,922
45697,1284
45697,1203
45697,50
45697,923
87754,47
87754,1
87754,6377
87754,593
87754,7153
87754,4896
87754,58559
87754,8961
87754,1097
87754,110
97996,7153
97996,47
97996,2858
97996,318
97996,296
97996,6016
97996,1198
97996,1213
97996,527
97996,5952
72962,60069
72962,48516
72962,7153
72962,91529
72962,33794
72962,5418
72962,5952
72962,4993
72962,49530
72962,1210
66002,356
66002,6874
66002,2959
66002,296
66002,4226
66002,8873
66002,4995
66002,8638
66002,2028
66002,2329
104480,356
104480,527
104480,5618
104480,1222
104480,2762
104480,593
104480,858
104480,4011
104480,1208
104480,6539
75132,2571
75132,50
75132,1089
75132,858
75132,318
75132,296
75132,4226
75132,1210
75132,356
75132,608
28142,91529
28142,4306
28142,44191
28142,4995
28142,3147
28142,5445
28142,1721
28142,3753
28142,8957
28142,2858
115918,1240
115918,1036
115918,53972
115918,7254
115918,356
115918,49272
115918,47200
115918,6157
115918,7438
115918,2628
104628,597
104628,56152
104628,70293
104628,4306
104628,5299
104628,30816
104628,31685
104628,54276
104628,7293
104628,2424
92648,7153
92648,5952
92648,4993
92648,2762
92648,253
92648,4848
92648,8961
92648,2115
92648,3949
92648,6016
101690,2571
101690,3681
101690,1193
101690,2858
101690,3578
101690,541
101690,454
101690,4226
101690,32
101690,48516
94744,60069
94744,72720
94744,48394
94744,63082
94744,64575
94744,81845
94744,55276
94744,48774
94744,44555
94744,26131
18224,6377
18224,4306
18224,6539
18224,7153
18224,1206
18224,4878
18224,2918
18224,63082
18224,1270
18224,1222
59968,1704
59968,6539
59968,858
59968,48774
59968,2997
59968,58559
59968,527
59968,8644
59968,8376
59968,30707
12727,4226
12727,47
12727,293
12727,1291
12727,6016
12727,60069
12727,1036
12727,1704
12727,30749
12727,79132
23239,364
23239,4306
23239,593
23239,2174
23239,5952
23239,7153
23239,4993
23239,500
23239,47
23239,59315
84752,1080
84752,6979
84752,46578
84752,2692
84752,47997
84752,3175
84752,1077
84752,8360
84752,51255
84752,1
88182,5618
88182,293
88182,1196
88182,32
88182,4973
88182,1240
88182,4226
88182,6874
88182,589
88182,1527
109300,1196
109300,260
109300,1210
109300,4993
109300,589
109300,480
109300,2028
109300,47
109300,4306
109300,648
88836,953
88836,608
88836,1247
88836,909
88836,5060
88836,1517
88836,1240
88836,1097
88836,4361
88836,6377
2693,1221
2693,2959
2693,47
2693,318
2693,296
2693,50
2693,6016
2693,1193
2693,5954
2693,593
52433,1198
52433,2019
52433,7153
52433,8961
52433,541
52433,1097
52433,260
52433,4993
52433,5952
52433,3471
16535,44555
16535,527
16535,2019
16535,1960
16535,3000
16535,31658
16535,920
16535,1193
16535,5952
16535,2067
21859,2959
21859,51255
21859,8874
21859,551
21859,58559
21859,62956
21859,71535
21859,2174
21859,76251
21859,296
46550,1682
46550,1197
46550,2115
46550,33493
46550,1097
46550,592
46550,150
46550,4993
46550,7153
46550,5952
125965,2329
125965,2797
125965,3897
125965,55820
125965,1197
125965,2395
125965,1073
125965,1196
125965,6188
125965,1097
120656,318
120656,1198
120656,2918
120656,745
120656,1148
120656,7361
120656,2502
120656,1136
120656,1270
120656,1079
43188,3435
43188,7728
43188,40819
43188,4881
43188,2927
43188,1086
43188,6286
43188,7217
43188,922
43188,55247
107846,50
107846,2571
107846,2858
107846,2959
107846,110
107846,2028
107846,2329
107846,4878
107846,7361
107846,48385
51559,1270
51559,33004
51559,1682
51559,356
51559,2011
51559,8464
51559,47997
51559,180
51559,3052
51559,3156
57693,7153
57693,4993
57693,1653
57693,2329
57693,54286
57693,4963
57693,6874
57693,1089
57693,589
57693,5952
102107,318
102107,6874
102107,296
102107,593
102107,356
102107,6953
102107,7361
102107,3949
102107,1089
102107,50
87066,2959
87066,48394
87066,5669
87066,4848
87066,56339
87066,7147
87066,6291
87066,8961
87066,4878
87066,7153
114009,1625
114009,48516
114009,54995
114009,53972
114009,54286
114009,7827
114009,3535
114009,6874
114009,555
114009,27700
113199,2858
113199,356
113199,6539
113199,6377
113199,1197
113199,56367
113199,8360
113199,5377
113199,2502
113199,6711
132828,68954
132828,6539
132828,1196
132828,260
132828,1210
132828,61132
132828,48394
132828,34048
132828,57368
132828,70286
124711,2028
124711,2959
124711,2762
124711,2571
124711,40819
124711,1704
124711,3897
124711,364
124711,150
124711,2502
72796,58559
72796,6539
72796,44191
72796,592
72796,316
72796,4886
72796,7438
72796,5349
72796,6874
72796,780
39032,527
39032,150
39032,356
39032,318
39032,457
39032,474
39032,3360
39032,858
39032,597
39032,590
42153,45672
42153,46970
42153,54272
42153,4369
42153,2762
42153,33646
42153,4015
42153,42738
42153,5313
42153,30793
36125,1380
36125,1
36125,5299
36125,39
36125,2918
36125,158
36125,1968
36125,3489
36125,1721
36125,1367
120889,1580
120889,593
120889,480
120889,4306
120889,1721
120889,2329
120889,457
120889,3948
120889,1393
120889,780
25683,1208
25683,750
25683,296
25683,48394
25683,56782
25683,912
25683,6377
25683,4027
25683,1213
25683,1527
8918,5952
8918,3578
8918,4226
8918,4993
8918,318
8918,7361
8918,47
8918,4011
8918,4995
8918,2329
132862,35836
132862,4447
132862,2797
132862,3255
132862,5620
132862,539
132862,2942
132862,356
132862,2420
132862,3210
68717,3578
68717,110
68717,356
68717,4995
68717,4963
68717,296
68717,733
68717,47
68717,1573
68717,357
88394,58559
88394,2762
88394,50
88394,296
88394,1704
88394,4993
88394,60069
88394,1961
88394,3147
88394,1393
50140,33794
50140,60040
50140,4963
50140,48780
50140,1240
50140,6874
50140,1036
50140,53972
50140,51662
50140,780
131227,56788
131227,70293
131227,33166
131227,30707
131227,84392
131227,59018
131227,73023
131227,36517
131227,58303
131227,8949
60545,1200
60545,1206
60545,1193
60545,50
60545,1089
60545,2858
60545,750
60545,6016
60545,924
60545,32
60713,79132
60713,48516
60713,47
60713,6016
60713,1203
60713,110
60713,293
60713,58559
60713,1234
60713,7502
37718,527
37718,8961
37718,2762
37718,68157
37718,2571
37718,1193
37718,55820
37718,2918
37718,4963
37718,6539
48445,1221
48445,1089
48445,2858
48445,3160
48445,16
48445,4848
48445,8949
48445,5902
48445,3996
48445,288
134535,4993
134535,2571
134535,3578
134535,4963
134535,16
134535,1625
134535,33794
134535,1258
134535,7438
134535,1200
40014,508
40014,1193
40014,150
40014,1784
40014,1617
40014,3471
40014,1721
40014,1956
40014,1296
40014,33166
105552,2571
105552,1203
105552,4226
105552,79132
105552,4878
105552,48516
105552,1193
105552,4973
105552,858
105552,63082
74131,79132
74131,4226
74131,110
74131,50
74131,356
74131,47
74131,49530
74131,60069
74131,3916
74131,4995
83841,7153
83841,32587
83841,50
83841,4226
83841,2858
83841,2329
83841,4262
83841,4011
83841,260
83841,16
68214,3087
68214,4678
68214,1200
68214,1079
68214,6874
68214,70
68214,6440
68214,3396
68214,3671
68214,4128
99871,5673
99871,27904
99871,56782
99871,541
99871,1748
99871,741
99871,1921
99871,7090
99871,1653
99871,44191
88138,3114
88138,1035
88138,318
88138,595
88138,1961
88138,527
88138,48
88138,1270
88138,1246
88138,500
115035,4226
115035,2571
115035,7327
115035,6711
115035,1653
115035,1373
115035,2109
115035,903
115035,318
115035,2068
87739,59315
87739,1089
87739,1198
87739,356
87739,4011
87739,1704
87739,2028
87739,457
87739,150
87739,608
9941,2762
9941,356
9941,1210
9941,4993
9941,6377
9941,593
9941,6539
9941,2858
9941,318
9941,608
83601,33660
83601,55290
83601,56367
83601,46578
83601,33166
83601,30707
83601,37741
83601,55276
83601,33794
83601,49530
92682,4306
92682,8961
92682,6539
92682,1
92682,356
92682,2571
92682,1196
92682,296
92682,593
92682,364
31368,595
31368,88810
31368,91500
31368,88125
31368,6377
31368,58559
31368,91529
31368,80549
31368,97921
31368,6539
70498,5349
70498,1291
70498,6539
70498,1198
70498,54286
70498,1270
70498,593
70498,1136
70498,5010
70498,50
92465,2571
92465,72998
92465,318
92465,6539
92465,2959
92465,4306
92465,1
92465,64614
92465,4886
92465,72011
102290,4226
102290,2762
102290,1
102290,10
102290,1240
102290,54286
102290,1222
102290,110
102290,3793
102290,750
57381,778
57381,1258
57381,2959
57381,111
57381,750
57381,1222
57381,593
57381,4226
57381,4848
57381,1221
39613,903
39613,2087
39613,916
39613,1269
39613,68954
39613,54001
39613,901
39613,5952
39613,7153
39613,45722
115508,2081
115508,356
115508,1
115508,595
115508,8961
115508,5349
115508,588
115508,4306
115508,2571
115508,2762
65405,1213
65405,2571
65405,296
65405,4262
65405,54286
65405,55820
65405,36529
65405,48856
65405,5377
65405,2231
23902,4993
23902,2571
23902,318
23902,356
23902,48516
23902,1036
23902,2467
23902,4995
23902,2020
23902,32
126215,5952
126215,87232
126215,89745
126215,90746
126215,78499
126215,8961
126215,1371
126215,1136
126215,83132
126215,2761
116185,356
116185,919
116185,520
116185,46578
116185,1073
116185,2502
116185,6377
116185,2
116185,1
116185,4306
31417,4886
31417,1527
31417,593
31417,1210
31417,4963
31417,480
31417,589
31417,5349
31417,60069
31417,588
50223,50
50223,79132
50223,593
50223,1704
50223,58559
50223,3147
50223,4993
50223,48516
50223,33794
50223,6539
41189,1527
41189,7153
41189,1089
41189,4226
41189,589
41189,6874
41189,48394
41189,32587
41189,356
41189,750
53984,608
53984,2959
53984,47
53984,1219
53984,318
53984,2288
53984,68358
53984,68237
53984,8874
53984,912
131514,1580
131514,1089
131514,778
131514,2762
131514,56174
131514,60069
131514,44191
131514,5445
131514,648
131514,48516
6067,39
6067,1198
6067,1580
6067,1527
6067,595
6067,597
6067,2115
6067,1291
6067,72998
6067,68954
9353,4993
9353,5952
9353,4963
9353,364
9353,356
9353,2571
9353,1721
9353,2617
9353,1917
9353,2762
129802,1214
129802,69134
129802,3683
129802,56145
129802,74458
129802,81591
129802,48780
129802,4210
129802,6975
129802,37741
57763,527
57763,1240
57763,1208
57763,1222
57763,2028
57763,2628
57763,858
57763,50068
57763,1527
57763,593
74226,6650
74226,1284
74226,750
74226,1252
74226,1267
74226,2186
74226,913
74226,923
74226,3435
74226,950
99012,6377
99012,1
99012,4886
99012,4306
99012,480
99012,1270
99012,8961
99012,780
99012,1580
99012,3753
22834,2762
22834,1265
22834,5299
22834,2028
22834,597
22834,648
22834,33660
22834,8970
22834,1198
22834,2396
18693,7361
18693,1089
18693,4878
18693,32
18693,48516
18693,47
18693,7438
18693,5952
18693,32587
18693,1222
98153,457
98153,8636
98153,2571
98153,1270
98153,260
98153,3114
98153,150
98153,6378
98153,8368
98153,5064
1772,1247
1772,1221
1772,593
1772,3471
1772,1272
1772,1952
1772,903
1772,969
1772,1233
1772,318
110225,1240
110225,1198
110225,1214
110225,33794
110225,110
110225,4306
110225,8360
110225,593
110225,7438
110225,6874
37298,296
37298,31658
37298,7153
37298,260
37298,1198
37298,34405
37298,33794
37298,541
37298,4878
37298,356
134543,1291
134543,597
134543,457
134543,648
134543,1036
134543,500
134543,7153
134543,1197
134543,4306
134543,4993
89182,76093
89182,2959
89182,40815
89182,356
89182,68157
89182,6377
89182,588
89182,2329
89182,4886
89182,76251
125544,7361
125544,593
125544,6377
125544,527
125544,1080
125544,32
125544,1079
125544,1641
125544,1
125544,3175
94736,58559
94736,4878
94736,91529
94736,1527
94736,4388
94736,93840
94736,6323
94736,57274
94736,344
94736,3052
117259,64622
117259,2396
117259,2424
117259,56587
117259,2803
117259,5064
117259,63082
117259,1892
117259,3148
117259,6810
27919,1291
27919,50
27919,2571
27919,1197
27919,2858
27919,79132
27919,58559
27919,1214
27919,527
27919,2028
23413,356
23413,2762
23413,589
23413,2571
23413,457
23413,3578
23413,6934
23413,454
23413,4963
23413,593
67202,40815
67202,46578
67202,4896
67202,72998
67202,8368
67202,109374
67202,318
67202,63082
67202,6863
67202,1073
85719,49272
85719,1270
85719,58559
85719,1196
85719,110
85719,53972
85719,33794
85719,1580
85719,72998
85719,2000
99455,296
99455,4995
99455,2683
99455,1203
99455,1517
99455,5989
99455,104
99455,7361
99455,2791
99455,1213
92421,1704
92421,356
92421,1089
92421,1213
92421,593
92421,296
92421,2542
92421,33166
92421,527
92421,30707
103566,318
103566,296
103566,48774
103566,48394
103566,4226
103566,81845
103566,1653
103566,58559
103566,356
103566,48516
98534,356
98534,6874
98534,110
98534,68157
98534,858
98534,2411
98534,1198
98534,593
98534,1221
98534,32587
128743,76251
128743,44191
128743,97923
128743,4022
128743,104913
128743,91658
128743,5349
128743,79091
128743,55290
128743,88163
63967,541
63967,32
63967,8961
63967,1136
63967,318
63967,1262
63967,1270
63967,1200
63967,1214
63967,293
19722,1610
19722,608
19722,51540
19722,1370
19722,2115
19722,1729
19722,3147
19722,55765
19722,60684
19722,1704
86694,2762
86694,68157
86694,47
86694,50
86694,296
86694,3147
86694,6377
86694,1089
86694,74458
86694,4306
108450,50872
108450,4995
108450,7153
108450,55052
108450,5952
108450,527
108450,318
108450,63853
108450,54259
108450,59501
49830,2329
49830,318
49830,110
49830,1645
49830,58559
49830,733
49830,4901
49830,2916
49830,4878
49830,3994
89534,4306
89534,5816
89534,6333
89534,4896
89534,3793
89534,8961
89534,45720
89534,260
89534,1196
89534,46972
32072,1784
32072,2291
32072,293
32072,3081
32072,3408
32072,1246
32072,2712
32072,457
32072,480
32072,253
36137,318
36137,356
36137,1704
36137,1892
36137,832
36137,1961
36137,231
36137,3948
36137,110
36137,1923
122094,33794
122094,47610
122094,47
122094,69122
122094,1
122094,5989
122094,7153
122094,4993
122094,64614
122094,110
70481,5971
70481,5618
70481,8961
70481,4016
70481,3114
70481,31658
70481,1196
70481,60161
70481,4993
70481,7153
35829,32
35829,3793
35829,1527
35829,2716
35829,165
35829,1610
35829,1201
35829,112
35829,163
35829,32587
53371,81847
53371,4886
53371,356
53371,33493
53371,102125
53371,33794
53371,527
53371,6333
53371,48780
53371,90866
40683,48385
40683,2858
40683,296
40683,778
40683,1194
40683,3168
40683,1923
40683,4239
40683,2997
40683,4979
12268,7088
12268,1292
12268,58
12268,6867
12268,8128
12268,7983
12268,3089
12268,1251
12268,909
12268,82
133133,6662
133133,5464
133133,6016
133133,39381
133133,1079
133133,44191
133133,1961
133133,1090
133133,1283
133133,55069
80304,858
80304,318
80304,527
80304,342
80304,46578
80304,1617
80304,63082
80304,55820
80304,68157
80304,1207
110982,8961
110982,3793
110982,58105
110982,2161
110982,50601
110982,1527
110982,34405
110982,3108
110982,30793
110982,36401
119197,1961
119197,1094
119197,356
119197,1263
119197,3996
119197,1250
119197,2997
119197,6711
119197,2020
119197,1408
45451,59315
45451,4878
45451,70286
45451,46578
45451,7451
45451,33794
45451,55820
45451,79702
45451,8784
45451,80463
33136,4085
33136,30749
33136,106916
33136,46578
33136,86882
33136,8665
33136,3359
33136,105504
33136,5418
33136,36517
102486,2959
102486,79132
102486,44191
102486,1291
102486,1214
102486,1200
102486,4011
102486,1954
102486,68157
102486,1732
63397,260
63397,7438
63397,6333
63397,2762
63397,110
63397,318
63397,49272
63397,3147
63397,356
63397,2028
104632,68954
104632,89492
104632,8961
104632,52973
104632,60069
104632,1
104632,67734
104632,72011
104632,46976
104632,35836
71487,53125
71487,45722
71487,6539
71487,4226
71487,54286
71487,3147
71487,59315
71487,7361
71487,6377
71487,2762
112668,3578
112668,593
112668,4306
112668,5349
112668,588
112668,296
112668,2571
112668,2115
112668,780
112668,1214
12633,58559
12633,111
12633,1193
12633,1206
12633,356
12633,1527
12633,924
12633,589
12633,318
12633,106782
37016,2858
37016,750
37016,1080
37016,4973
37016,2997
37016,293
37016,5669
37016,6787
37016,1219
37016,3996
97523,2762
97523,1210
97523,593
97523,4993
97523,318
97523,1288
97523,589
97523,4226
97523,2000
97523,1265
14962,1
14962,4226
14962,745
14962,8961
14962,5971
14962,4886
14962,527
14962,1291
14962,33794
14962,1270
115252,7438
115252,6502
115252,2716
115252,60069
115252,1089
115252,51255
115252,6874
115252,68157
115252,1201
115252,4027
10072,3897
10072,593
10072,296
10072,58559
10072,7361
10072,50
10072,2329
10072,46976
10072,69757
10072,1682
135061,47
135061,780
135061,2858
135061,527
135061,2028
135061,2762
135061,50
135061,8798
135061,150
135061,589
121191,44191
121191,3949
121191,260
121191,1196
121191,2858
121191,1210
121191,81591
121191,1527
121191,44555
121191,1270
135975,1374
135975,924
135975,541
135975,1304
135975,2761
135975,1233
135975,1259
135975,750
135975,1282
135975,919
75422,64622
75422,3897
75422,4878
75422,40815
75422,58559
75422,2502
75422,48516
75422,5989
75422,68954
75422,8970
23955,4306
23955,68157
23955,72998
23955,44191
23955,40815
23955,8360
23955,5989
23955,58998
23955,1136
23955,2858
93152,2762
93152,97304
93152,2502
93152,3911
93152,2791
93152,1197
93152,4034
93152,2712
93152,80463
93152,4963
17060,858
17060,1206
17060,1273
17060,1208
17060,111
17060,750
17060,778
17060,2997
17060,2076
17060,1729
44433,46578
44433,296
44433,39183
44433,61240
44433,68954
44433,33880
44433,74458
44433,5902
44433,55280
44433,593
12488,6377
12488,58559
12488,5952
12488,6539
12488,4306
12488,588
12488,2571
12488,7153
12488,66934
12488,71535
4217,915
4217,1197
4217,2089
4217,6785
4217,588
4217,2406
4217,3675
4217,2080
4217,3034
4217,4308
128263,56367
128263,39183
128263,6711
128263,527
128263,45880
128263,912
128263,69757
128263,3897
128263,55052
128263,46578
34470,1210
34470,595
34470,356
34470,1101
34470,68954
34470,539
34470,3114
34470,5418
34470,2762
34470,4022
45635,59369
45635,5574
45635,7163
45635,60684
45635,40815
45635,44665
45635,70286
45635,33162
45635,34150
45635,4901
60665,3578
60665,47644
60665,56174
60665,31685
60665,1101
60665,45726
60665,7445
60665,62081
60665,47099
60665,736
114488,593
114488,1673
114488,39292
114488,37741
114488,1258
114488,111
114488,1394
114488,858
114488,7361
114488,923
68064,356
68064,296
68064,7147
68064,1259
68064,1968
68064,1246
68064,46976
68064,7153
68064,81845
68064,1
54057,6331
54057,6942
54057,8530
54057,40815
54057,8784
54057,6867
54057,5377
54057,6218
54057,59590
54057,27721
81487,63876
81487,48738
81487,102194
81487,94959
81487,59315
81487,51255
81487,48780
81487,59018
81487,90439
81487,43396
86447,2959
86447,589
86447,296
86447,593
86447,8665
86447,457
86447,48516
86447,527
86447,858
86447,7445
66470,1198
66470,3147
66470,7293
66470,2716
66470,2174
66470,8644
66470,41566
66470,653
66470,2005
66470,1291
43233,1291
43233,4306
43233,79132
43233,6539
43233,316
43233,45722
43233,1240
43233,77561
43233,8961
43233,76251
97678,48774
97678,2542
97678,44191
97678,296
97678,541
97678,1136
97678,4963
97678,3578
97678,2947
97678,70286
81998,2959
81998,858
81998,5952
81998,1196
81998,2858
81998,1210
81998,260
81998,50
81998,318
81998,2329
2310,34437
2310,37741
2310,64839
2310,44694
2310,38886
2310,55118
2310,48385
2310,41285
2310,49961
2310,34155
22463,1022
22463,58559
22463,41566
22463,59315
22463,2081
22463,3793
22463,72998
22463,33794
22463,81845
22463,5618
86441,48394
86441,2858
86441,88129
86441,7153
86441,81591
86441,68157
86441,593
86441,5952
86441,4878
86441,70286
57593,4226
57593,541
57593,1089
57593,2959
57593,356
57593,1210
57593,260
57593,1136
57593,1639
57593,293
82049,47
82049,4226
82049,1967
82049,551
82049,79132
82049,1206
82049,1884
82049,2710
82049,2329
82049,778
127536,32587
127536,32
127536,3033
127536,7481
127536,51662
127536,34405
127536,316
127536,3253
127536,33794
127536,3471
120331,47099
120331,5349
120331,64716
120331,56367
120331,63082
120331,5066
120331,5418
120331,58559
120331,34319
120331,51412
99727,1580
99727,1
99727,919
99727,110
99727,1210
99727,858
99727,589
99727,527
99727,50
99727,1073
88021,4878
88021,2571
88021,1246
88021,4973
88021,3578
88021,7147
88021,4571
88021,1653
88021,296
88021,364
54723,1210
54723,923
54723,1278
54723,8228
54723,1219
54723,318
54723,608
54723,1200
54723,1193
54723,527
129598,5995
129598,527
129598,318
129598,2329
129598,49530
129598,4226
129598,1193
129598,50068
129598,296
129598,608
67845,5445
67845,5418
67845,2916
67845,2194
67845,8961
67845,3527
67845,2028
67845,1214
67845,541
67845,6979
116417,2329
116417,2028
116417,47
116417,48516
116417,318
116417,79132
116417,59369
116417,69122
116417,377
116417,4226
774,30749
774,1221
774,858
774,1
774,5995
774,1213
774,2762
774,608
774,296
774,50
104461,7361
104461,79132
104461,2571
104461,54503
104461,4878
104461,69757
104461,55247
104461,67087
104461,1704
104461,4011
31192,4235
31192,63876
31192,55814
31192,527
31192,2959
31192,50872
31192,59018
31192,58559
31192,46723
31192,68954
126265,33794
126265,66934
126265,48780
126265,904
126265,5377
126265,68237
126265,81845
126265,44555
126265,7361
126265,1680
90092,1213
90092,50
90092,1234
90092,296
90092,903
90092,1219
90092,1197
90092,1267
90092,2762
90092,1207
41474,110
41474,3578
41474,858
41474,7361
41474,4973
41474,4995
41474,48516
41474,1961
41474,6377
41474,1721
127938,7153
127938,4226
127938,2329
127938,318
127938,110
127938,733
127938,527
127938,5445
127938,590
127938,6
54143,5971
54143,593
54143,47
54143,7099
54143,4973
54143,1196
54143,541
54143,7438
54143,55820
54143,7361
105907,8368
105907,356
105907,1721
105907,780
105907,2762
105907,53125
105907,480
105907,33794
105907,47099
105907,3793
45499,7361
45499,8961
45499,7153
45499,50
45499,356
45499,2871
45499,57669
45499,6377
45499,2502
45499,1136
91401,1210
91401,356
91401,260
91401,4226
91401,2502
91401,48516
91401,2028
91401,1265
91401,7361
91401,6539
128421,260
128421,5952
128421,7153
128421,2959
128421,48394
128421,5618
128421,33794
128421,1197
128421,1210
128421,4878
69397,2959
69397,2571
69397,33794
69397,58559
69397,51662
69397,5418
69397,318
69397,4963
69397,1479
69397,7293
52996,364
52996,1639
52996,588
52996,4489
52996,4963
52996,1961
52996,2011
52996,1393
52996,8636
52996,1923
122283,3196
122283,1207
122283,7218
122283,8228
122283,30749
122283,903
122283,6639
122283,1193
122283,909
122283,31260
65830,68157
65830,58559
65830,47
65830,1089
65830,1193
65830,50
65830,4973
65830,4011
65830,2997
65830,750
82966,4973
82966,5952
82966,31658
82966,3000
82966,40815
82966,3793
82966,39183
82966,5816
82966,480
82966,44191
70841,357
70841,5989
70841,3578
70841,17
70841,4886
70841,4246
70841,1270
70841,2671
70841,31685
70841,1307
112377,1
112377,593
112377,1580
112377,4993
112377,356
112377,364
112377,6539
112377,1136
112377,4306
112377,2
43472,2858
43472,2028
43472,4886
43472,6377
43472,3147
43472,1291
43472,2716
43472,1961
43472,1036
43472,1198
74136,6539
74136,55247
74136,88129
74136,293
74136,5418
74136,48780
74136,3114
74136,5218
74136,8961
74136,105844
110525,33794
110525,2959
110525,593
110525,7361
110525,1207
110525,7438
110525,919
110525,8958
110525,110
110525,3147
69762,1208
69762,1265
69762,1206
69762,5902
69762,1288
69762,1219
69762,6
69762,46578
69762,4011
69762,1197
41486,2117
41486,26554
41486,1206
41486,1208
41486,7236
41486,5881
41486,1240
41486,674
41486,1676
41486,1253
21574,5618
21574,541
21574,44191
21574,6377
21574,6539
21574,318
21574,54259
21574,1136
21574,1
21574,1270
99603,4886
99603,1097
99603,356
99603,593
99603,597
99603,1961
99603,1307
99603,527
99603,2268
99603,318
104106,8961
104106,858
104106,33493
104106,3996
104106,150
104106,1197
104106,1240
104106,4886
104106,1
104106,589
112936,293
112936,1265
112936,480
112936,1270
112936,4993
112936,2858
112936,541
112936,1197
112936,590
112936,2291
67480,4993
67480,5952
67480,7153
67480,58559
67480,79132
67480,50872
67480,48780
67480,44191
67480,5989
67480,73017
109940,3578
109940,1036
109940,2918
109940,49272
109940,296
109940,593
109940,541
109940,1732
109940,1222
109940,1266
34191,480
34191,3717
34191,4344
34191,1645
34191,4963
34191,104841
34191,454
34191,8984
34191,4901
34191,7445
50115,318
50115,296
50115,6942
50115,69122
50115,7293
50115,34319
50115,35836
50115,4718
50115,69757
50115,31685
138065,750
138065,6016
138065,2959
138065,1228
138065,1196
138065,1089
138065,1222
138065,64839
138065,1732
138065,527
100214,69481
100214,54286
100214,57669
100214,80463
100214,81591
100214,44761
100214,79702
100214,44191
100214,60684
100214,85414
33105,1198
33105,1291
33105,1210
33105,4306
33105,356
33105,318
33105,480
33105,7153
33105,2355
33105,539
47400,1210
47400,2762
47400,1291
47400,99114
47400,589
47400,593
47400,47
47400,1270
47400,89745
47400,92259
74939,4306
74939,50
74939,8368
74939,318
74939,1197
74939,2959
74939,6377
74939,4963
74939,2502
74939,1136
87835,4306
87835,541
87835,356
87835,527
87835,593
87835,457
87835,2918
87835,480
87835,48394
87835,44191
119447,969
119447,4973
119447,899
119447,3334
119447,527
119447,318
119447,4027
119447,7090
119447,6639
119447,1079
63370,50
63370,318
63370,4226
63370,79132
63370,96610
63370,32
63370,4878
63370,2571
63370,99114
63370,48774
89392,2858
89392,5445
89392,2716
89392,46976
89392,1
89392,6377
89392,5418
89392,3949
89392,47610
89392,1527
98756,1206
98756,50
98756,32
98756,527
98756,1682
98756,1089
98756,4995
98756,81591
98756,6539
98756,111
48074,593
48074,1213
48074,50
48074,318
48074,47
48074,74458
48074,4226
48074,858
48074,32
48074,82459
19881,2858
19881,4973
19881,1204
19881,50
19881,1260
19881,89753
19881,908
19881,8950
19881,32587
19881,34542
54707,780
54707,59315
54707,1036
54707,1240
54707,1291
54707,89745
54707,79132
54707,733
54707,68358
54707,5445
40844,6539
40844,480
40844,5618
40844,2502
40844,1210
40844,5418
40844,3793
40844,34405
40844,8665
40844,8874
133285,741
133285,4446
133285,1610
133285,32587
133285,6333
133285,33493
133285,1584
133285,1320
133285,208
133285,5349
86718,71535
86718,76251
86718,33794
86718,4886
86718,60069
86718,58559
86718,73017
86718,8874
86718,87232
86718,54503
21348,1198
21348,648
21348,3114
21348,53972
21348,736
21348,588
21348,8644
21348,8665
21348,1438
21348,6539
118555,1136
118555,4226
118555,110
118555,4306
118555,1961
118555,4886
118555,3996
118555,589
118555,2997
118555,2692
63276,47
63276,2571
63276,4886
63276,44191
63276,60072
63276,2762
63276,60069
63276,63992
63276,56367
63276,318
18641,1961
18641,46578
18641,527
18641,47
18641,50
18641,608
18641,56782
18641,1704
18641,7361
18641,63082
64095,6934
64095,45722
64095,60756
64095,61132
64095,8874
64095,4963
64095,356
64095,60126
64095,48780
64095,780
109184,6874
109184,2571
109184,1214
109184,8360
109184,356
109184,253
109184,1580
109184,589
109184,8957
109184,47
113780,296
113780,1198
113780,5952
113780,7153
113780,6539
113780,48780
113780,59315
113780,49530
113780,68358
113780,1291
129903,2160
129903,2096
129903,2081
129903,1348
129903,8507
129903,2313
129903,4878
129903,968
129903,1028
129903,1345
72146,1222
72146,3578
72146,1214
72146,1610
72146,2918
72146,589
72146,2194
72146,2716
72146,3527
72146,553
70217,356
70217,8636
70217,4306
70217,1270
70217,7153
70217,745
70217,2571
70217,3114
70217,40815
70217,3996
16721,5952
16721,4973
16721,318
16721,7361
16721,4878
16721,4886
16721,6377
16721,1197
16721,597
16721,2291
86949,480
86949,2028
86949,3552
86949,50
86949,2987
86949,4085
86949,3175
86949,364
86949,2001
86949,104
49872,608
49872,6870
49872,2396
49872,1704
49872,3071
49872,356
49872,150
49872,2268
49872,2028
49872,5060
120354,41566
120354,45722
120354,8665
120354,33794
120354,33660
120354,33166
120354,4963
120354,47644
120354,3916
120354,44665
128325,8784
128325,593
128325,3949
128325,8874
128325,6620
128325,1136
128325,8910
128325,2571
128325,8873
128325,441
12771,68358
12771,76251
12771,8368
12771,59369
12771,48780
12771,53125
12771,4993
12771,96079
12771,49272
12771,102445
117067,63082
117067,6711
117067,2918
117067,1358
117067,4027
117067,5446
117067,1299
117067,593
117067,30749
117067,7256
34120,1198
34120,1994
34120,5952
34120,1270
34120,1240
34120,8957
34120,2710
34120,61240
34120,1407
34120,1291
51384,54997
51384,81591
51384,81845
51384,46530
51384,55765
51384,58998
51384,77561
51384,63082
51384,60069
51384,40819
13880,4226
13880,2858
13880,2997
13880,6016
13880,1175
13880,750
13880,2959
13880,55820
13880,6380
13880,4235
75571,348
75571,1247
75571,4848
75571,750
75571,4979
75571,34437
75571,909
75571,745
75571,1223
75571,6993
27235,2571
27235,2028
27235,2762
27235,3578
27235,590
27235,16
27235,33794
27235,2329
27235,1625
27235,1036
2934,4963
2934,3578
2934,318
2934,4973
2934,4226
2934,2762
2934,7438
2934,48516
2934,1617
2934,593
42042,2959
42042,356
42042,8665
42042,69122
42042,296
42042,79132
42042,2571
42042,55765
42042,63082
42042,8961
45430,2355
45430,59315
45430,588
45430,59784
45430,7153
45430,4993
45430,52435
45430,1073
45430,5952
45430,35836
103006,4226
103006,527
103006,904
103006,1223
103006,1617
103006,480
103006,296
103006,457
103006,1136
103006,1265
26554,527
26554,6807
26554,32
26554,1220
26554,1136
26554,111
26554,290
26554,1266
26554,4226
26554,1258
53653,1136
53653,32
53653,110
53653,5952
53653,1210
53653,1198
53653,541
53653,527
53653,1193
53653,1265
124748,750
124748,4226
124748,318
124748,2571
124748,47
124748,2329
124748,1222
124748,7361
124748,778
124748,541
122983,1211
122983,541
122983,27317
122983,3362
122983,1193
122983,593
122983,5489
122983,6748
122983,3435
122983,1261
23478,1291
23478,49272
23478,296
23478,60069
23478,69122
23478,73017
23478,68157
23478,1704
23478,7361
23478,1682
118514,1617
118514,527
118514,50
118514,593
118514,2329
118514,904
118514,2571
118514,1252
118514,908
118514,1230
52269,6377
52269,33794
52269,56782
52269,7153
52269,88129
52269,8874
52269,4848
52269,527
52269,79702
52269,111362
70303,50872
70303,40819
70303,54286
70303,34072
70303,34162
70303,48774
70303,48385
70303,55820
70303,68954
70303,32587
56918,97913
56918,6539
56918,58559
56918,8961
56918,33794
56918,2571
56918,81564
56918,72998
56918,91542
56918,4886
68963,1213
68963,48516
68963,64614
68963,50
68963,318
68963,96079
68963,54286
68963,68157
68963,99114
68963,2329
24987,6218
24987,8368
24987,1
24987,1197
24987,38038
24987,1035
24987,5349
24987,8970
24987,497
24987,3114
73645,1193
73645,4226
73645,593
73645,48516
73645,10
73645,55820
73645,49272
73645,110
73645,1208
73645,608
92161,4993
92161,780
92161,1
92161,2329
92161,2028
92161,2858
92161,50
92161,7153
92161,296
92161,4226
102929,3147
102929,4306
102929,68157
102929,593
102929,7502
102929,89745
102929,5010
102929,56174
102929,64614
102929,858
38253,8636
38253,1704
38253,150
38253,1291
38253,318
38253,68358
38253,5989
38253,593
38253,60069
38253,590
134488,2959
134488,60069
134488,1270
134488,59315
134488,1214
134488,5952
134488,1274
134488,31658
134488,51662
134488,7022
115807,954
115807,919
115807,8961
115807,1250
115807,1287
115807,920
115807,1253
115807,912
115807,1204
115807,3654
23255,1136
23255,33794
23255,58559
23255,2571
23255,89745
23255,44191
23255,77561
23255,3793
23255,1291
23255,1198
69786,1291
69786,3578
69786,1265
69786,6874
69786,49272
69786,2997
69786,1073
69786,110
69786,48385
69786,1221
95552,1527
95552,6539
95552,6377
95552,50872
95552,1610
95552,1269
95552,5952
95552,7153
95552,3793
95552,2094
13600,32587
13600,47
13600,4878
13600,51255
13600,1213
13600,3949
13600,55820
13600,4993
13600,48780
13600,4973
37072,1459
37072,7143
37072,1027
37072,1377
37072,2115
37072,3654
37072,2916
37072,1227
37072,1953
37072,2018
50480,110
50480,41997
50480,2058
50480,48412
50480,2353
50480,4901
50480,36529
50480,5989
50480,49272
50480,5420
28554,3578
28554,1961
28554,457
28554,1198
28554,3508
28554,858
28554,553
28554,4995
28554,3147
28554,1036
113430,593
113430,2571
113430,46578
113430,1193
113430,4878
113430,7153
113430,4993
113430,111
113430,55444
113430,6874
80624,4011
80624,370
80624,364
80624,2012
80624,165
80624,1370
80624,1036
80624,8957
80624,2701
80624,2716
21446,480
21446,6365
21446,4963
21446,68358
21446,77561
21446,60069
21446,4226
21446,356
21446,8644
21446,5816
66336,7153
66336,5952
66336,4306
66336,4993
66336,260
66336,1210
66336,2918
66336,2028
66336,1136
66336,4226
104366,8961
104366,34405
104366,69122
104366,5218
104366,4993
104366,4718
104366,8360
104366,2011
104366,2716
104366,1291
42650,2329
42650,1222
42650,111
42650,318
42650,81932
42650,45728
42650,1221
42650,68157
42650,47
42650,3535
68107,7153
68107,4993
68107,1721
68107,4963
68107,40815
68107,500
68107,1580
68107,2797
68107,2858
68107,589
37095,1682
37095,3578
37095,593
37095,293
37095,70
37095,50
37095,1748
37095,1258
37095,318
37095,858
51832,55820
51832,1206
51832,2858
51832,34437
51832,6016
51832,31410
51832,60950
51832,778
51832,296
51832,5388
68533,3147
68533,318
68533,2291
68533,46578
68533,2959
68533,63082
68533,6539
68533,5349
68533,69757
68533,4306
119253,912
119253,904
119253,1291
119253,908
119253,4973
119253,926
119253,5952
119253,4993
119253,951
119253,913
20936,1197
20936,79132
20936,76251
20936,68954
20936,71535
20936,56367
20936,46976
20936,2959
20936,68358
20936,57669
34399,457
34399,150
34399,318
34399,4306
34399,1721
34399,2571
34399,3948
34399,1196
34399,6539
34399,1270
1396,1252
1396,527
1396,7013
1396,2186
1396,903
1396,3629
1396,318
1396,1204
1396,3030
1396,5008
102541,33794
102541,318
102541,4886
102541,4973
102541,1136
102541,6377
102541,2571
102541,46578
102541,32587
102541,8784
127421,457
127421,2329
127421,2571
127421,1259
127421,1704
127421,3499
127421,589
127421,1213
127421,1193
127421,8949
109042,2985
109042,1036
109042,1982
109042,1258
109042,1198
109042,1320
109042,2012
109042,407
109042,196
109042,1391
55880,593
55880,1197
55880,8874
55880,6502
55880,1265
55880,4027
55880,1732
55880,2791
55880,318
55880,4878
29283,4226
29283,2959
29283,33794
29283,48516
29283,79132
29283,58559
29283,44191
29283,48774
29283,296
29283,1203
104245,6539
104245,2006
104245,4069
104245,3255
104245,524
104245,5349
104245,1580
104245,377
104245,780
104245,1380
103786,260
103786,1196
103786,1036
103786,1580
103786,2716
103786,527
103786,1210
103786,1291
103786,648
103786,3793
120120,4979
120120,608
120120,296
120120,2395
120120,50
120120,1307
120120,2692
120120,3911
120120,2918
120120,3996
4005,3507
4005,919
4005,4187
4005,1086
4005,7058
4005,8228
4005,1035
4005,1197
4005,7075
4005,6448
2821,4878
2821,4226
2821,7361
2821,3160
2821,3949
2821,1732
2821,858
2821,608
2821,2395
2821,6016
118439,2502
118439,750
118439,1136
118439,318
118439,1210
118439,2571
118439,56367
118439,2716
118439,1198
118439,3552
99495,1704
99495,593
99495,47
99495,5952
99495,1210
99495,2858
99495,1291
99495,2762
99495,1197
99495,589
24536,111
24536,527
24536,858
24536,2692
24536,750
24536,4878
24536,1221
24536,1258
24536,48516
24536,55820
80403,32587
80403,858
80403,63082
80403,48774
80403,3578
80403,5989
80403,1240
80403,2997
80403,1210
80403,64614
58305,47
58305,318
58305,589
58305,593
58305,2858
58305,165
58305,32587
58305,2683
58305,374
58305,1222
21579,8376
21579,60069
21579,8807
21579,63131
21579,57640
21579,46970
21579,58162
21579,33615
21579,58559
21579,6863
101271,318
101271,6016
101271,48516
101271,2858
101271,4973
101271,593
101271,2959
101271,1617
101271,1252
101271,1213
35785,7147
35785,1682
35785,318
35785,780
35785,4963
35785,34048
35785,33679
35785,3408
35785,3000
35785,1721
18670,260
18670,541
18670,1136
18670,592
18670,1206
18670,1220
18670,1240
18670,1213
18670,111
18670,1196
123041,5445
123041,1527
123041,3578
123041,1198
123041,2028
123041,51662
123041,53972
123041,51255
123041,318
123041,6365
75879,480
75879,2858
75879,50
75879,7361
75879,110
75879,48385
75879,3578
75879,1
75879,8874
75879,49272
30704,1210
30704,2762
30704,3101
30704,318
30704,3578
30704,587
30704,1580
30704,1674
30704,4993
30704,5952
116864,8961
116864,356
116864,3578
116864,293
116864,260
116864,48394
116864,6502
116864,4011
116864,2997
116864,48516
58168,2959
58168,6377
58168,1580
58168,1
58168,110
58168,1527
58168,1214
58168,5349
58168,3578
58168,53953
95228,60069
95228,593
95228,4993
95228,7153
95228,5618
95228,47
95228,79132
95228,296
95228,48780
95228,68237
131726,8961
131726,49272
131726,7153
131726,50
131726,47
131726,593
131726,4226
131726,3275
131726,527
131726,1732
85268,377
85268,733
85268,1580
85268,1097
85268,150
85268,589
85268,2028
85268,736
85268,648
85268,1704
5185,4878
5185,356
5185,1136
5185,6377
5185,6874
5185,778
5185,6807
5185,48394
5185,68954
5185,318
30416,1232
30416,3910
30416,25771
30416,7460
30416,52885
30416,7361
30416,741
30416,2959
30416,1289
30416,1237
31540,47
31540,50
31540,7361
31540,1089
31540,593
31540,1732
31540,3996
31540,4878
31540,31878
31540,4973
60160,2571
60160,2762
60160,733
60160,2959
60160,1193
60160,1208
60160,590
60160,1101
60160,2329
60160,1580
130589,356
130589,79132
130589,60069
130589,68954
130589,50872
130589,2700
130589,1682
130589,750
130589,46578
130589,2716
11038,1073
11038,1721
11038,2858
11038,2959
11038,527
11038,608
11038,2115
11038,736
11038,4306
11038,1
131263,7361
131263,5618
131263,296
131263,2959
131263,1222
131263,541
131263,1206
131263,2019
131263,58559
131263,3000
1745,5952
1745,4993
1745,7153
1745,4878
1745,6539
1745,2571
1745,3052
1745,3275
1745,296
1745,2502
94076,4226
94076,1203
94076,903
94076,1206
94076,2997
94076,908
94076,1273
94076,778
94076,3504
94076,2959
38061,33794
38061,1036
38061,2959
38061,296
38061,5418
38061,1240
38061,318
38061,480
38061,48516
38061,8983
75187,2947
75187,58559
75187,1262
75187,2949
75187,3639
75187,49272
75187,6377
75187,33794
75187,3671
75187,1265
56545,356
56545,4886
56545,4963
56545,3408
56545,6218
56545,5064
56545,318
56545,2572
56545,8360
56545,8970
84165,527
84165,2997
84165,1193
84165,2395
84165,778
84165,7323
84165,4226
84165,99114
84165,3083
84165,86882
59374,1196
59374,919
59374,1
59374,1210
59374,2997
59374,6385
59374,750
59374,2359
59374,1296
59374,1961
72956,7361
72956,4973
72956,6874
72956,1258
72956,96079
72956,5952
72956,111
72956,27773
72956,1221
72956,7153
30766,780
30766,5989
30766,33794
30766,1136
30766,7143
30766,150
30766,48516
30766,73017
30766,2355
30766,49530
82434,102125
82434,76251
82434,64614
82434,48780
82434,88140
82434,48774
82434,102445
82434,48394
82434,111759
82434,71535
25075,2028
25075,7153
25075,589
25075,1036
25075,733
25075,5418
25075,5952
25075,457
25075,1610
25075,7143
86062,260
86062,296
86062,60069
86062,1704
86062,55820
86062,7361
86062,858
86062,4226
86062,1089
86062,64614
85392,7361
85392,1704
85392,2959
85392,2858
85392,44665
85392,48516
85392,1961
85392,44195
85392,33166
85392,2329
115295,356
115295,45722
115295,648
115295,4963
115295,69122
115295,480
115295,4369
115295,296
115295,5989
115295,33679
51770,745
51770,1219
51770,1200
51770,3114
51770,1270
51770,2858
51770,2997
51770,56174
51770,1387
51770,2288
89854,33669
89854,59333
89854,7380
89854,63992
89854,78772
89854,36525
89854,69406
89854,5943
89854,53466
89854,42009
52076,1
52076,4306
52076,8360
52076,1517
52076,3785
52076,364
52076,1544
52076,33493
52076,344
52076,5481
58997,2762
58997,56367
58997,51255
58997,8961
58997,4306
58997,541
58997,1221
58997,3578
58997,1265
58997,527
82654,910
82654,608
82654,50
82654,2176
82654,965
82654,3060
82654,8228
82654,1193
82654,4973
82654,1296
46166,6377
46166,593
46166,3253
46166,8376
46166,81845
46166,48385
46166,4993
46166,5952
46166,7153
46166,64614
7814,4226
7814,1196
7814,2959
7814,60069
7814,2571
7814,81845
7814,2858
7814,4993
7814,1136
7814,7153
53725,2858
53725,58559
53725,858
53725,541
53725,68237
53725,79132
53725,5445
53725,70286
53725,1221
53725,1584
130992,595
130992,76093
130992,79091
130992,6350
130992,65261
130992,68358
130992,5418
130992,8665
130992,54286
130992,6807
74589,1197
74589,527
74589,7156
74589,541
74589,8961
74589,1136
74589,1234
74589,44555
74589,1299
74589,1203
134938,4226
134938,2959
134938,150
134938,593
134938,527
134938,780
134938,2858
134938,110
134938,457
134938,380
132376,7153
132376,527
132376,1193
132376,1258
132376,593
132376,1201
132376,1196
132376,260
132376,1263
132376,2871
6288,296
6288,5952
6288,79132
6288,318
6288,68954
6288,2291
6288,588
6288,1097
6288,50872
6288,63082
3963,527
3963,7153
3963,150
3963,356
3963,1270
3963,1196
3963,595
3963,2571
3963,1197
3963,2858
113903,1197
113903,4993
113903,593
113903,7361
113903,50
113903,1682
113903,231
113903,5349
113903,3578
113903,364
34367,500
34367,1307
34367,1198
34367,1580
34367,1704
34367,1193
34367,780
34367,480
34367,357
34367,3578
45107,5952
45107,2762
45107,79132
45107,1208
45107,4973
45107,50
45107,1201
45107,1197
45107,48780
45107,1221
85575,589
85575,457
85575,1266
85575,49530
85575,4326
85575,1610
85575,50
85575,26614
85575,7153
85575,296
29335,595
29335,2
29335,597
29335,6155
29335,1835
29335,4306
29335,367
29335,5620
29335,6338
29335,2496
17242,364
17242,4995
17242,356
17242,6378
17242,41566
17242,31685
17242,1580
17242,6377
17242,1704
17242,4886
23260,69122
23260,5952
23260,7153
23260,79702
23260,2571
23260,73017
23260,48
23260,2959
23260,86332
23260,1136
122595,2762
122595,1527
122595,597
122595,2571
122595,1573
122595,5349
122595,2858
122595,318
122595,54286
122595,4011
76815,2858
76815,527
76815,48516
76815,318
76815,908
76815,912
76815,68954
76815,80463
76815,899
76815,1230
93682,4306
93682,2716
93682,356
93682,2011
93682,8961
93682,68954
93682,2012
93682,44191
93682,91542
93682,60684
62954,1258
62954,1196
62954,1198
62954,1148
62954,296
62954,8961
62954,908
62954,1387
62954,589
62954,3421
137231,593
137231,260
137231,48516
137231,2028
137231,1291
137231,2329
137231,1704
137231,5418
137231,1210
137231,26614
67149,3000
67149,5971
67149,5618
67149,1136
67149,1080
67149,3996
67149,51255
67149,32587
67149,2571
67149,49272
28384,1073
28384,2858
28384,1
28384,541
28384,1196
28384,260
28384,2762
28384,1221
28384,3996
28384,1213
60463,2918
60463,5952
60463,4993
60463,1240
60463,457
60463,3578
60463,2858
60463,1136
60463,33794
60463,2194
16537,356
16537,6874
16537,318
16537,5445
16537,36529
16537,110
16537,48516
16537,1221
16537,2762
16537,7361
121782,356
121782,47
121782,4720
121782,2762
121782,780
121782,593
121782,8360
121782,4886
121782,10
121782,2959
133096,1036
133096,2502
133096,1265
133096,2683
133096,50
133096,1221
133096,1193
133096,44191
133096,68157
133096,589
103637,5060
103637,923
103637,593
103637,1258
103637,318
103637,1247
103637,1272
103637,1387
103637,3362
103637,3504
27426,80463
27426,60684
27426,71535
27426,356
27426,69122
27426,72998
27426,3033
27426,1704
27426,48385
27426,8784
25369,1208
25369,541
25369,1193
25369,55820
25369,1263
25369,5418
25369,296
25369,1732
25369,50
25369,58559
87441,46578
87441,56367
87441,48516
87441,54001
87441,45950
87441,44195
87441,48394
87441,32587
87441,49530
87441,40819
46251,4963
46251,4995
46251,593
46251,2028
46251,648
46251,527
46251,5445
46251,1291
46251,47
46251,5989
66757,7361
66757,2959
66757,58559
66757,35836
66757,56367
66757,7451
66757,60069
66757,54503
66757,2858
66757,3081
128384,296
128384,318
128384,1089
128384,377
128384,5445
128384,1213
128384,55820
128384,858
128384,750
128384,904
26193,3435
26193,1293
26193,1086
26193,1500
26193,56788
26193,6708
26193,3035
26193,497
26193,1939
26193,1248
43725,58559
43725,480
43725,2762
43725,356
43725,7361
43725,6539
43725,2959
43725,72998
43725,500
43725,68954
31265,4973
31265,47
31265,1089
31265,50
31265,2858
31265,7153
31265,293
31265,260
31265,1222
31265,4993
105580,3147
105580,912
105580,1246
105580,4326
105580,6777
105580,858
105580,922
105580,27803
105580,4973
105580,56339
44748,1210
44748,79132
44748,1089
44748,318
44748,1214
44748,608
44748,527
44748,1193
44748,356
44748,1200
419,48322
419,1753
419,8807
419,231
419,62434
419,52245
419,6377
419,1923
419,2959
419,2335
69406,318
69406,51662
69406,54286
69406,35836
69406,33004
69406,3300
69406,8636
69406,48774
69406,77561
69406,2355
65664,48516
65664,4995
65664,2858
65664,527
65664,858
65664,1704
65664,2329
65664,50
65664,500
65664,47
31654,318
31654,1358
31654,4326
31654,8798
31654,3105
31654,1259
31654,4226
31654,529
31654,50
31654,4034
124565,1136
124565,150
124565,1291
124565,6365
124565,41566
124565,3745
124565,1029
124565,1356
124565,953
124565,1225
12374,1036
12374,1213
12374,3578
12374,3147
12374,47
12374,2762
12374,2571
12374,480
12374,2268
12374,1265
102320,4993
102320,110
102320,33794
102320,1089
102320,589
102320,27773
102320,2997
102320,30749
102320,44195
102320,1208
116780,1198
116780,1197
116780,2858
116780,318
116780,1265
116780,924
116780,541
116780,7361
116780,4226
116780,1214
34224,318
34224,2959
34224,2762
34224,3948
34224,27808
34224,7361
34224,4226
34224,46578
34224,5299
34224,2541
111486,33794
111486,7153
111486,4993
111486,5445
111486,541
111486,6283
111486,1274
111486,5952
111486,1198
111486,27660
53085,593
53085,356
53085,47
53085,32
53085,6953
53085,2858
53085,4306
53085,288
53085,293
53085,1682
20268,593
20268,2959
20268,1288
20268,318
20268,1206
20268,1259
20268,590
20268,1093
20268,2716
20268,3499
131425,58559
131425,44191
131425,81591
131425,2762
131425,1682
131425,7147
131425,85414
131425,44665
131425,60069
131425,84152
135102,6188
135102,1265
135102,54503
135102,47
135102,8528
135102,231
135102,58559
135102,104
135102,785
135102,344
83612,4306
83612,593
83612,1704
83612,2028
83612,5952
83612,527
83612,4963
83612,1197
83612,48516
83612,2329
52482,1610
52482,480
52482,356
52482,32
52482,1242
52482,60069
52482,6539
52482,8961
52482,2716
52482,593
68260,4886
68260,1220
68260,3087
68260,1387
68260,4963
68260,1641
68260,4571
68260,2795
68260,1394
68260,4489
110574,1
110574,318
110574,733
110574,1527
110574,47
110574,2628
110574,1653
110574,1036
110574,1961
110574,2329
27162,589
27162,102125
27162,7153
27162,4993
27162,97752
27162,94864
27162,1240
27162,89745
27162,96610
27162,541
8245,2959
8245,2762
8245,480
8245,260
8245,380
8245,296
8245,32
8245,1196
8245,377
8245,1617
89136,6539
89136,110
89136,58559
89136,356
89136,318
89136,2571
89136,68954
89136,4886
89136,595
89136,527
23477,32
23477,2542
23477,5952
23477,4226
23477,56367
23477,593
23477,293
23477,4878
23477,33794
23477,6874
21011,318
21011,2329
21011,8950
21011,48774
21011,27773
21011,1732
21011,58559
21011,48082
21011,31658
21011,2502
135723,296
135723,2502
135723,356
135723,8874
135723,6539
135723,58559
135723,1206
135723,1197
135723,1682
135723,1258
86026,1258
86026,968
86026,296
86026,3726
86026,7360
86026,1210
86026,6502
86026,1222
86026,1089
86026,2985
36725,81845
36725,105844
36725,48
36725,58803
36725,4700
36725,4022
36725,109578
36725,91500
36725,1911
36725,89470
74298,2571
74298,5418
74298,44191
74298,3753
74298,4022
74298,4995
74298,6378
74298,49272
74298,1704
74298,296
116160,6377
116160,1704
116160,3147
116160,2571
116160,5989
116160,88810
116160,91500
116160,92259
116160,4993
116160,7153
26658,4226
26658,150
26658,527
26658,48516
26658,2028
26658,1036
26658,49272
26658,54286
26658,32
26658,33794
83017,1206
83017,1193
83017,50
83017,6016
83017,48774
83017,6440
83017,68157
83017,56367
83017,2329
83017,4011
25660,8957
25660,3578
25660,2028
25660,5218
25660,63082
25660,4306
25660,33794
25660,55820
25660,44191
25660,4896
87518,81591
87518,4878
87518,1136
87518,27773
87518,8874
87518,1193
87518,2762
87518,93840
87518,70286
87518,608
12087,296
12087,6539
12087,1240
12087,6333
12087,3793
12087,356
12087,2232
12087,6365
12087,592
12087,5445
85812,4993
85812,5952
85812,593
85812,50
85812,8961
85812,527
85812,318
85812,3996
85812,47
85812,3897
89228,5445
89228,7153
89228,593
89228,4011
89228,4973
89228,589
89228,648
89228,32587
89228,293
89228,6016
39045,6711
39045,46578
39045,56333
39045,39183
39045,38886
39045,56367
39045,4979
39045,8784
39045,47999
39045,337
21351,1240
21351,858
21351,1210
21351,608
21351,260
21351,50
21351,2028
21351,110
21351,8961
21351,1270
97653,109374
97653,54286
97653,2571
97653,109487
97653,593
97653,60069
97653,2329
97653,44191
97653,4993
97653,5952
106708,1258
106708,1089
106708,2858
106708,318
106708,58559
106708,260
106708,32
106708,1206
106708,541
106708,47
85756,4226
85756,50
85756,7438
85756,2542
85756,223
85756,6796
85756,1673
85756,16
85756,2329
85756,1288
124665,32587
124665,296
124665,2571
124665,79132
124665,48774
124665,68358
124665,4878
124665,33794
124665,68157
124665,4226
36224,56587
36224,1250
36224,110
36224,318
36224,590
36224,1097
36224,1961
36224,1225
36224,2431
36224,954
70770,2174
70770,8874
70770,3396
70770,3499
70770,2791
70770,551
70770,1321
70770,318
70770,2076
70770,1673
68309,4226
68309,296
68309,35836
68309,1270
68309,2329
68309,1
68309,34162
68309,60069
68309,780
68309,7438
111251,1270
111251,2959
111251,4886
111251,33794
111251,457
111251,3996
111251,1704
111251,1240
111251,912
111251,541
35303,47
35303,54286
35303,349
35303,6378
35303,49272
35303,1608
35303,32029
35303,1265
35303,32
35303,1722
50071,32587
50071,46578
50071,1193
50071,47
50071,4878
50071,1732
50071,1136
50071,527
50071,500
50071,32
51978,51080
51978,51084
51978,41025
51978,40629
51978,55247
51978,64701
51978,8943
51978,55451
51978,55094
51978,44199
94178,8961
94178,4306
94178,1197
94178,60069
94178,58559
94178,41566
94178,8970
94178,4973
94178,56367
94178,1
17852,1200
17852,904
17852,750
17852,858
17852,2288
17852,1212
17852,2571
17852,589
17852,1333
17852,1206
2931,70286
2931,69122
2931,58559
2931,59784
2931,64614
2931,57640
2931,858
2931,61240
2931,33794
2931,1221
98045,7153
98045,296
98045,7361
98045,50
98045,608
98045,750
98045,6711
98045,2858
98045,6773
98045,5952
45652,593
45652,2959
45652,318
45652,356
45652,2762
45652,2858
45652,68157
45652,1270
45652,150
45652,1198
26163,6711
26163,71108
26163,97024
26163,2858
26163,4144
26163,903
26163,7371
26163,1354
26163,3569
26163,1193
25659,778
25659,4226
25659,54503
25659,6874
25659,858
25659,1732
25659,356
25659,7361
25659,3535
25659,2762
111686,8961
111686,60069
111686,50872
111686,63082
111686,318
111686,88810
111686,94959
111686,52767
111686,4995
111686,4973
110142,88163
110142,4886
110142,87232
110142,50872
110142,87485
110142,8360
110142,65230
110142,7451
110142,76251
110142,68319
113342,56339
113342,2959
113342,5618
113342,2762
113342,5971
113342,81845
113342,68954
113342,2571
113342,2513
113342,71535
129291,2028
129291,47
129291,589
129291,780
129291,2959
129291,1580
129291,4963
129291,32
129291,5418
129291,527
52192,2716
52192,33166
52192,3809
52192,69122
52192,1213
52192,2539
52192,79132
52192,2706
52192,58559
52192,48780
131596,3147
131596,33794
131596,2571
131596,1198
131596,527
131596,4995
131596,7143
131596,73017
131596,3916
131596,72998
115404,527
115404,68157
115404,4226
115404,296
115404,26614
115404,293
115404,4973
115404,54286
115404,32
115404,27773
118902,3147
118902,4027
118902,1380
118902,1441
118902,2795
118902,3210
118902,7438
118902,3499
118902,543
118902,4308
41017,6874
41017,318
41017,2571
41017,4973
41017,527
41017,4226
41017,5952
41017,7153
41017,33166
41017,7361
135067,1210
135067,2858
135067,356
135067,2571
135067,2329
135067,4973
135067,318
135067,1198
135067,293
135067,6016
110213,2762
110213,1203
110213,608
110213,1258
110213,1263
110213,3198
110213,1219
110213,1234
110213,1206
110213,7361
72727,588
72727,58559
72727,6377
72727,4886
72727,364
72727,68954
72727,1198
72727,1
72727,4306
72727,2571
112964,4306
112964,2762
112964,356
112964,6377
112964,44191
112964,51662
112964,4886
112964,4226
112964,50872
112964,6874
128443,2762
128443,608
128443,953
128443,1961
128443,919
128443,1197
128443,912
128443,527
128443,1207
128443,910
45156,3793
45156,7361
45156,2028
45156,2762
45156,6377
45156,5445
45156,592
45156,2683
45156,1073
45156,648
64100,541
64100,1206
64100,1527
64100,46578
64100,6377
64100,6773
64100,44191
64100,7153
64100,4993
64100,56367
19765,4878
19765,318
19765,1210
19765,541
19765,1197
19765,1198
19765,1089
19765,51255
19765,4011
19765,60069
115921,1210
115921,60069
115921,1196
115921,260
115921,5952
115921,589
115921,6016
115921,2291
115921,76093
115921,293
68149,48394
68149,68954
68149,7361
68149,8874
68149,2455
68149,318
68149,4226
68149,593
68149,1258
68149,1175
19750,4973
19750,7153
19750,1961
19750,4022
19750,58559
19750,4886
19750,47099
19750,4226
19750,500
19750,5952
7201,47629
7201,56367
7201,63082
7201,64839
7201,44694
7201,46578
7201,39419
7201,68952
7201,80489
7201,78574
98147,7361
98147,50872
98147,63876
98147,63082
98147,60069
98147,745
98147,8961
98147,1148
98147,3083
98147,4306
45575,4878
45575,78499
45575,68954
45575,71057
45575,29
45575,75985
45575,1206
45575,44191
45575,1136
45575,7153
48481,5459
48481,49272
48481,1580
48481,344
48481,8644
48481,648
48481,5872
48481,53996
48481,6373
48481,165
55668,480
55668,4886
55668,6377
55668,296
55668,4306
55668,91529
55668,44191
55668,78499
55668,5989
55668,110
33818,8622
33818,6377
33818,4993
33818,6953
33818,5954
33818,4370
33818,5502
33818,2318
33818,7153
33818,4975
62800,8641
62800,6016
62800,30793
62800,37729
62800,4865
62800,40819
62800,41569
62800,2194
62800,527
62800,27831
26310,318
26310,50
26310,6807
26310,8874
26310,4226
26310,4011
26310,750
26310,1732
26310,8622
26310,2959
63601,4993
63601,593
63601,33794
63601,1580
63601,1196
63601,6502
63601,5952
63601,3793
63601,1923
63601,7153
109976,1219
109976,903
109976,593
109976,3949
109976,778
109976,44555
109976,1732
109976,908
109976,4235
109976,1175
28651,8528
28651,6863
28651,1020
28651,7458
28651,3
28651,4679
28651,5218
28651,2012
28651,62
28651,2231
76245,1198
76245,4995
76245,4993
76245,49272
76245,1653
76245,48516
76245,3948
76245,2706
76245,733
76245,3994
118219,1732
118219,6874
118219,1089
118219,593
118219,2858
118219,50
118219,6711
118219,3897
118219,4022
118219,7438
108904,1246
108904,8638
108904,215
108904,4011
108904,56333
108904,1968
108904,2542
108904,63082
108904,79357
108904,80969
91051,2959
91051,364
91051,2571
91051,7099
91051,7153
91051,5952
91051,4973
91051,31658
91051,1291
91051,6377
131584,4973
131584,4226
131584,1223
131584,150
131584,590
131584,296
131584,39292
131584,4027
131584,36
131584,457
92924,5952
92924,7153
92924,4963
92924,1704
92924,1219
92924,4022
92924,6711
92924,3527
92924,908
92924,1136
61734,44555
61734,1193
61734,318
61734,55442
61734,858
61734,3089
61734,2997
61734,714
61734,4878
61734,6711
51754,296
51754,2858
51754,7361
51754,68157
51754,46578
51754,778
51754,4973
51754,56367
51754,7147
51754,3897
107166,1036
107166,356
107166,296
107166,7361
107166,480
107166,68237
107166,1748
107166,5445
107166,1253
107166,47
2955,44665
2955,5010
2955,593
2955,5989
2955,5152
2955,733
2955,589
2955,2194
2955,35836
2955,56174
71954,47
71954,58559
71954,2762
71954,2959
71954,7254
71954,3578
71954,593
71954,6377
71954,8368
71954,4886
84961,648
84961,1580
84961,589
84961,53972
84961,33493
84961,53996
84961,7143
84961,54286
84961,34405
84961,1036
19390,7153
19390,8644
19390,59315
19390,49272
19390,356
19390,2959
19390,5952
19390,2329
19390,5349
19390,55765
84497,2762
84497,858
84497,1089
84497,58559
84497,1193
84497,3578
84497,7438
84497,6711
84497,63082
84497,7323
23013,2571
23013,527
23013,318
23013,1960
23013,1198
23013,1207
23013,58
23013,4995
23013,4014
23013,34072
31660,7361
31660,39183
31660,4226
31660,356
31660,1682
31660,5989
31660,1704
31660,2997
31660,4993
31660,2571
5272,3578
5272,5952
5272,7153
5272,45722
5272,8360
5272,6874
5272,318
5272,73017
5272,2324
5272,7147
71056,63082
71056,4226
71056,6016
71056,778
71056,4878
71056,58559
71056,858
71056,48394
71056,1089
71056,2571
81030,4226
81030,1258
81030,3578
81030,32
81030,58559
81030,1210
81030,1196
81030,7153
81030,1466
81030,1704
20148,4878
20148,1258
20148,68157
20148,3949
20148,5679
20148,5445
20148,51662
20148,110
20148,4963
20148,49530
68142,1206
68142,593
68142,47
68142,356
68142,5669
68142,590
68142,32
68142,1721
68142,4034
68142,2918
94183,6016
94183,2571
94183,1222
94183,8874
94183,51255
94183,1198
94183,56367
94183,1210
94183,33794
94183,3949
125380,48394
125380,32587
125380,5418
125380,64614
125380,27773
125380,59387
125380,1265
125380,1704
125380,54503
125380,1258
35903,96079
35903,87232
35903,2762
35903,6377
35903,99114
35903,86332
35903,106487
35903,356
35903,4306
35903,2959
35675,60069
35675,47
35675,2858
35675,50
35675,7153
35675,1210
35675,1214
35675,1193
35675,1
35675,457
34287,8368
34287,4896
34287,356
34287,2918
34287,260
34287,480
34287,3421
34287,1197
34287,2716
34287,1304
117061,2791
117061,1208
117061,7387
117061,1274
117061,4262
117061,6807
117061,1394
117061,1214
117061,3868
117061,593
10233,4963
10233,58559
10233,16
10233,527
10233,106782
10233,2542
10233,69122
10233,1206
10233,7254
10233,3535
69050,8961
69050,68358
69050,33794
69050,60069
69050,51662
69050,50
69050,1203
69050,1210
69050,3275
69050,7444
113085,1089
113085,7438
113085,5618
113085,1080
113085,47
113085,1214
113085,480
113085,68157
113085,344
113085,1240
105073,5618
105073,7361
105073,318
105073,924
105073,296
105073,2959
105073,50
105073,4226
105073,593
105073,2997
133918,4226
133918,2762
133918,58559
133918,1196
133918,588
133918,1089
133918,968
133918,1261
133918,1136
133918,1036
53275,48774
53275,85414
53275,68237
53275,110
53275,106487
53275,104913
53275,38061
53275,6378
53275,3996
53275,89492
52466,2762
52466,593
52466,58559
52466,48394
52466,76093
52466,4226
52466,527
52466,1225
52466,750
52466,912
134712,4306
134712,7361
134712,78499
134712,480
134712,364
134712,1732
134712,56367
134712,72226
134712,593
134712,70286
34599,5152
34599,56587
34599,318
34599,47099
34599,33660
34599,49278
34599,4019
34599,1672
34599,5010
34599,4866
130285,1732
130285,4226
130285,356
130285,4878
130285,2571
130285,2858
130285,858
130285,4973
130285,2329
130285,593
65537,1025
65537,6753
65537,2078
65537,8961
65537,4993
65537,6183
65537,2398
65537,4857
65537,1307
65537,2687
48254,4027
48254,608
48254,1196
48254,1073
48254,4973
48254,356
48254,2762
48254,8784
48254,3897
48254,1080
106355,44761
106355,4144
106355,6783
106355,2925
106355,31878
106355,38061
106355,7587
106355,34528
106355,44694
106355,3365
93007,480
93007,6365
93007,7153
93007,8360
93007,1552
93007,4226
93007,367
93007,6934
93007,586
93007,58559
78886,68157
78886,44665
78886,858
78886,2542
78886,79132
78886,36529
78886,3275
78886,2571
78886,1227
78886,3949
97915,58559
97915,593
97915,4306
97915,2329
97915,3578
97915,5995
97915,3147
97915,6539
97915,50
97915,6377
113104,1136
113104,356
113104,2502
113104,50
113104,318
113104,778
113104,6711
113104,4973
113104,1704
113104,46578
23922,32
23922,1036
23922,1210
23922,1291
23922,6874
23922,296
23922,356
23922,318
23922,1200
23922,2762
27787,1485
27787,33499
27787,4447
27787,356
27787,2706
27787,7293
27787,318
27787,2581
27787,2321
27787,3977
106948,7361
106948,4306
106948,2324
106948,6377
106948,1246
106948,2762
106948,4963
106948,6539
106948,48780
106948,2858
67643,46970
67643,4816
67643,4447
67643,34162
67643,45726
67643,8360
67643,5620
67643,4025
67643,6957
67643,5283
104946,380
104946,1387
104946,1
104946,377
104946,586
104946,1266
104946,480
104946,1219
104946,1517
104946,367
3846,85414
3846,104879
3846,44191
3846,2858
3846,73808
3846,77455
3846,59387
3846,91658
3846,7022
3846,37733
71776,110
71776,1097
71776,1073
71776,2762
71776,44191
71776,1704
71776,316
71776,8368
71776,2028
71776,1721
12288,47
12288,593
12288,1080
12288,4011
12288,4963
12288,318
12288,3081
12288,364
12288,2716
12288,5445
89022,4993
89022,1198
89022,296
89022,480
89022,1210
89022,1997
89022,1
89022,1215
89022,1291
89022,2959
68202,329
68202,1356
68202,1240
68202,589
68202,1270
68202,380
68202,5445
68202,1375
68202,2716
68202,2011
44892,7153
44892,4993
44892,110
44892,47610
44892,58559
44892,84152
44892,33493
44892,89745
44892,6333
44892,86332
87455,4306
87455,2028
87455,1270
87455,377
87455,79132
87455,1
87455,40815
87455,51662
87455,648
87455,53972
113694,480
113694,3793
113694,2858
113694,3578
113694,296
113694,33493
113694,2762
113694,6539
113694,2329
113694,8636
102248,4993
102248,32
102248,1208
102248,2571
102248,44555
102248,593
102248,2329
102248,7153
102248,356
102248,5952
129775,32587
129775,2858
129775,4011
129775,2542
129775,55820
129775,8641
129775,356
129775,2997
129775,1405
129775,3897
74531,923
74531,1252
74531,1089
74531,1095
74531,1222
74531,2395
74531,4226
74531,1617
74531,913
74531,1729
27599,592
27599,608
27599,912
27599,41569
27599,1097
27599,1127
27599,1954
27599,2987
27599,2019
27599,34162
60927,2762
60927,356
60927,586
60927,587
60927,2858
60927,1517
60927,377
60927,4306
60927,1485
60927,780
115825,2959
115825,608
115825,912
115825,2918
115825,32587
115825,2804
115825,2858
115825,4641
115825,916
115825,1193
30119,47
30119,296
30119,3949
30119,1089
30119,2145
30119,2329
30119,337
30119,1193
30119,34437
30119,593
117289,79132
117289,72998
117289,4226
117289,33794
117289,32
117289,4720
117289,2959
117289,2985
117289,318
117289,5502
78392,2858
78392,1213
78392,48516
78392,16
78392,858
78392,318
78392,1704
78392,2268
78392,47
78392,33166
10802,2762
10802,2959
10802,1291
10802,1233
10802,1356
10802,2916
10802,1333
10802,924
10802,6874
10802,1265
65601,4306
65601,356
65601,1196
65601,2706
65601,33166
65601,4226
65601,48516
65601,46530
65601,8636
65601,1210
77780,4886
77780,4306
77780,6539
77780,81847
77780,79132
77780,68358
77780,356
77780,318
77780,1
77780,72998
136797,39446
136797,2571
136797,1407
136797,1089
136797,34323
136797,1258
136797,6539
136797,51662
136797,4963
136797,648
102145,527
102145,457
102145,1210
102145,1198
102145,2858
102145,1291
102145,54997
102145,4011
102145,51662
102145,5418
132063,110
132063,48780
132063,527
132063,2028
132063,8665
132063,2329
132063,2762
132063,4226
132063,55765
132063,30749
111969,2571
111969,63082
111969,5618
111969,4226
111969,58559
111969,44555
111969,3949
111969,47
111969,2324
111969,593
63232,4993
63232,5952
63232,7153
63232,2542
63232,1639
63232,1704
63232,4963
63232,180
63232,8961
63232,6333
35370,4144
35370,750
35370,1222
35370,2959
35370,2427
35370,6858
35370,1757
35370,5291
35370,6711
35370,1213
87064,7153
87064,4993
87064,10
87064,1270
87064,5459
87064,5952
87064,4306
87064,33493
87064,5418
87064,60069
115229,2959
115229,50
115229,2502
115229,904
115229,1193
115229,4226
115229,593
115229,4326
115229,3020
115229,53894
83765,4878
83765,1213
83765,2858
83765,318
83765,1206
83765,33794
83765,1258
83765,750
83765,1193
83765,527
91067,45499
91067,34048
91067,2470
91067,45722
91067,7458
91067,5872
91067,2763
91067,8361
91067,1275
91067,1339
19245,597
19245,2797
19245,1307
19245,33499
19245,6944
19245,539
19245,4639
19245,1784
19245,500
19245,5620
83761,1580
83761,7153
83761,4993
83761,50872
83761,5952
83761,58559
83761,60069
83761,3793
83761,1270
83761,339
131980,318
131980,51255
131980,49530
131980,3948
131980,5989
131980,48516
131980,4701
131980,6378
131980,4226
131980,2858
55770,6539
55770,8961
55770,4886
55770,4995
55770,8368
55770,2671
55770,2355
55770,40815
55770,7153
55770,3578
135815,480
135815,33154
135815,2683
135815,231
135815,150
135815,8464
135815,5669
135815,778
135815,1208
135815,357
33594,81591
33594,4973
33594,79132
33594,69757
33594,2959
33594,106920
33594,81562
33594,3949
33594,55247
33594,94959
83658,4886
83658,1210
83658,4993
83658,1721
83658,919
83658,1073
83658,5299
83658,497
83658,2571
83658,2005
113105,2762
113105,296
113105,48516
113105,590
113105,7153
113105,4993
113105,7162
113105,6539
113105,5952
113105,33166
67587,81845
67587,48738
67587,44195
67587,64614
67587,47610
67587,72641
67587,41997
67587,44665
67587,6016
67587,38798
43410,1097
43410,3578
43410,778
43410,1214
43410,2115
43410,1682
43410,4886
43410,2858
43410,32587
43410,47
45288,4993
45288,8961
45288,5481
45288,3052
45288,4447
45288,6373
45288,1777
45288,6863
45288,54503
45288,3617
5743,527
5743,4973
5743,7361
5743,2571
5743,1193
5743,2324
5743,1354
5743,4144
5743,2692
5743,47
58184,69757
58184,74458
58184,54286
58184,88129
58184,7361
58184,84152
58184,318
58184,33794
58184,97921
58184,51662
106158,1240
106158,296
106158,6709
106158,7153
106158,102125
106158,1580
106158,96079
106158,318
106158,2716
106158,1220
41100,1240
41100,2959
41100,356
41100,2858
41100,296
41100,6539
41100,2396
41100,4963
41100,1200
41100,5995
120268,2858
120268,110
120268,58559
120268,7438
120268,5816
120268,5989
120268,1682
120268,48394
120268,4022
120268,1721
3095,1240
3095,2959
3095,33794
3095,1198
3095,59315
3095,58559
3095,48774
3095,44191
3095,4226
3095,50
17475,2997
17475,4973
17475,60069
17475,68358
17475,260
17475,2232
17475,1175
17475,45499
17475,27611
17475,6365
110761,593
110761,6539
110761,260
110761,1
110761,1240
110761,1580
110761,608
110761,780
110761,541
110761,912
35677,79132
35677,58559
35677,356
35677,1704
35677,4995
35677,2571
35677,4963
35677,2541
35677,69122
35677,4226
95972,2571
95972,63082
95972,1682
95972,1
95972,2324
95972,260
95972,59784
95972,99114
95972,81591
95972,78499
5366,2115
5366,2858
5366,3147
5366,260
5366,253
5366,4973
5366,1193
5366,3499
5366,1079
5366,1089
17962,1036
17962,150
17962,2716
17962,50
17962,5349
17962,1291
17962,4306
17962,377
17962,2028
17962,2081
48099,5445
48099,1240
48099,58559
48099,7153
48099,72998
48099,68791
48099,316
48099,34048
48099,5903
48099,1196
86610,51662
86610,54272
86610,35836
86610,4896
86610,3617
86610,104
86610,6188
86610,63131
86610,69844
86610,356
3907,39292
3907,37733
3907,74545
3907,26729
3907,6787
3907,56367
3907,81591
3907,64575
3907,1178
3907,1252
94297,4262
94297,356
94297,50
94297,30707
94297,1682
94297,6502
94297,2712
94297,1527
94297,3147
94297,1625
54804,588
54804,4886
54804,2012
54804,7153
54804,3751
54804,4306
54804,595
54804,364
54804,1376
54804,919
62479,593
62479,4902
62479,6016
62479,3499
62479,6242
62479,32
62479,2959
62479,2288
62479,27773
62479,8957
105669,593
105669,4226
105669,318
105669,2028
105669,1193
105669,60069
105669,6874
105669,40815
105669,44191
105669,8368
78526,47
78526,2762
78526,593
78526,2571
78526,4226
78526,4995
78526,46578
78526,68954
78526,2502
78526,5995
105641,68954
105641,60069
105641,51662
105641,5445
105641,6365
105641,260
105641,48774
105641,50872
105641,480
105641,1210
19985,70286
19985,260
19985,593
19985,3000
19985,1222
19985,48394
19985,4973
19985,1089
19985,1136
19985,8961
111667,356
111667,4306
111667,5349
111667,2762
111667,377
111667,1073
111667,8636
111667,44191
111667,4886
111667,597
17120,1704
17120,5952
17120,527
17120,58559
17120,2329
17120,4226
17120,1221
17120,1136
17120,1197
17120,356
2898,5445
2898,34405
2898,80549
2898,84954
2898,780
2898,60074
2898,46976
2898,54286
2898,1196
2898,8961
133082,7438
133082,1222
133082,1219
133082,1278
133082,2716
133082,8228
133082,457
133082,1212
133082,3362
133082,2502
12180,1036
12180,1682
12180,4993
12180,1258
12180,4886
12180,2997
12180,7153
12180,5952
12180,1222
12180,1676
50154,6711
50154,4973
50154,593
50154,2791
50154,1136
50154,1220
50154,2176
50154,4881
50154,2716
50154,6377
127863,51662
127863,480
127863,8874
127863,55820
127863,44191
127863,46578
127863,32
127863,55765
127863,8950
127863,111
113193,480
113193,296
113193,356
113193,58559
113193,318
113193,231
113193,1431
113193,1527
113193,1270
113193,65
133949,260
133949,293
133949,1274
133949,3000
133949,4226
133949,1748
133949,1136
133949,6283
133949,296
133949,1617
41158,71535
41158,4993
41158,59369
41158,48780
41158,72998
41158,34405
41158,48774
41158,8874
41158,7153
41158,48516
78189,296
78189,4993
78189,58559
78189,6377
78189,593
78189,2329
78189,5445
78189,48774
78189,44195
78189,5989
41214,6874
41214,296
41214,4226
41214,4011
41214,356
41214,6711
41214,32
41214,1089
41214,1258
41214,3418
52944,2858
52944,33166
52944,44191
52944,1961
52944,1246
52944,1527
52944,1784
52944,590
52944,1721
52944,2174
15442,40815
15442,89745
15442,58559
15442,47
15442,76093
15442,8957
15442,5989
15442,356
15442,111362
15442,3147
104340,1090
104340,2028
104340,32587
104340,50
104340,318
104340,47
104340,6711
104340,527
104340,27773
104340,30749
110185,1213
110185,67255
110185,223
110185,6
110185,3527
110185,34405
110185,3996
110185,59315
110185,1265
110185,527
124569,5459
124569,589
124569,2002
124569,480
124569,1580
124569,466
124569,4085
124569,4306
124569,1036
124569,2571
94962,597
94962,2028
94962,1917
94962,293
94962,1097
94962,1573
94962,3623
94962,45447
94962,6365
94962,592
44611,1022
44611,1223
44611,588
44611,6377
44611,2355
44611,3000
44611,5444
44611,1032
44611,2096
44611,2078
67687,10
67687,1089
67687,52973
67687,3578
67687,2502
67687,457
67687,2716
67687,48774
67687,58559
67687,293
117608,4973
117608,3535
117608,1219
117608,7153
117608,6242
117608,1222
117608,4720
117608,5952
117608,4993
117608,55820
42517,63082
42517,4226
42517,4973
42517,79132
42517,364
42517,72998
42517,296
42517,68954
42517,4993
42517,4306
105051,2502
105051,356
105051,593
105051,2028
105051,5349
105051,50
105051,4963
105051,150
105051,480
105051,1682
71444,593
71444,48394
71444,1682
71444,17
71444,2997
71444,3160
71444,8368
71444,4246
71444,4306
71444,5952
71104,70286
71104,55820
71104,356
71104,2329
71104,4878
71104,2858
71104,1208
71104,2916
71104,480
71104,27773
69286,6539
69286,30707
69286,5444
69286,3147
69286,37729
69286,7361
69286,33166
69286,2959
69286,110
69286,2357
130835,2329
130835,50
130835,4973
130835,5995
130835,4995
130835,68157
130835,293
130835,541
130835,2997
130835,4975
76185,2858
76185,4878
76185,3996
76185,1210
76185,778
76185,50
76185,223
76185,8784
76185,3949
76185,2918
60177,1961
60177,8961
60177,780
60177,2858
60177,1101
60177,1682
60177,33493
60177,1240
60177,7153
60177,1527
81208,78499
81208,79132
81208,6539
81208,364
81208,3793
81208,88140
81208,1198
81208,73017
81208,8961
81208,2571
129,71535
129,4878
129,1258
129,7361
129,8874
129,2959
129,61024
129,71745
129,4886
129,7451
73107,1258
73107,318
73107,4973
73107,3481
73107,778
73107,6016
73107,4226
73107,1206
73107,3897
73107,30810
35115,8623
35115,6773
35115,5618
35115,26662
35115,8961
35115,7090
35115,2857
35115,6350
35115,6552
35115,6954
133383,1291
133383,2762
133383,1198
133383,480
133383,380
133383,150
133383,1240
133383,1270
133383,3578
133383,2194
78715,150
78715,4995
78715,1291
78715,593
78715,4963
78715,2918
78715,47
78715,4306
78715,1270
78715,1213
1328,780
1328,1291
1328,1036
1328,648
1328,1101
1328,1552
1328,454
1328,2001
1328,2763
1328,1580
34670,3408
34670,2278
34670,316
34670,1616
34670,3984
34670,2617
34670,2011
34670,45186
34670,5049
34670,4499
67979,914
67979,54001
67979,1198
67979,7153
67979,69844
67979,1035
67979,356
67979,73017
67979,54286
67979,1210
100259,110
100259,1198
100259,527
100259,1036
100259,253
100259,4993
100259,1240
100259,1682
100259,1527
100259,6
116621,8961
116621,2762
116621,44191
116621,356
116621,593
116621,50
116621,8360
116621,260
116621,5989
116621,4878
123557,1036
123557,2001
123557,589
123557,3578
123557,8636
123557,5445
123557,4963
123557,5418
123557,2571
123557,8665
105208,318
105208,588
105208,595
105208,4306
105208,593
105208,527
105208,597
105208,6377
105208,4886
105208,76093
97123,1240
97123,3578
97123,68954
97123,1036
97123,318
97123,2716
97123,296
97123,4886
97123,49272
97123,91542
59385,527
59385,2858
59385,5989
59385,50
59385,589
59385,2028
59385,593
59385,4963
59385,150
59385,6539
31769,58559
31769,62155
31769,46578
31769,2572
31769,58998
31769,7451
31769,2918
31769,2146
31769,58803
31769,2959
29487,2858
29487,1206
29487,1527
29487,318
29487,924
29487,48394
29487,4878
29487,541
29487,1682
29487,593
61573,541
61573,1197
61573,5952
61573,7153
61573,527
61573,608
61573,1270
61573,2858
61573,1089
61573,1221
27189,44195
27189,36517
27189,54001
27189,72998
27189,59784
27189,79132
27189,33794
27189,49822
27189,41716
27189,64620
131021,7090
131021,8636
131021,377
131021,861
131021,480
131021,8368
131021,4701
131021,1036
131021,446
131021,52722
94863,377
94863,380
94863,589
94863,2841
94863,1214
94863,1200
94863,733
94863,1240
94863,47
94863,3016
89299,56333
89299,55118
89299,8914
89299,59315
89299,70286
89299,60943
89299,59118
89299,68358
89299,91077
89299,105197
57242,1196
57242,260
57242,1210
57242,2628
57242,2028
57242,2858
57242,1682
57242,5989
57242,527
57242,648
128116,6618
128116,1527
128116,2115
128116,1580
128116,31878
128116,2028
128116,59784
128116,41566
128116,5903
128116,31184
115651,2959
115651,1136
115651,150
115651,260
115651,1196
115651,2571
115651,1265
115651,2762
115651,5952
115651,3578
22934,1247
22934,2571
22934,1265
22934,2762
22934,527
22934,4973
22934,778
22934,1263
22934,3471
22934,2529
112646,2959
112646,4848
112646,4878
112646,3949
112646,1258
112646,2858
112646,1193
112646,2160
112646,1148
112646,4973
96322,2762
96322,2858
96322,318
96322,5445
96322,32
96322,7254
96322,4995
96322,1214
96322,3147
96322,1653
88838,2959
88838,2571
88838,46578
88838,56367
88838,58559
88838,6539
88838,356
88838,7361
88838,4878
88838,59315
72442,1198
72442,356
72442,318
72442,1036
72442,2858
72442,3578
72442,2028
72442,47
72442,1923
72442,110
2650,5526
2650,27727
2650,7827
2650,79132
2650,2232
2650,57669
2650,1682
2650,4336
2650,7438
2650,33903
31074,60069
31074,1036
31074,8360
31074,68358
31074,8961
31074,2115
31074,50872
31074,480
31074,41566
31074,54259
118472,48385
118472,49272
118472,6373
118472,356
118472,1517
118472,54272
118472,2502
118472,1527
118472,1136
118472,8360
110654,2959
110654,44665
110654,31427
110654,4973
110654,8957
110654,2858
110654,45447
110654,7361
110654,48780
110654,8533
44148,4306
44148,1022
44148,3034
44148,1196
44148,6857
44148,5069
44148,37830
44148,5146
44148,3793
44148,2139
41462,4226
41462,2028
41462,4973
41462,296
41462,589
41462,6874
41462,4993
41462,1214
41462,5445
41462,7438
64170,5952
64170,7153
64170,1136
64170,1270
64170,1527
64170,4226
64170,2161
64170,2140
64170,1073
64170,3108
127779,6350
127779,6377
127779,2761
127779,588
127779,1198
127779,26662
127779,3114
127779,6539
127779,79091
127779,7361
39544,296
39544,46578
39544,7361
39544,4878
39544,5617
39544,441
39544,7153
39544,3000
39544,2248
39544,2571
82316,904
82316,969
82316,3088
82316,1198
82316,3196
82316,1304
82316,1250
82316,1272
82316,1283
82316,1086
33404,593
33404,2329
33404,2571
33404,1222
33404,541
33404,27773
33404,1213
33404,57669
33404,72226
33404,48394
49411,2762
49411,260
49411,1196
49411,296
49411,7438
49411,5445
49411,2858
49411,3578
49411,4963
49411,5349
99928,8961
99928,34162
99928,2329
99928,2716
99928,1517
99928,593
99928,2858
99928,1923
99928,457
99928,1704
34615,2762
34615,7361
34615,2858
34615,2959
34615,356
34615,4226
34615,1307
34615,1721
34615,46578
34615,6539
17597,34405
17597,47
17597,750
17597,46976
17597,356
17597,593
17597,27611
17597,64620
17597,1089
17597,608
67746,4306
67746,260
67746,2858
67746,2571
67746,8961
67746,357
67746,608
67746,480
67746,1210
67746,17
70876,480
70876,1270
70876,608
70876,356
70876,923
70876,1240
70876,924
70876,2858
70876,2028
70876,527
80989,48780
80989,58559
80989,51662
80989,45722
80989,47099
80989,78499
80989,44199
80989,96610
80989,60684
80989,54997
102524,1219
102524,1080
102524,32
102524,2959
102524,7013
102524,2186
102524,1258
102524,2731
102524,6807
102524,1221
21836,34405
21836,5445
21836,8644
21836,6539
21836,8371
21836,6283
21836,741
21836,26662
21836,1210
21836,2762
124992,590
124992,778
124992,2762
124992,318
124992,1258
124992,4034
124992,1732
124992,8961
124992,3160
124992,457
106635,48516
106635,60069
106635,7361
106635,5618
106635,1221
106635,2329
106635,68954
106635,112556
106635,81845
106635,109374
117765,68954
117765,588
117765,8961
117765,76093
117765,54286
117765,72998
117765,33794
117765,1210
117765,5349
117765,50872
110829,1201
110829,1527
110829,778
110829,903
110829,1199
110829,1240
110829,1097
110829,6807
110829,2762
110829,2329
64852,2918
64852,2762
64852,1225
64852,1197
64852,110
64852,1721
64852,1258
64852,953
64852,590
64852,1259
56058,8961
56058,356
56058,608
56058,48516
56058,527
56058,457
56058,6377
56058,3578
56058,1210
56058,33794
93361,7088
93361,44694
93361,8154
93361,1247
93361,2729
93361,911
93361,7361
93361,901
93361,1235
93361,4979
103772,1198
103772,2959
103772,1208
103772,296
103772,5952
103772,32
103772,32587
103772,1210
103772,1215
103772,3681
63643,50872
63643,48738
63643,56367
63643,30749
63643,4995
63643,45720
63643,55052
63643,40583
63643,68157
63643,5995
106632,46578
106632,4306
106632,4973
106632,1
106632,4226
106632,6773
106632,44191
106632,2355
106632,7323
106632,2571
88545,1214
88545,1198
88545,1240
88545,1197
88545,541
88545,2918
88545,4993
88545,2571
88545,1200
88545,260
27728,858
27728,2858
27728,50
27728,2571
27728,3578
27728,1196
27728,4993
27728,2502
27728,4226
27728,2028
126796,2329
126796,5989
126796,80463
126796,46578
126796,81845
126796,6539
126796,5952
126796,7153
126796,4993
126796,33794
130438,2858
130438,1203
130438,4848
130438,858
130438,1206
130438,39183
130438,1732
130438,924
130438,8781
130438,63876
56146,4226
56146,5992
56146,50
56146,3897
56146,3556
56146,4878
56146,858
56146,3160
56146,509
56146,8645
56049,356
56049,68358
56049,48780
56049,4878
56049,296
56049,48394
56049,50
56049,2329
56049,47
56049,70286
99095,750
99095,904
99095,6350
99095,5971
99095,31658
99095,858
99095,912
99095,922
99095,2019
99095,3435
38852,1197
38852,2329
38852,2959
38852,231
38852,32
38852,8641
38852,2858
38852,1884
38852,4776
38852,49272
220,8910
220,541
220,7361
220,33794
220,8983
220,7090
220,3911
220,4007
220,7156
220,6337
99465,2571
99465,2858
99465,50
99465,1258
99465,2115
99465,356
99465,4027
99465,924
99465,1220
99465,1079
119450,2329
119450,1208
119450,47
119450,1199
119450,593
119450,589
119450,2918
119450,541
119450,1288
119450,4973
98371,1
98371,68954
98371,1136
98371,1080
98371,4995
98371,7143
98371,5445
98371,48774
98371,1213
98371,3081
93795,8910
93795,6539
93795,7147
93795,480
93795,293
93795,588
93795,2321
93795,2161
93795,1967
93795,1097
86828,1196
86828,4226
86828,58559
86828,1136
86828,750
86828,56367
86828,48516
86828,48780
86828,1210
86828,4878
125417,58559
125417,7034
125417,4878
125417,4014
125417,5995
125417,4306
125417,6711
125417,1246
125417,50
125417,4720
97226,589
97226,2858
97226,48780
97226,51662
97226,5445
97226,1240
97226,34405
97226,2028
97226,1270
97226,48516
45551,1198
45551,4993
45551,527
45551,733
45551,457
45551,589
45551,1580
45551,380
45551,1210
45551,2959
51631,2959
51631,500
51631,1721
51631,68358
51631,8641
51631,4022
51631,3114
51631,593
51631,6863
51631,2762
130396,68157
130396,80489
130396,59369
130396,4239
130396,48780
130396,3949
130396,5954
130396,2571
130396,69481
130396,58998
71789,356
71789,45722
71789,40815
71789,4226
71789,2762
71789,5349
71789,8368
71789,1136
71789,37729
71789,593
131374,49272
131374,593
131374,1580
131374,53972
131374,1222
131374,3793
131374,64614
131374,364
131374,2329
131374,5349
62142,1136
62142,58559
62142,318
62142,2997
62142,253
62142,60069
62142,5952
62142,8784
62142,1968
62142,2542
71520,1732
71520,1206
71520,1186
71520,6440
71520,2395
71520,1232
71520,750
71520,6711
71520,1251
71520,1247
47209,541
47209,296
47209,32
47209,589
47209,1270
47209,2571
47209,1196
47209,1210
47209,318
47209,1240
28217,91529
28217,64614
28217,49530
28217,50
28217,356
28217,80463
28217,47
28217,97921
28217,44199
28217,91658
114078,318
114078,47
114078,2571
114078,356
114078,7022
114078,6874
114078,377
114078,1198
114078,380
114078,733
5926,2028
5926,110
5926,70286
5926,4878
5926,55765
5926,56367
5926,527
5926,2858
5926,1
5926,858
97021,8961
97021,356
97021,2762
97021,364
97021,1291
97021,1198
97021,1136
97021,2987
97021,3996
97021,7147
127440,7218
127440,1283
127440,318
127440,969
127440,26649
127440,527
127440,1212
127440,903
127440,4329
127440,3494
119614,296
119614,2959
119614,356
119614,2571
119614,3578
119614,7153
119614,4993
119614,318
119614,2858
119614,2762
123441,260
123441,1214
123441,79132
123441,7153
123441,780
123441,4226
123441,1356
123441,2858
123441,2916
123441,72998
74520,296
74520,44191
74520,1682
74520,33794
74520,2329
74520,5349
74520,1222
74520,32587
74520,919
74520,7361
113647,50
113647,5952
113647,7153
113647,293
113647,165
113647,3147
113647,1200
113647,7438
113647,6874
113647,5418
30697,356
30697,260
30697,1210
30697,589
30697,380
30697,780
30697,4993
30697,1198
30697,150
30697,8961
20103,3101
20103,1672
20103,1674
20103,5108
20103,3717
20103,6870
20103,904
20103,377
20103,597
20103,491
112222,1923
112222,1721
112222,2804
112222,587
112222,1307
112222,110
112222,8880
112222,457
112222,3948
112222,2706
105624,58559
105624,5418
105624,68358
105624,3578
105624,96079
105624,2194
105624,593
105624,150
105624,2640
105624,1307
3268,71535
3268,648
3268,53972
3268,68237
3268,60072
3268,733
3268,4995
3268,1291
3268,2355
3268,45722
11881,5952
11881,3996
11881,1028
11881,2193
11881,2161
11881,4308
11881,1967
11881,4857
11881,1196
11881,1210
88373,2804
88373,8957
88373,216
88373,1020
88373,4040
88373,2054
88373,104
88373,3882
88373,47
88373,8366
94351,2291
94351,593
94351,47
94351,32
94351,4973
94351,2959
94351,5952
94351,4027
94351,4226
94351,7361
92053,58559
92053,527
92053,50
92053,5418
92053,318
92053,3578
92053,68157
92053,356
92053,48516
92053,6874
60982,79132
60982,81788
60982,48516
60982,55290
60982,81591
60982,2959
60982,296
60982,82459
60982,78574
60982,6016
40521,608
40521,4226
40521,1258
40521,2571
40521,1240
40521,527
40521,50
40521,47
40521,2028
40521,1193
30529,1721
30529,364
30529,1307
30529,318
30529,356
30529,39
30529,1
30529,593
30529,339
30529,539
96645,1258
96645,1175
96645,4262
96645,608
96645,1201
96645,2076
96645,70286
96645,61323
96645,2968
96645,58559
132817,7153
132817,8368
132817,54001
132817,5952
132817,3916
132817,4896
132817,4306
132817,5989
132817,6565
132817,8970
78040,1219
78040,920
78040,2395
78040,2572
78040,551
78040,48394
78040,2729
78040,1193
78040,1258
78040,4914
125094,50
125094,296
125094,55820
125094,1208
125094,8873
125094,48516
125094,48738
125094,318
125094,1089
125094,54997
54515,6539
54515,2762
54515,364
54515,10
54515,1
54515,520
54515,733
54515,296
54515,5952
54515,4993
9473,7438
9473,51255
9473,1196
9473,2502
9473,53519
9473,2571
9473,61024
9473,49272
9473,8961
9473,48774
114320,27592
114320,593
114320,2858
114320,4226
114320,111
114320,608
114320,5291
114320,1921
114320,50
114320,123
16461,1198
16461,68358
16461,54286
16461,1291
16461,73017
16461,2947
16461,2115
16461,102445
16461,58559
16461,5349
28779,2858
28779,1136
28779,4878
28779,6539
28779,593
28779,35836
28779,6874
28779,4239
28779,34162
28779,6377
102213,2858
102213,2571
102213,318
102213,2716
102213,6787
102213,4306
102213,1387
102213,4973
102213,1225
102213,924
126361,608
126361,1193
126361,4993
126361,6016
126361,1208
126361,110
126361,47
126361,2324
126361,904
126361,4973
35011,1748
35011,68237
35011,1653
35011,608
35011,4034
35011,3499
35011,2712
35011,38061
35011,3996
35011,1196
82496,587
82496,3114
82496,6539
82496,1961
82496,589
82496,364
82496,1101
82496,648
82496,592
82496,7143
115300,2329
115300,50
115300,110
115300,3578
115300,318
115300,8961
115300,47
115300,33794
115300,3996
115300,4011
117910,608
117910,750
117910,2502
117910,2959
117910,1206
117910,111
117910,4226
117910,2395
117910,27604
117910,27563
109090,2918
109090,5952
109090,1193
109090,858
109090,1265
109090,4011
109090,551
109090,79132
109090,1199
109090,592
111304,356
111304,480
111304,329
111304,588
111304,79132
111304,72998
111304,1198
111304,260
111304,58559
111304,78499
13174,7361
13174,1214
13174,48774
13174,48394
13174,1240
13174,858
13174,64839
13174,1
13174,58559
13174,33794
113454,593
113454,2542
113454,2858
113454,49272
113454,55765
113454,5989
113454,32
113454,1270
113454,1291
113454,7143
47852,27773
47852,1136
47852,741
47852,1704
47852,33794
47852,4973
47852,5989
47852,480
47852,7022
47852,1080
135327,7153
135327,1580
135327,4993
135327,480
135327,4886
135327,595
135327,1721
135327,588
135327,1380
135327,3114
119876,1265
119876,4226
119876,2858
119876,589
119876,2571
119876,1240
119876,592
119876,1968
119876,1200
119876,150
28340,32587
28340,1230
28340,30810
28340,7361
28340,37733
28340,51540
28340,912
28340,47423
28340,111
28340,858
72073,919
72073,3578
72073,1784
72073,50
72073,1580
72073,2959
72073,1228
72073,1721
72073,150
72073,1073
76751,1
76751,296
76751,85414
76751,91542
76751,7293
76751,8644
76751,48516
76751,53322
76751,68319
76751,58025
16697,1210
16697,260
16697,1196
16697,4226
16697,1240
16697,34405
16697,589
16697,6502
16697,5445
16697,60684
125502,2858
125502,4226
125502,778
125502,32587
125502,1645
125502,1193
125502,48780
125502,3535
125502,46723
125502,2712
2915,8961
2915,31658
2915,8665
2915,4973
2915,38038
2915,7361
2915,8376
2915,6016
2915,3077
2915,48394
124228,8961
124228,356
124228,5218
124228,1580
124228,1
124228,318
124228,4995
124228,104
124228,3578
124228,4022
35287,3114
35287,1485
35287,5449
35287,1101
35287,1015
35287,4069
35287,6944
35287,1380
35287,1013
35287,2797
14671,915
14671,1013
14671,1307
14671,4857
14671,1207
14671,81845
14671,4700
14671,838
14671,3296
14671,2081
107189,2918
107189,1265
107189,2083
107189,1682
107189,107
107189,2683
107189,1544
107189,44191
107189,27706
107189,2762
19076,541
19076,91529
19076,33794
19076,1198
19076,4226
19076,7153
19076,593
19076,3578
19076,54286
19076,7438
94169,2918
94169,350
94169,1784
94169,1246
94169,3418
94169,2302
94169,2268
94169,1610
94169,3471
94169,4246
72167,2762
72167,1
72167,2959
72167,4027
72167,48774
72167,1197
72167,1291
72167,6874
72167,1265
72167,1080
13661,4963
13661,296
13661,318
13661,2959
13661,4306
13661,2762
13661,5445
13661,5418
13661,858
13661,6539
1022,4306
1022,6874
1022,593
1022,3793
1022,1270
1022,7438
1022,48774
1022,5349
1022,2329
1022,6539
26106,356
26106,1265
26106,7147
26106,1246
26106,3175
26106,8961
26106,33004
26106,318
26106,54259
26106,260
137894,1270
137894,527
137894,541
137894,2571
137894,608
137894,480
137894,33493
137894,1193
137894,904
137894,356
64344,260
64344,1196
64344,4973
64344,912
64344,50
64344,5618
64344,1203
64344,1210
64344,750
64344,7361
108975,8874
108975,1203
108975,3175
108975,8368
108975,912
108975,2019
108975,45950
108975,750
108975,1197
108975,1253
112327,296
112327,2959
112327,1704
112327,7153
112327,318
112327,590
112327,1961
112327,1265
112327,79132
112327,7361
27764,7361
27764,1201
27764,79132
27764,50
27764,2762
27764,1732
27764,1961
27764,1136
27764,7099
27764,6016
55858,5952
55858,4993
55858,356
55858,7153
55858,2959
55858,2571
55858,44191
55858,72998
55858,4226
55858,5989
63598,2329
63598,4993
63598,593
63598,480
63598,260
63598,4226
63598,4306
63598,44191
63598,1193
63598,51662
14828,32
14828,50
14828,2762
14828,47
14828,3578
14828,592
14828,54286
14828,4226
14828,648
14828,5349
22695,70286
22695,55820
22695,2571
22695,8874
22695,2858
22695,2329
22695,356
22695,235
22695,5952
22695,16
51318,2858
51318,4878
51318,2329
51318,7147
51318,4973
51318,318
51318,2762
51318,4873
51318,8464
51318,1517
92861,6711
92861,3996
92861,3100
92861,3844
92861,2797
92861,1307
92861,8665
92861,454
92861,6385
92861,8464
104888,32
104888,1258
104888,1198
104888,2959
104888,1193
104888,1252
104888,7438
104888,912
104888,6016
104888,58559
97315,60126
97315,3578
97315,8961
97315,73017
97315,6539
97315,68358
97315,76093
97315,54648
97315,51662
97315,4886
6993,2762
6993,1527
6993,2959
6993,1196
6993,4973
6993,589
6993,5989
6993,1198
6993,4306
6993,3408
47762,3949
47762,6711
47762,3006
47762,1210
47762,3578
47762,3481
47762,8636
47762,599
47762,592
47762,7981
89394,1258
89394,2571
89394,47
89394,32587
89394,6874
89394,593
89394,541
89394,6539
89394,1682
89394,527
117776,356
117776,318
117776,26662
117776,5690
117776,7254
117776,72998
117776,58559
117776,7143
117776,6934
117776,4993
131333,88744
131333,89745
131333,2012
131333,91500
131333,1527
131333,96610
131333,5445
131333,367
131333,8636
131333,68954
89813,1136
89813,79132
89813,7361
89813,2571
89813,318
89813,1196
89813,4993
89813,1198
89813,4226
89813,2329
22604,318
22604,541
22604,50
22604,2858
22604,608
22604,778
22604,2571
22604,2997
22604,68157
22604,4226
130619,2571
130619,318
130619,55269
130619,68954
130619,71535
130619,7361
130619,68157
130619,51255
130619,69122
130619,356
36694,1089
36694,7361
36694,2858
36694,4226
36694,296
36694,1206
36694,32587
36694,2571
36694,6377
36694,7438
39040,527
39040,48516
39040,50
39040,60069
39040,80489
39040,55290
39040,68157
39040,58559
39040,81932
39040,64614
66032,4226
66032,32
66032,4973
66032,1089
66032,47
66032,3949
66032,924
66032,6874
66032,3000
66032,714
50698,6350
50698,56757
50698,2959
50698,26662
50698,4878
50698,66097
50698,2174
50698,8874
50698,68954
50698,65261
62624,2125
62624,4306
62624,33794
62624,912
62624,356
62624,6377
62624,60069
62624,41566
62624,40629
62624,73017
99807,49530
99807,356
99807,296
99807,2858
99807,32
99807,81591
99807,4995
99807,48516
99807,79132
99807,48738
83478,4993
83478,2762
83478,4878
83478,47
83478,858
83478,4226
83478,296
83478,50
83478,1704
83478,7153
29715,2571
29715,58559
29715,47
29715,4226
29715,7361
29715,356
29715,2291
29715,79132
29715,3186
29715,71535
10217,2329
10217,47
10217,4226
10217,72998
10217,589
10217,32587
10217,79132
10217,60069
10217,4011
10217,33794
55442,4226
55442,527
55442,2858
55442,4973
55442,2997
55442,1617
55442,260
55442,1090
55442,480
55442,6874
83224,7361
83224,4308
83224,1198
83224,48394
83224,1380
83224,2005
83224,6942
83224,1441
83224,2174
83224,296
15299,31410
15299,32291
15299,8368
15299,1244
15299,1230
15299,2948
15299,7323
15299,5008
15299,930
15299,1202
84410,1101
84410,457
84410,1302
84410,349
84410,31685
84410,1961
84410,2353
84410,5299
84410,4022
84410,6378
34963,296
34963,4226
34963,318
34963,50
34963,4896
34963,1089
34963,593
34963,1732
34963,2571
34963,2231
48255,1653
48255,4973
48255,1214
48255,2232
48255,7099
48255,60069
48255,296
48255,44191
48255,593
48255,48394
97302,1265
97302,110
97302,1097
97302,150
97302,608
97302,2762
97302,480
97302,364
97302,1136
97302,4226
132290,1025
132290,1
132290,3034
132290,2565
132290,4886
132290,919
132290,1017
132290,6785
132290,1032
132290,3675
120852,1210
120852,593
120852,260
120852,33794
120852,68954
120852,4226
120852,2329
120852,3578
120852,4878
120852,48394
76855,1198
76855,5952
76855,4993
76855,1196
76855,4226
76855,2067
76855,899
76855,5995
76855,60069
76855,47
83158,527
83158,1228
83158,3735
83158,1247
83158,1270
83158,30707
83158,46578
83158,110
83158,1266
83158,55820
8619,45517
8619,3114
8619,78499
8619,54286
8619,58559
8619,356
8619,59315
8619,3916
8619,79132
8619,1198
89128,2858
89128,4973
89128,1089
89128,2959
89128,3949
89128,1232
89128,5608
89128,318
89128,6016
89128,32
97342,48516
97342,48780
97342,68954
97342,80463
97342,150
97342,71282
97342,1653
97342,6378
97342,4306
97342,66934
133048,33660
133048,6870
133048,56367
133048,5995
133048,527
133048,858
133048,47629
133048,41997
133048,48738
133048,4034
108689,60069
108689,73017
108689,6539
108689,59315
108689,72998
108689,91500
108689,592
108689,98809
108689,480
108689,68791
131326,49272
131326,33794
131326,1196
131326,8961
131326,54286
131326,5445
131326,1198
131326,6333
131326,6377
131326,6539
44594,60069
44594,2858
44594,2571
44594,32
44594,318
44594,48394
44594,4306
44594,4995
44594,3000
44594,44191
82789,2959
82789,4226
82789,5291
82789,527
82789,318
82789,1210
82789,1089
82789,55820
82789,306
82789,4235
42238,2000
42238,1580
42238,2571
42238,2959
42238,380
42238,6539
42238,4011
42238,2278
42238,480
42238,4262
21368,1240
21368,260
21368,2795
21368,3948
21368,1
21368,1193
21368,589
21368,1259
21368,586
21368,780
85908,5014
85908,480
85908,2571
85908,3257
85908,186
85908,3578
85908,455
85908,780
85908,2006
85908,2078
69829,59315
69829,6942
69829,1197
69829,58559
69829,66934
69829,2572
69829,3793
69829,45722
69829,2193
69829,57640
61513,48394
61513,318
61513,296
61513,2959
61513,2788
61513,858
61513,3396
61513,745
61513,1223
61513,2858
43538,59315
43538,5349
43538,2
43538,5418
43538,69122
43538,6373
43538,48780
43538,8665
43538,48516
43538,8644
47635,5810
47635,293
47635,1222
47635,4776
47635,4489
47635,4011
47635,1196
47635,3897
47635,1777
47635,147
27758,589
27758,4886
27758,904
27758,924
27758,1291
27758,1
27758,1374
27758,969
27758,34405
27758,59315
82714,111
82714,40819
82714,56367
82714,1961
82714,4034
82714,33166
82714,1073
82714,91500
82714,45950
82714,80906
69148,8368
69148,594
69148,3260
69148,33493
69148,2467
69148,7087
69148,4103
69148,7209
69148,5470
69148,5013
37251,46578
37251,48516
37251,150
37251,6378
37251,8644
37251,4306
37251,33166
37251,5464
37251,1198
37251,30707
18630,6539
18630,1
18630,1197
18630,1198
18630,858
18630,5349
18630,953
18630,593
18630,1262
18630,905
105794,1261
105794,51255
105794,968
105794,2959
105794,296
105794,4027
105794,2109
105794,6755
105794,48394
105794,4979
130485,4011
130485,4963
130485,5445
130485,3578
130485,4226
130485,110
130485,4995
130485,1270
130485,527
130485,3949
21426,32
21426,47
21426,4993
21426,2571
21426,4226
21426,778
21426,750
21426,7153
21426,1089
21426,5952
55651,2005
55651,1732
55651,4306
55651,2959
55651,3033
55651,2858
55651,1527
55651,2683
55651,1748
55651,2302
64043,750
64043,4011
64043,2502
64043,1193
64043,51255
64043,58559
64043,2579
64043,1921
64043,56715
64043,1206
120869,45517
120869,1198
120869,1270
120869,594
120869,56152
120869,6539
120869,2078
120869,4025
120869,5299
120869,1291
73260,5218
73260,63859
73260,35836
73260,54001
73260,54272
73260,6615
73260,53121
73260,66097
73260,52458
73260,68952
83725,8961
83725,7361
83725,2329
83725,8874
83725,8784
83725,8807
83725,33794
83725,5418
83725,1198
83725,2918
137021,2762
137021,539
137021,4014
137021,4963
137021,2396
137021,1784
137021,588
137021,587
137021,1968
137021,6377
137996,44191
137996,55442
137996,253
137996,2858
137996,924
137996,111
137996,4306
137996,2997
137996,7323
137996,6016
19433,1
19433,1961
19433,1270
19433,377
19433,500
19433,2762
19433,48516
19433,2959
19433,4886
19433,35836
30123,2997
30123,1036
30123,3052
30123,4975
30123,6
30123,1206
30123,4776
30123,33794
30123,1584
30123,41997
17988,527
17988,590
17988,1275
17988,4223
17988,5418
17988,4973
17988,2427
17988,4901
17988,2716
17988,4643
88481,3635
88481,4246
88481,10
88481,2115
88481,454
88481,2396
88481,110
88481,590
88481,5418
88481,5989
111341,8644
111341,33794
111341,36529
111341,68237
111341,2028
111341,68358
111341,32
111341,6874
111341,2716
111341,380
87590,58559
87590,47
87590,1704
87590,356
87590,4963
87590,296
87590,3578
87590,84152
87590,1653
87590,2028
68478,50
68478,608
68478,4973
68478,6711
68478,858
68478,2918
68478,1961
68478,2571
68478,1193
68478,3897
121221,70286
121221,4878
121221,1682
121221,87232
121221,7361
121221,81847
121221,7254
121221,54259
121221,2232
121221,34405
120206,1200
120206,32
120206,3793
120206,165
120206,32587
120206,4226
120206,1036
120206,2683
120206,4878
120206,6857
789,1270
789,356
789,68954
789,5952
789,2420
789,2161
789,3114
789,58559
789,1097
789,480
108316,56782
108316,2028
108316,1208
108316,48738
108316,5418
108316,46723
108316,55290
108316,2997
108316,68157
108316,4776
49153,4326
49153,1213
49153,2028
49153,356
49153,3363
49153,6724
49153,3147
49153,1196
49153,3471
49153,296
24124,50
24124,318
24124,47
24124,4226
24124,2959
24124,106100
24124,1089
24124,3949
24124,2329
24124,608
30412,8644
30412,44665
30412,51662
30412,2959
30412,47200
30412,8972
30412,56174
30412,5952
30412,7153
30412,49272
107984,2291
107984,141
107984,27721
107984,4555
107984,8464
107984,1223
107984,7572
107984,7493
107984,1734
107984,551
125915,356
125915,4993
125915,4973
125915,7361
125915,3000
125915,2329
125915,6016
125915,3949
125915,47
125915,260
130110,586
130110,56367
130110,76093
130110,84944
130110,1954
130110,58998
130110,54503
130110,72737
130110,92420
130110,1193
77982,589
77982,1240
77982,1210
77982,112
77982,2028
77982,1060
77982,3039
77982,6
77982,5055
77982,3740
6089,4973
6089,2571
6089,318
6089,48394
6089,58559
6089,2542
6089,4011
6089,2329
6089,778
6089,1206
90583,53996
90583,2959
90583,1961
90583,6934
90583,3698
90583,2005
90583,4995
90583,4084
90583,2948
90583,743
18904,5810
18904,2329
18904,53953
18904,87232
18904,7444
18904,56367
18904,48516
18904,3534
18904,68157
18904,80463
111407,2959
111407,6979
111407,2916
111407,8644
111407,4886
111407,5630
111407,1610
111407,589
111407,353
111407,1967
95489,3552
95489,3363
95489,33794
95489,5010
95489,6502
95489,3911
95489,34
95489,1321
95489,8827
95489,4995
25992,111
25992,3578
25992,1206
25992,4306
25992,72998
25992,74458
25992,1961
25992,1127
25992,1204
25992,97938
8740,2571
8740,50
8740,4878
8740,356
8740,56782
8740,32587
8740,48774
8740,608
8740,59315
8740,1732
50475,1210
50475,1196
50475,1240
50475,2791
50475,260
50475,8636
50475,7569
50475,1291
50475,4855
50475,1136
18006,1240
18006,4226
18006,44191
18006,318
18006,58559
18006,1270
18006,5903
18006,32587
18006,33794
18006,48780
136731,1197
136731,356
136731,6539
136731,3753
136731,1704
136731,1198
136731,2762
136731,260
136731,1196
136731,2959
61850,608
61850,1243
61850,2571
61850,4027
61850,2064
61850,3052
61850,1206
61850,5618
61850,2966
61850,778
60389,1198
60389,8961
60389,4886
60389,49272
60389,1036
60389,1278
60389,1674
60389,1207
60389,2502
60389,457
73386,480
73386,318
73386,2571
73386,58559
73386,2959
73386,63082
73386,2858
73386,231
73386,3147
73386,2355
135777,110
135777,1270
135777,589
135777,318
135777,2762
135777,593
135777,4993
135777,2028
135777,5349
135777,32
563,308
563,541
563,307
563,535
563,1173
563,1809
563,6818
563,2600
563,7756
563,2598
101641,296
101641,1032
101641,4226
101641,6774
101641,2700
101641,1193
101641,4624
101641,2997
101641,32587
101641,2959
27649,60069
27649,56367
27649,904
27649,89492
27649,903
27649,58559
27649,7153
27649,38038
27649,5299
27649,8784
95498,780
95498,47
95498,4306
95498,5445
95498,5349
95498,51662
95498,6377
95498,5989
95498,1258
95498,1214
29980,7361
29980,1206
29980,593
29980,48516
29980,1203
29980,1213
29980,68157
29980,1617
29980,1258
29980,3578
11533,4306
11533,6539
11533,1197
11533,5349
11533,296
11533,47
11533,1097
11533,1704
11533,1036
11533,1240
107499,2628
107499,1240
107499,2028
107499,110
107499,318
107499,106489
107499,1682
107499,63082
107499,6934
107499,118696
92211,1136
92211,2858
92211,902
92211,1247
92211,1230
92211,5902
92211,1968
92211,86882
92211,2692
92211,296
103444,1704
103444,1208
103444,34162
103444,4262
103444,2502
103444,2918
103444,8641
103444,47
103444,223
103444,1954
40774,1210
40774,296
40774,1196
40774,593
40774,33794
40774,58559
40774,49272
40774,858
40774,480
40774,4226
18259,3578
18259,7153
18259,5952
18259,4993
18259,1220
18259,1080
18259,7361
18259,1270
18259,48780
18259,48516
78821,2571
78821,2959
78821,35836
78821,54503
78821,1
78821,480
78821,80463
78821,69122
78821,8641
78821,91529
7777,7099
7777,1089
7777,741
7777,4878
7777,5618
7777,4226
7777,296
7777,7361
7777,5971
7777,58559
102326,48780
102326,74458
102326,4226
102326,72554
102326,4878
102326,5995
102326,51662
102326,1206
102326,1196
102326,88129
26815,588
26815,1961
26815,2571
26815,1
26815,1198
26815,1270
26815,2762
26815,480
26815,539
26815,1210
45412,2959
45412,7361
45412,296
45412,1199
45412,6807
45412,2997
45412,1206
45412,1208
45412,92535
45412,4973
12156,4993
12156,4973
12156,6539
12156,5952
12156,33166
12156,3408
12156,8981
12156,32587
12156,357
12156,4306
133368,527
133368,1198
133368,50
133368,296
133368,593
133368,2858
133368,318
133368,541
133368,2324
133368,5971
10456,2571
10456,5952
10456,7153
10456,30816
10456,1080
10456,53125
10456,4014
10456,33794
10456,4973
10456,919
64879,3578
64879,1089
64879,4993
64879,1198
64879,589
64879,4973
64879,4878
64879,2028
64879,1682
64879,7361
3127,60766
3127,56782
3127,50742
3127,858
3127,6711
3127,48774
3127,3996
3127,2329
3127,77455
3127,4848
62987,8961
62987,31685
62987,8529
62987,2858
62987,4995
62987,8360
62987,4306
62987,37729
62987,5378
62987,4014
93654,356
93654,6539
93654,79132
93654,260
93654,1682
93654,6874
93654,40815
93654,4886
93654,91500
93654,88125
58786,593
58786,608
58786,48394
58786,4226
58786,3949
58786,6711
58786,1921
58786,4848
58786,58559
58786,293
35885,1198
35885,904
35885,527
35885,908
35885,1193
35885,457
35885,955
35885,1219
35885,903
35885,954
126016,296
126016,44191
126016,593
126016,2858
126016,2762
126016,31878
126016,4886
126016,5618
126016,4226
126016,3052
137867,1089
137867,1
137867,2571
137867,589
137867,3751
137867,1270
137867,3868
137867,2997
137867,1136
137867,1206
101735,5952
101735,858
101735,457
101735,260
101735,356
101735,377
101735,2858
101735,7153
101735,527
101735,344
124943,1089
124943,109374
124943,2571
124943,8665
124943,4262
124943,1036
124943,106489
124943,88129
124943,54997
124943,53519
95455,3793
95455,7361
95455,2959
95455,4027
95455,5669
95455,6539
95455,1580
95455,5418
95455,6333
95455,2706
95712,2858
95712,593
95712,4226
95712,318
95712,1258
95712,589
95712,1210
95712,3578
95712,4878
95712,1193
64150,2716
64150,72998
64150,46578
64150,76251
64150,54286
64150,44195
64150,8807
64150,7361
64150,61024
64150,5445
43026,4973
43026,110
43026,6377
43026,1784
43026,1721
43026,2006
43026,5445
43026,4886
43026,1
43026,1213
119864,908
119864,904
119864,1207
119864,1233
119864,1267
119864,1247
119864,1262
119864,913
119864,1203
119864,1212
78906,364
78906,4878
78906,56367
78906,7293
78906,7147
78906,54503
78906,52973
78906,4308
78906,2502
78906,2572
53018,6783
53018,5989
53018,5017
53018,7072
53018,3365
53018,7135
53018,942
53018,1307
53018,5304
53018,4329
69536,47
69536,593
69536,260
69536,480
69536,2959
69536,1097
69536,1240
69536,2858
69536,1527
69536,1265
38787,64620
38787,44555
38787,81591
38787,55820
38787,60069
38787,68954
38787,89753
38787,57669
38787,41285
38787,79242
45350,7438
45350,33794
45350,45722
45350,1580
45350,8644
45350,56174
45350,1127
45350,293
45350,2167
45350,648
87321,4306
87321,318
87321,3275
87321,2502
87321,5502
87321,500
87321,3408
87321,5218
87321,3994
87321,44665
87033,1270
87033,541
87033,912
87033,318
87033,2529
87033,1387
87033,1240
87033,920
87033,110
87033,1272
20145,1580
20145,2959
20145,6539
20145,1136
20145,4306
20145,480
20145,356
20145,318
20145,1073
20145,3793
50044,1200
50044,1214
50044,1748
50044,1240
50044,1196
50044,1199
50044,5445
50044,3471
50044,1127
50044,1580
45722,541
45722,2858
45722,4973
45722,70286
45722,1240
45722,26662
45722,1682
45722,2997
45722,26776
45722,1136
63858,1136
63858,5110
63858,2596
63858,3081
63858,49396
63858,4979
63858,54503
63858,3740
63858,6709
63858,68157
30982,150
30982,2396
30982,7669
30982,1527
30982,541
30982,38038
30982,4963
30982,1
30982,6539
30982,54001
103291,1222
103291,2455
103291,1206
103291,1095
103291,55820
103291,2712
103291,32
103291,26172
103291,33166
103291,4973
42174,79132
42174,1136
42174,1210
42174,1197
42174,1198
42174,1196
42174,260
42174,1375
42174,33794
42174,2571
49814,527
49814,588
49814,1097
49814,2028
49814,3081
49814,253
49814,597
49814,1200
49814,2858
49814,7143
114334,3897
114334,50
114334,46578
114334,1358
114334,2858
114334,3255
114334,30707
114334,3252
114334,58998
114334,80463
4391,48774
4391,2762
4391,3578
4391,4886
4391,4308
4391,356
4391,4226
4391,593
4391,6874
4391,1
40968,356
40968,293
40968,4226
40968,31410
40968,1729
40968,1201
40968,1218
40968,541
40968,6539
40968,110
97786,2542
97786,858
97786,50
97786,2329
97786,3362
97786,16
97786,4878
97786,1729
97786,1193
97786,1732
20313,33154
20313,44191
20313,41997
20313,40583
20313,39183
20313,27790
20313,34528
20313,8530
20313,36537
20313,27721
54866,2997
54866,2571
54866,1210
54866,924
54866,4878
54866,7361
54866,7153
54866,4993
54866,1193
54866,32
48755,5816
48755,6377
48755,51662
48755,3578
48755,2959
48755,4896
48755,49272
48755,8644
48755,648
48755,39446
131527,7361
131527,356
131527,527
131527,750
131527,1213
131527,4973
131527,1206
131527,608
131527,1222
131527,1208
79807,3916
79807,3408
79807,6155
79807,6378
79807,3948
79807,3980
79807,3753
79807,4018
79807,8984
79807,7293
88166,54272
88166,44191
88166,296
88166,44195
88166,8874
88166,4011
88166,51662
88166,45722
88166,59315
88166,54999
83698,1240
83698,1073
83698,356
83698,110
83698,4963
83698,104
83698,2028
83698,3253
83698,590
83698,480
96218,588
96218,4963
96218,46976
96218,3751
96218,2959
96218,2321
96218,69757
96218,858
96218,6942
96218,44191
119525,1580
119525,588
119525,1
119525,2918
119525,31685
119525,595
119525,4963
119525,8368
119525,4896
119525,356
80288,79132
80288,4226
80288,4973
80288,2959
80288,4979
80288,2997
80288,106920
80288,1884
80288,2571
80288,2291
67605,2762
67605,2858
67605,4226
67605,58559
67605,48780
67605,48516
67605,50
67605,3147
67605,589
67605,32587
26056,4306
26056,364
26056,1270
26056,60069
26056,78499
26056,45517
26056,2394
26056,356
26056,73017
26056,33493
7876,296
7876,48516
7876,8641
7876,69122
7876,68358
7876,54503
7876,60756
7876,1198
7876,2028
7876,61024
58125,58559
58125,41566
58125,33794
58125,32587
58125,33004
58125,53125
58125,45447
58125,8961
58125,40815
58125,3275
96256,2959
96256,47
96256,53000
96256,6539
96256,2329
96256,1200
96256,2762
96256,1372
96256,51255
96256,296
25783,541
25783,2571
25783,527
25783,318
25783,1704
25783,50
25783,969
25783,1259
25783,2028
25783,1196
119343,7361
119343,2019
119343,593
119343,32
119343,4226
119343,608
119343,7153
119343,912
119343,5952
119343,1210
135625,1721
135625,6874
135625,2028
135625,2329
135625,2762
135625,7438
135625,648
135625,5989
135625,1917
135625,32587
78740,2731
78740,3736
78740,6711
78740,7361
78740,31522
78740,8772
78740,4848
78740,246
78740,2427
78740,8341
121847,2470
121847,2194
121847,733
121847,4673
121847,367
121847,474
121847,5418
121847,1961
121847,4993
121847,2762
15452,59315
15452,48780
15452,58559
15452,54286
15452,49530
15452,47099
15452,7153
15452,49278
15452,33794
15452,48516
7159,592
7159,2167
7159,3994
7159,7438
7159,35836
7159,6874
7159,2985
7159,1682
7159,150
7159,1407
90753,1196
90753,5952
90753,858
90753,318
90753,2028
90753,54286
90753,3578
90753,1262
90753,1036
90753,260
13975,293
13975,541
13975,593
13975,2858
13975,2959
13975,79132
13975,4226
13975,32587
13975,32
13975,260
86461,260
86461,1196
86461,32587
86461,1210
86461,5952
86461,8917
86461,6874
86461,54272
86461,2959
86461,296
66028,69122
66028,74458
66028,527
66028,68791
66028,96079
66028,49278
66028,98961
66028,97923
66028,81788
66028,648
100510,480
100510,1221
100510,1196
100510,1203
100510,8961
100510,908
100510,527
100510,2762
100510,150
100510,3578
28046,1214
28046,1265
28046,50
28046,356
28046,2571
28046,3421
28046,924
28046,1304
28046,3671
28046,4034
36778,5971
36778,44191
36778,1198
36778,1196
36778,31658
36778,58559
36778,3793
36778,1291
36778,6350
36778,2762
21219,356
21219,296
21219,2762
21219,2959
21219,48516
21219,34162
21219,4226
21219,2005
21219,2329
21219,104
16936,79132
16936,4027
16936,59315
16936,70286
16936,2916
16936,47610
16936,4963
16936,6502
16936,1240
16936,54259
131688,4226
131688,527
131688,593
131688,2028
131688,48516
131688,913
131688,1270
131688,1617
131688,1234
131688,904
48783,4963
48783,1270
48783,2028
48783,4995
48783,1682
48783,2502
48783,1265
48783,3793
48783,55765
48783,49272
33427,5377
33427,4025
33427,7444
33427,6218
33427,63082
33427,46578
33427,6593
33427,4886
33427,356
33427,5620
121666,3147
121666,1196
121666,3578
121666,1732
121666,904
121666,2324
121666,92259
121666,1291
121666,1203
121666,6874
45103,5679
45103,7438
45103,7153
45103,593
45103,6874
45103,32
45103,1089
45103,7254
45103,44191
45103,8464
34930,32
34930,1196
34930,1206
34930,778
34930,2329
34930,1274
34930,1197
34930,4641
34930,50
34930,2692
69868,1028
69868,8970
69868,8961
69868,4306
69868,2321
69868,4308
69868,1653
69868,318
69868,1682
69868,8464
93307,1
93307,1682
93307,2762
93307,8961
93307,593
93307,6874
93307,6373
93307,4878
93307,588
93307,3147
108438,60950
108438,2858
108438,912
108438,2324
108438,4014
108438,40629
108438,6942
108438,527
108438,8873
108438,52579
54383,1036
54383,1527
54383,6539
54383,2916
54383,3256
54383,1266
54383,2000
54383,1291
54383,3578
54383,1210
9755,1213
9755,1193
9755,63082
9755,55820
9755,6016
9755,4878
9755,356
9755,2571
9755,1089
9755,64839
92993,356
92993,4995
92993,1704
92993,2762
92993,1246
92993,527
92993,2028
92993,110
92993,3897
92993,1242
80025,1270
80025,4306
80025,2571
80025,260
80025,5952
80025,4886
80025,1291
80025,1376
80025,26662
80025,1097
129805,54503
129805,231
129805,2423
129805,64839
129805,318
129805,56782
129805,56367
129805,2028
129805,2791
129805,1213
8106,1610
8106,6539
8106,8961
8106,4886
8106,541
8106,1223
8106,110
8106,50
8106,2947
8106,356
8592,4306
8592,2916
8592,6539
8592,377
8592,1275
8592,466
8592,457
8592,2987
8592,8360
8592,1682
124561,3897
124561,2791
124561,7419
124561,858
124561,3649
124561,1221
124561,4464
124561,1200
124561,4082
124561,356
126867,904
126867,750
126867,6669
126867,908
126867,923
126867,3629
126867,745
126867,1206
126867,5291
126867,4422
72860,4226
72860,296
72860,68157
72860,3578
72860,51662
72860,54286
72860,356
72860,4011
72860,32587
72860,6539
23661,5989
23661,4963
23661,4306
23661,3578
23661,44199
23661,8360
23661,33166
23661,1721
23661,780
23661,150
103741,541
103741,2706
103741,6539
103741,45499
103741,1370
103741,3994
103741,3052
103741,5445
103741,48385
103741,54272
111245,1089
111245,3949
111245,296
111245,1193
111245,4993
111245,1213
111245,5952
111245,2762
111245,1387
111245,1222
80469,5349
80469,8636
80469,356
80469,3578
80469,260
80469,51662
80469,1198
80469,58293
80469,1210
80469,63859
88336,7361
88336,69757
88336,58998
88336,8784
88336,364
88336,2858
88336,44195
88336,441
88336,60069
88336,54281
102720,4022
102720,780
102720,480
102720,2858
102720,1682
102720,4886
102720,6539
102720,1721
102720,6874
102720,51662
125344,8961
125344,541
125344,48780
125344,1200
125344,1214
125344,33493
125344,5445
125344,7361
125344,8798
125344,1252
44358,1704
44358,111
44358,55820
44358,318
44358,4226
44358,1186
44358,1225
44358,593
44358,1956
44358,1265
21019,1080
21019,6377
21019,32
21019,2997
21019,589
21019,2716
21019,1196
21019,60069
21019,3996
21019,1210
126989,1089
126989,2858
126989,111
126989,541
126989,296
126989,1221
126989,527
126989,1208
126989,356
126989,1997
32717,608
32717,296
32717,1228
32717,5291
32717,111
32717,1252
32717,1213
32717,1673
32717,32
32717,858
86524,356
86524,2571
86524,2959
86524,32587
86524,110
86524,6807
86524,1089
86524,4011
86524,3081
86524,2329
45677,2571
45677,527
45677,4306
45677,4995
45677,2396
45677,2959
45677,2324
45677,1097
45677,587
45677,3147
37667,58559
37667,2028
37667,318
37667,47
37667,1222
37667,4226
37667,1196
37667,5989
37667,1682
37667,1210
57143,1202
57143,3253
57143,2858
57143,1219
57143,1265
57143,608
57143,1206
57143,2174
57143,296
57143,1380
126202,593
126202,296
126202,1
126202,4993
126202,7361
126202,58559
126202,527
126202,6377
126202,3578
126202,260
97717,296
97717,47
97717,50
97717,590
97717,8665
97717,1097
97717,2959
97717,6874
97717,904
97717,1221
30739,8530
30739,50066
30739,34072
30739,43396
30739,6668
30739,5525
30739,46976
30739,468
30739,6768
30739,31116
92040,1073
92040,1097
92040,1307
92040,1961
92040,539
92040,2797
92040,6377
92040,1270
92040,1947
92040,587
83517,2959
83517,1196
83517,79132
83517,2571
83517,5903
83517,58559
83517,77561
83517,1210
83517,2672
83517,5952
52771,1
52771,745
52771,4993
52771,7153
52771,5952
52771,33493
52771,8961
52771,2115
52771,30793
52771,364
17179,7361
17179,3578
17179,4963
17179,58559
17179,33794
17179,35836
17179,4262
17179,608
17179,5445
17179,51662
13015,356
13015,1270
13015,1291
13015,588
13015,49272
13015,648
13015,3578
13015,3114
13015,8360
13015,3793
51663,79132
51663,296
51663,3949
51663,4878
51663,2858
51663,1193
51663,1682
51663,5618
51663,1246
51663,4973
103421,1197
103421,4226
103421,589
103421,527
103421,6539
103421,2762
103421,260
103421,5445
103421,32
103421,592
59959,4993
59959,1270
59959,1029
59959,2571
59959,1210
59959,1258
59959,2858
59959,26776
59959,4878
59959,2085
105792,66934
105792,34405
105792,89745
105792,8874
105792,2657
105792,51255
105792,1215
105792,3258
105792,70
105792,6294
33039,6377
33039,6218
33039,3967
33039,4973
33039,4886
33039,364
33039,1
33039,1035
33039,4014
33039,4993
97633,7153
97633,5952
97633,50005
97633,31658
97633,58154
97633,55274
97633,55052
97633,52579
97633,71579
97633,1196
107327,480
107327,318
107327,356
107327,5349
107327,3793
107327,110
107327,8360
107327,33794
107327,364
107327,3578
15094,735
15094,608
15094,1258
15094,6440
15094,4878
15094,1241
15094,3676
15094,1729
15094,223
15094,1245
1347,79132
1347,1210
1347,58559
1347,6539
1347,33794
1347,73017
1347,3793
1347,60069
1347,68358
1347,3000
118254,8874
118254,7438
118254,6874
118254,858
118254,6857
118254,3265
118254,1291
118254,2571
118254,1218
118254,589
11969,5952
11969,2571
11969,480
11969,589
11969,1210
11969,1198
11969,6333
11969,296
11969,356
11969,3793
111912,32587
111912,37729
111912,48394
111912,8910
111912,30803
111912,34072
111912,8973
111912,5074
111912,44195
111912,8981
115496,318
115496,2858
115496,58559
115496,5541
115496,1220
115496,4306
115496,466
115496,3752
115496,2706
115496,1198
32685,2959
32685,541
32685,593
32685,296
32685,1193
32685,4226
32685,608
32685,1204
32685,58559
32685,110
110951,47
110951,7153
110951,318
110951,6539
110951,2997
110951,32587
110951,2628
110951,6874
110951,44191
110951,1270
75550,1193
75550,356
75550,296
75550,593
75550,2959
75550,2858
75550,4226
75550,7361
75550,46578
75550,2571
9583,2762
9583,6377
9583,5816
9583,4226
9583,4995
9583,7147
9583,8784
9583,1704
9583,593
9583,8961
133713,597
133713,150
133713,1036
133713,1234
133713,26614
133713,58295
133713,49272
133713,5989
133713,51662
133713,1240
10754,296
10754,2959
10754,1136
10754,318
10754,527
10754,3949
10754,48774
10754,4226
10754,4878
10754,4973
23855,2087
23855,2078
23855,955
23855,908
23855,2018
23855,918
23855,933
23855,4406
23855,7702
23855,4795
75898,64957
75898,2329
75898,74458
75898,56174
75898,59315
75898,593
75898,36529
75898,19
75898,48516
75898,4975
135949,2762
135949,1291
135949,1198
135949,1270
135949,110
135949,318
135949,1240
135949,1097
135949,8961
135949,4993
38067,1
38067,1580
38067,1225
38067,923
38067,1240
38067,1961
38067,1266
38067,1265
38067,2324
38067,4973
128512,597
128512,919
128512,1206
128512,2858
128512,364
128512,778
128512,1968
128512,3052
128512,2657
128512,2502
127343,1704
127343,48516
127343,1258
127343,608
127343,1213
127343,1208
127343,296
127343,63082
127343,1263
127343,2762
105396,4993
105396,7153
105396,51662
105396,79132
105396,2028
105396,5349
105396,5952
105396,6874
105396,68157
105396,6539
106951,4226
106951,589
106951,47
106951,318
106951,457
106951,6
106951,2716
106951,858
106951,1213
106951,5445
39714,318
39714,5971
39714,50
39714,7090
39714,4144
39714,5690
39714,7153
39714,296
39714,30803
39714,1280
75905,1210
75905,1228
75905,912
75905,1265
75905,1254
75905,1208
75905,1276
75905,3089
75905,1278
75905,1270
68233,6874
68233,4262
68233,3168
68233,4873
68233,7147
68233,1194
68233,8910
68233,56782
68233,6502
68233,60684
53256,44191
53256,4226
53256,5445
53256,1270
53256,1923
53256,7438
53256,1393
53256,253
53256,480
53256,344
88798,72998
88798,31878
88798,51255
88798,7451
88798,8641
88798,8874
88798,7438
88798,50872
88798,54286
88798,48780
16821,1210
16821,1200
16821,3471
16821,541
16821,589
16821,3527
16821,1198
16821,924
16821,1584
16821,2529
90422,2571
90422,589
90422,2997
90422,1288
90422,1265
90422,50
90422,1198
90422,1196
90422,1732
90422,2791
79529,1721
79529,588
79529,4995
79529,104
79529,1968
79529,2424
79529,1246
79529,1777
79529,736
79529,3578
73026,97304
73026,49272
73026,51935
73026,48516
73026,26139
73026,63113
73026,8675
73026,72641
73026,55118
73026,84392
120782,2542
120782,1210
120782,63072
120782,1208
120782,778
120782,57669
120782,47099
120782,57368
120782,56587
120782,7147
101725,59315
101725,89745
101725,40815
101725,6377
101725,2571
101725,102125
101725,77561
101725,86332
101725,45722
101725,4886
48202,1196
48202,260
48202,2959
48202,51255
48202,480
48202,1210
48202,296
48202,48516
48202,1197
48202,593
2227,50
2227,1209
2227,1214
2227,3265
2227,59315
2227,1200
2227,47
2227,2916
2227,51277
2227,55820
10971,1580
10971,68954
10971,60069
10971,6377
10971,33794
10971,48780
10971,1291
10971,1136
10971,45722
10971,91500
80059,50
80059,1222
80059,1527
80059,2028
80059,541
80059,1732
80059,1270
80059,4306
80059,2683
80059,733
52227,908
52227,1198
52227,913
52227,750
52227,1291
52227,6377
52227,2762
52227,953
52227,1219
52227,2858
122027,1527
122027,56367
122027,3793
122027,1580
122027,6377
122027,2716
122027,7153
122027,595
122027,1968
122027,377
100525,6377
100525,919
100525,5952
100525,265
100525,4973
100525,2739
100525,480
100525,1225
100525,1097
100525,1784
99288,527
99288,260
99288,150
99288,2268
99288,1304
99288,318
99288,2406
99288,953
99288,3505
99288,3147
69921,7153
69921,2329
69921,3578
69921,593
69921,2762
69921,4226
69921,4995
69921,32
69921,4993
69921,55820
65421,3793
65421,296
65421,91630
65421,3578
65421,457
65421,80463
65421,98961
65421,72011
65421,1291
65421,55118
119540,58559
119540,293
119540,318
119540,2329
119540,47
119540,6874
119540,593
119540,7153
119540,4993
119540,367
4769,4973
4769,32587
4769,4011
4769,1527
4769,5445
4769,1136
4769,2997
4769,48516
4769,4995
4769,1884
118983,68157
118983,2571
118983,52885
118983,41285
118983,44694
118983,61240
118983,67255
118983,60950
118983,60684
118983,7323
46271,356
46271,2329
46271,1219
46271,1347
46271,7361
46271,1732
46271,318
46271,1089
46271,3897
46271,2174
42891,1961
42891,4973
42891,8961
42891,33166
42891,1208
42891,4034
42891,733
42891,380
42891,5669
42891,46530
136207,110
136207,5952
136207,4306
136207,3147
136207,356
136207,318
136207,4995
136207,7361
136207,6016
136207,3083
52964,899
52964,7153
52964,5952
52964,2396
52964,1197
52964,1291
52964,6539
52964,1307
52964,3793
52964,1580
3331,79132
3331,4886
3331,1210
3331,4306
3331,8961
3331,78499
3331,4973
3331,6539
3331,364
3331,60069
23384,2571
23384,2918
23384,50
23384,1198
23384,1210
23384,1270
23384,1704
23384,2028
23384,377
23384,597
89142,31658
89142,1198
89142,364
89142,44191
89142,5445
89142,1527
89142,1610
89142,7099
89142,8665
89142,45722
91517,1089
91517,2959
91517,296
91517,1201
91517,6807
91517,541
91517,1198
91517,1265
91517,58559
91517,1213
15138,2000
15138,1610
15138,648
15138,10
15138,1029
15138,2628
15138,5378
15138,7569
15138,596
15138,2006
120688,4011
120688,2858
120688,34319
120688,4975
120688,1089
120688,4874
120688,8949
120688,34405
120688,33004
120688,27788
114295,1270
114295,780
114295,296
114295,1291
114295,2762
114295,589
114295,2028
114295,592
114295,1240
114295,1210
61333,1251
61333,3030
61333,1252
61333,7766
61333,1732
61333,6783
61333,26131
61333,8195
61333,50
61333,1136
70781,1197
70781,2959
70781,1265
70781,480
70781,6539
70781,59315
70781,47
70781,2987
70781,2396
70781,1961
102554,780
102554,1198
102554,2762
102554,1265
102554,4306
102554,2396
102554,588
102554,296
102554,2959
102554,1291
119232,4993
119232,33794
119232,4306
119232,58559
119232,4878
119232,356
119232,46578
119232,7293
119232,1907
119232,1032
75890,3578
75890,2571
75890,296
75890,2858
75890,1198
75890,48516
75890,260
75890,1961
75890,2329
75890,47
46936,1291
46936,2716
46936,150
46936,1198
46936,7153
46936,480
46936,1270
46936,32
46936,2628
46936,253
6723,109374
6723,50872
6723,52973
6723,88163
6723,79091
6723,6942
6723,2959
6723,80463
6723,86833
6723,5989
116777,2858
116777,593
116777,1270
116777,318
116777,3996
116777,1073
116777,480
116777,6377
116777,1265
116777,7361
8545,4226
8545,1089
8545,8784
8545,56367
8545,4878
8545,1884
8545,1206
8545,60069
8545,2291
8545,4973
13215,60069
13215,76251
13215,3897
13215,80463
13215,4226
13215,2997
13215,55280
13215,68954
13215,44195
13215,6942
128952,2858
128952,47
128952,541
128952,5995
128952,356
128952,527
128952,1193
128952,551
128952,1333
128952,1527
54193,110
54193,356
54193,3916
54193,2028
54193,3578
54193,553
54193,1101
54193,733
54193,852
54193,1302
81181,4886
81181,4306
81181,81834
81181,356
81181,88125
81181,98809
81181,89745
81181,99114
81181,318
81181,68954
36608,2329
36608,6539
36608,2571
36608,7153
36608,356
36608,4995
36608,318
36608,527
36608,296
36608,5349
65542,33166
65542,30749
65542,8645
65542,7151
65542,41863
65542,27878
65542,40629
65542,1950
65542,1223
65542,48516
127974,35836
127974,3949
127974,111
127974,4022
127974,6548
127974,1923
127974,2231
127974,4262
127974,7254
127974,3897
53494,1320
53494,1215
53494,6615
53494,1676
53494,3587
53494,5797
53494,8225
53494,3918
53494,2004
53494,1080
84515,111
84515,4878
84515,40278
84515,16
84515,30812
84515,7143
84515,30749
84515,48385
84515,4306
84515,1721
111386,68954
111386,590
111386,318
111386,60069
111386,60766
111386,5952
111386,4993
111386,1270
111386,4963
111386,50
25130,1089
25130,1222
25130,608
25130,541
25130,4034
25130,4011
25130,80906
25130,48516
25130,93721
25130,16
76605,48516
76605,3578
76605,357
76605,2710
76605,1961
76605,5989
76605,7361
76605,8961
76605,1258
76605,587
117847,7153
117847,6539
117847,1094
117847,6377
117847,4886
117847,3418
117847,2571
117847,2692
117847,4306
117847,58
104212,296
104212,68157
104212,4973
104212,1073
104212,4226
104212,31658
104212,2571
104212,2858
104212,44191
104212,661
81658,858
81658,592
81658,5418
81658,32587
81658,2268
81658,54286
81658,1
81658,4022
81658,1073
81658,8961
32321,4011
32321,2858
32321,288
32321,79132
32321,41285
32321,431
32321,2467
32321,46723
32321,1175
32321,68157
57494,1136
57494,1210
57494,1240
57494,5952
57494,7153
57494,3793
57494,32
57494,589
57494,2716
57494,3527
17159,914
17159,1197
17159,2125
17159,60069
17159,1291
17159,838
17159,4857
17159,2046
17159,916
17159,1035
128297,4306
128297,4226
128297,1
128297,6539
128297,1136
128297,3034
128297,595
128297,2140
128297,593
128297,596
72744,356
72744,1136
72744,2571
72744,1682
72744,2716
72744,1527
72744,2987
72744,586
72744,8360
72744,19
132047,4973
132047,1721
132047,8949
132047,74458
132047,1222
132047,1086
132047,49272
132047,80463
132047,63082
132047,36529
93926,318
93926,8376
93926,1968
93926,3481
93926,1089
93926,1673
93926,2997
93926,50
93926,5299
93926,1258
138205,318
138205,165
138205,924
138205,2706
138205,10
138205,858
138205,2716
138205,1784
138205,2012
138205,2115
34175,50
34175,2762
34175,5445
34175,3793
34175,1206
34175,353
34175,5110
34175,2918
34175,593
34175,44191
59214,480
59214,260
59214,3793
59214,588
59214,6539
59214,592
59214,2288
59214,4306
59214,3000
59214,2529
66597,2355
66597,45431
66597,43560
66597,5218
66597,4306
66597,37729
66597,8907
66597,45208
66597,8360
66597,2174
17920,318
17920,36529
17920,2571
17920,6539
17920,49272
17920,91529
17920,32587
17920,49530
17920,44665
17920,48774
49466,541
49466,6365
49466,60069
49466,296
49466,48780
49466,34405
49466,55908
49466,356
49466,48394
49466,1527
83609,497
83609,8961
83609,588
83609,3996
83609,1197
83609,3000
83609,260
83609,1196
83609,265
83609,919
10987,59369
10987,318
10987,72998
10987,4886
10987,5989
10987,593
10987,32587
10987,56174
10987,3147
10987,296
44154,48516
44154,7143
44154,73017
44154,87232
44154,63082
44154,3793
44154,36529
44154,50
44154,1961
44154,68358
68425,296
68425,750
68425,7361
68425,50
68425,1617
68425,1221
68425,4034
68425,6377
68425,908
68425,111
125796,32
125796,2288
125796,5445
125796,1527
125796,47
125796,8665
125796,3476
125796,1036
125796,2762
125796,1200
784,2571
784,318
784,2918
784,8961
784,2858
784,1
784,356
784,595
784,3897
784,2762
9930,44191
9930,40815
9930,46578
9930,40629
9930,32587
9930,50685
9930,33493
9930,33660
9930,51255
9930,34405
61727,3793
61727,260
61727,150
61727,7153
61727,1610
61727,589
61727,3578
61727,6377
61727,2918
61727,4896
78578,79132
78578,6539
78578,110
78578,54001
78578,590
78578,4896
78578,597
78578,8665
78578,5445
78578,1
62341,593
62341,2542
62341,778
62341,55820
62341,1221
62341,5995
62341,64614
62341,69122
62341,91529
62341,97304
92187,2762
92187,356
92187,357
92187,337
92187,1259
92187,1265
92187,58
92187,2692
92187,778
92187,4027
122104,1210
122104,260
122104,1270
122104,741
122104,2762
122104,6539
122104,8360
122104,57504
122104,1265
122104,59784
36229,6365
36229,4995
36229,648
36229,8665
36229,1196
36229,33493
36229,7153
36229,6377
36229,6539
36229,4306
99291,260
99291,58559
99291,3578
99291,72998
99291,33794
99291,1196
99291,59315
99291,296
99291,89745
99291,8368
77813,2762
77813,56367
77813,7293
77813,7451
77813,31685
77813,34532
77813,56757
77813,4447
77813,2959
77813,58559
42090,4226
42090,59315
42090,58559
42090,69122
42090,79132
42090,63436
42090,296
42090,44665
42090,318
42090,68157
96966,8961
96966,8970
96966,6331
96966,1
96966,48982
96966,34
96966,33826
96966,4886
96966,6377
96966,3751
14024,44191
14024,589
14024,593
14024,2396
14024,380
14024,41569
14024,8360
14024,3114
14024,3623
14024,1097
49694,364
49694,1197
49694,110
49694,1704
49694,2716
49694,3578
49694,1
49694,1036
49694,2918
49694,2268
27358,4973
27358,2762
27358,6539
27358,4886
27358,293
27358,54286
27358,47
27358,589
27358,2028
27358,1682
122471,33679
122471,31696
122471,41566
122471,44022
122471,42738
122471,34048
122471,41569
122471,8957
122471,8972
122471,45722
11794,7419
11794,5902
11794,1305
11794,4027
11794,8618
11794,38038
11794,25940
11794,2858
11794,1228
11794,2959
3483,780
3483,6502
3483,1291
3483,2959
3483,3578
3483,7153
3483,70286
3483,1527
3483,6539
3483,8874
71778,608
71778,6016
71778,50
71778,32587
71778,1036
71778,3578
71778,1732
71778,5952
71778,1704
71778,1265
26244,593
26244,1527
26244,3578
26244,79132
26244,1240
26244,4993
26244,60684
26244,260
26244,45499
26244,6333
40798,1200
40798,2318
40798,2959
40798,1676
40798,1682
40798,7361
40798,1220
40798,235
40798,111
40798,5618
88706,1097
88706,608
88706,1961
88706,318
88706,1247
88706,593
88706,1252
88706,1387
88706,1136
88706,1393
52211,1136
52211,1196
52211,4226
52211,6350
52211,318
52211,2571
52211,5618
52211,858
52211,260
52211,34405
14678,59018
14678,97921
14678,71535
14678,47099
14678,34405
14678,87306
14678,48696
14678,88810
14678,66097
14678,79242
71527,1207
71527,750
71527,923
71527,5618
71527,608
71527,4973
71527,1252
71527,3000
71527,1221
71527,3435
10926,2716
10926,1270
10926,3578
10926,5418
10926,1917
10926,1704
10926,1527
10926,2959
10926,1
10926,780
66304,904
66304,1219
66304,858
66304,1225
66304,3730
66304,908
66304,1221
66304,912
66304,1250
66304,1945
123909,8360
123909,51662
123909,2028
123909,1198
123909,1270
123909,5103
123909,150
123909,2042
123909,1291
123909,2762
47855,527
47855,2762
47855,4979
47855,8961
47855,104
47855,4027
47855,3481
47855,6377
47855,1246
47855,1968
119946,2716
119946,4306
119946,1200
119946,1240
119946,44191
119946,318
119946,3578
119946,3793
119946,316
119946,33794
92948,356
92948,5952
92948,110
92948,2324
92948,1193
92948,3578
92948,3967
92948,2291
92948,5989
92948,3996
12062,49272
12062,47
12062,480
12062,48516
12062,589
12062,150
12062,380
12062,648
12062,4886
12062,6377
103861,2000
103861,4975
103861,62849
103861,69481
103861,51935
103861,4370
103861,54272
103861,33493
103861,71838
103861,1779
80879,8961
80879,4963
80879,103335
80879,112852
80879,79091
80879,1682
80879,96655
80879,106002
80879,34405
80879,4973
129014,1029
129014,3114
129014,2085
129014,1
129014,8961
129014,1907
129014,2089
129014,3483
129014,58299
129014,40339
9225,33794
9225,59315
9225,68954
9225,914
9225,1367
9225,1
9225,2571
9225,53000
9225,1136
9225,54190
104560,87232
104560,4226
104560,318
104560,4993
104560,7153
104560,97752
104560,7254
104560,48394
104560,69844
104560,98809
38605,7438
38605,6874
38605,32587
38605,1232
38605,2291
38605,592
38605,3949
38605,60069
38605,68157
38605,48516
113073,8636
113073,3005
113073,2872
113073,5349
113073,86332
113073,5810
113073,4299
113073,2916
113073,63113
113073,6378
104893,6539
104893,1036
104893,586
104893,1214
104893,1527
104893,2470
104893,434
104893,2353
104893,59315
104893,6874
40244,608
40244,951
40244,318
40244,50
40244,909
40244,913
40244,904
40244,7361
40244,6711
40244,908
39311,858
39311,318
39311,47
39311,4226
39311,2858
39311,356
39311,2959
39311,1270
39311,64957
39311,1221
72988,53996
72988,91630
72988,48516
72988,80463
72988,56174
72988,49530
72988,33679
72988,104841
72988,36529
72988,40278
88445,165
88445,8961
88445,593
88445,2762
88445,2571
88445,6333
88445,1240
88445,2167
88445,7153
88445,4963
57625,1197
57625,4878
57625,4979
57625,608
57625,1136
57625,1704
57625,47
57625,3578
57625,48394
57625,2918
24402,4027
24402,8784
24402,2918
24402,1278
24402,2502
24402,6296
24402,6807
24402,4973
24402,8874
24402,3481
57376,260
57376,5971
57376,541
57376,2959
57376,48394
57376,4993
57376,1197
57376,1198
57376,5952
57376,7153
36737,53000
36737,2959
36737,7360
36737,968
36737,18
36737,6731
36737,47
36737,51255
36737,4226
36737,1321
86591,7153
86591,1089
86591,2329
86591,1222
86591,110
86591,1208
86591,858
86591,6874
86591,4226
86591,7438
106043,2858
106043,16
106043,74458
106043,57669
106043,64614
106043,356
106043,7981
106043,6
106043,5690
106043,5445
100373,1193
100373,293
100373,36
100373,4886
100373,58559
100373,6874
100373,527
100373,1653
100373,2692
100373,1206
19363,296
19363,47
19363,3949
19363,63062
19363,56174
19363,1221
19363,74458
19363,58559
19363,6953
19363,55052
24033,2288
24033,1345
24033,1333
24033,4105
24033,57274
24033,4128
24033,1339
24033,47
24033,1258
24033,58559
28027,296
28027,5388
28027,593
28027,34048
28027,48516
28027,5956
28027,2291
28027,1266
28027,1201
28027,74458
5097,2959
5097,1080
5097,1221
5097,4306
5097,318
5097,2692
5097,3996
5097,899
5097,1208
5097,356
136439,8961
136439,64957
136439,6378
136439,34319
136439,480
136439,4306
136439,8644
136439,53996
136439,5502
136439,7293
61087,6870
61087,2762
61087,8961
61087,4034
61087,50
61087,293
61087,1358
61087,356
61087,6867
61087,6377
38958,364
38958,4306
38958,8533
38958,64957
38958,6377
38958,40629
38958,5066
38958,4993
38958,47099
38958,2424
68310,608
68310,3000
68310,1237
68310,1230
68310,750
68310,923
68310,1225
68310,1198
68310,4973
68310,1201
100902,356
100902,4993
100902,7361
100902,54001
100902,4896
100902,8970
100902,81834
100902,60069
100902,69757
100902,5952
120666,33004
120666,35836
120666,26555
120666,30825
120666,8376
120666,8972
120666,4498
120666,4322
120666,7438
120666,7007
106627,858
106627,68157
106627,7153
106627,5952
106627,4993
106627,7438
106627,356
106627,1258
106627,33794
106627,1208
49490,480
49490,2858
49490,48774
49490,1396
49490,5445
49490,5010
49490,5881
49490,1036
49490,4874
49490,924
57299,5225
57299,2843
57299,6016
57299,56367
57299,1844
57299,71033
57299,2585
57299,8949
57299,33893
57299,30749
115867,296
115867,260
115867,2762
115867,1704
115867,6539
115867,2571
115867,1101
115867,2959
115867,6893
115867,4223
34262,2687
34262,6377
34262,56775
34262,8533
34262,43560
34262,6593
34262,7153
34262,5943
34262,986
34262,45722
124288,527
124288,2858
124288,5618
124288,750
124288,608
124288,296
124288,541
124288,2959
124288,4226
124288,3996
85644,356
85644,527
85644,79132
85644,2959
85644,1258
85644,55820
85644,6016
85644,7361
85644,1617
85644,778
135336,1610
135336,1036
135336,1221
135336,4262
135336,1299
135336,8207
135336,527
135336,1466
135336,3505
135336,1231
72923,31685
72923,7445
72923,33493
72923,648
72923,33794
72923,27808
72923,1485
72923,2706
72923,1917
72923,1240
89406,58559
89406,6934
89406,110
89406,1682
89406,4963
89406,5502
89406,1222
89406,1917
89406,1584
89406,30707
27993,8464
27993,7361
27993,6016
27993,31878
27993,40583
27993,37240
27993,34542
27993,44195
27993,33493
27993,7090
118706,3578
118706,8961
118706,2115
118706,500
118706,6377
118706,919
118706,595
118706,2355
118706,597
118706,1527
89757,68237
89757,2959
89757,77455
89757,68157
89757,7361
89757,69481
89757,296
89757,84944
89757,76093
89757,72011
118343,2278
118343,1092
118343,1408
118343,1275
118343,2455
118343,2407
118343,5049
118343,1343
118343,168
118343,2915
103715,356
103715,50
103715,32
103715,296
103715,2858
103715,110
103715,48780
103715,2762
103715,480
103715,44191
129865,5418
129865,260
129865,44191
129865,58559
129865,593
129865,5989
129865,3147
129865,5218
129865,92259
129865,32587
95732,60069
95732,70286
95732,1
95732,7254
95732,356
95732,78499
95732,33794
95732,64969
95732,87869
95732,47099
40282,318
40282,527
40282,296
40282,3578
40282,110
40282,648
40282,733
40282,3147
40282,50
40282,2329
36045,480
36045,1884
36045,2231
36045,4262
36045,56367
36045,7158
36045,2324
36045,32
36045,38061
36045,4226
132598,31225
132598,2694
132598,145
132598,3646
132598,2587
132598,48161
132598,6383
132598,5108
132598,31685
132598,4153
25276,5349
25276,296
25276,3114
25276,1
25276,1265
25276,1580
25276,356
25276,110
25276,3275
25276,4011
11677,318
11677,593
11677,293
11677,110
11677,3578
11677,4226
11677,6
11677,165
11677,1527
11677,2858
50126,78499
50126,1291
50126,60069
50126,68358
50126,33794
50126,8961
50126,318
50126,6377
50126,66934
50126,2959
63835,4973
63835,2762
63835,1704
63835,541
63835,750
63835,356
63835,858
63835,48394
63835,908
63835,1136
21244,745
21244,1197
21244,318
21244,58559
21244,4973
21244,904
21244,1203
21244,110
21244,1276
21244,1213
57434,110102
57434,89745
57434,1270
57434,92420
57434,81591
57434,51540
57434,74458
57434,87306
57434,111759
57434,1258
70581,32
70581,1136
70581,3910
70581,4235
70581,2360
70581,3996
70581,4027
70581,1265
70581,1246
70581,318
73524,318
73524,1198
73524,5952
73524,1197
73524,2683
73524,1240
73524,588
73524,1210
73524,260
73524,1196
132052,1961
132052,778
132052,1704
132052,33166
132052,4995
132052,48385
132052,5995
132052,344
132052,37731
132052,1884
62403,588
62403,4308
62403,6942
62403,4995
62403,1721
62403,1580
62403,56367
62403,48516
62403,4246
62403,49530
128844,64839
128844,2997
128844,2115
128844,4226
128844,1884
128844,3996
128844,50
128844,6377
128844,293
128844,80463
100116,356
100116,47
100116,58559
100116,318
100116,2858
100116,593
100116,55721
100116,589
100116,110
100116,4993
55042,648
55042,260
55042,1704
55042,2762
55042,54286
55042,527
55042,6539
55042,590
55042,1
55042,4306
7892,4226
7892,2571
7892,318
7892,1197
7892,608
7892,5952
7892,7361
7892,68157
7892,1262
7892,44555
40040,1097
40040,1580
40040,2959
40040,1210
40040,858
40040,1
40040,377
40040,3578
40040,608
40040,4993
79388,1198
79388,924
79388,2571
79388,2959
79388,1270
79388,541
79388,1196
79388,260
79388,1206
79388,1584
56222,50
56222,2571
56222,608
56222,1221
56222,2858
56222,593
56222,6016
56222,1210
56222,1222
56222,1178
83202,480
83202,2571
83202,4262
83202,6539
83202,7361
83202,318
83202,7147
83202,55765
83202,593
83202,588
16696,2762
16696,6323
16696,1748
16696,1620
16696,5294
16696,5266
16696,3994
16696,1754
16696,253
16696,6365
40768,912
40768,33794
40768,5690
40768,91529
40768,3034
40768,1206
40768,1682
40768,48780
40768,608
40768,70286
112443,78499
112443,6377
112443,66097
112443,58559
112443,2571
112443,8368
112443,8874
112443,81834
112443,59315
112443,40815
11823,112623
11823,77561
11823,109673
11823,105653
11823,109578
11823,87520
11823,103042
11823,109850
11823,92507
11823,96861
58608,1207
58608,1193
58608,2028
58608,590
58608,1333
58608,1302
58608,919
58608,1263
58608,356
58608,1954
113566,1193
113566,527
113566,37741
113566,46578
113566,30707
113566,40819
113566,858
113566,2739
113566,356
113566,457
95288,2716
95288,5349
95288,4973
95288,1073
95288,592
95288,8636
95288,4226
95288,912
95288,3996
95288,6539
50772,2858
50772,2028
50772,2959
50772,32
50772,1676
50772,2791
50772,1610
50772,2174
50772,4886
50772,1391
64514,60069
64514,8961
64514,3578
64514,54286
64514,2959
64514,648
64514,4963
64514,4993
64514,1136
64514,110
11799,58559
11799,2858
11799,3578
11799,32587
11799,48516
11799,4011
11799,73017
11799,110
11799,5995
11799,50
32677,1213
32677,904
32677,608
32677,2726
32677,2010
32677,260
32677,1198
32677,2571
32677,1222
32677,1204
6568,4993
6568,3578
6568,110
6568,593
6568,4226
6568,380
6568,1
6568,150
6568,1527
6568,60069
50855,1291
50855,1580
50855,4886
50855,1641
50855,1923
50855,7
50855,588
50855,2081
50855,2424
50855,1097
17127,296
17127,1097
17127,1240
17127,216
17127,1982
17127,1407
17127,1089
17127,4616
17127,5810
17127,1091
122520,253
122520,608
122520,367
122520,150
122520,1198
122520,5445
122520,750
122520,4993
122520,480
122520,1653
20380,4995
20380,5418
20380,7445
20380,7143
20380,4022
20380,733
20380,3753
20380,318
20380,5445
20380,1393
66391,2571
66391,318
66391,2858
66391,2028
66391,296
66391,4993
66391,1234
66391,5952
66391,7153
66391,7361
18366,1704
18366,593
18366,81591
18366,4878
18366,60069
18366,6711
18366,1193
18366,6874
18366,1136
18366,106782
126946,7361
126946,46578
126946,6711
126946,6552
126946,7256
126946,4235
126946,357
126946,46723
126946,5995
126946,593
59487,296
59487,3147
59487,56174
59487,48516
59487,3578
59487,4963
59487,110
59487,1407
59487,6548
59487,4993
103527,7147
103527,296
103527,593
103527,527
103527,1
103527,6942
103527,150
103527,3897
103527,3147
103527,2329
106457,6373
106457,5481
106457,8957
106457,8360
106457,1485
106457,3717
106457,5679
106457,5218
106457,8961
106457,2683
39137,2959
39137,296
39137,2762
39137,1291
39137,5952
39137,592
39137,480
39137,588
39137,364
39137,1580
20446,7438
20446,1198
20446,110
20446,10
20446,3578
20446,733
20446,7143
20446,593
20446,32587
20446,2947
8977,1258
8977,7323
8977,2291
8977,3067
8977,67255
8977,319
8977,2908
8977,44555
8977,593
8977,2692
44724,79357
44724,4226
44724,4973
44724,2858
44724,7361
44724,924
44724,2297
44724,48774
44724,4993
44724,72998
85422,4973
85422,74228
85422,52952
85422,6711
85422,4641
85422,51255
85422,93840
85422,8376
85422,4979
85422,1997
104968,318
104968,527
104968,593
104968,47
104968,3949
104968,4973
104968,1258
104968,541
104968,4993
104968,50
102235,5618
102235,318
102235,1223
102235,51255
102235,3481
102235,44191
102235,48394
102235,58559
102235,79132
102235,296
89778,72998
89778,1917
89778,6502
89778,35836
89778,53000
89778,2572
89778,5151
89778,7293
89778,32
89778,56801
76989,527
76989,1136
76989,50
76989,5971
76989,1208
76989,4878
76989,1222
76989,48516
76989,31658
76989,778
56246,356
56246,4973
56246,2959
56246,593
56246,318
56246,48385
56246,778
56246,288
56246,2997
56246,48516
43632,7153
43632,4993
43632,79132
43632,260
43632,72998
43632,60069
43632,1291
43632,1214
43632,1200
43632,541
70325,1198
70325,5349
70325,589
70325,1196
70325,1
70325,4306
70325,1270
70325,6539
70325,608
70325,3578
21895,1258
21895,2858
21895,924
21895,7934
21895,1208
21895,50
21895,2571
21895,3751
21895,7123
21895,4848
9098,2987
9098,1214
9098,745
9098,5952
9098,7153
9098,4993
9098,4366
9098,71264
9098,5444
9098,8644
28051,1193
28051,30707
28051,356
28051,1527
28051,5995
28051,551
28051,1215
28051,5445
28051,6291
28051,223
24746,4306
24746,4226
24746,3578
24746,296
24746,58559
24746,3147
24746,33794
24746,48516
24746,1259
24746,4995
101665,72998
101665,33794
101665,27611
101665,838
101665,7444
101665,87232
101665,84847
101665,58559
101665,2336
101665,53000
125993,7361
125993,48394
125993,1527
125993,5952
125993,7153
125993,4993
125993,5618
125993,44191
125993,7147
125993,2762
135919,1580
135919,47
135919,2716
135919,2918
135919,480
135919,8961
135919,296
135919,5989
135919,2115
135919,1097
57984,6539
57984,4993
57984,3793
57984,33794
57984,48516
57984,367
57984,6377
57984,3578
57984,6934
57984,8636
66011,55820
66011,33794
66011,1246
66011,5989
66011,293
66011,1089
66011,2028
66011,6016
66011,110
66011,44191
65058,6993
65058,1244
65058,1
65058,3812
65058,2065
65058,32587
65058,1078
65058,3618
65058,3813
65058,1077
105370,1206
105370,4226
105370,551
105370,1204
105370,912
105370,1208
105370,1291
105370,3996
105370,33794
105370,44191
83647,2959
83647,2858
83647,4878
83647,48516
83647,1285
83647,1219
83647,593
83647,318
83647,296
83647,372
28861,356
28861,1089
28861,1258
28861,4226
28861,260
28861,32587
28861,318
28861,2987
28861,1198
28861,2329
3457,6942
3457,5349
3457,318
3457,2502
3457,1197
3457,8970
3457,5952
3457,923
3457,2324
3457,750
84724,2762
84724,2918
84724,587
84724,4306
84724,1
84724,39
84724,2321
84724,1196
84724,1961
84724,47
80419,356
80419,318
80419,2997
80419,7153
80419,2762
80419,1220
80419,2968
80419,4886
80419,1080
80419,6377
11267,6539
11267,329
11267,6365
11267,2115
11267,6537
11267,3977
11267,2
11267,45517
11267,40815
11267,7153
110806,1206
110806,49272
110806,60684
110806,293
110806,76251
110806,2700
110806,356
110806,48516
110806,51255
110806,3638
11013,2731
11013,7939
11013,7937
11013,904
11013,3503
11013,7938
11013,6711
11013,908
11013,4973
11013,608
29058,858
29058,260
29058,1196
29058,457
29058,3578
29058,3996
29058,1240
29058,293
29058,4306
29058,377
89283,6874
89283,3578
89283,318
89283,50
89283,48780
89283,44191
89283,3275
89283,8665
89283,293
89283,7438
122584,4306
122584,4886
122584,8961
122584,6297
122584,7451
122584,588
122584,4701
122584,3624
122584,59315
122584,595
2470,5995
2470,3418
2470,1193
2470,593
2470,1246
2470,1079
2470,5013
2470,1641
2470,6953
2470,1080
53243,356
53243,6565
53243,587
53243,3753
53243,4321
53243,5267
53243,1307
53243,1302
53243,500
53243,1674
89942,6377
89942,60069
89942,1197
89942,2174
89942,2762
89942,1
89942,78499
89942,79132
89942,54259
89942,2005
113829,589
113829,41569
113829,1617
113829,1225
113829,8636
113829,150
113829,3471
113829,34
113829,3996
113829,1270
81281,4973
81281,50
81281,6377
81281,527
81281,2571
81281,2028
81281,5445
81281,4886
81281,8961
81281,1
60526,541
60526,7153
60526,1222
60526,2959
60526,4306
60526,1240
60526,593
60526,1291
60526,4963
60526,1198
77323,318
77323,63082
77323,97304
77323,7323
77323,68954
77323,94959
77323,17
77323,5995
77323,2324
77323,7361
28684,32
28684,858
28684,47
28684,2858
28684,260
28684,50
28684,589
28684,1214
28684,1210
28684,79132
130261,7173
130261,31685
130261,8665
130261,59315
130261,858
130261,44191
130261,73017
130261,72998
130261,2959
130261,5574
47330,6377
47330,1
47330,2424
47330,79132
47330,8961
47330,50872
47330,4886
47330,1035
47330,597
47330,72998
2410,5816
2410,49272
2410,8961
2410,1196
2410,51255
2410,4886
2410,6377
2410,33794
2410,8360
2410,2115
6173,296
6173,480
6173,1196
6173,356
6173,593
6173,2571
6173,47
6173,2916
6173,3578
6173,1240
69689,110
69689,5349
69689,4306
69689,2858
69689,593
69689,2762
69689,318
69689,7438
69689,1580
69689,33493
49276,8917
49276,60766
49276,77800
49276,1288
49276,85774
49276,86345
49276,2502
49276,78160
49276,1230
49276,1060
89723,2858
89723,1617
89723,1213
89723,2019
89723,1209
89723,3000
89723,2571
89723,1228
89723,1252
89723,608
30070,4963
30070,3578
30070,1193
30070,223
30070,68157
30070,3275
30070,48780
30070,1617
30070,30707
30070,4878
31324,7153
31324,4993
31324,7444
31324,4016
31324,1721
31324,79132
31324,5952
31324,87232
31324,1028
31324,48
117396,541
117396,1653
117396,96610
117396,59315
117396,70286
117396,88744
117396,480
117396,5349
117396,1682
117396,106920
66843,1193
66843,32
66843,2571
66843,55820
66843,50
66843,81591
66843,356
66843,1625
66843,293
66843,2762
124335,318
124335,50
124335,1222
124335,1089
124335,2231
124335,2028
124335,858
124335,457
124335,1270
124335,3578
70868,1
70868,608
70868,2959
70868,1682
70868,908
70868,4226
70868,1923
70868,1197
70868,2987
70868,919
86449,110
86449,296
86449,5445
86449,1196
86449,3578
86449,5989
86449,33794
86449,260
86449,2329
86449,356
114203,1500
114203,2918
114203,6333
114203,2571
114203,318
114203,1282
114203,745
114203,1148
114203,953
114203,2948
133737,919
133737,2571
133737,551
133737,58559
133737,6539
133737,56367
133737,7361
133737,1089
133737,7147
133737,2858
99447,1089
99447,924
99447,32
99447,1254
99447,1270
99447,1250
99447,8961
99447,110
99447,356
99447,1945
35313,1580
35313,6539
35313,4963
35313,49272
35313,380
35313,1552
35313,1270
35313,50
35313,8360
35313,2028
1228,527
1228,1732
1228,1953
1228,1206
1228,2858
1228,6993
1228,1080
1228,2028
1228,1200
1228,1198
84683,4226
84683,778
84683,1274
84683,2997
84683,6502
84683,3000
84683,50
84683,32587
84683,2502
84683,5618
118715,5952
118715,4993
118715,7153
118715,588
118715,70286
118715,1198
118715,4306
118715,356
118715,78499
118715,72998
53097,589
53097,110
53097,260
53097,457
53097,356
53097,364
53097,34
53097,296
53097,32
53097,2716
34734,1721
34734,3147
34734,3081
34734,2571
34734,47
34734,4022
34734,1270
34734,527
34734,3408
34734,2115
128014,6874
128014,223
128014,1
128014,4306
128014,2762
128014,593
128014,3793
128014,1265
128014,2858
128014,6333
22125,5445
22125,858
22125,2959
22125,1923
22125,904
22125,586
22125,161
22125,1213
22125,1101
22125,1097
62579,1
62579,2762
62579,110
62579,356
62579,180
62579,4239
62579,4963
62579,34162
62579,5418
62579,1259
93068,908
93068,1197
93068,296
93068,912
93068,4226
93068,7361
93068,595
93068,1219
93068,480
93068,2858
52004,72011
52004,1265
52004,6711
52004,296
52004,2542
52004,69757
52004,33615
52004,64614
52004,1584
52004,368
27544,45722
27544,8360
27544,63082
27544,73017
27544,76093
27544,79592
27544,51662
27544,54286
27544,34162
27544,49530
119745,356
119745,33794
119745,4226
119745,589
119745,44665
119745,593
119745,32587
119745,55820
119745,51662
119745,53953
49398,6377
49398,2329
49398,4306
49398,60069
49398,7361
49398,48516
49398,48780
49398,593
49398,4995
49398,2324
41879,3578
41879,150
41879,1610
41879,2762
41879,4995
41879,2858
41879,1097
41879,1270
41879,1036
41879,1240
82514,6378
82514,8644
82514,50
82514,44191
82514,919
82514,3256
82514,296
82514,3300
82514,2916
82514,5481
66810,26151
66810,51540
66810,34323
66810,7587
66810,30812
66810,49932
66810,26052
66810,41014
66810,1342
66810,6460
46569,4246
46569,356
46569,597
46569,4306
46569,40819
46569,2858
46569,46578
46569,4973
46569,4963
46569,4014
64327,47
64327,318
64327,7361
64327,33794
64327,4878
64327,2329
64327,260
64327,2858
64327,8874
64327,3033
7077,597
7077,2324
7077,3147
7077,367
7077,527
7077,7153
7077,1961
7077,1201
7077,1573
7077,480
62423,4963
62423,1
62423,2762
62423,1704
62423,58559
62423,2571
62423,500
62423,2858
62423,296
62423,1580
93140,48780
93140,33166
93140,33646
93140,45728
93140,54503
93140,48385
93140,46976
93140,2329
93140,7361
93140,51255
55507,2329
55507,6539
55507,1580
55507,5952
55507,1517
55507,4306
55507,3578
55507,51255
55507,68157
55507,110
53791,7361
53791,48774
53791,44555
53791,70286
53791,80969
53791,36517
53791,48780
53791,64622
53791,59387
53791,1748
105402,1221
105402,1203
105402,2571
105402,541
105402,1127
105402,3363
105402,78469
105402,35836
105402,1608
105402,1208
12047,1265
12047,5377
12047,4226
12047,2396
12047,1246
12047,5791
12047,2291
12047,1635
12047,6942
12047,5878
88463,1198
88463,296
88463,1234
88463,48516
88463,909
88463,8641
88463,1219
88463,1288
88463,1394
88463,954
47922,68157
47922,590
47922,7361
47922,48516
47922,527
47922,68237
47922,56782
47922,3996
47922,27611
47922,1784
125496,527
125496,55765
125496,2959
125496,2329
125496,4995
125496,37741
125496,2571
125496,356
125496,4973
125496,55820
128950,3000
128950,1136
128950,318
128950,7361
128950,50
128950,296
128950,593
128950,750
128950,6350
128950,4878
134696,356
134696,1210
134696,2762
134696,5952
134696,2571
134696,608
134696,541
134696,2028
134696,33794
134696,7438
59631,4886
59631,1
59631,2174
59631,5816
59631,2797
59631,1968
59631,2291
59631,2716
59631,8360
59631,1022
29938,6377
29938,4306
29938,63992
29938,2571
29938,68319
29938,68135
29938,33679
29938,8360
29938,56174
29938,64957
59948,5349
59948,4886
59948,6539
59948,2571
59948,79132
59948,2762
59948,44191
59948,780
59948,3793
59948,1270
105292,1221
105292,4878
105292,296
105292,750
105292,1193
105292,903
105292,318
105292,593
105292,48516
105292,1247
63094,2858
63094,2762
63094,59315
63094,1200
63094,924
63094,593
63094,2194
63094,70286
63094,5903
63094,4963
129906,480
129906,6377
129906,593
129906,5418
129906,539
129906,3753
129906,5349
129906,500
129906,48516
129906,47
27277,2353
27277,454
27277,2763
27277,4963
27277,2803
27277,2944
27277,2916
27277,3682
27277,2268
27277,500
28539,1291
28539,6874
28539,1089
28539,1222
28539,7438
28539,1682
28539,49272
28539,1200
28539,1573
28539,2716
15315,7361
15315,608
15315,2657
15315,778
15315,2762
15315,58559
15315,356
15315,50
15315,1193
15315,2291
88006,4973
88006,318
88006,4226
88006,7361
88006,46578
88006,56367
88006,4993
88006,778
88006,1270
88006,7323
126116,68237
126116,68358
126116,48774
126116,32
126116,5903
126116,5445
126116,51662
126116,74458
126116,110
126116,593
60834,7153
60834,5952
60834,6711
60834,2291
60834,3160
60834,1921
60834,2762
60834,111
60834,6953
60834,32587
99053,2572
99053,6539
99053,5349
99053,7361
99053,1777
99053,7444
99053,45720
99053,2671
99053,2581
99053,2959
107972,2683
107972,1265
107972,367
107972,1580
107972,1097
107972,296
107972,1961
107972,2706
107972,34
107972,150
136326,58559
136326,8798
136326,2959
136326,36529
136326,7445
136326,60072
136326,6059
136326,61248
136326,62374
136326,59315
131017,44191
131017,7361
131017,68157
131017,2571
131017,48780
131017,36529
131017,3949
131017,3578
131017,57669
131017,4995
80659,4886
80659,1259
80659,1210
80659,48385
80659,527
80659,40819
80659,33166
80659,5989
80659,1089
80659,33794
9172,356
9172,47
9172,1221
9172,10
9172,318
9172,5445
9172,2959
9172,4306
9172,1961
9172,377
67255,364
67255,588
67255,1198
67255,6377
67255,1210
67255,5103
67255,1
67255,2005
67255,2011
67255,3147
119457,3793
119457,1
119457,4993
119457,4886
119457,8368
119457,1270
119457,2959
119457,2716
119457,260
119457,1210
11550,589
11550,58559
11550,527
11550,2028
11550,1198
11550,48780
11550,1036
11550,2858
11550,44665
11550,1240
80246,457
80246,480
80246,1097
80246,590
80246,1704
80246,2858
80246,4995
80246,4306
80246,3147
80246,150
115592,33794
115592,480
115592,1198
115592,2571
115592,1240
115592,912
115592,1270
115592,356
115592,49272
115592,8961
87486,7254
87486,30707
87486,36529
87486,27721
87486,1729
87486,27773
87486,44665
87486,6874
87486,4973
87486,45447
106936,500
106936,780
106936,2762
106936,6377
106936,356
106936,3948
106936,1917
106936,5299
106936,5349
106936,2
21956,3949
21956,2858
21956,1206
21956,89118
21956,7361
21956,2997
21956,81591
21956,1193
21956,1172
21956,38159
81582,5952
81582,7153
81582,293
81582,4993
81582,47
81582,2959
81582,2329
81582,7034
81582,50
81582,6874
86983,1210
86983,589
86983,1198
86983,2762
86983,3578
86983,1302
86983,1704
86983,1291
86983,8493
86983,1387
32144,2858
32144,2959
32144,1213
32144,1198
32144,296
32144,6377
32144,293
32144,589
32144,1222
32144,908
51301,588
51301,6377
51301,318
51301,6539
51301,1198
51301,1270
51301,4886
51301,2571
51301,8961
51301,597
123681,4226
123681,1221
123681,4973
123681,1
123681,2762
123681,5291
123681,2028
123681,46578
123681,48516
123681,2997
29890,110
29890,2762
29890,48394
29890,1265
29890,733
29890,4034
29890,1193
29890,3175
29890,1393
29890,4022
61980,50
61980,47
61980,2858
61980,4306
61980,858
61980,318
61980,2997
61980,1527
61980,2762
61980,1270
72296,7939
72296,5147
72296,154
72296,2068
72296,2131
72296,923
72296,4928
72296,4914
72296,903
72296,7068
40283,55820
40283,56367
40283,44195
40283,50
40283,6016
40283,527
40283,39183
40283,1197
40283,2692
40283,4306
18182,318
18182,527
18182,4886
18182,8961
18182,4995
18182,1291
18182,1198
18182,364
18182,1580
18182,480
86358,97304
86358,4226
86358,68954
86358,96079
86358,89745
86358,48516
86358,70286
86358,1089
86358,33794
86358,5952
21496,7153
21496,1265
21496,1247
21496,1196
21496,1288
21496,32
21496,5952
21496,293
21496,2791
21496,2716
15496,50
15496,2762
15496,47
15496,593
15496,1258
15496,4226
15496,1732
15496,7361
15496,5669
15496,2692
113997,48516
113997,1704
113997,4226
113997,99114
113997,2571
113997,2028
113997,79132
113997,5995
113997,260
113997,4306
21480,500
21480,6377
21480,597
21480,356
21480,1073
21480,1968
21480,6936
21480,539
21480,2683
21480,1380
710,70286
710,61240
710,68237
710,68157
710,103688
710,6731
710,52281
710,54881
710,101739
710,968
107685,2762
107685,1265
107685,2959
107685,296
107685,2706
107685,2683
107685,344
107685,1610
107685,1917
107685,588
5768,593
5768,4034
5768,55118
5768,2858
5768,7153
5768,5952
5768,49272
5768,4306
5768,356
5768,2791
19597,2716
19597,7153
19597,110
19597,1265
19597,10
19597,318
19597,1136
19597,2762
19597,733
19597,377
113328,6874
113328,1517
113328,2028
113328,110
113328,5418
113328,4886
113328,5349
113328,32587
113328,7438
113328,500
47589,44191
47589,7254
47589,480
47589,59369
47589,63082
47589,74458
47589,40732
47589,2710
47589,1645
47589,648
50021,1240
50021,1288
50021,32
50021,2550
50021,1278
50021,1617
50021,5980
50021,2987
50021,841
50021,2660
115820,4226
115820,296
115820,1089
115820,1208
115820,778
115820,111
115820,6016
115820,593
115820,2858
115820,7361
48457,356
48457,2959
48457,3949
48457,1682
48457,2329
48457,4993
48457,2571
48457,778
48457,593
48457,1258
51259,31685
51259,40629
51259,56775
51259,45720
51259,7444
51259,54276
51259,4299
51259,50802
51259,31433
51259,44004
76683,6539
76683,3000
76683,31658
76683,7153
76683,5952
76683,6350
76683,37729
76683,7099
76683,6377
76683,1225
118273,2571
118273,47
118273,6874
118273,858
118273,4011
118273,593
118273,6
118273,527
118273,2762
118273,1089
72615,1193
72615,296
72615,48780
72615,1387
72615,1213
72615,51662
72615,4995
72615,2716
72615,6874
72615,1089
58170,3481
58170,50872
58170,4995
58170,8910
58170,44195
58170,2105
58170,1263
58170,1500
58170,2692
58170,64614
52046,4025
52046,1580
52046,60069
52046,356
52046,63082
52046,1073
52046,318
52046,2005
52046,4896
52046,2080
88935,296
88935,231
88935,1370
88935,49272
88935,1
88935,6539
88935,71535
88935,73017
88935,51662
88935,1210
9497,77561
9497,457
9497,59369
9497,316
9497,1196
9497,1097
9497,87306
9497,1917
9497,88125
9497,1527
64351,4306
64351,593
64351,1136
64351,7361
64351,296
64351,56367
64351,1270
64351,4226
64351,318
64351,480
19575,3671
19575,55820
19575,1252
19575,1090
19575,3253
19575,7361
19575,7153
19575,46578
19575,2683
19575,344
24952,54286
24952,1086
24952,555
24952,8798
24952,431
24952,63072
24952,1266
24952,4011
24952,4963
24952,590
110026,6874
110026,4226
110026,1198
110026,1136
110026,593
110026,1222
110026,318
110026,32587
110026,2858
110026,4262
9834,49278
9834,832
9834,34319
9834,8957
9834,1917
9834,2058
9834,45722
9834,8644
9834,34162
9834,39446
120048,50
120048,1240
120048,4022
120048,1653
120048,2716
120048,8360
120048,1584
120048,33493
120048,2355
120048,527
129210,589
129210,260
129210,1196
129210,1374
129210,8633
129210,2916
129210,1396
129210,1240
129210,380
129210,4896
102871,1206
102871,858
102871,778
102871,4973
102871,3949
102871,2997
102871,1213
102871,48516
102871,2571
102871,2329
119744,4995
119744,527
119744,4306
119744,2959
119744,1961
119744,1580
119744,260
119744,590
119744,1097
119744,1
37650,1036
37650,5989
37650,2858
37650,4963
37650,1265
37650,54503
37650,3948
37650,35836
37650,7361
37650,16
22691,1136
22691,593
22691,1089
22691,4878
22691,2959
22691,79132
22691,68157
22691,68237
22691,6016
22691,4011
49734,1270
49734,592
49734,1784
49734,589
49734,2580
49734,3052
49734,4239
49734,4886
49734,3176
49734,337
75479,2959
75479,2918
75479,1
75479,1732
75479,55820
75479,1387
75479,608
75479,1089
75479,44191
75479,2115
109110,6934
109110,8368
109110,4896
109110,72998
109110,60069
109110,6377
109110,4886
109110,8644
109110,5349
109110,58559
39390,48774
39390,2028
39390,3147
39390,1089
39390,57368
39390,53953
39390,110
39390,33794
39390,55908
39390,55247
50040,318
50040,4896
50040,69844
50040,32587
50040,4226
50040,5816
50040,89745
50040,81591
50040,99114
50040,2762
22311,3471
22311,6639
22311,1269
22311,928
22311,5120
22311,1288
22311,926
22311,6787
22311,3507
22311,1203
68033,4993
68033,7153
68033,5952
68033,1097
68033,1073
68033,1704
68033,1265
68033,6539
68033,40815
68033,2028
117168,7153
117168,1097
117168,5952
117168,593
117168,1
117168,1240
117168,260
117168,1610
117168,1270
117168,318
47178,1036
47178,1193
47178,1968
47178,1210
47178,2762
47178,2858
47178,2028
47178,8961
47178,2997
47178,1617
39672,457
39672,593
39672,1
39672,296
39672,110
39672,6377
39672,4995
39672,3147
39672,4886
39672,50
32646,68954
32646,593
32646,79132
32646,89864
32646,1704
32646,80463
32646,69757
32646,2571
32646,69122
32646,527
115795,56367
115795,30707
115795,34542
115795,1263
115795,1961
115795,5902
115795,25
115795,4034
115795,111
115795,46723
137993,1240
137993,26776
137993,6807
137993,3000
137993,2716
137993,58559
137993,741
137993,5500
137993,3868
137993,924
82920,33679
82920,3793
82920,4993
82920,6333
82920,6539
82920,8798
82920,41566
82920,6378
82920,2571
82920,30707
98954,106782
98954,44191
98954,5349
98954,57368
98954,52973
98954,104841
98954,4979
98954,112552
98954,6539
98954,82459
62757,2542
62757,1270
62757,293
62757,2470
62757,1206
62757,541
62757,1676
62757,590
62757,377
62757,1380
29687,7099
29687,44191
29687,58559
29687,46578
29687,8253
29687,45728
29687,59784
29687,3000
29687,31878
29687,60074
136469,296
136469,318
136469,2959
136469,68358
136469,79132
136469,68157
136469,59315
136469,1196
136469,48516
136469,44191
70004,2959
70004,316
70004,3147
70004,208
70004,1291
70004,2115
70004,2174
70004,4370
70004,2987
70004,4963
115396,356
115396,3578
115396,6539
115396,260
115396,1196
115396,1527
115396,4306
115396,2762
115396,1240
115396,33794
28207,44191
28207,367
28207,1089
28207,4226
28207,47
28207,6377
28207,7438
28207,589
28207,48385
28207,3948
87348,4226
87348,4973
87348,56367
87348,48774
87348,1136
87348,53894
87348,6502
87348,39183
87348,44195
87348,56339
109748,1198
109748,1200
109748,1721
109748,1876
109748,1291
109748,329
109748,56174
109748,33493
109748,48774
109748,6365
102570,68157
102570,79132
102570,7361
102570,2571
102570,32587
102570,109374
102570,4226
102570,48394
102570,4878
102570,1136
127138,39292
127138,1231
127138,51471
127138,51080
127138,30812
127138,932
127138,597
127138,64957
127138,3035
127138,8493
80293,6874
80293,1221
80293,7438
80293,4993
80293,356
80293,318
80293,2028
80293,1210
80293,260
80293,1196
109723,2208
109723,5147
109723,1939
109723,7728
109723,2203
109723,6993
109723,3545
109723,904
109723,1230
109723,965
102517,1198
102517,1580
102517,5418
102517,780
102517,318
102517,4995
102517,1136
102517,1196
102517,733
102517,1291
40799,59315
40799,110
40799,54286
40799,296
40799,3578
40799,593
40799,780
40799,5989
40799,344
40799,8665
14883,79132
14883,2571
14883,356
14883,60069
14883,2572
14883,56152
14883,58559
14883,72998
14883,6539
14883,6377
91011,1566
91011,2078
91011,68954
91011,2355
91011,46948
91011,1688
91011,5218
91011,78499
91011,48
91011,45517
69849,2571
69849,2959
69849,593
69849,5989
69849,46578
69849,2762
69849,364
69849,5952
69849,7153
69849,33166
58171,593
58171,2329
58171,1197
58171,89745
58171,1213
58171,48780
58171,1089
58171,78499
58171,60069
58171,2762
39398,1704
39398,4306
39398,2502
39398,5418
39398,1198
39398,2959
39398,8665
39398,780
39398,1580
39398,49272
130063,8961
130063,593
130063,4034
130063,8464
130063,8784
130063,7153
130063,2329
130063,37741
130063,2997
130063,32
104281,2571
104281,4973
104281,527
104281,5952
104281,2394
104281,588
104281,595
104281,7361
104281,356
104281,2324
68447,8874
68447,47
68447,1206
68447,593
68447,1214
68447,924
68447,1748
68447,2329
68447,1270
68447,1258
77574,47
77574,1617
77574,2858
77574,4963
77574,1136
77574,6874
77574,1961
77574,1221
77574,1080
77574,1387
1602,8874
1602,61024
1602,46970
1602,59784
1602,60069
1602,70286
1602,5444
1602,2502
1602,317
1602,6539
110350,4025
110350,724
110350,830
110350,4018
110350,5620
110350,4054
110350,5415
110350,1711
110350,6377
110350,2431
39750,318
39750,608
39750,2858
39750,7361
39750,5971
39750,1196
39750,79132
39750,923
39750,5291
39750,908
95859,1036
95859,2186
95859,599
95859,589
95859,924
95859,6874
95859,1080
95859,32587
95859,1291
95859,1260
110924,7361
110924,4878
110924,1884
110924,1136
110924,2959
110924,3949
110924,44191
110924,1921
110924,2857
110924,4306
27951,1367
27951,1032
27951,344
27951,616
27951,6287
27951,6889
27951,2018
27951,150
27951,2085
27951,4993
103899,4886
103899,480
103899,527
103899,318
103899,6377
103899,1197
103899,356
103899,150
103899,50
103899,593
87746,26662
87746,72998
87746,8961
87746,54286
87746,46976
87746,77561
87746,91529
87746,81847
87746,45722
87746,71535
115465,5952
115465,7022
115465,3527
115465,457
115465,555
115465,7153
115465,3994
115465,8798
115465,592
115465,33794
132147,377
132147,780
132147,260
132147,296
132147,318
132147,832
132147,5418
132147,165
132147,1610
132147,3793
3751,2762
3751,4226
3751,527
3751,68954
3751,7438
3751,356
3751,4973
3751,45722
3751,54001
3751,1214
102665,1036
102665,60069
102665,2716
102665,608
102665,1080
102665,73017
102665,1213
102665,2858
102665,778
102665,1200
40806,4306
40806,3578
40806,110
40806,1704
40806,4995
40806,3147
40806,5445
40806,4034
40806,7438
40806,32
92152,608
92152,47
92152,4226
92152,2858
92152,7361
92152,37741
92152,39183
92152,356
92152,1206
92152,33166
7319,2762
7319,2571
7319,1198
7319,500
7319,377
7319,780
7319,1610
7319,1270
7319,2028
7319,110
93145,541
93145,1036
93145,54286
93145,50
93145,1198
93145,48516
93145,589
93145,2858
93145,1704
93145,1234
84958,48774
84958,94864
84958,93840
84958,68954
84958,31696
84958,88140
84958,83613
84958,77561
84958,106487
84958,60069
47701,72998
47701,48516
47701,50
47701,2858
47701,4878
47701,92259
47701,85414
47701,4011
47701,44555
47701,106920
90669,1265
90669,4995
90669,3578
90669,16
90669,2692
90669,44191
90669,1573
90669,3793
90669,1200
90669,3147
34869,1682
34869,1234
34869,2571
34869,2918
34869,4963
34869,2396
34869,1028
34869,3471
34869,40815
34869,50872
32651,2762
32651,1136
32651,5952
32651,58559
32651,47
32651,4226
32651,593
32651,2706
32651,1270
32651,1198
96008,79132
96008,4262
96008,1291
96008,457
96008,1270
96008,2028
96008,1196
96008,104913
96008,4011
96008,69122
8756,4878
8756,4973
8756,50
8756,4993
8756,1197
8756,1203
8756,608
8756,3949
8756,1214
8756,48516
55704,44555
55704,57669
55704,55820
55704,34437
55704,296
55704,60950
55704,68157
55704,88129
55704,33154
55704,4007
55389,1380
55389,7840
55389,8183
55389,2640
55389,1580
55389,1942
55389,1394
55389,4263
55389,3424
55389,4427
25464,32
25464,1090
25464,288
25464,33794
25464,1968
25464,2700
25464,64839
25464,104
25464,1
25464,333
84434,110
84434,32
84434,6377
84434,377
84434,541
84434,590
84434,3793
84434,1136
84434,2291
84434,1584
103634,1240
103634,590
103634,318
103634,858
103634,356
103634,2028
103634,1527
103634,2959
103634,1221
103634,293
46126,593
46126,48516
46126,50
46126,1270
46126,7153
46126,2959
46126,2571
46126,4226
46126,2762
46126,648
28295,6377
28295,2268
28295,47
28295,150
28295,1258
28295,8961
28295,1517
28295,2194
28295,32
28295,33493
97101,7361
97101,593
97101,296
97101,47
97101,2959
97101,2324
97101,27773
97101,3949
97101,111
97101,6870
104420,4306
104420,68358
104420,3578
104420,356
104420,6377
104420,76251
104420,73017
104420,49272
104420,4963
104420,2028
70310,8014
70310,750
70310,1208
70310,44555
70310,2858
70310,4235
70310,858
70310,3949
70310,3730
70310,3083
103648,296
103648,6377
103648,2858
103648,318
103648,4995
103648,364
103648,6539
103648,2959
103648,589
103648,588
78883,1036
78883,50
78883,3578
78883,4226
78883,527
78883,70286
78883,59315
78883,110
78883,4963
78883,2858
77651,51662
77651,60040
77651,3578
77651,1198
77651,1954
77651,33493
77651,49272
77651,1240
77651,1214
77651,4896
135808,223
135808,4027
135808,1199
135808,1080
135808,2761
135808,1288
135808,3819
135808,1198
135808,2599
135808,1089
95335,7396
95335,31410
95335,3415
95335,8337
95335,30820
95335,8951
95335,34048
95335,3993
95335,34155
95335,6896
24162,2571
24162,5952
24162,4993
24162,7153
24162,4306
24162,8360
24162,6874
24162,4963
24162,6942
24162,54001
58406,1
58406,1196
58406,1584
58406,541
58406,6377
58406,1198
58406,296
58406,5952
58406,1270
58406,593
120148,4226
120148,2959
120148,78499
120148,72998
120148,91529
120148,5952
120148,296
120148,5349
120148,7361
120148,6539
125618,4973
125618,318
125618,7139
125618,63082
125618,356
125618,6639
125618,1172
125618,1203
125618,150
125618,1028
42435,33493
42435,3984
42435,2985
42435,2340
42435,1663
42435,7570
42435,3635
42435,5049
42435,4085
42435,4489
17150,2571
17150,2858
17150,608
17150,48516
17150,50
17150,8665
17150,4034
17150,593
17150,1193
17150,6016
137467,31658
137467,70286
137467,6874
137467,32587
137467,1214
137467,64839
137467,7438
137467,1266
137467,1196
137467,1748
76536,8644
76536,32587
76536,4995
76536,5266
76536,5679
76536,4720
76536,590
76536,8957
76536,49272
76536,55820
100853,10
100853,1676
100853,2985
100853,45499
100853,5418
100853,2916
100853,318
100853,593
100853,1584
100853,33794
54612,94959
54612,4226
54612,106916
54612,33794
54612,2502
54612,2997
54612,68237
54612,57669
54612,79091
54612,1136
69281,71535
69281,32587
69281,110
69281,318
69281,7153
69281,70286
69281,19
69281,1210
69281,1196
69281,260
91734,4262
91734,49272
91734,6502
91734,68237
91734,5995
91734,1127
91734,1291
91734,44195
91734,1270
91734,51662
68794,44555
68794,68237
68794,7361
68794,79132
68794,1276
68794,27773
68794,1213
68794,2571
68794,30749
68794,1221
111878,1704
111878,2028
111878,527
111878,4326
111878,2324
111878,1293
111878,953
111878,904
111878,1198
111878,7361
1662,48394
1662,4995
1662,2959
1662,48780
1662,2762
1662,6539
1662,59315
1662,2502
1662,593
1662,60069
15889,2028
15889,47
15889,2571
15889,165
15889,593
15889,457
15889,3578
15889,4226
15889,380
15889,58559
102189,46578
102189,260
102189,356
102189,44191
102189,8360
102189,500
102189,1097
102189,2762
102189,4306
102189,33166
206,6155
206,4025
206,3793
206,6539
206,5957
206,4054
206,4306
206,5991
206,7293
206,5418
37394,1
37394,1210
37394,1704
37394,4226
37394,4993
37394,296
37394,3996
37394,1200
37394,1259
37394,589
73172,4993
73172,5349
73172,1196
73172,2918
73172,6539
73172,1197
73172,480
73172,1580
73172,56367
73172,58559
88895,1270
88895,356
88895,5952
88895,318
88895,2393
88895,1682
88895,1198
88895,4306
88895,1291
88895,527
31140,79132
31140,2997
31140,296
31140,57669
31140,5971
31140,5902
31140,3949
31140,2329
31140,48774
31140,79702
11348,1193
11348,1343
11348,3386
11348,4223
11348,2716
11348,161
11348,2353
11348,647
11348,7445
11348,1307
22759,5418
22759,47
22759,32587
22759,527
22759,318
22759,1
22759,50
22759,30749
22759,4878
22759,51662
74047,2959
74047,7293
74047,4993
74047,3916
74047,1580
74047,8368
74047,2706
74047,7153
74047,5989
74047,145
44950,912
44950,6786
44950,6791
44950,593
44950,8873
44950,7836
44950,1304
44950,3037
44950,5791
44950,6711
14989,1196
14989,260
14989,6377
14989,8665
14989,4016
14989,1210
14989,91630
14989,595
14989,5444
14989,45517
81794,2997
81794,7361
81794,4641
81794,8949
81794,296
81794,2858
81794,1732
81794,7147
81794,2395
81794,4226
134344,50
134344,27773
134344,3949
134344,47
134344,44191
134344,527
134344,2858
134344,32587
134344,32
134344,2329
39459,7361
39459,2571
39459,318
39459,40629
39459,5992
39459,56757
39459,296
39459,3949
39459,1207
39459,356
131705,6539
131705,593
131705,2571
131705,608
131705,6377
131705,4886
131705,1197
131705,1221
131705,3996
131705,969
78805,527
78805,2329
78805,2571
78805,296
78805,1222
78805,593
78805,858
78805,4226
78805,44195
78805,1213
47736,4011
47736,1222
47736,3552
47736,553
47736,1663
47736,1197
47736,1201
47736,2115
47736,5049
47736,51255
104664,4226
104664,296
104664,318
104664,527
104664,2858
104664,1219
104664,2571
104664,4235
104664,68157
104664,1172
28354,80463
28354,54503
28354,4886
28354,91500
28354,35836
28354,1270
28354,1240
28354,1704
28354,589
28354,5418
24135,8874
24135,4878
24135,8961
24135,8644
24135,1274
24135,7090
24135,551
24135,6874
24135,8368
24135,8665
127513,1387
127513,6874
127513,364
127513,858
127513,32
127513,4886
127513,1221
127513,1968
127513,3421
127513,150
120879,3114
120879,79132
120879,588
120879,8961
120879,1
120879,5816
120879,5952
120879,356
120879,2571
120879,89745
63462,59615
63462,48385
63462,79132
63462,10
63462,73017
63462,61132
63462,35836
63462,50872
63462,34150
63462,51255
10142,3147
10142,7361
10142,47
10142,2329
10142,2502
10142,1961
10142,30707
10142,457
10142,1221
10142,508
68934,39183
68934,1265
68934,39
68934,8949
68934,141
68934,36535
68934,1639
68934,372
68934,2302
68934,2571
59665,47
59665,593
59665,2571
59665,68157
59665,6539
59665,4011
59665,110
59665,48780
59665,1196
59665,3275
92636,33794
92636,69122
92636,49272
92636,60684
92636,2329
92636,778
92636,81229
92636,4963
92636,7438
92636,2278
26784,296
26784,27773
26784,70286
26784,8665
26784,48394
26784,44191
26784,72998
26784,2542
26784,8873
26784,1
87351,1136
87351,296
87351,1682
87351,2959
87351,4027
87351,1732
87351,6711
87351,750
87351,2291
87351,8784
48006,260
48006,1199
48006,1214
48006,913
48006,1260
48006,1212
48006,1284
48006,1217
48006,1240
48006,924
133272,32
133272,47
133272,1089
133272,1136
133272,541
133272,750
133272,1222
133272,5618
133272,2762
133272,110
469,6016
469,30749
469,7323
469,63082
469,31410
469,66371
469,44191
469,44555
469,46578
469,81845
115834,7361
115834,592
115834,4848
115834,6502
115834,47
115834,27904
115834,70
115834,288
115834,4105
115834,2329
59125,6016
59125,6874
59125,110
59125,858
59125,32587
59125,356
59125,2571
59125,3949
59125,1193
59125,3147
31474,3300
31474,44191
31474,110
31474,33166
31474,3578
31474,4874
31474,4370
31474,6947
31474,208
31474,32587
61613,480
61613,3578
61613,4993
61613,4306
61613,296
61613,5349
61613,260
61613,6539
61613,5445
61613,527
22146,260
22146,59315
22146,1270
22146,1210
22146,106002
22146,56174
22146,2012
22146,2011
22146,68358
22146,5445
69753,527
69753,7143
69753,110
69753,5952
69753,33162
69753,4993
69753,49530
69753,4223
69753,318
69753,50068
69299,2858
69299,296
69299,2716
69299,1240
69299,589
69299,1198
69299,1258
69299,2959
69299,608
69299,1
89088,27831
89088,48516
89088,48780
89088,33794
89088,48385
89088,54997
89088,6957
89088,40583
89088,41997
89088,51255
82893,68157
82893,7361
82893,55820
82893,79132
82893,2959
82893,527
82893,3147
82893,44555
82893,6870
82893,2571
6874,1387
6874,2571
6874,58559
6874,54286
6874,33794
6874,1517
6874,3793
6874,5349
6874,5502
6874,1101
10691,55118
10691,48516
10691,64839
10691,3949
10691,293
10691,79132
10691,4262
10691,750
10691,57669
10691,77455
116768,1270
116768,480
116768,2762
116768,110
116768,8949
116768,4963
116768,33493
116768,1580
116768,593
116768,8360
133018,51662
133018,780
133018,2617
133018,3114
133018,68358
133018,78499
133018,1917
133018,50872
133018,73017
133018,68157
44390,47
44390,4226
44390,2762
44390,2571
44390,1210
44390,858
44390,1214
44390,1240
44390,1200
44390,457
130472,2716
130472,356
130472,590
130472,1682
130472,1291
130472,293
130472,4306
130472,2571
130472,110
130472,1704
62233,318
62233,1721
62233,2628
62233,2692
62233,58559
62233,44191
62233,4963
62233,7323
62233,60069
62233,47610
97215,2502
97215,2395
97215,296
97215,46578
97215,51255
97215,318
97215,82459
97215,79132
97215,77455
97215,2716
138397,3827
138397,4643
138397,8640
138397,3745
138397,2393
138397,1356
138397,1590
138397,1374
138397,5463
138397,1372
39579,37729
39579,79091
39579,41566
39579,50872
39579,45722
39579,30822
39579,36401
39579,45517
39579,40819
39579,34150
138301,750
138301,1199
138301,4973
138301,5954
138301,4027
138301,1676
138301,2427
138301,65596
138301,4223
138301,7361
213,97921
213,4306
213,1704
213,6377
213,4896
213,40815
213,8368
213,96821
213,79132
213,2762
1963,1259
1963,920
1963,1288
1963,1945
1963,2997
1963,1234
1963,1304
1963,36
1963,1466
1963,508
66163,1035
66163,260
66163,1136
66163,4361
66163,3996
66163,2067
66163,1240
66163,1210
66163,1196
66163,1193
15498,35836
15498,30707
15498,8961
15498,8636
15498,5502
15498,8783
15498,8874
15498,30793
15498,8464
15498,8798
134547,58559
134547,8961
134547,4973
134547,7254
134547,32587
134547,45517
134547,33794
134547,32
134547,2571
134547,2020
75334,2502
75334,778
75334,7361
75334,4973
75334,6377
75334,1073
75334,750
75334,1639
75334,4027
75334,1732
29985,457
29985,527
29985,590
29985,2194
29985,593
29985,50
29985,2571
29985,3578
29985,48516
29985,1089
120102,6502
120102,8874
120102,2959
120102,1214
120102,71535
120102,44191
120102,5903
120102,589
120102,70286
120102,91529
71887,1704
71887,44191
71887,51662
71887,5418
71887,85414
71887,80463
71887,33794
71887,59315
71887,4975
71887,4963
99009,2115
99009,1307
99009,17
99009,6377
99009,7361
99009,2396
99009,47610
99009,527
99009,165
99009,1641
124324,296
124324,7361
124324,4878
124324,4011
124324,1089
124324,61323
124324,38061
124324,27904
124324,68237
124324,1625
48533,260
48533,296
48533,356
48533,4993
48533,2028
48533,5952
48533,1291
48533,1198
48533,47
48533,2858
60777,4226
60777,1721
60777,3753
60777,44191
60777,4963
60777,480
60777,1196
60777,260
60777,64614
60777,104
29447,1210
29447,2355
29447,1196
29447,1029
29447,588
29447,260
29447,1566
29447,3034
29447,1223
29447,37830
96605,1356
96605,6539
96605,4226
96605,1997
96605,4370
96605,6377
96605,3793
96605,4022
96605,380
96605,2716
1341,58559
1341,6874
1341,79132
1341,2762
1341,1193
1341,8950
1341,6016
1341,1527
1341,1653
1341,8914
138208,59315
138208,81845
138208,46578
138208,63876
138208,58998
138208,52241
138208,54001
138208,72226
138208,79132
138208,67997
104201,5418
104201,2959
104201,48516
104201,2028
104201,1198
104201,54286
104201,1270
104201,110
104201,457
104201,47
78904,1265
78904,589
78904,5952
78904,541
78904,2762
78904,2959
78904,6377
78904,5445
78904,1527
78904,1136
125084,4246
125084,6942
125084,4014
125084,4308
125084,2858
125084,2571
125084,1961
125084,4306
125084,597
125084,49272
97722,1089
97722,296
97722,1258
97722,926
97722,1206
97722,55820
97722,318
97722,1235
97722,3897
97722,306
31115,2959
31115,2329
31115,47
31115,527
31115,2762
31115,2028
31115,2858
31115,1259
31115,1089
31115,1213
78007,1347
78007,1994
78007,1982
78007,1241
78007,1214
78007,3499
78007,2459
78007,1348
78007,1200
78007,1345
16357,68358
16357,58559
16357,6377
16357,588
16357,8961
16357,1197
16357,1
16357,33794
16357,1198
16357,56367
78093,3527
78093,150
78093,1136
78093,6870
78093,1617
78093,4022
78093,2268
78093,231
78093,377
78093,1954
87185,2959
87185,296
87185,6377
87185,4878
87185,2291
87185,7153
87185,4993
87185,1732
87185,1580
87185,1193
25201,99114
25201,5989
25201,44191
25201,50
25201,296
25201,54286
25201,60069
25201,47
25201,48516
25201,2324
45738,858
45738,50
45738,1219
45738,111
45738,3362
45738,1228
45738,904
45738,1361
45738,1276
45738,2329
94430,7361
94430,2959
94430,33794
94430,296
94430,46578
94430,48516
94430,2571
94430,750
94430,48774
94430,1136
125773,40815
125773,5816
125773,364
125773,4306
125773,5378
125773,8665
125773,5445
125773,589
125773,1097
125773,49272
62290,858
62290,356
62290,2858
62290,296
62290,1197
62290,2028
62290,527
62290,1089
62290,1221
62290,1097
37556,296
37556,356
37556,1210
37556,2959
37556,49272
37556,44191
37556,6874
37556,4878
37556,7438
37556,55820
45483,33794
45483,4979
45483,48780
45483,750
45483,32
45483,1356
45483,44195
45483,31878
45483,54995
45483,8636
93592,3996
93592,541
93592,1214
93592,40815
93592,5903
93592,8961
93592,34405
93592,2021
93592,2028
93592,1376
33635,592
33635,1215
33635,260
33635,1198
33635,8636
33635,3752
33635,5952
33635,784
33635,2959
33635,3527
135703,55290
135703,49272
135703,39183
135703,56788
135703,53123
135703,36517
135703,48738
135703,38061
135703,54503
135703,38038
56193,1682
56193,4306
56193,51662
56193,1198
56193,1580
56193,4022
56193,231
56193,2617
56193,367
56193,1676
74340,4306
74340,4973
74340,2762
74340,597
74340,58559
74340,4995
74340,1580
74340,4226
74340,318
74340,2572
116481,6377
116481,63082
116481,4993
116481,68157
116481,1193
116481,318
116481,527
116481,1721
116481,4995
116481,7147
118455,2329
118455,5952
118455,4993
118455,4226
118455,296
118455,4973
118455,1246
118455,4306
118455,3147
118455,593
57991,1210
57991,79132
57991,2571
57991,6539
57991,4973
57991,4886
57991,76093
57991,50872
57991,5418
57991,1291
11664,4226
11664,2716
11664,2858
11664,608
11664,1097
11664,2959
11664,1200
11664,2115
11664,1721
11664,8961
37255,1653
37255,296
37255,4993
37255,4995
37255,7153
37255,2997
37255,5902
37255,8910
37255,32
37255,4034
106423,527
106423,50
106423,4226
106423,356
106423,59315
106423,8961
106423,32
106423,6377
106423,7361
106423,1240
102037,50
102037,608
102037,1270
102037,589
102037,1252
102037,6016
102037,750
102037,1228
102037,2186
102037,1221
113476,2396
113476,539
113476,2321
113476,4993
113476,5299
113476,1961
113476,1784
113476,1682
113476,2115
113476,736
130805,1291
130805,2762
130805,318
130805,1198
130805,1222
130805,1258
130805,480
130805,50
130805,1387
130805,4963
23054,33493
23054,51255
23054,1517
23054,1136
23054,54286
23054,6373
23054,32587
23054,5872
23054,318
23054,6874
72563,4995
72563,64614
72563,1210
72563,3578
72563,318
72563,40815
72563,87232
72563,74458
72563,76251
72563,8368
21627,5445
21627,4720
21627,1584
21627,5502
21627,5349
21627,8783
21627,318
21627,3081
21627,2028
21627,3527
68555,356
68555,4963
68555,6874
68555,2580
68555,4226
68555,2683
68555,1517
68555,2918
68555,145
68555,3948
129528,2762
129528,6874
129528,2858
129528,1089
129528,4226
129528,1258
129528,296
129528,4262
129528,2028
129528,5995
55078,1193
55078,194
55078,4848
55078,7327
55078,778
55078,2360
55078,1220
55078,4881
55078,2313
55078,3328
100263,1617
100263,48780
100263,50
100263,2858
100263,1198
100263,58559
100263,4886
100263,7147
100263,48774
100263,1246
56621,58559
56621,593
56621,49272
56621,296
56621,318
56621,2959
56621,5445
56621,44199
56621,7153
56621,4993
76838,364
76838,89745
76838,88125
76838,6377
76838,1
76838,4306
76838,91500
76838,39
76838,1968
76838,2571
77433,32
77433,4878
77433,3910
77433,357
77433,3160
77433,3897
77433,6377
77433,6874
77433,4881
77433,2571
53898,1198
53898,608
53898,356
53898,4973
53898,1258
53898,1240
53898,4306
53898,3996
53898,778
53898,1193
5284,1265
5284,648
5284,5445
5284,344
5284,1193
5284,1393
5284,4886
5284,2011
5284,1610
5284,1200
131651,6433
131651,8507
131651,26003
131651,7924
131651,968
131651,5056
131651,25764
131651,2288
131651,3736
131651,62511
8410,8665
8410,54997
8410,1090
8410,1580
8410,3916
8410,1265
8410,1270
8410,98961
8410,33493
8410,33660
44453,3578
44453,5349
44453,89745
44453,589
44453,86332
44453,68358
44453,6333
44453,3793
44453,33794
44453,1240
40016,1197
40016,2571
40016,296
40016,593
40016,318
40016,1196
40016,2329
40016,8169
40016,541
40016,58559
46280,5952
46280,47
46280,527
46280,4973
46280,778
46280,1265
46280,1196
46280,1097
46280,7361
46280,1210
23754,4973
23754,2959
23754,7361
23754,1258
23754,30707
23754,6953
23754,1240
23754,593
23754,47
23754,27803
29743,8368
29743,1198
29743,1374
29743,1210
29743,919
29743,1270
29743,1278
29743,500
29743,2571
29743,4014
44781,89745
44781,4995
44781,223
44781,1240
44781,50
44781,296
44781,500
44781,44191
44781,78499
44781,541
49554,64614
49554,68157
49554,52042
49554,48774
49554,79242
49554,88810
49554,58295
49554,79132
49554,51080
49554,61729
62974,318
62974,1580
62974,47
62974,1291
62974,1136
62974,1240
62974,1270
62974,7147
62974,364
62974,4973
69027,923
69027,903
69027,6787
69027,745
69027,1193
69027,1267
69027,1234
69027,950
69027,930
69027,50
17430,318
17430,296
17430,3147
17430,593
17430,590
17430,527
17430,2858
17430,2329
17430,1527
17430,457
41223,2324
41223,2858
41223,4226
41223,7361
41223,5618
41223,2571
41223,5971
41223,32
41223,55442
41223,7090
8762,356
8762,4016
8762,48394
8762,8970
8762,27706
8762,7361
8762,593
8762,5444
8762,2959
8762,4896
41347,49272
41347,318
41347,48774
41347,76251
41347,48516
41347,102445
41347,54286
41347,4011
41347,5445
41347,73017
13150,79132
13150,4306
13150,59315
13150,54001
13150,4896
13150,8368
13150,89745
13150,3916
13150,54286
13150,33794
64972,1258
64972,6502
64972,7361
64972,480
64972,4022
64972,1073
64972,551
64972,2291
64972,1193
64972,2791
128258,71518
128258,69844
128258,59315
128258,64034
128258,96821
128258,64575
128258,54001
128258,81834
128258,56174
128258,91500
30325,2959
30325,4878
30325,4011
30325,318
30325,2571
30325,79132
30325,6333
30325,79702
30325,48780
30325,8961
111162,49272
111162,1036
111162,858
111162,356
111162,5989
111162,2028
111162,8784
111162,2329
111162,32
111162,4306
28223,50
28223,318
28223,4973
28223,1234
28223,593
28223,527
28223,2858
28223,2571
28223,2396
28223,7361
4686,6787
4686,1250
4686,1212
4686,8228
4686,1617
4686,541
4686,1193
4686,1234
4686,1203
4686,1225
30669,527
30669,260
30669,296
30669,593
30669,2858
30669,2959
30669,1196
30669,2918
30669,356
30669,47
73064,2571
73064,474
73064,55118
73064,54286
73064,51662
73064,1968
73064,30812
73064,2692
73064,32
73064,8340
13681,951
13681,904
13681,912
13681,1265
13681,7132
13681,910
13681,909
13681,1283
13681,1
13681,3088
30163,480
30163,5418
30163,54286
30163,3527
30163,2762
30163,59315
30163,2959
30163,2000
30163,356
30163,89745
104670,2959
104670,1291
104670,1097
104670,1270
104670,1073
104670,318
104670,296
104670,780
104670,1527
104670,587
121979,3578
121979,3448
121979,4306
121979,2671
121979,2268
121979,4995
121979,349
121979,1610
121979,2762
121979,364
119851,2959
119851,2571
119851,527
119851,60069
119851,7153
119851,58559
119851,296
119851,1704
119851,2324
119851,1197
5546,1270
5546,69844
5546,356
5546,53125
5546,3081
5546,56757
5546,1032
5546,2012
5546,5378
5546,4878
67017,8533
67017,1088
67017,31685
67017,33166
67017,1380
67017,7624
67017,8958
67017,8984
67017,32298
67017,6942
57147,1610
57147,2918
57147,1302
57147,356
57147,7263
57147,2268
57147,529
57147,260
57147,3361
57147,4623
23849,1136
23849,7361
23849,4993
23849,1089
23849,1208
23849,58559
23849,79132
23849,5952
23849,2324
23849,2329
48857,48516
48857,79132
48857,5952
48857,7153
48857,318
48857,593
48857,2329
48857,778
48857,293
48857,3949
76962,231
76962,356
76962,4306
76962,1923
76962,1
76962,1485
76962,2706
76962,1580
76962,2762
76962,4963
59700,1261
59700,3535
59700,2959
59700,2291
59700,1994
59700,353
59700,3081
59700,296
59700,2329
59700,32587
137698,1291
137698,7153
137698,2959
137698,2716
137698,2329
137698,1240
137698,2502
137698,32587
137698,7438
137698,293
58712,1732
58712,4973
58712,608
58712,46578
58712,4979
58712,2395
58712,2918
58712,8874
58712,1265
58712,32
65157,589
65157,61240
65157,6323
65157,8950
65157,2329
65157,4902
65157,858
65157,1240
65157,27772
65157,6242
127461,33794
127461,2959
127461,260
127461,68358
127461,110
127461,2502
127461,356
127461,1210
127461,54286
127461,1291
56048,2571
56048,858
56048,318
56048,1193
56048,1089
56048,924
56048,30810
56048,56782
56048,1252
56048,1136
66181,1136
66181,4027
66181,750
66181,50872
66181,1247
66181,1265
66181,608
66181,318
66181,919
66181,1
52290,47
52290,2571
52290,2959
52290,296
52290,63082
52290,3578
52290,2762
52290,8957
52290,4262
52290,68157
134136,1036
134136,1
134136,2716
134136,1196
134136,1676
134136,2321
134136,1391
134136,2174
134136,2115
134136,2987
88656,55820
88656,4973
88656,260
88656,49272
88656,1213
88656,7361
88656,750
88656,1198
88656,33794
88656,58559
138054,593
138054,79132
138054,296
138054,2959
138054,858
138054,63082
138054,44555
138054,110
138054,4878
138054,31410
115639,1
115639,296
115639,1278
115639,6377
115639,3671
115639,608
115639,1262
115639,750
115639,1213
115639,1210
107331,5445
107331,50
107331,7143
107331,36529
107331,527
107331,78469
107331,4776
107331,8874
107331,2194
107331,8798
78197,1
78197,8961
78197,4993
78197,1197
78197,7153
78197,1210
78197,913
78197,1234
78197,593
78197,527
44096,32
44096,1222
44096,1198
44096,7153
44096,4226
44096,593
44096,48516
44096,6711
44096,58559
44096,2291
36394,72641
36394,34162
36394,32298
36394,80489
36394,55080
36394,95510
36394,58559
36394,79139
36394,78105
36394,33794
84799,4993
84799,1270
84799,48774
84799,79702
84799,1527
84799,778
84799,3996
84799,6539
84799,71535
84799,5989
107866,2959
107866,3000
107866,923
107866,750
107866,60766
107866,66097
107866,91529
107866,64575
107866,77455
107866,81847
135735,593
135735,4886
135735,6377
135735,318
135735,586
135735,5989
135735,1961
135735,253
135735,587
135735,1380
46013,231
46013,2502
46013,8950
46013,4878
46013,784
46013,5673
46013,2329
46013,318
46013,593
46013,4979
72543,60069
72543,110
72543,8961
72543,1
72543,296
72543,47
72543,6377
72543,32
72543,780
72543,49272
35968,60069
35968,60684
35968,59315
35968,2959
35968,44191
35968,48394
35968,46723
35968,4973
35968,49530
35968,72998
81228,8622
81228,46578
81228,2706
81228,593
81228,2858
81228,1704
81228,3948
81228,52973
81228,40819
81228,5989
13155,1258
13155,8665
13155,6016
13155,1196
13155,32
13155,27831
13155,165
13155,527
13155,1673
13155,1
71093,1635
71093,1270
71093,2918
71093,3152
71093,37741
71093,3421
71093,3424
71093,6666
71093,1947
71093,356
29558,527
29558,44191
29558,4973
29558,4995
29558,7153
29558,5952
29558,3578
29558,68237
29558,68358
29558,7361
133166,318
133166,7153
133166,79132
133166,4993
133166,1208
133166,4027
133166,4878
133166,2502
133166,1193
133166,70286
134156,2268
134156,53972
134156,1374
134156,4545
134156,2353
134156,1356
134156,4344
134156,2012
134156,1198
134156,541
66293,3052
66293,318
66293,356
66293,1527
66293,1270
66293,33794
66293,1517
66293,588
66293,733
66293,6874
45958,1
45958,150
45958,4963
45958,5299
45958,2324
45958,4246
45958,6711
45958,4886
45958,2396
45958,1265
98089,1210
98089,3578
98089,110
98089,3753
98089,5064
98089,6565
98089,3147
98089,480
98089,2571
98089,1197
56449,480
56449,5445
56449,50
56449,733
56449,4963
56449,2329
56449,2762
56449,4226
56449,150
56449,1240
53140,6662
53140,1197
53140,745
53140,1148
53140,1079
53140,904
53140,8596
53140,8961
53140,1225
53140,1198
49138,54286
49138,53322
49138,648
49138,76093
49138,49530
49138,62999
49138,7438
49138,54001
49138,253
49138,593
123773,2959
123773,7361
123773,50
123773,2248
123773,1285
123773,3897
123773,2502
123773,4641
123773,527
123773,1197
25382,318
25382,4973
25382,5995
25382,5989
25382,47
25382,6711
25382,4226
25382,30707
25382,1258
25382,593
30345,1200
30345,1240
30345,589
30345,2858
30345,597
30345,4963
30345,2000
30345,8961
30345,1
30345,480
122187,2028
122187,7458
122187,7502
122187,33493
122187,33794
122187,356
122187,5989
122187,8665
122187,34319
122187,318
133554,4848
133554,1884
133554,5952
133554,1673
133554,5445
133554,3052
133554,541
133554,1704
133554,1214
133554,1265
121868,1704
121868,2858
121868,1961
121868,527
121868,590
121868,593
121868,4993
121868,2571
121868,3578
121868,1270
14107,32587
14107,2571
14107,2028
14107,1222
14107,47
14107,593
14107,1089
14107,4878
14107,356
14107,1200
34387,1
34387,8636
34387,318
34387,4995
34387,3578
34387,1198
34387,7361
34387,45722
34387,8360
34387,1721
89239,527
89239,1287
89239,1299
89239,924
89239,1962
89239,858
89239,3471
89239,5060
89239,914
89239,2728
20745,2959
20745,296
20745,35836
20745,34162
20745,5103
20745,2571
20745,2028
20745,736
20745,2694
20745,1485
25010,5299
25010,7451
25010,2502
25010,2918
25010,8376
25010,5377
25010,8949
25010,6218
25010,1704
25010,8366
75739,1089
75739,32587
75739,1732
75739,1884
75739,58559
75739,30810
75739,8665
75739,79132
75739,2542
75739,2329
128507,318
128507,4963
128507,48516
128507,780
128507,2959
128507,54503
128507,2706
128507,648
128507,1721
128507,6188
119442,50
119442,2858
119442,6016
119442,48516
119442,1213
119442,4973
119442,54503
119442,1198
119442,7022
119442,32
127620,150
127620,380
127620,47
127620,1393
127620,1193
127620,589
127620,32
127620,48516
127620,1136
127620,1961
28906,44191
28906,36529
28906,778
28906,59369
28906,3535
28906,80219
28906,71156
28906,3949
28906,6377
28906,1
102255,1252
102255,1222
102255,1219
102255,6286
102255,1136
102255,1263
102255,4848
102255,8949
102255,2019
102255,541
17467,54286
17467,1196
17467,1198
17467,50
17467,5952
17467,33794
17467,110
17467,912
17467,88125
17467,8961
137977,3972
137977,2167
137977,1215
137977,6807
137977,1261
137977,5679
137977,2301
137977,1136
137977,2571
137977,6156
101191,58559
101191,4306
101191,70286
101191,4226
101191,318
101191,1278
101191,4027
101191,3671
101191,1199
101191,2918
111738,4306
111738,2959
111738,5952
111738,7153
111738,4993
111738,4878
111738,7147
111738,595
111738,70286
111738,46578
48402,296
48402,48516
48402,2571
48402,318
48402,69122
48402,8641
48402,2502
48402,55765
48402,231
48402,333
78332,1196
78332,4226
78332,110
78332,1210
78332,6874
78332,165
78332,457
78332,1573
78332,6539
78332,7153
76060,4306
76060,480
76060,356
76060,48780
76060,1704
76060,913
76060,54286
76060,4995
76060,1221
76060,63082
102765,6377
102765,527
102765,1291
102765,1265
102765,1270
102765,457
102765,150
102765,1704
102765,50
102765,2797
114025,68954
114025,6539
114025,2396
114025,1
114025,60069
114025,2918
114025,1307
114025,1198
114025,1269
114025,955
107768,608
107768,4014
107768,6791
107768,1271
107768,1641
107768,3089
107768,81845
107768,1238
107768,4529
107768,908
25315,2683
25315,4886
25315,1196
25315,260
25315,5952
25315,6377
25315,8961
25315,38038
25315,1580
25315,2700
11374,1200
11374,1032
11374,27660
11374,1208
11374,1320
11374,588
11374,2329
11374,1377
11374,1784
11374,2505
67532,7361
67532,48385
67532,4235
67532,30820
67532,8011
67532,33880
67532,33794
67532,39183
67532,8873
67532,8645
137360,47
137360,457
137360,1219
137360,1080
137360,6731
137360,1527
137360,6659
137360,1321
137360,4533
137360,6303
65511,4306
65511,5952
65511,595
65511,2081
65511,4896
65511,4700
65511,40815
65511,1196
65511,4886
65511,6377
75658,356
75658,318
75658,1089
75658,2858
75658,4878
75658,223
75658,50
75658,1193
75658,293
75658,1080
40783,1219
40783,7587
40783,3462
40783,7116
40783,3468
40783,2936
40783,3736
40783,26131
40783,5008
40783,26587
83866,5952
83866,4993
83866,49272
83866,1610
83866,40629
83866,161
83866,40815
83866,74510
83866,3578
83866,1183
18803,50
18803,1240
18803,296
18803,44191
18803,318
18803,47
18803,48774
18803,2118
18803,1208
18803,2916
113350,593
113350,2329
113350,7361
113350,3578
113350,60069
113350,7147
113350,1193
113350,4878
113350,3949
113350,50
81477,63082
81477,56367
81477,64957
81477,46976
81477,72226
81477,33166
81477,58559
81477,53123
81477,56333
81477,52579
126621,72998
126621,89745
126621,8961
126621,3793
126621,6539
126621,356
126621,3114
126621,2096
126621,50872
126621,87232
76063,541
76063,2762
76063,296
76063,3996
76063,3355
76063,2712
76063,32
76063,1240
76063,40815
76063,6365
61525,2948
61525,1997
61525,3984
61525,1333
61525,6807
61525,2160
61525,40815
61525,8360
61525,4306
61525,6874
25591,68237
25591,318
25591,1089
25591,8874
25591,293
25591,2600
25591,1080
25591,56174
25591,1320
25591,1136
80242,1028
80242,60069
80242,4992
80242,50872
80242,1580
80242,41566
80242,56775
80242,4896
80242,5816
80242,4299
33319,1212
33319,34542
33319,922
33319,750
33319,8125
33319,608
33319,1
33319,858
33319,3435
33319,2427
37890,52
37890,47
37890,2739
37890,1173
37890,1279
37890,2336
37890,5791
37890,8970
37890,971
37890,923
37604,6874
37604,2959
37604,5952
37604,7153
37604,5349
37604,4878
37604,7438
37604,48394
37604,50872
37604,68358
12887,733
12887,4270
12887,1527
12887,3107
12887,8360
12887,2959
12887,3300
12887,50
12887,5445
12887,3052
13690,6538
13690,4848
13690,2020
13690,1834
13690,306
13690,1617
13690,4226
13690,2599
13690,2997
13690,2076
86852,1580
86852,1073
86852,6874
86852,2174
86852,4963
86852,60069
86852,3897
86852,54272
86852,7438
86852,344
37736,2571
37736,59315
37736,69526
37736,1688
37736,8961
37736,181
37736,1198
37736,5459
37736,1196
37736,1566
87986,1036
87986,4226
87986,4011
87986,4553
87986,58559
87986,55820
87986,1527
87986,1
87986,1198
87986,1261
32705,593
32705,318
32705,50
32705,2959
32705,296
32705,6711
32705,1244
32705,527
32705,6016
32705,3083
134133,32
134133,5418
134133,1196
134133,260
134133,1210
134133,296
134133,6539
134133,1198
134133,3996
134133,1917
12195,48516
12195,47
12195,47999
12195,5673
12195,2700
12195,27904
12195,3174
12195,3535
12195,16
12195,1230
56433,2571
56433,858
56433,4973
56433,318
56433,4878
56433,50
56433,293
56433,55820
56433,778
56433,1193
99493,260
99493,50
99493,858
99493,1198
99493,68157
99493,3639
99493,527
99493,3984
99493,1193
99493,6016
60031,2167
60031,2867
60031,33834
60031,1240
60031,799
60031,2571
60031,8225
60031,2762
60031,296
60031,4744
129630,4262
129630,1193
129630,1228
129630,231
129630,34162
129630,3114
129630,1682
129630,588
129630,51540
129630,48385
119102,44191
119102,593
119102,356
119102,2716
119102,2997
119102,58559
119102,1639
119102,1
119102,6377
119102,4973
25721,7153
25721,2692
25721,7361
25721,2959
25721,2858
25721,47
25721,4995
25721,2028
25721,30749
25721,3996
10824,589
10824,608
10824,2918
10824,1288
10824,1258
10824,4002
10824,968
10824,1089
10824,4027
10824,593
21409,356
21409,4973
21409,2858
21409,1732
21409,1247
21409,357
21409,1193
21409,1251
21409,1080
21409,1089
29481,7153
29481,4993
29481,7293
29481,76093
29481,5952
29481,4700
29481,8970
29481,6373
29481,4014
29481,1022
64530,2571
64530,30749
64530,1193
64530,4995
64530,1704
64530,1246
64530,2858
64530,3105
64530,4022
64530,5669
26873,2959
26873,4995
26873,1136
26873,4306
26873,6377
26873,1193
26873,1265
26873,79132
26873,4993
26873,1198
12052,58559
12052,2858
12052,2571
12052,47
12052,111
12052,2762
12052,2329
12052,32
12052,7361
12052,1704
115424,70286
115424,64839
115424,8961
115424,38061
115424,48774
115424,55820
115424,68237
115424,46578
115424,31658
115424,68157
83691,2918
83691,3793
83691,527
83691,6377
83691,1265
83691,592
83691,1580
83691,1097
83691,2959
83691,1682
11796,904
11796,1247
11796,924
11796,908
11796,1212
11796,2731
11796,111
11796,858
11796,912
11796,4914
42820,4226
42820,7361
42820,296
42820,356
42820,1206
42820,4995
42820,541
42820,110
42820,2324
42820,924
84474,6863
84474,7153
84474,3911
84474,8636
84474,8464
84474,296
84474,1517
84474,5349
84474,3039
84474,2716
13060,1527
13060,7361
13060,60069
13060,2232
13060,1653
13060,750
13060,4878
13060,1682
13060,33004
13060,26662
44491,356
44491,1197
44491,4246
44491,7361
44491,39
44491,920
44491,919
44491,2396
44491,597
44491,4308
130769,4226
130769,7147
130769,527
130769,2918
130769,318
130769,46578
130769,1257
130769,1291
130769,260
130769,110
126807,480
126807,7153
126807,5952
126807,1198
126807,2762
126807,318
126807,527
126807,858
126807,780
126807,2028
32742,858
32742,356
32742,593
32742,50
32742,6711
32742,260
32742,6016
32742,1198
32742,47
32742,6377
5403,919
5403,2716
5403,1250
5403,1201
5403,541
5403,1219
5403,1721
5403,1272
5403,2858
5403,3897
95823,58559
95823,8961
95823,54286
95823,60069
95823,50872
95823,38038
95823,44191
95823,8665
95823,68954
95823,6947
124861,480
124861,2115
124861,1527
124861,3527
124861,3671
124861,349
124861,3702
124861,3703
124861,223
124861,440
92321,1288
92321,68954
92321,5690
92321,65261
92321,3429
92321,1265
92321,6711
92321,4973
92321,2502
92321,6618
70417,858
70417,296
70417,2502
70417,6016
70417,49530
70417,46578
70417,55820
70417,59315
70417,68157
70417,30749
118742,2959
118742,1704
118742,590
118742,527
118742,1271
118742,1097
118742,1270
118742,500
118742,587
118742,597
48518,1198
48518,1291
48518,89745
48518,81834
48518,1682
48518,2012
48518,2628
48518,51255
48518,5989
48518,3578
45468,2804
45468,1
45468,4027
45468,5218
45468,8376
45468,2502
45468,4571
45468,2683
45468,1394
45468,2291
37266,6377
37266,1206
37266,356
37266,32587
37266,364
37266,4306
37266,1270
37266,588
37266,1136
37266,593
103381,60069
103381,5952
103381,4993
103381,68954
103381,5816
103381,79132
103381,6377
103381,4886
103381,71535
103381,112852
128638,6016
128638,58559
128638,79132
128638,318
128638,1209
128638,1214
128638,72998
128638,541
128638,48516
128638,54997
89195,3535
89195,2288
89195,1884
89195,1220
89195,589
89195,1278
89195,110
89195,3253
89195,1274
89195,48774
106989,50872
106989,7254
106989,2953
106989,64969
106989,1580
106989,3147
106989,46972
106989,97913
106989,1270
106989,81591
55113,318
55113,3578
55113,6539
55113,6377
55113,4306
55113,1240
55113,344
55113,1073
55113,4022
55113,364
22205,91529
22205,64839
22205,30707
22205,33166
22205,80463
22205,70286
22205,40819
22205,81845
22205,36529
22205,48774
107857,2762
107857,2329
107857,3578
107857,318
107857,1527
107857,6016
107857,32
107857,48780
107857,5888
107857,55820
79352,260
79352,1201
79352,50
79352,457
79352,913
79352,1262
79352,923
79352,5952
79352,7153
79352,1196
86226,58559
86226,2571
86226,2918
86226,2959
86226,8665
86226,1276
86226,3421
86226,4226
86226,33794
86226,1198
84803,1240
84803,260
84803,1196
84803,3147
84803,3578
84803,296
84803,4995
84803,527
84803,5952
84803,4993
6252,5445
6252,318
6252,733
6252,7153
6252,36529
6252,1617
6252,5418
6252,6874
6252,1198
6252,150
132188,44191
132188,47
132188,5418
132188,480
132188,53972
132188,296
132188,2571
132188,34319
132188,457
132188,7254
104596,1240
104596,32
104596,7361
104596,41997
104596,2890
104596,1259
104596,4306
104596,1291
104596,357
104596,1307
83822,1213
83822,4027
83822,32
83822,4034
83822,5989
83822,1
83822,25
83822,1333
83822,1704
83822,1246
25246,4993
25246,318
25246,2959
25246,2571
25246,592
25246,1136
25246,4226
25246,7153
25246,1214
25246,1
127288,1290
127288,2858
127288,2599
127288,916
127288,838
127288,2997
127288,1639
127288,5902
127288,30810
127288,1641
110345,33794
110345,79132
110345,778
110345,58559
110345,2028
110345,99114
110345,1222
110345,64614
110345,1090
110345,2858
100894,48394
100894,3949
100894,2571
100894,4235
100894,6870
100894,33166
100894,48780
100894,55765
100894,32
100894,49272
10752,356
10752,1033
10752,2762
10752,2571
10752,2291
10752,500
10752,3275
10752,661
10752,520
10752,8961
110862,1291
110862,7153
110862,1270
110862,1198
110862,318
110862,296
110862,1240
110862,4306
110862,1
110862,480
387,1193
387,1258
387,2
387,47
387,3752
387,288
387,8874
387,1339
387,7361
387,3489
83561,1333
83561,296
83561,7361
83561,2959
83561,4226
83561,1193
83561,318
83561,7387
83561,1252
83561,750
69483,589
69483,4995
69483,49272
69483,6874
69483,5445
69483,2762
69483,5989
69483,750
69483,6365
69483,5010
35417,750
35417,50
35417,4993
35417,1193
35417,5952
35417,260
35417,2858
35417,912
35417,923
35417,2905
113760,2144
113760,4878
113760,2572
113760,1032
113760,2145
113760,6502
113760,441
113760,2959
113760,3535
113760,661
72589,48780
72589,4306
72589,73017
72589,68954
72589,60069
72589,68358
72589,1704
72589,3275
72589,1036
72589,81834
23314,1101
23314,2115
23314,1270
23314,2000
23314,4085
23314,1580
23314,1210
23314,1097
23314,597
23314,1917
82486,296
82486,49272
82486,2329
82486,58998
82486,49530
82486,32587
82486,60069
82486,4226
82486,8917
82486,61132
101710,1580
101710,8368
101710,4886
101710,69844
101710,54001
101710,58559
101710,45722
101710,2990
101710,480
101710,3793
81137,5952
81137,1
81137,1136
81137,1197
81137,588
81137,2959
81137,2762
81137,4306
81137,7153
81137,480
138156,1
138156,296
138156,60069
138156,1210
138156,2918
138156,44191
138156,51255
138156,8874
138156,110
138156,3578
105734,1089
105734,7361
105734,296
105734,1748
105734,608
105734,1136
105734,2858
105734,293
105734,2329
105734,29
84950,2762
84950,68954
84950,50872
84950,1097
84950,318
84950,4226
84950,3481
84950,903
84950,2997
84950,2324
96754,923
96754,8228
96754,1230
96754,1284
96754,3334
96754,7215
96754,7121
96754,922
96754,1247
96754,2300
104686,7361
104686,68358
104686,78499
104686,48516
104686,91529
104686,76093
104686,99114
104686,1197
104686,81845
104686,48394
44092,4226
44092,48394
44092,1210
44092,1206
44092,50
44092,47
44092,33794
44092,2858
44092,2329
44092,44195
46344,589
46344,1210
46344,750
46344,1136
46344,318
46344,6377
46344,541
46344,1291
46344,1193
46344,6874
101680,33794
101680,4306
101680,457
101680,593
101680,2762
101680,595
101680,592
101680,8368
101680,8360
101680,2804
41726,2959
41726,1198
41726,48394
41726,98809
41726,5690
41726,318
41726,1270
41726,68358
41726,7438
41726,87232
11605,1230
11605,6669
11605,923
11605,1228
11605,912
11605,8154
11605,306
11605,4928
11605,307
11605,750
1968,102125
1968,98809
1968,5618
1968,8961
1968,95167
1968,6350
1968,68358
1968,70286
1968,95510
1968,49272
58944,7438
58944,4995
58944,6539
58944,318
58944,8360
58944,33493
58944,32587
58944,7143
58944,293
58944,527
59506,55820
59506,5952
59506,2028
59506,1213
59506,60069
59506,541
59506,2762
59506,48780
59506,4011
59506,3949
53426,2011
53426,4886
53426,8636
53426,3527
53426,527
53426,1923
53426,3996
53426,3897
53426,4034
53426,1777
520,2028
520,31685
520,2042
520,62081
520,45726
520,736
520,56174
520,44199
520,356
520,7445
120868,5971
120868,2858
120868,1197
120868,318
120868,296
120868,4878
120868,1198
120868,2329
120868,1210
120868,46578
9528,457
9528,2268
9528,1270
9528,2918
9528,1198
9528,2571
9528,1196
9528,1242
9528,5989
9528,1240
108958,2716
108958,356
108958,589
108958,1
108958,4306
108958,1136
108958,6539
108958,3052
108958,1210
108958,1196
16999,1213
16999,50
16999,4226
16999,55820
16999,1221
16999,2858
16999,1104
16999,46578
16999,6016
16999,2959
46302,110
46302,3578
46302,356
46302,2858
46302,50
46302,5445
46302,2959
46302,3793
46302,589
46302,7361
61755,68358
61755,79132
61755,60069
61755,76093
61755,3578
61755,88744
61755,318
61755,2959
61755,1198
61755,54286
56269,608
56269,4022
56269,1265
56269,4995
56269,54286
56269,4963
56269,4878
56269,8665
56269,1721
56269,4973
118268,318
118268,2918
118268,1196
118268,33493
118268,50
118268,1291
118268,3552
118268,5952
118268,3421
118268,7153
67913,1
67913,2502
67913,2011
67913,296
67913,8622
67913,3253
67913,6874
67913,7361
67913,7438
67913,1265
65712,2571
65712,99114
65712,1213
65712,296
65712,3949
65712,2762
65712,1221
65712,81845
65712,92259
65712,30707
137567,50
137567,1036
137567,4226
137567,1527
137567,780
137567,6539
137567,44191
137567,1732
137567,223
137567,2502
113396,6539
113396,26614
113396,5952
113396,59369
113396,7143
113396,1198
113396,260
113396,589
113396,1196
113396,5816
25798,527
25798,4993
25798,32
25798,58559
25798,2959
25798,2278
25798,7153
25798,1198
25798,1210
25798,48516
72321,2858
72321,33794
72321,2959
72321,6537
72321,1090
72321,2949
72321,592
72321,912
72321,6333
72321,110
10056,2762
10056,3578
10056,8961
10056,47
10056,33794
10056,2028
10056,58559
10056,110
10056,527
10056,32587
80939,5418
80939,72998
80939,33794
80939,3578
80939,5952
80939,2959
80939,3793
80939,260
80939,59369
80939,68319
13113,47
13113,541
13113,2571
13113,1270
13113,4878
13113,1200
13113,1214
13113,5952
13113,5445
13113,68358
43415,913
43415,951
43415,2206
43415,2208
43415,930
43415,1086
43415,1265
43415,1270
43415,1079
43415,457
92759,50
92759,2028
92759,4973
92759,527
92759,4886
92759,6377
92759,589
92759,593
92759,2858
92759,296
101342,47
101342,4973
101342,356
101342,2571
101342,318
101342,2858
101342,858
101342,1221
101342,110
101342,6377
87551,1198
87551,4973
87551,3578
87551,2762
87551,4963
87551,6942
87551,3147
87551,81847
87551,81834
87551,2396
67334,593
67334,608
67334,912
67334,1219
67334,923
67334,1136
67334,1252
67334,541
67334,1196
67334,1213
25260,1258
25260,1136
25260,1527
25260,2329
25260,1080
25260,1200
25260,1214
25260,2700
25260,1682
25260,1201
132316,7361
132316,593
132316,79132
132316,1210
132316,2571
132316,4973
132316,1197
132316,5618
132316,110
132316,32
35142,5618
35142,31658
35142,53125
35142,260
35142,1196
35142,41566
35142,1210
35142,588
35142,45517
35142,8970
42598,6377
42598,904
42598,356
42598,1089
42598,2542
42598,608
42598,4878
42598,4963
42598,4027
42598,58998
14430,733
14430,2762
14430,2232
14430,2402
14430,2002
14430,4848
14430,4022
14430,32
14430,51662
14430,782
89003,68157
89003,64614
89003,608
89003,1266
89003,54997
89003,1732
89003,7502
89003,1213
89003,4995
89003,58559
111358,858
111358,2329
111358,4226
111358,2762
111358,356
111358,68157
111358,79132
111358,1193
111358,4306
111358,608
124984,541
124984,2959
124984,32
124984,48394
124984,2571
124984,4878
124984,4993
124984,2692
124984,29
124984,1196
106757,527
106757,4993
106757,1
106757,58559
106757,50872
106757,4995
106757,3114
106757,88810
106757,81847
106757,76093
73371,68358
73371,98809
73371,6539
73371,2571
73371,6377
73371,3578
73371,73017
73371,110102
73371,88140
73371,4886
72207,48394
72207,68358
72207,48516
72207,68157
72207,68237
72207,858
72207,7361
72207,6016
72207,1210
72207,541
72598,4995
72598,4963
72598,1246
72598,2353
72598,5445
72598,1682
72598,6377
72598,356
72598,2671
72598,1625
29478,1270
29478,1198
29478,2300
29478,1961
29478,1213
29478,1304
29478,1220
29478,904
29478,3196
29478,1
129251,2329
129251,593
129251,4993
129251,318
129251,50
129251,1732
129251,8874
129251,1358
129251,260
129251,8376
41923,58559
41923,2329
41923,4973
41923,3753
41923,3949
41923,7438
41923,36529
41923,1625
41923,1653
41923,59315
37837,778
37837,47
37837,1214
37837,260
37837,33794
37837,1196
37837,1210
37837,6016
37837,1230
37837,8622
138137,55820
138137,48385
138137,5989
138137,1682
138137,8807
138137,8376
138137,44191
138137,2571
138137,3253
138137,3897
7284,4226
7284,48516
7284,1089
7284,293
7284,2959
7284,7438
7284,1213
7284,2028
7284,1527
7284,10
12781,2115
12781,47
12781,8368
12781,1136
12781,1270
12781,2028
12781,356
12781,51662
12781,1961
12781,45722
28886,318
28886,58559
28886,296
28886,924
28886,2997
28886,81591
28886,4878
28886,1193
28886,1206
28886,858
106095,5349
106095,78499
106095,5957
106095,68954
106095,69406
106095,4700
106095,58559
106095,3977
106095,79132
106095,2571
78917,3671
78917,1278
78917,1080
78917,551
78917,1333
78917,899
78917,2300
78917,52435
78917,3114
78917,1214
125566,1198
125566,1089
125566,2959
125566,2571
125566,7438
125566,52281
125566,47
125566,593
125566,1580
125566,1377
38957,2571
38957,58559
38957,1682
38957,52973
38957,8360
38957,31685
38957,39
38957,2918
38957,54286
38957,902
50207,2542
50207,296
50207,2329
50207,8807
50207,778
50207,3052
50207,48385
50207,70
50207,2683
50207,6281
99981,110
99981,5952
99981,2329
99981,58559
99981,3578
99981,2762
99981,111759
99981,858
99981,116797
99981,112552
48509,1580
48509,4306
48509,1136
48509,4226
48509,50
48509,1036
48509,1265
48509,527
48509,2858
48509,457
30207,8961
30207,1207
30207,60069
30207,64575
30207,904
30207,923
30207,953
30207,1203
30207,69757
30207,1035
77915,1307
77915,356
77915,318
77915,1097
77915,597
77915,2858
77915,3408
77915,4896
77915,1270
77915,457
28653,2858
28653,593
28653,2571
28653,858
28653,4226
28653,2959
28653,2973
28653,348
28653,1198
28653,1270
101519,6377
101519,4973
101519,44555
101519,2324
101519,356
101519,27815
101519,527
101519,4886
101519,4993
101519,5952
137931,60069
137931,1198
137931,1073
137931,4306
137931,68358
137931,68954
137931,44191
137931,7147
137931,1682
137931,69951
89301,2571
89301,2858
89301,589
89301,6711
89301,5445
89301,8636
89301,7438
89301,3793
89301,2959
89301,4878
127283,68157
127283,2918
127283,2959
127283,63082
127283,2502
127283,7361
127283,593
127283,1136
127283,69122
127283,1247
52400,6377
52400,58559
52400,1
52400,296
52400,356
52400,2918
52400,2959
52400,4973
52400,44191
52400,595
48891,6539
48891,76093
48891,588
48891,4886
48891,1197
48891,6350
48891,4993
48891,356
48891,1196
48891,81847
98553,91529
98553,593
98553,70286
98553,296
98553,318
98553,48774
98553,6016
98553,48394
98553,2329
98553,44555
379,1210
379,1208
379,3471
379,296
379,1653
379,589
379,3421
379,3703
379,6979
379,1127
4220,1923
4220,377
4220,1097
4220,2918
4220,2716
4220,1240
4220,292
4220,2115
4220,318
4220,2706
11109,4306
11109,318
11109,4886
11109,2571
11109,6377
11109,5377
11109,527
11109,1682
11109,50
11109,4993
106078,44665
106078,48516
106078,49272
106078,49530
106078,593
106078,858
106078,356
106078,7153
106078,6539
106078,110
29237,46578
29237,6377
29237,3114
29237,588
29237,6539
29237,364
29237,17
29237,1265
29237,2918
29237,4993
76323,2424
76323,38798
76323,31433
76323,364
76323,8808
76323,50802
76323,539
76323,58559
76323,84374
76323,54286
107276,49272
107276,69122
107276,356
107276,68157
107276,33794
107276,1198
107276,1210
107276,4993
107276,1196
107276,6874
117212,50
117212,4973
117212,318
117212,2858
117212,296
117212,2918
117212,1296
117212,1193
117212,593
117212,1230
43522,6539
43522,76093
43522,4963
43522,48394
43522,5445
43522,3578
43522,4306
43522,71535
43522,5349
43522,76251
129134,5291
129134,2019
129134,6985
129134,26131
129134,913
129134,922
129134,5177
129134,1193
129134,1221
129134,7056
3576,31878
3576,72226
3576,68358
3576,26776
3576,45517
3576,55820
3576,59315
3576,30810
3576,51255
3576,48780
131104,356
131104,2716
131104,223
131104,551
131104,2291
131104,2918
131104,1527
131104,318
131104,593
131104,1089
22164,296
22164,3793
22164,8368
22164,1073
22164,1246
22164,260
22164,318
22164,3000
22164,4973
22164,95510
13030,3147
13030,1246
13030,3408
13030,318
13030,4022
13030,4306
13030,110
13030,508
13030,3578
13030,457
11191,480
11191,1291
11191,6539
11191,4963
11191,1198
11191,1722
11191,3984
11191,780
11191,5872
11191,2991
101329,3147
101329,31685
101329,1302
101329,3916
101329,3753
101329,7143
101329,919
101329,8665
101329,317
101329,2268
131528,1265
131528,33794
131528,593
131528,5445
131528,32
131528,1682
131528,2706
131528,32587
131528,778
131528,380
60821,79132
60821,296
60821,74458
60821,527
60821,89492
60821,68157
60821,2571
60821,4226
60821,3948
60821,64614
108114,318
108114,32587
108114,1208
108114,4878
108114,1073
108114,344
108114,1278
108114,4816
108114,4011
108114,4963
121874,2959
121874,48516
121874,858
121874,593
121874,527
121874,1221
121874,2028
121874,47
121874,4995
121874,110
14103,6539
14103,4886
14103,6378
14103,76251
14103,81229
14103,69122
14103,4963
14103,106489
14103,98809
14103,3793
99386,8865
99386,1527
99386,7757
99386,8371
99386,2194
99386,4128
99386,5378
99386,33493
99386,7454
99386,3994
84953,7360
84953,2081
84953,33794
84953,4128
84953,6377
84953,4489
84953,8961
84953,4886
84953,2804
84953,596
4615,2167
4615,2858
4615,1208
4615,1784
4615,2797
4615,163
4615,2791
4615,2683
4615,1225
4615,1199
27502,54286
27502,3578
27502,2959
27502,2571
27502,60756
27502,780
27502,61024
27502,56174
27502,8665
27502,231
32334,293
32334,2858
32334,2571
32334,1089
32334,7153
32334,4973
32334,1222
32334,260
32334,47
32334,1193
17564,2571
17564,3578
17564,919
17564,910
17564,1247
17564,541
17564,2858
17564,1303
17564,1233
17564,928
105762,1270
105762,4226
105762,7153
105762,589
105762,1
105762,4306
105762,1221
105762,480
105762,1610
105762,2916
109569,50
109569,106782
109569,1266
109569,41285
109569,63082
109569,4226
109569,4262
109569,3362
109569,1281
109569,32587
76353,592
76353,316
76353,7143
76353,4306
76353,8961
76353,50
76353,858
76353,60069
76353,68358
76353,3527
534,32587
534,4878
534,1527
534,480
534,68157
534,74458
534,5445
534,98809
534,48780
534,66934
4542,480
4542,4306
4542,356
4542,2762
4542,1136
4542,593
4542,4886
4542,4963
4542,780
4542,1527
36481,1228
36481,60069
36481,1207
36481,58559
36481,4878
36481,2078
36481,3362
36481,2395
36481,54997
36481,5971
136183,1732
136183,1197
136183,593
136183,480
136183,7153
136183,48385
136183,1265
136183,1222
136183,4878
136183,6016
97528,106782
97528,356
97528,3578
97528,63082
97528,47099
97528,109487
97528,92259
97528,64716
97528,64957
97528,527
90896,7361
90896,68358
90896,2502
90896,46578
90896,4816
90896,33004
90896,59315
90896,56367
90896,1653
90896,48780
59370,33493
59370,99114
59370,3793
59370,1210
59370,94864
59370,85414
59370,2329
59370,110
59370,47610
59370,4306
5138,215
5138,3089
5138,1228
5138,3362
5138,3730
5138,34437
5138,1244
5138,78574
5138,8042
5138,2952
9322,56782
9322,1208
9322,34437
9322,6286
9322,1258
9322,32587
9322,48394
9322,26939
9322,7361
9322,1222
136871,7153
136871,1029
136871,4993
136871,1032
136871,6377
136871,5952
136871,596
136871,2081
136871,2096
136871,3034
44236,2858
44236,35836
44236,1136
44236,260
44236,4105
44236,32
44236,33794
44236,70
44236,3671
44236,1997
126241,1266
126241,1291
126241,1259
126241,480
126241,6
126241,4963
126241,3361
126241,3468
126241,1219
126241,912
46074,1270
46074,356
46074,2716
46074,2762
46074,1961
46074,260
46074,4027
46074,4226
46074,858
46074,52435
90024,68791
90024,5952
90024,5445
90024,96079
90024,3793
90024,6333
90024,2167
90024,34048
90024,6365
90024,109487
62567,7361
62567,1036
62567,4226
62567,593
62567,1197
62567,6874
62567,1240
62567,858
62567,44191
62567,51662
132056,40815
132056,1907
132056,6377
132056,8636
132056,2355
132056,8360
132056,6333
132056,5299
132056,5103
132056,5444
86136,1196
86136,608
86136,260
86136,858
86136,527
86136,79132
86136,4011
86136,2502
86136,4878
86136,68157
22997,318
22997,648
22997,50
22997,1193
22997,150
22997,2762
22997,1721
22997,1704
22997,589
22997,590
91758,46578
91758,318
91758,2918
91758,60069
91758,296
91758,527
91758,1193
91758,4973
91758,7361
91758,4226
40976,2959
40976,1961
40976,1206
40976,1214
40976,318
40976,858
40976,1270
40976,1249
40976,1527
40976,4226
68273,6502
68273,58293
68273,47518
68273,56801
68273,1517
68273,1917
68273,55282
68273,1367
68273,53953
68273,8977
17773,260
17773,8961
17773,5952
17773,953
17773,8665
17773,1
17773,1291
17773,4857
17773,60069
17773,912
63676,588
63676,6377
63676,1210
63676,68358
63676,1022
63676,3114
63676,58559
63676,73017
63676,2096
63676,56152
80826,1193
80826,1278
80826,50
80826,1036
80826,293
80826,32
80826,48394
80826,1201
80826,1358
80826,589
70026,2959
70026,1193
70026,296
70026,318
70026,4973
70026,48516
70026,44694
70026,47
70026,56367
70026,1221
74867,296
74867,59315
74867,6539
74867,858
74867,7090
74867,54259
74867,110
74867,44191
74867,4226
74867,1089
44285,32
44285,2959
44285,356
44285,4995
44285,318
44285,2762
44285,527
44285,7438
44285,4963
44285,1961
124936,3578
124936,1610
124936,457
124936,356
124936,527
124936,589
124936,2571
124936,1250
124936,1304
124936,318
56737,593
56737,46578
56737,81845
56737,68157
56737,69757
56737,81591
56737,858
56737,3949
56737,2571
56737,1193
40226,296
40226,5952
40226,4993
40226,2959
40226,7153
40226,4973
40226,4995
40226,6377
40226,4226
40226,4306
40091,47
40091,7361
40091,296
40091,2959
40091,88129
40091,55820
40091,99114
40091,3949
40091,96610
40091,4878
35605,4886
35605,110
35605,593
35605,6874
35605,2706
35605,2700
35605,8961
35605,6539
35605,48516
35605,2716
123574,1136
123574,47
123574,858
123574,1617
123574,2329
123574,750
123574,4878
123574,1196
123574,27773
123574,1265
133255,1136
133255,6350
133255,48774
133255,33794
133255,4886
133255,8961
133255,45722
133255,296
133255,45431
133255,7090
43682,4226
43682,2858
43682,318
43682,1089
43682,99114
43682,7361
43682,6016
43682,4878
43682,4011
43682,44191
3688,1089
3688,2329
3688,2858
3688,5679
3688,3556
3688,296
3688,111
3688,5673
3688,7160
3688,1206
24224,1291
24224,912
24224,954
24224,4993
24224,1
24224,3462
24224,527
24224,899
24224,969
24224,318
64866,2997
64866,2624
64866,1136
64866,6711
64866,55442
64866,4979
64866,46578
64866,7156
64866,7099
64866,5669
2137,608
2137,2858
2137,858
2137,4878
2137,1206
2137,1193
2137,1221
2137,55820
2137,1617
2137,1200
48001,318
48001,1097
48001,2571
48001,356
48001,1270
48001,1517
48001,33166
48001,1923
48001,1206
48001,1961
36166,457
36166,1527
36166,5445
36166,3897
36166,3481
36166,1676
36166,58559
36166,1221
36166,344
36166,648
117981,2959
117981,35836
117981,2858
117981,69122
117981,2762
117981,34162
117981,344
117981,296
117981,64614
117981,48516
131090,58559
131090,2571
131090,6188
131090,48516
131090,1580
131090,1270
131090,3578
131090,1210
131090,34162
131090,76251
113031,1732
113031,3253
113031,6807
113031,2987
113031,3000
113031,2788
113031,51255
113031,2502
113031,26662
113031,2857
55298,2858
55298,318
55298,1208
55298,1258
55298,1213
55298,111
55298,50
55298,2712
55298,1206
55298,1089
112821,1210
112821,2571
112821,260
112821,6188
112821,35836
112821,63131
112821,1196
112821,54503
112821,3275
112821,1270
116957,111
116957,1193
116957,2959
116957,46578
116957,527
116957,2858
116957,5995
116957,7438
116957,46559
116957,4967
132613,54286
132613,589
132613,1580
132613,5349
132613,56174
132613,8360
132613,49530
132613,364
132613,4022
132613,780
80254,318
80254,47
80254,4306
80254,2762
80254,4995
80254,5418
80254,5445
80254,51662
80254,344
80254,48516
14901,8957
14901,68954
14901,1994
14901,3499
14901,57274
14901,1997
14901,1333
14901,33834
14901,56757
14901,1215
27784,1784
27784,1597
27784,1704
27784,4995
27784,1625
27784,2571
27784,6059
27784,6281
27784,5418
27784,5989
111079,858
111079,1198
111079,541
111079,1208
111079,1193
111079,1136
111079,2571
111079,1089
111079,1258
111079,589
8317,4226
8317,2997
8317,2858
8317,593
8317,55820
8317,58559
8317,2959
8317,61240
8317,541
8317,750
100928,296
100928,527
100928,1653
100928,2706
100928,5445
100928,150
100928,2791
100928,1225
100928,1136
100928,1127
114936,79132
114936,318
114936,377
114936,3578
114936,1527
114936,5349
114936,4306
114936,480
114936,1240
114936,165
32002,7153
32002,41571
32002,110
32002,40629
32002,6539
32002,318
32002,4995
32002,1198
32002,2396
32002,381
132210,5952
132210,1408
132210,3578
132210,520
132210,4963
132210,33794
132210,356
132210,2005
132210,8970
132210,2150
69519,296
69519,8464
69519,61024
69519,2081
69519,216
69519,4306
69519,5110
69519,596
69519,8376
69519,2291
73141,6807
73141,6377
73141,1198
73141,2968
73141,3175
73141,34405
73141,3996
73141,1278
73141,1269
73141,4027
87094,1721
87094,1573
87094,1676
87094,3578
87094,353
87094,4975
87094,2019
87094,5218
87094,2003
87094,551
19862,81591
19862,72998
19862,69757
19862,4963
19862,4896
19862,33794
19862,2959
19862,73017
19862,81932
19862,64614
29294,1136
29294,27773
29294,2291
29294,223
29294,2918
29294,1230
29294,2502
29294,778
29294,2455
29294,16
85918,110
85918,3578
85918,318
85918,593
85918,2716
85918,2717
85918,165
85918,47
85918,3527
85918,2421
53059,63082
53059,88125
53059,2324
53059,72998
53059,4308
53059,4995
53059,39183
53059,58559
53059,72407
53059,56941
51337,4306
51337,1222
51337,2762
51337,356
51337,4034
51337,288
51337,16
51337,1206
51337,30707
51337,4022
7133,8368
7133,2918
7133,2716
7133,2571
7133,2761
7133,3751
7133,2797
7133,8623
7133,1307
7133,3396
109060,2918
109060,296
109060,1265
109060,3499
109060,527
109060,1206
109060,1263
109060,2997
109060,1923
109060,1228
129789,50872
129789,30793
129789,52973
129789,40815
129789,41569
129789,38038
129789,34162
129789,37733
129789,32587
129789,38061
71813,903
71813,904
71813,933
71813,930
71813,1219
71813,899
71813,1230
71813,898
71813,1247
71813,1207
114642,33004
114642,260
114642,30793
114642,8874
114642,6539
114642,2571
114642,296
114642,4262
114642,36529
114642,34534
89065,5445
89065,4011
89065,4306
89065,2762
89065,2706
89065,527
89065,1917
89065,541
89065,2916
89065,150
18073,53996
18073,53125
18073,58047
18073,54503
18073,56152
18073,56367
18073,52973
18073,33794
18073,6942
18073,58803
136223,48780
136223,72011
136223,70286
136223,68358
136223,49772
136223,48385
136223,71579
136223,50685
136223,60950
136223,72998
96406,4973
96406,6552
96406,4878
96406,608
96406,1680
96406,1252
96406,1212
96406,32
96406,55820
96406,319
87717,32587
87717,1221
87717,1089
87717,33166
87717,7361
87717,1704
87717,4878
87717,5956
87717,4226
87717,1193
66258,1
66258,2571
66258,5349
66258,2572
66258,4025
66258,56949
66258,4447
66258,4896
66258,5418
66258,480
101828,3977
101828,8961
101828,5299
101828,39
101828,1197
101828,597
101828,4639
101828,4963
101828,2572
101828,4306
121475,593
121475,60069
121475,1213
121475,1222
121475,2858
121475,527
121475,1221
121475,6539
121475,4226
121475,47
80436,1704
80436,58559
80436,2571
80436,69757
80436,1527
80436,63082
80436,2762
80436,1
80436,5952
80436,4878
127121,79132
127121,72998
127121,96821
127121,54259
127121,56367
127121,97921
127121,69757
127121,111362
127121,104374
127121,86880
30050,4226
30050,318
30050,48394
30050,3996
30050,33794
30050,6377
30050,44191
30050,7147
30050,56367
30050,46976
112456,4226
112456,3578
112456,110
112456,356
112456,4973
112456,1270
112456,527
112456,6539
112456,50
112456,32
23207,904
23207,64614
23207,69757
23207,923
23207,1201
23207,72011
23207,3362
23207,91529
23207,7153
23207,924
47191,2959
47191,296
47191,4848
47191,1274
47191,8254
47191,4878
47191,4226
47191,7361
47191,1089
47191,5902
15267,4226
15267,7147
15267,356
15267,1197
15267,8784
15267,593
15267,2324
15267,2005
15267,2762
15267,4995
137015,50
137015,318
137015,7361
137015,4993
137015,7153
137015,44191
137015,1265
137015,5952
137015,5418
137015,6618
102991,318
102991,3578
102991,1136
102991,150
102991,7361
102991,4011
102991,4226
102991,5445
102991,47
102991,1089
35709,6796
35709,778
35709,150
35709,6708
35709,1393
35709,4239
35709,1259
35709,780
35709,1293
35709,3252
136642,7361
136642,32587
136642,2288
136642,49272
136642,7360
136642,2028
136642,1213
136642,541
136642,1732
136642,64614
100512,7153
100512,4993
100512,1580
100512,11
100512,2716
100512,1961
100512,733
100512,587
100512,2797
100512,454
68415,1028
68415,1265
68415,2396
68415,497
68415,1148
68415,1271
68415,7669
68415,1307
68415,1
68415,40629
85372,80463
85372,79132
85372,89492
85372,104841
85372,97923
85372,106487
85372,91658
85372,96811
85372,85414
85372,91500
73781,27660
73781,5903
73781,4553
73781,7099
73781,1274
73781,31658
73781,52281
73781,32
73781,2571
73781,6502
119410,8961
119410,73017
119410,356
119410,3578
119410,3489
119410,6333
119410,2502
119410,4226
119410,2329
119410,3052
132199,1036
132199,47
132199,344
132199,58559
132199,5952
132199,260
132199,2762
132199,367
132199,1527
132199,59315
38817,1080
38817,1089
38817,50
38817,6874
38817,4226
38817,2003
38817,2021
38817,2716
38817,2858
38817,2012
97700,2329
97700,541
97700,1274
97700,296
97700,2762
97700,44555
97700,6874
97700,58559
97700,1527
97700,26776
90645,7361
90645,541
90645,5618
90645,1080
90645,31658
90645,1196
90645,2692
90645,260
90645,1732
90645,47
89410,47
89410,527
89410,318
89410,2571
89410,1682
89410,356
89410,260
89410,1784
89410,50
89410,1089
79350,2858
79350,48516
79350,318
79350,4226
79350,1213
79350,43936
79350,44665
79350,2571
79350,3275
79350,32587
55688,3671
55688,1291
55688,44191
55688,34405
55688,589
55688,5418
55688,3275
55688,4963
55688,110
55688,1220
63785,4963
63785,3578
63785,296
63785,51662
63785,48516
63785,73017
63785,44665
63785,110
63785,356
63785,68157
26874,5952
26874,4226
26874,47
26874,4973
26874,288
26874,1682
26874,356
26874,1080
26874,1208
26874,1214
57916,4226
57916,55820
57916,318
57916,48394
57916,5952
57916,7153
57916,4993
57916,608
57916,1210
57916,527
81580,2396
81580,5349
81580,41566
81580,1265
81580,8360
81580,3147
81580,33794
81580,4963
81580,8636
81580,5418
85543,356
85543,260
85543,1198
85543,1270
85543,32
85543,2997
85543,5952
85543,48394
85543,2716
85543,1221
115603,1
115603,4993
115603,7153
115603,1580
115603,2716
115603,733
115603,356
115603,1197
115603,2762
115603,1097
51247,4963
51247,4226
51247,5418
51247,50
51247,54286
51247,648
51247,8798
51247,2762
51247,1213
51247,44199
100177,356
100177,4963
100177,2571
100177,2959
100177,6539
100177,4995
100177,4993
100177,8665
100177,48780
100177,5952
60553,912
60553,593
60553,260
60553,296
60553,5952
60553,4993
60553,7153
60553,1196
60553,5349
60553,7438
85772,318
85772,4025
85772,4963
85772,8533
85772,4886
85772,5620
85772,5445
85772,356
85772,5349
85772,49272
69205,8970
69205,3147
69205,1784
69205,1183
69205,2324
69205,4014
69205,2762
69205,110
69205,4306
69205,224
21840,82459
21840,3077
21840,37741
21840,81932
21840,30749
21840,98154
21840,78574
21840,72011
21840,70293
21840,47721
9079,4995
9079,2571
9079,1197
9079,3578
9079,527
9079,4993
9079,858
9079,1225
9079,593
9079,260
136202,2762
136202,1198
136202,592
136202,1222
136202,1089
136202,110
136202,2716
136202,1258
136202,6539
136202,2288
129476,47
129476,110
129476,593
129476,8961
129476,6377
129476,780
129476,1097
129476,32
129476,6539
129476,592
43451,41569
43451,58559
43451,48516
43451,51662
43451,32587
43451,56367
43451,44665
43451,44191
43451,54503
43451,48774
65164,5418
65164,316
65164,1682
65164,5445
65164,2336
65164,91500
65164,7143
65164,45499
65164,85414
65164,4308
24197,46578
24197,318
24197,88163
24197,58559
24197,1
24197,69122
24197,99114
24197,81847
24197,63082
24197,76093
115851,2959
115851,593
115851,32
115851,1196
115851,3793
115851,5445
115851,7438
115851,527
115851,858
115851,44191
93392,50
93392,4848
93392,1089
93392,778
93392,47
93392,55820
93392,5673
93392,750
93392,4641
93392,2557
11345,480
11345,1
11345,2096
11345,1291
11345,3034
11345,4025
11345,4016
11345,377
11345,594
11345,736
104052,6669
104052,6440
104052,4334
104052,3925
104052,5673
104052,6270
104052,1952
104052,1572
104052,1273
104052,5333
57420,4226
57420,296
57420,5618
57420,6874
57420,2987
57420,4886
57420,1884
57420,3052
57420,76251
57420,480
42983,296
42983,8874
42983,593
42983,53953
42983,2288
42983,58559
42983,1214
42983,5954
42983,2858
42983,55282
97896,2858
97896,50
97896,527
97896,1258
97896,908
97896,750
97896,1252
97896,4993
97896,1080
97896,110
57218,44191
57218,41997
57218,30707
57218,31410
57218,3949
57218,7361
57218,27773
57218,1258
57218,8949
57218,30749
5350,1240
5350,527
5350,47
5350,1089
5350,4027
5350,1704
5350,480
5350,541
5350,1200
5350,1208
37501,6874
37501,4995
37501,260
37501,50
37501,4226
37501,593
37501,1198
37501,858
37501,48516
37501,1291
84802,4881
84802,6711
84802,2110
84802,8370
84802,5902
84802,8949
84802,8638
84802,27822
84802,6874
84802,3994
103764,68358
103764,56782
103764,72011
103764,70286
103764,54286
103764,48394
103764,40819
103764,55290
103764,81845
103764,68954
79468,1208
79468,356
79468,55247
79468,1394
79468,1136
79468,46578
79468,2502
79468,1704
79468,750
79468,6711
39910,5445
39910,296
39910,260
39910,1704
39910,593
39910,3793
39910,318
39910,527
39910,733
39910,110
121608,1097
121608,6539
121608,924
121608,1610
121608,733
121608,357
121608,2406
121608,527
121608,356
121608,368
99845,608
99845,223
99845,2858
99845,1196
99845,593
99845,47
99845,6874
99845,1210
99845,2502
99845,2918
40211,59369
40211,67087
40211,48516
40211,8961
40211,33794
40211,2571
40211,4226
40211,480
40211,69481
40211,47
42012,4306
42012,6377
42012,8360
42012,4447
42012,2006
42012,1291
42012,7153
42012,6539
42012,7
42012,3969
25665,4090
25665,1025
25665,1029
25665,2081
25665,2080
25665,4519
25665,2092
25665,2355
25665,1282
25665,3964
49182,1196
49182,32
49182,260
49182,2571
49182,780
49182,5903
49182,5445
49182,2028
49182,34405
49182,7254
58424,31878
58424,356
58424,8253
58424,783
58424,2291
58424,73017
58424,1036
58424,2924
58424,2420
58424,27731
117286,2054
117286,1136
117286,2640
117286,736
117286,2028
117286,2959
117286,1552
117286,442
117286,208
117286,40815
46121,8949
46121,48516
46121,48780
46121,72011
46121,8665
46121,55820
46121,47610
46121,68157
46121,33166
46121,72998
6634,589
6634,4886
6634,6377
6634,2683
6634,1036
6634,165
6634,733
6634,72998
6634,1517
6634,1240
46845,111
46845,223
46845,1270
46845,4973
46845,4226
46845,1175
46845,293
46845,31658
46845,5909
46845,741
13806,2959
13806,44191
13806,68157
13806,77561
13806,6874
13806,6377
13806,4306
13806,3793
13806,73017
13806,74458
136292,1198
136292,592
136292,2762
136292,1580
136292,253
136292,858
136292,4993
136292,778
136292,318
136292,2867
36528,3000
36528,4878
36528,31658
36528,37729
36528,37857
36528,5146
36528,1261
36528,53468
36528,8874
36528,56757
7239,47099
7239,34534
7239,5267
7239,7445
7239,6383
7239,6887
7239,5572
7239,64716
7239,58107
7239,3980
6778,1721
6778,2762
6778,6874
6778,4226
6778,2571
6778,608
6778,2997
6778,2291
6778,32
6778,1258
132674,1198
132674,1291
132674,2959
132674,1196
132674,1136
132674,8368
132674,296
132674,2918
132674,3052
132674,8961
37352,49272
37352,4262
37352,1673
37352,318
37352,6874
37352,733
37352,457
37352,1617
37352,555
37352,32
22159,2858
22159,4306
22159,68954
22159,1148
22159,51255
22159,68157
22159,2329
22159,7153
22159,4993
22159,60069
89411,1617
89411,7361
89411,608
89411,750
89411,912
89411,1213
89411,593
89411,527
89411,4973
89411,318
121258,79132
121258,318
121258,33794
121258,69122
121258,54259
121258,4306
121258,44191
121258,59784
121258,34405
121258,51255
117706,527
117706,1136
117706,2804
117706,47
117706,4262
117706,1221
117706,8961
117706,1265
117706,1097
117706,1193
95437,608
95437,4979
95437,27773
95437,37733
95437,3676
95437,1251
95437,2160
95437,4754
95437,1464
95437,6214
42824,318
42824,33794
42824,1270
42824,6539
42824,593
42824,2194
42824,457
42824,5445
42824,3147
42824,4995
46929,46578
46929,56757
46929,588
46929,2571
46929,27773
46929,6016
46929,595
46929,66097
46929,111
46929,1270
81955,6377
81955,60069
81955,81834
81955,73017
81955,88140
81955,33794
81955,2291
81955,68954
81955,76093
81955,2918
119776,4995
119776,5066
119776,4069
119776,5620
119776,6378
119776,5989
119776,2432
119776,4308
119776,8970
119776,3793
4199,593
4199,1196
4199,1240
4199,1214
4199,4306
4199,3578
4199,1222
4199,2858
4199,4011
4199,6874
133901,2459
133901,7360
133901,8957
133901,53000
133901,34323
133901,4128
133901,6731
133901,1974
133901,2107
133901,6615
30725,72998
30725,58998
30725,318
30725,52973
30725,2959
30725,1
30725,68954
30725,2028
30725,2571
30725,356
123994,5878
123994,858
123994,1193
123994,50
123994,356
123994,318
123994,912
123994,5995
123994,1680
123994,1221
120135,111
120135,1193
120135,1221
120135,858
120135,6787
120135,750
120135,1234
120135,1247
120135,3468
120135,903
39326,95167
39326,2571
39326,106489
39326,5618
39326,5995
39326,68237
39326,3000
39326,98809
39326,81591
39326,79132
23864,47
23864,527
23864,2858
23864,593
23864,1246
23864,3578
23864,5952
23864,1097
23864,288
23864,589
68146,597
68146,11
68146,440
68146,457
68146,339
68146,7444
68146,1198
68146,81845
68146,1307
68146,377
49075,4855
49075,31658
49075,5971
49075,2951
49075,1265
49075,82459
49075,1214
49075,541
49075,3174
49075,55442
6212,1196
6212,593
6212,50
6212,296
6212,2571
6212,2959
6212,60684
6212,2858
6212,33794
6212,1198
103196,2028
103196,33794
103196,318
103196,4226
103196,3578
103196,1214
103196,4878
103196,356
103196,4011
103196,6333
8310,1961
8310,1246
8310,5377
8310,6385
8310,527
8310,4995
8310,2324
8310,4027
8310,4226
8310,912
93827,4886
93827,68954
93827,364
93827,1197
93827,1073
93827,919
93827,79132
93827,4014
93827,8533
93827,8970
19866,3317
19866,7158
19866,1810
19866,1635
19866,7009
19866,6724
19866,3274
19866,1958
19866,3263
19866,8949
31797,8636
31797,6323
31797,6502
31797,33794
31797,6754
31797,6541
31797,34319
31797,7454
31797,6058
31797,2722
126611,2571
126611,296
126611,1089
126611,7361
126611,913
126611,3578
126611,457
126611,903
126611,1266
126611,6539
114771,1036
114771,608
114771,1258
114771,1270
114771,7361
114771,58559
114771,527
114771,70286
114771,1240
114771,4973
74870,858
74870,3681
74870,923
74870,1254
74870,7132
74870,4406
74870,8167
74870,1080
74870,1284
74870,8542
45098,2959
45098,2858
45098,7361
45098,1246
45098,329
45098,3481
45098,2321
45098,8970
45098,480
45098,2692
44350,50872
44350,60069
44350,356
44350,17
44350,914
44350,1028
44350,6942
44350,88163
44350,7451
44350,78499
101622,5147
101622,527
101622,1172
101622,1225
101622,1271
101622,1300
101622,44555
101622,356
101622,81845
101622,1077
24844,1
24844,5349
24844,1270
24844,72998
24844,8961
24844,58559
24844,7153
24844,589
24844,4226
24844,70286
47594,5952
47594,8961
47594,69844
47594,98809
47594,81834
47594,58559
47594,7153
47594,33493
47594,106002
47594,87232
131153,44665
131153,48516
131153,44195
131153,49530
131153,55820
131153,32587
131153,49278
131153,35836
131153,41997
131153,34437
132831,593
132831,356
132831,50
132831,2028
132831,589
132831,480
132831,8961
132831,2194
132831,454
132831,1101
95880,2716
95880,296
95880,2571
95880,318
95880,4226
95880,2858
95880,1198
95880,2011
95880,858
95880,1196
2338,260
2338,1270
2338,4886
2338,4306
2338,5952
2338,2959
2338,1580
2338,46578
2338,1198
2338,296
107211,3996
107211,47
107211,2959
107211,2762
107211,4973
107211,1291
107211,1197
107211,293
107211,1214
107211,1266
127469,2028
127469,7143
127469,4022
127469,1721
127469,52722
127469,1682
127469,2571
127469,3793
127469,63082
127469,3753
26951,858
26951,5618
26951,593
26951,4973
26951,47
26951,2858
26951,1193
26951,527
26951,924
26951,110
95384,1291
95384,1610
95384,733
95384,2353
95384,8665
95384,1240
95384,2502
95384,780
95384,2762
95384,293
3591,44191
3591,1198
3591,7099
3591,7361
3591,260
3591,48394
3591,8961
3591,293
3591,4886
3591,5690
94777,4979
94777,1288
94777,55820
94777,7361
94777,4878
94777,750
94777,1198
94777,30810
94777,541
94777,1213
104642,2571
104642,2028
104642,5445
104642,150
104642,1610
104642,541
104642,1262
104642,1148
104642,3578
104642,1240
115898,3578
115898,50
115898,33794
115898,2058
115898,318
115898,296
115898,2571
115898,6
115898,474
115898,32
100631,1270
100631,8360
100631,1097
100631,2571
100631,2762
100631,858
100631,1036
100631,2628
100631,595
100631,110
27324,3578
27324,2762
27324,356
27324,8644
27324,1721
27324,45722
27324,2011
27324,1517
27324,7361
27324,1258
48174,356
48174,4995
48174,6377
48174,5991
48174,8784
48174,2324
48174,1073
48174,837
48174,2321
48174,2125
22212,1196
22212,364
22212,593
22212,2959
22212,6539
22212,1961
22212,50
22212,1097
22212,33794
22212,500
71107,1097
71107,1704
71107,539
71107,1307
71107,260
71107,1225
71107,1291
71107,110
71107,1259
71107,1246
124123,8961
124123,34162
124123,35836
124123,45950
124123,52973
124123,49530
124123,37741
124123,61323
124123,32587
124123,36517
86806,4878
86806,58559
86806,6502
86806,608
86806,4963
86806,1210
86806,150
86806,1721
86806,1261
86806,968
118397,4226
118397,2329
118397,778
118397,110
118397,48394
118397,3578
118397,4878
118397,58559
118397,4973
118397,55820
39449,56367
39449,39183
39449,58559
39449,33794
39449,8981
39449,63082
39449,46578
39449,79132
39449,5991
39449,7438
25436,1208
25436,1732
25436,296
25436,1213
25436,55820
25436,33166
25436,3147
25436,4027
25436,4878
25436,260
8168,110
8168,318
8168,2401
8168,260
8168,1214
8168,1266
8168,2918
8168,1036
8168,2951
8168,2571
59077,2997
59077,2858
59077,1206
59077,6874
59077,44191
59077,1682
59077,48394
59077,6711
59077,778
59077,47
124825,5971
124825,7361
124825,1199
124825,6711
124825,741
124825,6016
124825,6350
124825,5690
124825,1732
124825,1258
125699,356
125699,8636
125699,2987
125699,1240
125699,367
125699,231
125699,68358
125699,72998
125699,1923
125699,68954
54481,608
54481,1213
54481,7361
54481,912
54481,4973
54481,750
54481,1252
54481,745
54481,7156
54481,1267
84815,1230
84815,750
84815,923
84815,608
84815,8623
84815,1374
84815,4886
84815,1199
84815,272
84815,4280
109900,4306
109900,6539
109900,110
109900,253
109900,3793
109900,4886
109900,2762
109900,8644
109900,500
109900,480
56059,1200
56059,1321
56059,6659
56059,1587
56059,1199
56059,1387
56059,4105
56059,1682
56059,2901
56059,3704
42070,2959
42070,4886
42070,5952
42070,260
42070,593
42070,356
42070,3578
42070,592
42070,6539
42070,33794
102813,6502
102813,48394
102813,7153
102813,1089
102813,260
102813,1206
102813,1200
102813,3949
102813,2762
102813,1219
66109,2797
66109,1012
66109,1124
66109,1028
66109,3148
66109,7303
66109,1307
66109,919
66109,1704
66109,2268
84411,356
84411,1393
84411,457
84411,597
84411,1784
84411,1961
84411,5989
84411,30707
84411,1270
84411,1307
26647,6539
26647,8644
26647,8961
26647,3793
26647,32
26647,750
26647,1197
26647,34048
26647,2021
26647,6365
94823,5945
94823,4022
94823,44191
94823,3967
94823,150
94823,337
94823,4027
94823,4246
94823,73017
94823,40815
99441,1222
99441,1208
99441,1089
99441,58559
99441,54997
99441,1732
99441,1225
99441,70286
99441,1259
99441,1136
29161,1089
29161,1193
29161,2329
29161,58559
29161,4226
29161,79132
29161,593
29161,7361
29161,778
29161,1080
43556,46578
43556,8874
43556,8784
43556,51255
43556,8464
43556,34072
43556,27706
43556,35836
43556,54001
43556,40629
15415,4226
15415,4011
15415,2858
15415,8957
15415,51086
15415,8981
15415,69122
15415,79132
15415,8533
15415,4014
130795,46578
130795,6867
130795,37741
130795,8128
130795,7139
130795,47629
130795,5878
130795,4920
130795,25777
130795,44694
84496,7153
84496,5952
84496,318
84496,1101
84496,2762
84496,1580
84496,1393
84496,150
84496,6539
84496,1
102411,40815
102411,68358
102411,48394
102411,44191
102411,59315
102411,8228
102411,1253
102411,8961
102411,31658
102411,1748
24624,1089
24624,1193
24624,2858
24624,4226
24624,57669
24624,53123
24624,1213
24624,2571
24624,47
24624,750
133252,1748
133252,1222
133252,4878
133252,1136
133252,32
133252,1221
133252,2329
133252,50
133252,58559
133252,1270
24651,593
24651,1374
24651,32
24651,1210
24651,1214
24651,6333
24651,318
24651,527
24651,1127
24651,1584
35476,1197
35476,4226
35476,1653
35476,1193
35476,593
35476,3996
35476,1204
35476,2291
35476,2686
35476,1704
95706,50
95706,1704
95706,2329
95706,7361
95706,4995
95706,1193
95706,608
95706,6874
95706,48394
95706,33166
92838,4306
92838,2572
92838,81591
92838,6377
92838,2959
92838,6218
92838,1059
92838,7147
92838,81845
92838,4014
132227,7153
132227,589
132227,5952
132227,4993
132227,4878
132227,1748
132227,296
132227,3081
132227,3996
132227,1196
115360,480
115360,4306
115360,1270
115360,50
115360,3578
115360,1198
115360,44191
115360,780
115360,32
115360,4995
81686,296
81686,50
81686,2959
81686,6711
81686,2997
81686,38038
81686,1175
81686,1285
81686,3911
81686,56367
41855,4306
41855,8961
41855,6979
41855,440
41855,1268
41855,3175
41855,2321
41855,8623
41855,2918
41855,6218
112746,3578
112746,1270
112746,527
112746,1196
112746,296
112746,318
112746,457
112746,1954
112746,2115
112746,2412
32337,45722
32337,4896
32337,5349
32337,1246
32337,7147
32337,5816
32337,3408
32337,4027
32337,49272
32337,3148
133846,2997
133846,56367
133846,2959
133846,2858
133846,1732
133846,2502
133846,8784
133846,68954
133846,608
133846,63082
94277,1270
94277,590
94277,47
94277,1212
94277,1193
94277,1240
94277,377
94277,1221
94277,1254
94277,2716
101167,2716
101167,6377
101167,1136
101167,1240
101167,1270
101167,1291
101167,589
101167,1961
101167,2628
101167,5349
25396,2791
25396,904
25396,1203
25396,2947
25396,1945
25396,2917
25396,1247
25396,1090
25396,3359
25396,1231
19270,2329
19270,2716
19270,4878
19270,1270
19270,4027
19270,7147
19270,1206
19270,2700
19270,4306
19270,3671
79447,2329
79447,318
79447,3147
79447,356
79447,47
79447,48516
79447,593
79447,5266
79447,50
79447,58559
6908,903
6908,1193
6908,318
6908,2858
6908,4226
6908,908
6908,50
6908,1221
6908,5618
6908,4973
47818,5618
47818,34319
47818,1196
47818,1210
47818,8361
47818,57368
47818,68358
47818,5349
47818,260
47818,44191
123419,5989
123419,1036
123419,648
123419,780
123419,2028
123419,44191
123419,53972
123419,8665
123419,33794
123419,1370
12163,5010
12163,63082
12163,4963
12163,1610
12163,3408
12163,50872
12163,48738
12163,7153
12163,5952
12163,349
89973,1213
89973,2076
89973,3741
89973,6016
89973,3424
89973,2455
89973,6502
89973,593
89973,2959
89973,296
60159,53993
60159,59501
60159,56152
60159,81847
60159,8965
60159,51698
60159,98809
60159,33679
60159,110102
60159,69122
86615,6934
86615,72998
86615,4878
86615,5445
86615,7153
86615,6365
86615,5816
86615,8636
86615,60074
86615,4896
64248,1089
64248,318
64248,4878
64248,5618
64248,2959
64248,2716
64248,2291
64248,1653
64248,1291
64248,8874
85215,79132
85215,8368
85215,4973
85215,4896
85215,527
85215,4886
85215,1907
85215,68954
85215,31658
85215,40815
27659,3793
27659,4886
27659,4306
27659,5952
27659,1270
27659,1198
27659,33794
27659,4963
27659,2628
27659,589
63960,4226
63960,1198
63960,318
63960,296
63960,2959
63960,33794
63960,2762
63960,7361
63960,68358
63960,1214
15479,1527
15479,2762
15479,47
15479,91500
15479,78499
15479,104841
15479,33794
15479,593
15479,71057
15479,1
8355,296
8355,2959
8355,8874
8355,2858
8355,33794
8355,27773
8355,48394
8355,4027
8355,2019
8355,1197
101876,3000
101876,4973
101876,58559
101876,5952
101876,48780
101876,55820
101876,4027
101876,7147
101876,99114
101876,2858
16236,592
16236,589
16236,480
16236,104
16236,1210
16236,7153
16236,5952
16236,6377
16236,4963
16236,1517
105177,480
105177,3623
105177,2762
105177,4306
105177,3409
105177,377
105177,356
105177,8360
105177,8636
105177,27839
94630,1196
94630,32
94630,7361
94630,296
94630,2959
94630,7153
94630,48394
94630,6502
94630,38061
94630,1136
54466,68954
54466,58559
54466,7147
54466,8784
54466,46578
54466,2291
54466,44191
54466,6539
54466,4979
54466,68157
136804,4993
136804,1721
136804,56775
136804,5349
136804,7153
136804,4963
136804,1580
136804,45186
136804,3623
136804,56587
106994,5445
106994,5349
106994,318
106994,5418
106994,356
106994,2502
106994,7438
106994,34405
106994,4226
106994,7143
11042,63082
11042,48516
11042,39
11042,2572
11042,8366
11042,1042
11042,2502
11042,54503
11042,318
11042,40819
83925,1270
83925,750
83925,541
83925,590
83925,1097
83925,1197
83925,919
83925,2997
83925,500
83925,1073
80218,2571
80218,2858
80218,593
80218,2997
80218,296
80218,4995
80218,457
80218,6377
80218,7153
80218,1198
26172,4963
26172,1210
26172,49272
26172,1249
26172,1653
26172,5445
26172,1200
26172,318
26172,590
26172,6377
127284,7147
127284,5952
127284,34319
127284,2858
127284,4995
127284,7254
127284,7143
127284,3793
127284,4886
127284,364
80743,32
80743,4973
80743,3081
80743,50
80743,4226
80743,1580
80743,296
80743,318
80743,3996
80743,7361
74097,8914
74097,50
74097,48774
74097,5618
74097,5952
74097,2997
74097,2762
74097,61240
74097,1270
74097,741
56504,908
56504,2952
56504,6
56504,3265
56504,2511
56504,535
56504,3481
56504,1348
56504,5105
56504,7013
8156,356
8156,296
8156,2762
8156,68157
8156,79132
8156,6874
8156,1089
8156,68954
8156,2324
8156,4306
28496,1882
28496,2986
28496,1221
28496,858
28496,762
28496,2571
28496,1586
28496,1831
28496,908
28496,2805
114162,1222
114162,608
114162,8874
114162,69481
114162,527
114162,2959
114162,54503
114162,46976
114162,30749
114162,2502
58792,7153
58792,69122
58792,356
58792,58559
58792,2959
58792,79132
58792,2329
58792,3578
58792,81834
58792,6539
66673,608
66673,7361
66673,4226
66673,4878
66673,33794
66673,260
66673,50
66673,1732
66673,2291
66673,1291
83252,5679
83252,47
83252,2762
83252,56145
83252,50
83252,4105
83252,4878
83252,2571
83252,968
83252,1219
64574,293
64574,2329
64574,318
64574,1682
64574,32
64574,7153
64574,364
64574,1200
64574,253
64574,6711
94610,56367
94610,33166
94610,34072
94610,39292
94610,8949
94610,37741
94610,47629
94610,8966
94610,8873
94610,8464
8636,81845
8636,30707
8636,86882
8636,55280
8636,55276
8636,64614
8636,1307
8636,1203
8636,64957
8636,84392
110357,47
110357,318
110357,1917
110357,89745
110357,72011
110357,92420
110357,6539
110357,80549
110357,87869
110357,86332
3470,7361
3470,1208
3470,4226
3470,7478
3470,3730
3470,1204
3470,5060
3470,8207
3470,1247
3470,3811
55153,31225
55153,40614
55153,55118
55153,7158
55153,55290
55153,64614
55153,55052
55153,53129
55153,41997
55153,8809
86074,1198
86074,1094
86074,5952
86074,39
86074,2918
86074,8961
86074,3996
86074,342
86074,1196
86074,260
948,81845
948,50872
948,72998
948,33794
948,8368
948,2571
948,91529
948,54259
948,45722
948,88140
91418,2571
91418,2959
91418,608
91418,858
91418,356
91418,1136
91418,1213
91418,2791
91418,1193
91418,2028
86232,1214
86232,1291
86232,2959
86232,293
86232,3039
86232,2716
86232,1265
86232,4011
86232,8874
86232,1663
51281,58559
51281,293
51281,593
51281,1213
51281,110
51281,4011
51281,33794
51281,1222
51281,1193
51281,7361
111963,1198
111963,106489
111963,103042
111963,103341
111963,103772
111963,98809
111963,111759
111963,102125
111963,103141
111963,2716
28890,7153
28890,1197
28890,49272
28890,5618
28890,5064
28890,58559
28890,260
28890,5952
28890,1196
28890,4993
16779,6539
16779,4993
16779,1270
16779,648
16779,597
16779,2959
16779,5445
16779,4963
16779,33794
16779,6874
34113,318
34113,2329
34113,51662
34113,47
34113,48394
34113,1089
34113,1221
34113,4878
34113,48516
34113,589
96838,593
96838,60069
96838,296
96838,953
96838,858
96838,1097
96838,3578
96838,48394
96838,2028
96838,89745
24834,35836
24834,216
24834,1367
24834,410
24834,5816
24834,520
24834,1197
24834,2085
24834,58559
24834,595
8004,1265
8004,50
8004,318
8004,356
8004,1784
8004,104
8004,2028
8004,2268
8004,1721
8004,2797
112262,6754
112262,318
112262,3578
112262,6874
112262,5903
112262,3355
112262,3081
112262,4720
112262,71135
112262,3300
42493,1291
42493,8961
42493,8665
42493,733
42493,296
42493,110
42493,6377
42493,10
42493,2762
42493,5989
66157,7153
66157,58559
66157,79132
66157,2959
66157,2028
66157,1196
66157,260
66157,1198
66157,68157
66157,70286
96071,480
96071,4306
96071,318
96071,4886
96071,356
96071,59315
96071,3578
96071,595
96071,2762
96071,6539
133622,527
133622,1208
133622,318
133622,1222
133622,923
133622,1213
133622,1210
133622,3996
133622,7438
133622,6874
44124,1203
44124,2067
44124,7560
44124,909
44124,1225
44124,1231
44124,922
44124,1950
44124,904
44124,913
30530,29
30530,54997
30530,2997
30530,3740
30530,48774
30530,7361
30530,318
30530,589
30530,5618
30530,2124
50271,1213
50271,68954
50271,1036
50271,858
50271,2329
50271,3147
50271,3578
50271,527
50271,1
50271,457
25232,593
25232,1036
25232,4226
25232,1197
25232,318
25232,2716
25232,79132
25232,541
25232,58559
25232,1265
30566,2571
30566,58559
30566,2858
30566,2329
30566,47
30566,110
30566,318
30566,4995
30566,4226
30566,527
120254,1246
120254,527
120254,2028
120254,2571
120254,5989
120254,8958
120254,5349
120254,2324
120254,1210
120254,1270
39071,2329
39071,4226
39071,4011
39071,60069
39071,32587
39071,47
39071,3578
39071,32
39071,527
39071,2542
21922,1198
21922,1265
21922,4571
21922,111
21922,1275
21922,6502
21922,2692
21922,2005
21922,1923
21922,608
12768,4993
12768,4226
12768,50
12768,5952
12768,1198
12768,589
12768,4306
12768,1291
12768,1089
12768,7090
31556,6539
31556,60069
31556,2571
31556,356
31556,1073
31556,8961
31556,2959
31556,2918
31556,919
31556,1682
104876,2291
104876,2858
104876,1089
104876,47999
104876,858
104876,54272
104876,1
104876,50
104876,2997
104876,551
28112,3793
28112,4886
28112,1
28112,500
28112,344
28112,8360
28112,1265
28112,1097
28112,231
28112,1923
57909,2949
57909,1210
57909,4489
57909,2947
57909,5418
57909,2716
57909,3635
57909,8636
57909,8961
57909,4963
73028,60069
73028,48394
73028,85414
73028,60684
73028,68954
73028,6333
73028,480
73028,97938
73028,102125
73028,48516
91224,2858
91224,1704
91224,1210
91224,3793
91224,6711
91224,50
91224,56367
91224,91500
91224,329
91224,2918
69260,7438
69260,3996
69260,1270
69260,590
69260,589
69260,47
69260,150
69260,1610
69260,6377
69260,5378
36761,3578
36761,47
36761,858
36761,318
36761,31658
36761,5618
36761,1732
36761,68954
36761,1136
36761,7323
107188,1284
107188,6985
107188,1206
107188,8507
107188,1252
107188,8154
107188,1265
107188,910
107188,4973
107188,951
47197,7153
47197,56367
47197,4993
47197,2336
47197,55052
47197,48394
47197,46578
47197,49272
47197,5952
47197,3081
52732,1136
52732,4011
52732,48774
52732,3996
52732,1961
52732,1213
52732,5995
52732,6870
52732,8950
52732,110
62072,48780
62072,1213
62072,2959
62072,296
62072,48516
62072,7361
62072,4226
62072,2571
62072,6874
62072,59315
50781,7361
50781,593
50781,1097
50781,2918
50781,1197
50781,527
50781,5349
50781,2968
50781,2692
50781,1089
30194,44191
30194,4226
30194,4011
30194,2571
30194,69122
30194,48516
30194,80489
30194,3578
30194,89492
30194,76251
53930,51540
53930,30812
53930,41997
53930,107069
53930,58295
53930,92507
53930,69481
53930,99114
53930,7256
53930,8340
44143,1258
44143,593
44143,2076
44143,6502
44143,2858
44143,47
44143,3499
44143,4878
44143,8957
44143,2160
19697,356
19697,4995
19697,50
19697,2692
19697,2997
19697,1704
19697,2918
19697,2599
19697,4034
19697,8464
90191,4553
90191,4878
90191,4571
90191,750
90191,1396
90191,1297
90191,714
90191,1292
90191,3740
90191,4848
80703,1208
80703,593
80703,50
80703,296
80703,750
80703,1089
80703,2028
80703,1193
80703,924
80703,858
16258,4878
16258,35836
16258,1197
16258,7147
16258,30793
16258,2959
16258,7361
16258,6863
16258,4993
16258,7153
63117,47
63117,1732
63117,50
63117,593
63117,1193
63117,858
63117,48516
63117,55820
63117,1222
63117,2329
48537,3578
48537,110
48537,1213
48537,356
48537,1923
48537,1221
48537,293
48537,1200
48537,2542
48537,2502
41368,1198
41368,1210
41368,1676
41368,32
41368,1291
41368,1527
41368,480
41368,541
41368,2959
41368,1587
96046,150
96046,2424
96046,356
96046,1197
96046,2949
96046,5299
96046,3256
96046,4270
96046,440
96046,500
951,1036
951,2571
951,6333
951,4369
951,293
951,7143
951,1196
951,7458
951,110
951,260
127765,47
127765,318
127765,778
127765,48516
127765,68157
127765,293
127765,1732
127765,1196
127765,32587
127765,70286
67289,587
67289,8961
67289,4886
67289,1721
67289,1291
67289,1580
67289,589
67289,597
67289,2716
67289,4995
78161,7361
78161,5618
78161,2329
78161,5218
78161,1136
78161,68954
78161,33794
78161,51255
78161,4995
78161,2542
17781,608
17781,32587
17781,111
17781,5669
17781,6197
17781,3556
17781,589
17781,2542
17781,293
17781,858
62606,33794
62606,1
62606,6539
62606,3793
62606,8961
62606,2700
62606,44191
62606,1270
62606,6333
62606,8464
37317,48394
37317,53125
37317,56152
37317,45722
37317,52722
37317,40819
37317,31260
37317,68358
37317,52975
37317,33166
12630,608
12630,858
12630,1214
12630,318
12630,2858
12630,8874
12630,4973
12630,6016
12630,6874
12630,1203
34124,49272
34124,33166
34124,41569
34124,60069
34124,33794
34124,60684
34124,49530
34124,58559
34124,30793
34124,46578
17967,44191
17967,593
17967,33794
17967,2858
17967,48516
17967,59315
17967,356
17967,858
17967,55820
17967,96610
90145,63082
90145,49272
90145,33166
90145,36517
90145,44199
90145,49530
90145,51080
90145,79132
90145,48780
90145,44195
29153,1197
29153,296
29153,3897
29153,2918
29153,4973
29153,50
29153,2502
29153,608
29153,3481
29153,593
95524,40815
95524,34162
95524,39292
95524,8961
95524,41569
95524,41285
95524,40819
95524,30749
95524,34048
95524,8949
62054,527
62054,858
62054,1213
62054,7361
62054,1193
62054,1222
62054,293
62054,1198
62054,59315
62054,68157
118409,4979
118409,32587
118409,4878
118409,8784
118409,8949
118409,356
118409,8961
118409,4239
118409,1222
118409,8376
64863,7361
64863,47
64863,2291
64863,7254
64863,2762
64863,4878
64863,3147
64863,74458
64863,68157
64863,4720
23311,63082
23311,7254
23311,6539
23311,364
23311,597
23311,59725
23311,5952
23311,261
23311,357
23311,527
14305,110
14305,5952
14305,1270
14305,3578
14305,2571
14305,356
14305,1210
14305,4993
14305,7153
14305,3147
33961,589
33961,527
33961,593
33961,1198
33961,44555
33961,1704
33961,1265
33961,4993
33961,1193
33961,356
68768,1208
68768,55820
68768,1704
68768,56782
68768,1127
68768,457
68768,1036
68768,64839
68768,30707
68768,4973
88016,37741
88016,7361
88016,7323
88016,592
88016,44199
88016,4973
88016,1682
88016,32587
88016,8970
88016,33166
132252,593
132252,110
132252,6539
132252,1721
132252,4306
132252,8961
132252,58559
132252,296
132252,2321
132252,1704
75108,5995
75108,50
75108,1641
75108,4881
75108,590
75108,7090
75108,6016
75108,7034
75108,8950
75108,2313
20662,56174
20662,1200
20662,1127
20662,3981
20662,480
20662,8644
20662,6537
20662,260
20662,6502
20662,3354
81670,69134
81670,49932
81670,46723
81670,30803
81670,27727
81670,4226
81670,7361
81670,48774
81670,1464
81670,36276
48736,33794
48736,592
48736,6377
48736,150
48736,480
48736,1291
48736,3527
48736,2959
48736,1370
48736,3175
56847,33493
56847,91542
56847,103772
56847,77561
56847,85131
56847,35836
56847,106782
56847,55290
56847,48783
56847,95875
134528,59315
134528,48516
134528,318
134528,48780
134528,55765
134528,44199
134528,4226
134528,50
134528,54286
134528,69122
8447,296
8447,593
8447,2959
8447,4226
8447,1148
8447,8961
8447,5618
8447,58559
8447,293
8447,1215
83396,2858
83396,318
83396,51255
83396,593
83396,356
83396,6016
83396,4901
83396,68237
83396,4776
83396,47610
95737,55820
95737,6783
95737,7941
95737,4422
95737,81591
95737,49272
95737,7089
95737,7327
95737,8620
95737,5291
43755,47
43755,2762
43755,2858
43755,4226
43755,5971
43755,7153
43755,3147
43755,1036
43755,4995
43755,4993
24554,1307
24554,3396
24554,2716
24554,1246
24554,357
24554,440
24554,1947
24554,515
24554,4306
24554,1197
67282,356
67282,50872
67282,48774
67282,47610
67282,37729
67282,5952
67282,7153
67282,364
67282,2291
67282,48516
53521,2329
53521,4886
53521,5952
53521,4306
53521,2571
53521,104
53521,4896
53521,3948
53521,1580
53521,5349
72394,1196
72394,3578
72394,2571
72394,1270
72394,4963
72394,3793
72394,1210
72394,260
72394,110
72394,780
40652,551
40652,3081
40652,4014
40652,1704
40652,8910
40652,4011
40652,47
40652,1968
40652,8376
40652,3578
2584,8360
2584,593
2584,5418
2584,2916
2584,4878
2584,7090
2584,50
2584,2762
2584,364
2584,3147
102232,260
102232,7569
102232,3527
102232,1136
102232,969
102232,2529
102232,3175
102232,2000
102232,3984
102232,3703
81509,2571
81509,49272
81509,293
81509,541
81509,5952
81509,7153
81509,4993
81509,6539
81509,5418
81509,32
36190,34048
36190,1779
36190,72378
36190,58025
36190,4343
36190,4643
36190,60760
36190,56145
36190,60040
36190,5502
84532,608
84532,593
84532,527
84532,1230
84532,1225
84532,318
84532,924
84532,912
84532,1235
84532,111
117405,4022
117405,4306
117405,3948
117405,40815
117405,45722
117405,4886
117405,34162
117405,6539
117405,1721
117405,5816
84026,1732
84026,32
84026,2858
84026,260
84026,1196
84026,4993
84026,1200
84026,527
84026,2019
84026,7099
58606,4886
58606,1
58606,8961
58606,356
58606,364
58606,8368
58606,4896
58606,1240
58606,8636
58606,2140
5322,858
5322,527
5322,4993
5322,74458
5322,356
5322,63082
5322,44555
5322,60950
5322,318
5322,58559
117879,527
117879,1101
117879,3210
117879,5010
117879,858
117879,2248
117879,1206
117879,5049
117879,47
117879,1288
90709,63082
90709,94070
90709,50685
90709,58490
90709,53123
90709,36535
90709,72011
90709,4014
90709,2398
90709,8366
118025,6378
118025,318
118025,2617
118025,6537
118025,316
118025,1580
118025,2167
118025,6377
118025,3996
118025,4995
85391,2916
85391,1196
85391,924
85391,1374
85391,318
85391,457
85391,1127
85391,1258
85391,1193
85391,150
59082,1198
59082,3578
59082,318
59082,593
59082,47
59082,1291
59082,5445
59082,4226
59082,1270
59082,1573
54187,51662
54187,1580
54187,457
54187,5952
54187,5445
54187,592
54187,8371
54187,150
54187,7143
54187,60069
16080,318
16080,1704
16080,1784
16080,597
16080,7149
16080,5377
16080,1961
16080,50
16080,4995
16080,2324
7412,2959
7412,260
7412,1196
7412,110
7412,4306
7412,1215
7412,1259
7412,1089
7412,8874
7412,1220
83672,32587
83672,858
83672,48394
83672,593
83672,2918
83672,1732
83672,111
83672,4027
83672,2329
83672,49272
128664,541
128664,1240
128664,4878
128664,1090
128664,1527
128664,7438
128664,3147
128664,6
128664,2012
128664,30707
21206,590
21206,500
21206,3408
21206,593
21206,539
21206,356
21206,8360
21206,2858
21206,1097
21206,110
68477,356
68477,2571
68477,2028
68477,79132
68477,44191
68477,296
68477,48780
68477,55765
68477,91542
68477,260
24007,4993
24007,48516
24007,527
24007,4973
24007,589
24007,58559
24007,1089
24007,2329
24007,480
24007,592
90708,293
90708,33794
90708,69122
90708,527
90708,55820
90708,32
90708,27773
90708,69481
90708,4963
90708,55247
76364,2858
76364,4973
76364,4226
76364,541
76364,7153
76364,7361
76364,3949
76364,4878
76364,48394
76364,27773
53188,2959
53188,2762
53188,79132
53188,3578
53188,59315
53188,60069
53188,72998
53188,68954
53188,527
53188,296
123756,648
123756,593
123756,1
123756,2571
123756,8360
123756,4995
123756,1580
123756,780
123756,6874
123756,6365
125308,165
125308,47
125308,1214
125308,32587
125308,593
125308,7438
125308,32
125308,5349
125308,6539
125308,31878
27425,1036
27425,539
27425,260
27425,2763
27425,1270
27425,377
27425,1101
27425,2406
27425,587
27425,356
93433,79091
93433,2762
93433,84944
93433,4973
93433,750
93433,5618
93433,3751
93433,551
93433,4995
93433,1225
81528,5418
81528,1036
81528,36529
81528,3793
81528,1370
81528,356
81528,1527
81528,44191
81528,53519
81528,33679
62925,112290
62925,64839
62925,70286
62925,105504
62925,69481
62925,46578
62925,63876
62925,81562
62925,97921
62925,72998
86785,5902
86785,4993
86785,5377
86785,924
86785,6870
86785,1653
86785,6953
86785,3793
86785,41285
86785,3994
70786,1036
70786,4993
70786,110
70786,5952
70786,7153
70786,6539
70786,8636
70786,33493
70786,33794
70786,1196
127673,35836
127673,2683
127673,3421
127673,2706
127673,2060
127673,3253
127673,223
127673,745
127673,5110
127673,4571
52600,70286
52600,356
52600,44191
52600,296
52600,4306
52600,4226
52600,59315
52600,68954
52600,68157
52600,60069
20560,48516
20560,1625
20560,5502
20560,5349
20560,80489
20560,44191
20560,5679
20560,3147
20560,8961
20560,1
13463,2571
13463,318
13463,356
13463,2959
13463,4896
13463,5989
13463,3578
13463,1704
13463,48780
13463,5816
79842,4886
79842,60069
79842,6377
79842,6942
79842,500
79842,31658
79842,4993
79842,4995
79842,4308
79842,5952
58546,8961
58546,595
58546,2762
58546,356
58546,1
58546,2571
58546,2918
58546,3114
58546,1968
58546,4995
100575,44199
100575,47
100575,1270
100575,7143
100575,260
100575,8957
100575,454
100575,5010
100575,1196
100575,5669
35282,6377
35282,1221
35282,1219
35282,1086
35282,4896
35282,903
35282,1682
35282,3798
35282,356
35282,2959
90618,3527
90618,1127
90618,33493
90618,48780
90618,1387
90618,72998
90618,33794
90618,7502
90618,1263
90618,7143
120395,54286
120395,49272
120395,46578
120395,1218
120395,34162
120395,8961
120395,32587
120395,58559
120395,48780
120395,26840
108878,6016
108878,750
108878,1193
108878,32
108878,47
108878,1136
108878,3949
108878,50
108878,223
108878,6796
38436,48394
38436,4973
38436,1653
38436,2997
38436,1884
38436,57669
38436,79132
38436,593
38436,6502
38436,293
43602,3481
43602,5669
43602,8949
43602,8961
43602,6708
43602,30812
43602,45
43602,2333
43602,7160
43602,6620
55679,6377
55679,500
55679,3578
55679,2762
55679,253
55679,2959
55679,5349
55679,3996
55679,2396
55679,780
128856,593
128856,1270
128856,2762
128856,2571
128856,527
128856,587
128856,1
128856,1961
128856,3948
128856,1682
6111,59315
6111,923
6111,3671
6111,1073
6111,33794
6111,2762
6111,1222
6111,3996
6111,48385
6111,1207
113418,4886
113418,4306
113418,31696
113418,2329
113418,5679
113418,48394
113418,54259
113418,7254
113418,1339
113418,2232
83004,111
83004,7361
83004,2502
83004,608
83004,2858
83004,2329
83004,1193
83004,593
83004,2791
83004,1617
1015,6377
1015,5218
1015,31685
1015,33679
1015,3753
1015,3578
1015,6539
1015,5952
1015,5299
1015,30825
78835,2762
78835,1704
78835,364
78835,1097
78835,2324
78835,593
78835,597
78835,920
78835,595
78835,908
106845,318
106845,2858
106845,1089
106845,2571
106845,31658
106845,4306
106845,8961
106845,1732
106845,2997
106845,3996
88015,7360
88015,4993
88015,231
88015,51662
88015,2918
88015,1291
88015,3994
88015,586
88015,3527
88015,8641
64520,4886
64520,4306
64520,1270
64520,6539
64520,480
64520,2918
64520,1
64520,589
64520,150
64520,44191
100043,1210
100043,858
100043,2762
100043,593
100043,296
100043,1203
100043,1223
100043,4973
100043,3578
100043,30749
24753,30749
24753,48516
24753,318
24753,58559
24753,4973
24753,5995
24753,2571
24753,49530
24753,56367
24753,4995
36261,49961
36261,49772
36261,51080
36261,49278
36261,49272
36261,48394
36261,44665
36261,50601
36261,44929
36261,52241
123036,1041
123036,1244
123036,348
123036,4211
123036,5339
123036,3152
123036,4903
123036,5135
123036,1219
123036,7023
54020,2571
54020,1197
54020,1204
54020,50
54020,903
54020,150
54020,1262
54020,1233
54020,608
54020,2762
12628,4878
12628,1274
12628,2858
12628,924
12628,1222
12628,26776
12628,58559
12628,1089
12628,1921
12628,1265
65075,2085
65075,5151
65075,6502
65075,35836
65075,58803
65075,595
65075,53000
65075,7293
65075,4792
65075,68554
92672,5445
92672,1089
92672,1197
92672,150
92672,4226
92672,1270
92672,33794
92672,4963
92672,1961
92672,1222
53622,1210
53622,150
53622,50
53622,589
53622,1240
53622,1213
53622,1097
53622,34
53622,4886
53622,1270
79684,1222
79684,750
79684,44191
79684,5445
79684,60684
79684,1682
79684,50
79684,1265
79684,6502
79684,1258
28279,356
28279,6539
28279,410
28279,4025
28279,1270
28279,1967
28279,8360
28279,4993
28279,253
28279,2716
11906,2762
11906,50
11906,2571
11906,6711
11906,1089
11906,1961
11906,4034
11906,1206
11906,1136
11906,858
40215,10
40215,589
40215,1210
40215,41571
40215,40815
40215,1036
40215,1240
40215,380
40215,8636
40215,377
56925,3948
56925,2571
56925,6539
56925,46578
56925,5679
56925,48385
56925,44191
56925,4878
56925,4993
56925,7293
1496,73017
1496,45722
1496,480
1496,51662
1496,6333
1496,6365
1496,54001
1496,7099
1496,1527
1496,1580
109523,2028
109523,4993
109523,1961
109523,4226
109523,733
109523,4306
109523,5989
109523,48516
109523,648
109523,527
67108,2959
67108,40815
67108,5952
67108,8368
67108,4896
67108,2571
67108,68358
67108,3793
67108,5349
67108,2572
63430,2959
63430,7361
63430,32587
63430,48738
63430,7254
63430,36529
63430,48394
63430,50
63430,33166
63430,6323
113294,1380
113294,5995
113294,111
113294,500
113294,1
113294,527
113294,1569
113294,79132
113294,58559
113294,74458
95721,4226
95721,2502
95721,593
95721,1089
95721,1101
95721,2571
95721,858
95721,1517
95721,1961
95721,1732
119056,7293
119056,19
119056,344
119056,5810
119056,1032
119056,7444
119056,2085
119056,2792
119056,58803
119056,595
21478,45499
21478,3578
21478,32587
21478,51662
21478,54286
21478,52722
21478,53125
21478,296
21478,7373
21478,54001
52313,2571
52313,5952
52313,586
52313,6539
52313,3793
52313,2011
52313,59315
52313,72998
52313,2012
52313,231
69865,480
69865,1240
69865,47
69865,733
69865,2571
69865,1527
69865,648
69865,231
69865,150
69865,2329
9050,50
9050,1270
9050,3793
9050,2028
9050,1036
9050,6377
9050,1136
9050,1653
9050,3527
9050,3052
78239,1617
78239,110
78239,296
78239,648
78239,589
78239,150
78239,6874
78239,1584
78239,1704
78239,3147
106131,1214
106131,1265
106131,2571
106131,541
106131,1270
106131,260
106131,1196
106131,5952
106131,6711
106131,58559
59136,6539
59136,5952
59136,7153
59136,2571
59136,356
59136,2762
59136,2706
59136,2858
59136,3578
59136,40815
118889,33794
118889,6377
118889,2028
118889,4306
118889,2762
118889,52973
118889,4011
118889,56367
118889,2329
118889,48385
52237,4226
52237,480
52237,50
52237,1270
52237,589
52237,8961
52237,1240
52237,1198
52237,47
52237,165
204,2762
204,318
204,593
204,1270
204,2571
204,58559
204,364
204,4993
204,2716
204,68954
107861,8464
107861,58559
107861,46530
107861,33646
107861,45722
107861,106696
107861,1390
107861,45517
107861,30816
107861,30793
61763,1320
61763,356
61763,2529
61763,2527
61763,1301
61763,3703
61763,442
61763,6979
61763,3959
61763,4643
110237,32587
110237,47
110237,4226
110237,6016
110237,1193
110237,356
110237,858
110237,7361
110237,7438
110237,57669
101731,50
101731,296
101731,318
101731,59369
101731,70286
101731,356
101731,2329
101731,68157
101731,3147
101731,480
137550,6377
137550,48780
137550,44191
137550,5445
137550,2762
137550,7022
137550,2951
137550,3703
137550,2011
137550,1136
70154,1198
70154,1136
70154,1201
70154,593
70154,4993
70154,1200
70154,1272
70154,1266
70154,1262
70154,318
132049,8961
132049,58559
132049,71057
132049,72998
132049,6754
132049,71535
132049,68319
132049,48780
132049,41566
132049,53996
43513,6874
43513,3147
43513,2762
43513,858
43513,2329
43513,110
43513,541
43513,293
43513,1221
43513,4306
30510,58559
30510,2571
30510,778
30510,293
30510,6711
30510,63082
30510,30707
30510,64614
30510,6953
30510,6377
127671,356
127671,7361
127671,1080
127671,46578
127671,3000
127671,50872
127671,1073
127671,38038
127671,44191
127671,588
4910,87232
4910,73017
4910,89745
4910,76093
4910,95510
4910,5952
4910,4993
4910,1196
4910,260
4910,51662
19675,76251
19675,58559
19675,6539
19675,44191
19675,56367
19675,68954
19675,95510
19675,71535
19675,78499
19675,69844
91484,2918
91484,2115
91484,68954
91484,58559
91484,59784
91484,53125
91484,1240
91484,73017
91484,76093
91484,589
60100,63082
60100,56367
60100,73023
60100,3911
60100,3450
60100,2423
60100,64575
60100,46578
60100,2804
60100,3100
73132,54736
73132,3256
73132,161
73132,1250
73132,1792
73132,27816
73132,43396
73132,6213
73132,527
73132,26614
102999,33794
102999,4993
102999,110
102999,3114
102999,102445
102999,87232
102999,60069
102999,3256
102999,1270
102999,912
4483,6331
4483,5669
4483,5952
4483,44195
4483,33794
4483,7160
4483,8966
4483,32587
4483,8970
4483,48516
49508,72998
49508,79132
49508,4995
49508,33660
49508,2762
49508,293
49508,2571
49508,68954
49508,47610
49508,81845
115679,4226
115679,44191
115679,3000
115679,1527
115679,527
115679,48774
115679,29
115679,293
115679,32
115679,4306
122587,318
122587,4995
122587,908
122587,105504
122587,953
122587,63082
122587,1234
122587,912
122587,527
122587,1704
33223,931
33223,8337
33223,7121
33223,1231
33223,3504
33223,906
33223,50
33223,2206
33223,7728
33223,1299
125937,541
125937,6773
125937,2858
125937,2324
125937,1136
125937,1193
125937,7090
125937,1
125937,293
125937,593
81726,318
81726,79132
81726,4963
81726,2571
81726,7153
81726,7438
81726,8644
81726,44191
81726,6377
81726,48516
96348,2858
96348,48516
96348,55820
96348,49530
96348,60766
96348,30707
96348,63082
96348,7502
96348,43376
96348,27815
76381,4226
76381,6385
76381,2997
76381,33166
76381,1193
76381,1704
76381,50
76381,8645
76381,6711
76381,4027
38148,5349
38148,1610
38148,5445
38148,457
38148,1641
38148,1393
38148,1266
38148,1258
38148,377
38148,1625
27816,6365
27816,924
27816,1089
27816,3949
27816,68157
27816,2858
27816,296
27816,4995
27816,4011
27816,592
8120,296
8120,318
8120,2762
8120,6539
8120,2959
8120,8961
8120,4226
8120,1246
8120,337
8120,527
65855,54001
65855,40815
65855,56152
65855,8961
65855,5816
65855,6539
65855,78499
65855,6266
65855,7380
65855,595
60301,50
60301,296
60301,4226
60301,904
60301,750
60301,1193
60301,1617
60301,1089
60301,7361
60301,1203
80427,1254
80427,904
80427,912
80427,3435
80427,858
80427,919
80427,3801
80427,1198
80427,150
80427,1225
36477,4993
36477,1198
36477,2858
36477,2329
36477,6711
36477,7153
36477,1617
36477,541
36477,6867
36477,8784
66305,81845
66305,58559
66305,63082
66305,70286
66305,50872
66305,60069
66305,79132
66305,54286
66305,98809
66305,48516
117311,356
117311,780
117311,1270
117311,2571
117311,1265
117311,1196
117311,1210
117311,480
117311,1198
117311,648
118532,1265
118532,4973
118532,32587
118532,76251
118532,69757
118532,608
118532,1258
118532,3556
118532,1206
118532,1653
123641,1206
123641,2959
123641,590
123641,67255
123641,1225
123641,2360
123641,778
123641,1682
123641,1246
123641,81845
100527,6377
100527,60069
100527,2571
100527,2959
100527,4011
100527,2291
100527,6874
100527,56367
100527,4878
100527,608
25192,32587
25192,318
25192,2502
25192,3671
25192,1291
25192,924
25192,2788
25192,29
25192,1036
25192,3681
77750,49272
77750,2706
77750,5418
77750,55765
77750,480
77750,780
77750,1923
77750,5989
77750,48385
77750,3949
24679,7153
24679,296
24679,2959
24679,1210
24679,1214
24679,5952
24679,527
24679,4973
24679,593
24679,1527
104510,4993
104510,296
104510,2571
104510,1196
104510,593
104510,527
104510,1213
104510,3996
104510,1961
104510,7147
39754,1228
39754,318
39754,1288
39754,1704
39754,48516
39754,2762
39754,1292
39754,6787
39754,1276
39754,750
18770,2959
18770,47
18770,541
18770,318
18770,593
18770,1258
18770,1097
18770,4262
18770,1997
18770,1259
135018,4306
135018,45447
135018,4995
135018,3147
135018,55765
135018,780
135018,318
135018,6378
135018,5418
135018,1580
86952,1206
86952,1291
86952,4963
86952,4878
86952,480
86952,1258
86952,3275
86952,2997
86952,608
86952,55820
104521,50
104521,1089
104521,2762
104521,593
104521,356
104521,7438
104521,19
104521,527
104521,5445
104521,165
105098,60069
105098,1196
105098,6377
105098,3793
105098,4886
105098,1291
105098,68954
105098,31658
105098,34405
105098,66934
42025,2762
42025,68954
42025,318
42025,78499
42025,2739
42025,1962
42025,3969
42025,5014
42025,3147
42025,69712
6060,1213
6060,608
6060,2959
6060,7361
6060,2700
6060,2657
6060,8507
6060,4993
6060,318
6060,1
56471,7361
56471,4878
56471,1968
56471,68157
56471,4226
56471,1704
56471,64614
56471,1345
56471,58559
56471,79132
38856,5418
38856,7153
38856,5952
38856,4993
38856,6539
38856,4886
38856,2918
38856,44191
38856,318
38856,2628
57545,296
57545,8949
57545,260
57545,1923
57545,1036
57545,2791
57545,2997
57545,750
57545,21
57545,2918
119201,47
119201,8957
119201,296
119201,3949
119201,587
119201,5989
119201,58559
119201,1258
119201,2329
119201,4370
112236,44694
112236,4235
112236,63082
112236,5319
112236,2324
112236,6016
112236,3967
112236,82
112236,2692
112236,30749
42666,480
42666,87232
42666,80463
42666,1
42666,3793
42666,72998
42666,4995
42666,3147
42666,48780
42666,588
85914,48516
85914,4262
85914,110
85914,4963
85914,1704
85914,5954
85914,5903
85914,59315
85914,44191
85914,4993
105461,527
105461,4963
105461,648
105461,63082
105461,33166
105461,1573
105461,60753
105461,34162
105461,48385
105461,2683
75580,33794
75580,58559
75580,8665
75580,44191
75580,68954
75580,51662
75580,72998
75580,54286
75580,8961
75580,60684
31382,6188
31382,4963
31382,2502
31382,34162
31382,4489
31382,8636
31382,104
31382,2329
31382,1639
31382,318
130881,2762
130881,110
130881,4973
130881,2858
130881,5952
130881,356
130881,1193
130881,58559
130881,858
130881,2324
18915,45722
18915,318
18915,356
18915,46578
18915,54503
18915,5989
18915,1682
18915,3578
18915,296
18915,59315
119820,1136
119820,1704
119820,356
119820,1917
119820,457
119820,1961
119820,780
119820,4995
119820,3793
119820,34
42784,38038
42784,45517
42784,41566
42784,60069
42784,44709
42784,46578
42784,47099
42784,46530
42784,34048
42784,44195
2948,1682
2948,5349
2948,780
2948,1136
2948,4886
2948,4963
2948,3527
2948,608
2948,1258
2948,2115
2748,745
2748,1270
2748,1198
2748,1
2748,1196
2748,6377
2748,4886
2748,3114
2748,6333
2748,318
4364,60069
4364,53996
4364,1210
4364,1196
4364,33794
4364,5816
4364,2571
4364,6934
4364,59784
4364,1
32691,2959
32691,1222
32691,111
32691,1213
32691,1208
32691,1732
32691,968
32691,47
32691,260
32691,50
12849,2762
12849,2396
12849,47
12849,1193
12849,1380
12849,318
12849,3967
12849,6711
12849,1682
12849,6539
81823,2858
81823,4226
81823,79132
81823,296
81823,778
81823,48774
81823,70286
81823,593
81823,1089
81823,293
55753,2959
55753,296
55753,96610
55753,223
55753,88744
55753,99114
55753,72998
55753,318
55753,32587
55753,1527
106236,97304
106236,48516
106236,79132
106236,2959
106236,68157
106236,49530
106236,6016
106236,2858
106236,47
106236,1193
56978,54001
56978,44191
56978,102445
56978,73017
56978,48780
56978,45499
56978,69844
56978,34072
56978,89745
56978,91529
81740,50872
81740,40815
81740,96079
81740,8368
81740,8984
81740,41566
81740,8949
81740,53322
81740,72998
81740,25769
113722,48516
113722,99114
113722,31685
113722,7458
113722,34162
113722,79132
113722,5956
113722,59369
113722,5010
113722,111759
87978,593
87978,3703
87978,1198
87978,32
87978,296
87978,589
87978,34405
87978,750
87978,1136
87978,1197
65019,55820
65019,98154
65019,57669
65019,89904
65019,8949
65019,69481
65019,45210
65019,73023
65019,106766
65019,30812
5352,2670
5352,6856
5352,8337
5352,3871
5352,3035
5352,3507
5352,3365
5352,4710
5352,8958
5352,3494
86204,786
86204,377
86204,1240
86204,47
86204,1573
86204,454
86204,2353
86204,903
86204,32
86204,2762
33690,68954
33690,53972
33690,38061
33690,46976
33690,54259
33690,35836
33690,44828
33690,79132
33690,76093
33690,79702
3424,1610
3424,163
3424,2278
3424,356
3424,2959
3424,541
3424,1136
3424,8665
3424,2762
3424,6874
12952,4993
12952,480
12952,59315
12952,260
12952,1210
12952,5952
12952,7153
12952,49272
12952,589
12952,53125
113003,296
113003,4226
113003,47
113003,318
113003,48394
113003,33166
113003,4306
113003,2329
113003,44191
113003,86882
92944,1
92944,5349
92944,8636
92944,231
92944,586
92944,4623
92944,2011
92944,1580
92944,1954
92944,104
88648,527
88648,6385
88648,6299
88648,3996
88648,356
88648,2324
88648,1097
88648,4014
88648,6773
88648,6377
75373,293
75373,2858
75373,1208
75373,593
75373,527
75373,2571
75373,31410
75373,1193
75373,4235
75373,778
137435,318
137435,296
137435,79132
137435,4973
137435,7361
137435,4011
137435,68157
137435,44191
137435,6711
137435,6874
22178,1136
22178,4306
22178,8961
22178,480
22178,551
22178,1
22178,1198
22178,6350
22178,7099
22178,54259
77792,4973
77792,1198
77792,7153
77792,1197
77792,4993
77792,7361
77792,60069
77792,50
77792,81845
77792,44191
44459,648
44459,589
44459,88125
44459,91542
44459,1036
44459,3638
44459,76093
44459,72998
44459,3623
44459,165
131408,2011
131408,590
131408,608
131408,4308
131408,6942
131408,2406
131408,50
131408,4886
131408,353
131408,110
55588,1213
55588,2329
55588,296
55588,54286
55588,48516
55588,1198
55588,260
55588,33794
55588,68157
55588,64614
6294,63082
6294,2959
6294,79132
6294,296
6294,2858
6294,76093
6294,78499
6294,1569
6294,356
6294,72011
128756,7700
128756,46855
128756,26151
128756,26208
128756,6920
128756,7926
128756,25805
128756,7043
128756,8786
128756,6981
52514,71379
52514,48394
52514,2683
52514,4720
52514,81562
52514,48738
52514,6502
52514,64614
52514,318
52514,55820
72,1193
72,2918
72,318
72,1923
72,608
72,527
72,1246
72,1225
72,1270
72,2762
72337,30812
72337,5810
72337,5377
72337,4995
72337,2329
72337,3897
72337,4844
72337,5902
72337,8948
72337,2011
44749,2571
44749,5349
44749,4886
44749,364
44749,4993
44749,1198
44749,1196
44749,1580
44749,58559
44749,3793
48574,5690
48574,541
48574,356
48574,2716
48574,26662
48574,1210
48574,588
48574,589
48574,296
48574,110
136751,3421
136751,5060
136751,2791
136751,296
136751,608
136751,3671
136751,1953
136751,2716
136751,50
136751,2762
132195,316
132195,2268
132195,1266
132195,293
132195,1653
132195,589
132195,2826
132195,4223
132195,2231
132195,44191
131800,2571
131800,593
131800,7361
131800,4973
131800,8950
131800,1206
131800,1258
131800,1464
131800,32
131800,50
120076,2571
120076,2716
120076,296
120076,356
120076,1214
120076,79132
120076,70286
120076,91500
120076,81229
120076,1198
101998,858
101998,50
101998,5952
101998,4226
101998,4995
101998,4011
101998,293
101998,1193
101998,1270
101998,6874
33317,2858
33317,1265
33317,1732
33317,4973
33317,79132
33317,1291
33317,1198
33317,2762
33317,2115
33317,2987
122919,7153
122919,2571
122919,2467
122919,1200
122919,527
122919,4306
122919,912
122919,1625
122919,1266
122919,356
100635,48738
100635,60069
100635,99114
100635,35836
100635,8784
100635,36529
100635,54286
100635,40278
100635,47610
100635,39292
87812,6377
87812,1265
87812,2987
87812,2291
87812,110
87812,2080
87812,2791
87812,2355
87812,1274
87812,3578
6148,47
6148,51086
6148,69122
6148,106782
6148,84152
6148,58559
6148,356
6148,54286
6148,44665
6148,1704
53407,60069
53407,6377
53407,63082
53407,7361
53407,58559
53407,72998
53407,4878
53407,62081
53407,44191
53407,4886
47694,2424
47694,7444
47694,4995
47694,7173
47694,4025
47694,357
47694,50160
47694,4700
47694,69253
47694,2396
103646,32
103646,597
103646,260
103646,33794
103646,2000
103646,1258
103646,778
103646,2539
103646,2542
103646,48780
9929,1704
9929,2858
9929,2248
9929,50
9929,1247
9929,2291
9929,2134
9929,1290
9929,527
9929,1196
83675,110
83675,1259
83675,1198
83675,1036
83675,356
83675,296
83675,8340
83675,2028
83675,1387
83675,1270
111345,364
111345,527
111345,4995
111345,2959
111345,593
111345,3147
111345,6874
111345,5989
111345,4226
111345,8961
92218,2959
92218,260
92218,442
92218,356
92218,541
92218,1580
92218,1372
92218,3033
92218,1748
92218,318
18824,110
18824,8636
18824,4963
18824,49530
18824,7445
18824,2959
18824,2329
18824,5349
18824,356
18824,4993
4811,593
4811,296
4811,356
4811,5952
4811,33493
4811,49272
4811,1527
4811,380
4811,344
4811,2683
110773,2716
110773,858
110773,1961
110773,2762
110773,2858
110773,58559
110773,1221
110773,3949
110773,165
110773,480
137105,47
137105,608
137105,1089
137105,541
137105,1206
137105,4993
137105,32587
137105,1961
137105,590
137105,4306
72913,2028
72913,527
72913,1704
72913,318
72913,3418
72913,5989
72913,3578
72913,3505
72913,2194
72913,4963
136091,2329
136091,2762
136091,1240
136091,1090
136091,8340
136091,32
136091,4226
136091,457
136091,165
136091,541
138077,5952
138077,4993
138077,32
138077,2571
138077,593
138077,4226
138077,7361
138077,2502
138077,6502
138077,7153
41047,5991
41047,4896
41047,6218
41047,5377
41047,33166
41047,8949
41047,40819
41047,858
41047,35836
41047,4018
90921,6539
90921,110
90921,2959
90921,1527
90921,7439
90921,31696
90921,60684
90921,68358
90921,2167
90921,5026
135275,608
135275,50
135275,2329
135275,356
135275,47
135275,2858
135275,4226
135275,527
135275,32
135275,55820
7296,58559
7296,2571
7296,1732
7296,293
7296,7361
7296,1213
7296,5618
7296,1
7296,110
7296,527
128319,593
128319,2329
128319,6016
128319,1704
128319,648
128319,750
128319,7022
128319,2716
128319,4993
128319,27846
98728,3578
98728,733
98728,6377
98728,7153
98728,50
98728,110
98728,32587
98728,4027
98728,32
98728,318
94435,318
94435,296
94435,2959
94435,32
94435,480
94435,2762
94435,1198
94435,260
94435,2858
94435,2571
61854,2918
61854,6377
61854,4246
61854,2671
61854,2572
61854,356
61854,4886
61854,5299
61854,6218
61854,4025
65293,50
65293,3147
65293,231
65293,527
65293,480
65293,2858
65293,2329
65293,1097
65293,4993
65293,2411
53187,1237
53187,3362
53187,858
53187,2208
53187,924
53187,4298
53187,8154
53187,3736
53187,7327
53187,7132
119981,30707
119981,63082
119981,8529
119981,30825
119981,59315
119981,53996
119981,39446
119981,44022
119981,31685
119981,30812
9998,8961
9998,4993
9998,2571
9998,7438
9998,1196
9998,6539
9998,4306
9998,5816
9998,8368
9998,1210
12523,1291
12523,1210
12523,1036
12523,2028
12523,54286
12523,44191
12523,4886
12523,49272
12523,589
12523,1270
72519,780
72519,36529
72519,4306
72519,58295
72519,44665
72519,1580
72519,3578
72519,33679
72519,2858
72519,48780
22609,1
22609,6377
22609,1097
22609,745
22609,1214
22609,1198
22609,329
22609,5349
22609,589
22609,1240
15121,81847
15121,356
15121,8533
15121,1197
15121,1721
15121,81845
15121,595
15121,6942
15121,7153
15121,72641
7488,527
7488,1193
7488,1219
7488,1136
7488,908
7488,1304
7488,1252
7488,1198
7488,904
7488,1201
10281,2918
10281,54286
10281,3897
10281,1197
10281,969
10281,1784
10281,5989
10281,4027
10281,356
10281,1704
49573,1240
49573,5418
49573,588
49573,44191
49573,527
49573,8360
49573,1197
49573,1291
49573,377
49573,1214
16824,8961
16824,79132
16824,99114
16824,87232
16824,480
16824,1653
16824,33679
16824,588
16824,2115
16824,53996
45925,589
45925,260
45925,1270
45925,1196
45925,1240
45925,6537
45925,34048
45925,85414
45925,1580
45925,1682
85251,59315
85251,7361
85251,87232
85251,4878
85251,7153
85251,60069
85251,1682
85251,47
85251,44665
85251,72998
23656,1569
23656,6155
23656,8533
23656,36525
23656,7293
23656,2125
23656,5299
23656,4823
23656,6765
23656,4025
118948,70
118948,589
118948,1240
118948,3300
118948,2232
118948,1320
118948,353
118948,541
118948,1127
118948,5833
16713,4226
16713,47
16713,1258
16713,1206
16713,541
16713,7153
16713,1252
16713,4993
16713,1198
16713,527
57425,593
57425,47
57425,364
57425,3578
57425,6377
57425,5349
57425,78499
57425,4011
57425,1198
57425,1222
51919,6378
51919,8665
51919,1645
51919,4018
51919,3275
51919,6539
51919,5218
51919,33679
51919,5989
51919,318
36086,4306
36086,8961
36086,595
36086,1197
36086,1198
36086,81845
36086,79132
36086,2571
36086,527
36086,50872
87918,356
87918,296
87918,2959
87918,1196
87918,4973
87918,1265
87918,318
87918,4873
87918,81591
87918,4878
107964,2959
107964,4306
107964,4995
107964,110
107964,3578
107964,5989
107964,55247
107964,4226
107964,64622
107964,7153
135075,48394
135075,68358
135075,35836
135075,48774
135075,34319
135075,46578
135075,47200
135075,36529
135075,56145
135075,31696
100578,8874
100578,6502
100578,1215
100578,2003
100578,4993
100578,1210
100578,1291
100578,44828
100578,7360
100578,7373
124204,8360
124204,6333
124204,5445
124204,5218
124204,8636
124204,3081
124204,2858
124204,1645
124204,588
124204,5679
114777,2858
114777,608
114777,527
114777,4226
114777,1221
114777,79132
114777,1193
114777,50
114777,7361
114777,904
106549,6377
106549,364
106549,60069
106549,1210
106549,7099
106549,26776
106549,5690
106549,50872
106549,527
106549,589
122909,5816
122909,3675
122909,7212
122909,45447
122909,7082
122909,1269
122909,31685
122909,339
122909,1028
122909,2565
50282,4886
50282,4963
50282,4306
50282,1704
50282,356
50282,48516
50282,4995
50282,7153
50282,7361
50282,527
15940,4993
15940,858
15940,318
15940,904
15940,750
15940,608
15940,2858
15940,1270
15940,110
15940,2186
28635,47
28635,527
28635,6377
28635,1
28635,593
28635,1197
28635,110
28635,2028
28635,3578
28635,2115
93252,318
93252,7361
93252,8368
93252,2858
93252,4014
93252,4973
93252,44555
93252,1704
93252,527
93252,4226
23190,73017
23190,68954
23190,85414
23190,70286
23190,79132
23190,84954
23190,48780
23190,68157
23190,74458
23190,81229
11767,47
11767,318
11767,593
11767,49272
11767,32587
11767,50
11767,1089
11767,4226
11767,88129
11767,1213
1776,7153
1776,32
1776,5952
1776,2918
1776,4226
1776,1196
1776,2502
1776,1197
1776,527
1776,1136
57999,4306
57999,364
57999,356
57999,88125
57999,318
57999,69844
57999,6377
57999,4886
57999,597
57999,595
37947,527
37947,356
37947,1357
37947,5791
37947,302
37947,1721
37947,8485
37947,2324
37947,1653
37947,2396
36126,1136
36126,356
36126,5952
36126,4306
36126,110
36126,3052
36126,32587
36126,3996
36126,527
36126,8961
75572,6539
75572,6936
75572,1196
75572,783
75572,1035
75572,780
75572,3034
75572,1198
75572,2617
75572,5459
62633,1080
62633,81845
62633,79132
62633,750
62633,51255
62633,55820
62633,68157
62633,58559
62633,1237
62633,1089
92902,30749
92902,8958
92902,37741
92902,39292
92902,7361
92902,3469
92902,6777
92902,6867
92902,8961
92902,1207
2092,318
2092,2571
2092,47
2092,4896
2092,8368
2092,4720
2092,4963
2092,1407
2092,34532
2092,49272
11293,8874
11293,44191
11293,79132
11293,56367
11293,46578
11293,59387
11293,69757
11293,48774
11293,61240
11293,56715
10988,2571
10988,2959
10988,1196
10988,1214
10988,4993
10988,6874
10988,593
10988,1258
10988,7022
10988,1240
394,38061
394,6331
394,56367
394,8949
394,34405
394,162
394,56782
394,5602
394,3683
394,72226
39100,2762
39100,1704
39100,1097
39100,2000
39100,1198
39100,593
39100,858
39100,733
39100,110
39100,500
44321,5878
44321,7361
44321,41285
44321,8873
44321,30793
44321,8981
44321,8970
44321,56367
44321,8966
44321,33004
69999,608
69999,908
69999,1641
69999,150
69999,1198
69999,1304
69999,2150
69999,539
69999,508
69999,1674
15169,58559
15169,110
15169,1527
15169,1
15169,33794
15169,318
15169,364
15169,780
15169,8961
15169,1917
73607,44191
73607,318
73607,919
73607,48774
73607,1258
73607,4226
73607,48780
73607,47
73607,541
73607,63082
29873,1210
29873,480
29873,380
29873,5349
29873,260
29873,1196
29873,4993
29873,1393
29873,1580
29873,648
96693,1210
96693,4878
96693,50
96693,2571
96693,2959
96693,111
96693,1258
96693,4993
96693,356
96693,32587
104869,1291
104869,5445
104869,648
104869,8368
104869,32587
104869,589
104869,2028
104869,48516
104869,76093
104869,73017
76153,79132
76153,2959
76153,4878
76153,56367
76153,2291
76153,2858
76153,6874
76153,94959
76153,39183
76153,45720
1147,6711
1147,1258
1147,1273
1147,3160
1147,1212
1147,1245
1147,1206
1147,1305
1147,7361
1147,2858
62380,47
62380,318
62380,5989
62380,5299
62380,2329
62380,1784
62380,5810
62380,231
62380,48385
62380,40819
130605,1721
130605,593
130605,56367
130605,1259
130605,1246
130605,1225
130605,6870
130605,36
130605,1674
130605,2997
69561,2959
69561,2571
69561,1748
69561,3355
69561,288
69561,69951
69561,6874
69561,1222
69561,46578
69561,70159
70176,46578
70176,63082
70176,2959
70176,318
70176,6377
70176,2858
70176,2762
70176,68157
70176,6711
70176,81845
78671,4226
78671,50
78671,2858
78671,318
78671,593
78671,1089
78671,2571
78671,527
78671,2762
78671,1258
53153,32
53153,7361
53153,1198
53153,541
53153,592
53153,1196
53153,2174
53153,2997
53153,101
53153,7327
67712,2329
67712,4993
67712,56367
67712,4995
67712,296
67712,2571
67712,2858
67712,2959
67712,6539
67712,79132
81415,541
81415,33493
81415,356
81415,110
81415,1527
81415,7143
81415,480
81415,2329
81415,4720
81415,1682
98256,50
98256,2329
98256,33794
98256,318
98256,7090
98256,110
98256,48774
98256,293
98256,2115
98256,1270
102714,5989
102714,4963
102714,8984
102714,33493
102714,41566
102714,6863
102714,8784
102714,6188
102714,35836
102714,4896
7806,2762
7806,47
7806,3527
7806,1208
7806,4306
7806,1320
7806,480
7806,3793
7806,6807
7806,3052
132289,32587
132289,4011
132289,4226
132289,7361
132289,6016
132289,4262
132289,858
132289,1193
132289,1213
132289,293
271,68358
271,4995
271,318
271,34405
271,480
271,2413
271,72998
271,4878
271,5903
271,1580
125486,2232
125486,2571
125486,32
125486,2329
125486,55908
125486,1240
125486,293
125486,5445
125486,32587
125486,1089
115626,6539
115626,59315
115626,7153
115626,4963
115626,34405
115626,1198
115626,62
115626,1291
115626,58559
115626,1396
103379,2571
103379,4886
103379,2762
103379,2959
103379,78499
103379,1210
103379,8368
103379,3147
103379,6377
103379,68954
50934,4306
50934,1136
50934,2959
50934,3578
50934,2329
50934,51662
50934,1193
50934,8874
50934,1732
50934,2997
98316,904
98316,5952
98316,1210
98316,318
98316,2959
98316,8636
98316,4306
98316,1036
98316,1234
98316,6539
122693,32587
122693,51662
122693,4963
122693,2628
122693,68157
122693,4306
122693,1580
122693,5349
122693,51255
122693,69122
70905,858
70905,6377
70905,2762
70905,296
70905,2858
70905,4223
70905,593
70905,293
70905,5952
70905,7143
34353,527
34353,2571
34353,593
34353,318
34353,5995
34353,44555
34353,50
34353,99114
34353,2692
34353,4226
113656,1
113656,4886
113656,8961
113656,8360
113656,5952
113656,60069
113656,53125
113656,2687
113656,5349
113656,3793
63377,3527
63377,2959
63377,1206
63377,32587
63377,2716
63377,1080
63377,924
63377,8874
63377,2288
63377,33493
16275,480
16275,48516
16275,1198
16275,318
16275,3578
16275,7153
16275,2028
16275,49272
16275,1291
16275,50
71342,1246
71342,2291
71342,45722
71342,595
71342,4886
71342,33794
71342,47
71342,778
71342,7147
71342,30793
17818,1270
17818,1982
17818,2706
17818,587
17818,16
17818,3527
17818,4995
17818,5049
17818,4489
17818,1120
53382,1222
53382,2571
53382,1213
53382,593
53382,70286
53382,35836
53382,1214
53382,4011
53382,58998
53382,55820
16174,1610
16174,784
16174,2054
16174,5418
16174,1961
16174,736
16174,3450
16174,39
16174,8665
16174,1722
8035,2762
8035,923
8035,2918
8035,6377
8035,8961
8035,1923
8035,2396
8035,1080
8035,593
8035,1079
111541,318
111541,1197
111541,1198
111541,541
111541,4306
111541,50
111541,4555
111541,1307
111541,608
111541,1097
82708,2716
82708,1080
82708,260
82708,318
82708,1089
82708,8961
82708,293
82708,2804
82708,6377
82708,1610
60699,595
60699,6377
60699,4306
60699,48516
60699,1923
60699,63082
60699,33679
60699,4226
60699,47
60699,4995
19461,733
19461,47
19461,500
19461,6539
19461,1580
19461,1721
19461,3578
19461,1210
19461,110
19461,5989
117546,2858
117546,7153
117546,4306
117546,1527
117546,5445
117546,5418
117546,5989
117546,4226
117546,480
117546,32
121793,52973
121793,3897
121793,318
121793,33166
121793,4239
121793,55820
121793,40819
121793,1704
121793,8784
121793,2762
23461,2762
23461,588
23461,1197
23461,60069
23461,79132
23461,5618
23461,56367
23461,1682
23461,31658
23461,4886
4181,1374
4181,60069
4181,76251
4181,44191
4181,3793
4181,356
4181,2115
4181,76093
4181,96079
4181,91542
73302,1961
73302,260
73302,1196
73302,6539
73302,318
73302,110
73302,5377
73302,3147
73302,1617
73302,3114
23867,593
23867,318
23867,111
23867,2858
23867,1394
23867,1193
23867,47
23867,2109
23867,68157
23867,2329
123833,44191
123833,41569
123833,41566
123833,40583
123833,33166
123833,37741
123833,41997
123833,34405
123833,35836
123833,37727
9526,4306
9526,31685
9526,36525
9526,5066
9526,5218
9526,33679
9526,59421
9526,50802
9526,8360
9526,5620
64153,527
64153,593
64153,6874
64153,318
64153,2329
64153,47
64153,6377
64153,3147
64153,4034
64153,4878
54572,2762
54572,50
54572,4973
54572,858
54572,2858
54572,4886
54572,527
54572,593
54572,3996
54572,2028
37723,858
37723,5952
37723,2959
37723,7153
37723,260
37723,7438
37723,356
37723,7361
37723,318
37723,1198
134609,40815
134609,1270
134609,2571
134609,7153
134609,5952
134609,33493
134609,6539
134609,1580
134609,5816
134609,45722
27647,111
27647,541
27647,1527
27647,27904
27647,6874
27647,7044
27647,3535
27647,1219
27647,3503
27647,3160
4534,2096
4534,5816
4534,2125
4534,2
4534,7293
4534,45517
4534,1688
4534,1721
4534,4308
4534,56949
112301,2959
112301,2291
112301,8981
112301,48696
112301,4848
112301,4878
112301,111
112301,5673
112301,48774
112301,3176
138446,1028
138446,68358
138446,1197
138446,58559
138446,919
138446,3114
138446,364
138446,41566
138446,98809
138446,28
98592,68358
98592,4226
98592,1270
98592,527
98592,6874
98592,1653
98592,48780
98592,1089
98592,741
98592,48394
99630,1196
99630,260
99630,2858
99630,288
99630,1729
99630,2657
99630,70
99630,1193
99630,1210
99630,1220
52727,4963
52727,58559
52727,592
52727,165
52727,3793
52727,8874
52727,68358
52727,1732
52727,1370
52727,1517
15726,97913
15726,97938
15726,99114
15726,78499
15726,94864
15726,103141
15726,92259
15726,72407
15726,68954
15726,69844
118860,920
118860,1784
118860,4995
118860,1035
118860,527
118860,8533
118860,912
118860,593
118860,1307
118860,1101
104737,4973
104737,2571
104737,1408
104737,1356
104737,2716
104737,3448
104737,1204
104737,318
104737,1233
104737,3578
114120,47
114120,6874
114120,293
114120,1240
114120,2329
114120,1573
114120,32
114120,32587
114120,648
114120,110
105966,5445
105966,50
105966,2858
105966,68157
105966,150
105966,2683
105966,54286
105966,6
105966,2716
105966,5349
53216,8641
53216,67087
53216,69122
53216,63131
53216,7361
53216,5952
53216,58998
53216,60756
53216,5110
53216,1197
28765,8641
28765,924
28765,32
28765,3671
28765,1270
28765,1208
28765,19
28765,2329
28765,1215
28765,296
3569,3421
3569,2502
3569,104
3569,8961
3569,2640
3569,2795
3569,2716
3569,2804
3569,1517
3569,1663
614,56171
614,98809
614,48774
614,8970
614,1175
614,81845
614,4973
614,6539
614,45880
614,2336
102057,1265
102057,1580
102057,2762
102057,1210
102057,457
102057,377
102057,527
102057,110
102057,5952
102057,7153
12802,41569
12802,36517
12802,33493
12802,33166
12802,34162
12802,40815
12802,41566
12802,35957
12802,36529
12802,8950
36362,5679
36362,2762
36362,8957
36362,593
36362,58559
36362,48516
36362,2329
36362,4963
36362,356
36362,4995
92003,46976
92003,44191
92003,1
92003,68954
92003,59784
92003,3114
92003,51255
92003,356
92003,2572
92003,1270
21513,1374
21513,260
21513,1196
21513,5952
21513,593
21513,318
21513,68358
21513,50
21513,1198
21513,60069
103973,8961
103973,296
103973,1
103973,1240
103973,4306
103973,3147
103973,49530
103973,1408
103973,2231
103973,648
65431,58559
65431,33660
65431,53996
65431,77561
65431,34534
65431,86332
65431,63113
65431,60074
65431,49530
65431,58295
76837,7153
76837,5952
76837,2858
76837,3996
76837,296
76837,32
76837,2997
76837,593
76837,1527
76837,1175
41916,593
41916,260
41916,2858
41916,589
41916,7153
41916,1210
41916,1270
41916,608
41916,2762
41916,356
40053,48516
40053,79132
40053,62849
40053,38061
40053,46578
40053,2542
40053,48780
40053,296
40053,58559
40053,74458
132393,97304
132393,8970
132393,1193
132393,150
132393,63876
132393,4857
132393,3471
132393,920
132393,527
132393,1304
129123,593
129123,2918
129123,1240
129123,5418
129123,2571
129123,608
129123,1617
129123,1234
129123,1610
129123,1580
87502,4878
87502,30793
87502,5618
87502,1136
87502,6773
87502,48385
87502,48774
87502,58559
87502,4979
87502,2502
116873,1961
116873,4886
116873,595
116873,41566
116873,7153
116873,6377
116873,260
116873,1246
116873,3114
116873,590
46780,296
46780,356
46780,858
46780,7153
46780,5952
46780,593
46780,527
46780,4226
46780,2858
46780,8636
34856,79091
34856,71535
34856,106487
34856,38038
34856,52973
34856,54272
34856,45722
34856,47610
34856,72011
34856,103335
121180,2571
121180,8961
121180,356
121180,68954
121180,60069
121180,58559
121180,4886
121180,3147
121180,318
121180,2959
109022,2502
109022,296
109022,2791
109022,1222
109022,1517
109022,2959
109022,2858
109022,47
109022,2000
109022,2683
35452,2248
35452,47
35452,1210
35452,3996
35452,44191
35452,4995
35452,1270
35452,3897
35452,4011
35452,4896
93225,6539
93225,1704
93225,356
93225,608
93225,1210
93225,1198
93225,2571
93225,2028
93225,110
93225,2918
37523,2028
37523,1222
37523,4226
37523,356
37523,2959
37523,7153
37523,1266
37523,1617
37523,1201
37523,2858
65781,73017
65781,68954
65781,44191
65781,59315
65781,48780
65781,356
65781,318
65781,60069
65781,31658
65781,6377
121639,7361
121639,48516
121639,2959
121639,1617
121639,904
121639,111
121639,1222
121639,1221
121639,4973
121639,61240
112934,608
112934,1198
112934,50
112934,318
112934,2571
112934,150
112934,1240
112934,648
112934,344
112934,3578
126680,1222
126680,2858
126680,6874
126680,2028
126680,3578
126680,4973
126680,7438
126680,27773
126680,1240
126680,6016
82055,480
82055,1682
82055,587
82055,4226
82055,50
82055,780
82055,592
82055,2268
82055,1293
82055,1721
30707,1947
30707,3072
30707,4062
30707,7215
30707,2779
30707,1784
30707,2690
30707,3606
30707,4799
30707,6480
98885,296
98885,6796
98885,50
98885,2329
98885,6953
98885,2858
98885,555
98885,2959
98885,4262
98885,34437
21495,7153
21495,2571
21495,3000
21495,4886
21495,73017
21495,3081
21495,1721
21495,26662
21495,8961
21495,1
828,318
828,2959
828,6539
828,40815
828,4896
828,5989
828,4011
828,3000
828,6378
828,1210
126497,608
126497,1961
126497,17
126497,923
126497,1307
126497,904
126497,1252
126497,919
126497,969
126497,296
99580,47
99580,78499
99580,48394
99580,2858
99580,541
99580,589
99580,70286
99580,293
99580,50
99580,72998
7083,4886
7083,1721
7083,5445
7083,8961
7083,2706
7083,47
7083,380
7083,4963
7083,648
7083,2011
101165,1265
101165,70286
101165,1212
101165,750
101165,541
101165,59315
101165,5418
101165,1641
101165,79132
101165,1240
11768,260
11768,480
11768,1198
11768,356
11768,2028
11768,593
11768,318
11768,2858
11768,541
11768,2762
128666,648
128666,1198
128666,356
128666,593
128666,5445
128666,318
128666,2700
128666,6365
128666,2683
128666,8961
5450,33794
5450,6323
5450,1682
5450,1580
5450,6281
5450,49286
5450,8529
5450,4874
5450,7293
5450,1784
109537,79132
109537,1213
109537,2762
109537,608
109537,912
109537,2858
109537,2571
109537,2959
109537,2324
109537,926
114773,4226
114773,7361
114773,2762
114773,592
114773,1240
114773,608
114773,33794
114773,223
114773,48394
114773,253
95332,1580
95332,296
95332,8961
95332,318
95332,2571
95332,1136
95332,1270
95332,4995
95332,110
95332,8360
91541,1197
91541,260
91541,8961
91541,457
91541,40819
91541,1961
91541,34162
91541,3360
91541,2302
91541,3671
93063,923
93063,1197
93063,5291
93063,903
93063,912
93063,527
93063,1207
93063,50
93063,593
93063,4226
122033,1580
122033,6377
122033,110
122033,356
122033,318
122033,33794
122033,4963
122033,380
122033,457
122033,8360
33092,7090
33092,908
33092,8665
33092,904
33092,2692
33092,4963
33092,49272
33092,54286
33092,70286
33092,5902
78273,2959
78273,44
78273,333
78273,356
78273,344
78273,3979
78273,4239
78273,520
78273,2335
78273,2296
92705,356
92705,1
92705,4886
92705,44191
92705,98809
92705,318
92705,3578
92705,3114
92705,5995
92705,527
75198,7361
75198,47
75198,527
75198,2329
75198,3578
75198,5445
75198,1704
75198,1617
75198,1527
75198,2028
40790,5952
40790,1210
40790,2762
40790,3578
40790,110
40790,318
40790,5903
40790,2028
40790,3527
40790,50
43527,68954
43527,80463
43527,55820
43527,2858
43527,296
43527,7361
43527,78499
43527,4878
43527,1193
43527,60069
38663,44864
38663,44195
38663,39449
38663,30898
38663,39444
38663,6879
38663,33679
38663,45062
38663,8910
38663,6552
58692,46578
58692,3000
58692,46976
58692,58559
58692,65261
58692,4979
58692,30810
58692,72226
58692,904
58692,4993
132132,2762
132132,47
132132,1682
132132,1089
132132,367
132132,74458
132132,480
132132,364
132132,4306
132132,260
81840,5620
81840,2424
81840,708
81840,6979
81840,45668
81840,5377
81840,1527
81840,51412
81840,2572
81840,1726
12956,5445
12956,318
12956,778
12956,32
12956,593
12956,2571
12956,1208
12956,3578
12956,2542
12956,1193
45256,60069
45256,1136
45256,4878
45256,593
45256,70286
45256,6874
45256,7361
45256,50
45256,3996
45256,6377
23903,69122
23903,59784
23903,33794
23903,1291
23903,1198
23903,60040
23903,86332
23903,78469
23903,48780
23903,56174
4410,32291
4410,8949
4410,46578
4410,46967
4410,720
4410,8917
4410,7323
4410,3429
4410,31658
4410,39183
48442,1196
48442,54001
48442,2571
48442,1527
48442,56174
48442,1210
48442,1580
48442,71057
48442,51662
48442,37386
82734,3052
82734,60069
82734,48516
82734,5349
82734,32
82734,1573
82734,253
82734,1073
82734,4027
82734,48780
10436,7153
10436,5952
10436,2174
10436,364
10436,2716
10436,1580
10436,551
10436,2355
10436,2791
10436,2762
78215,150
78215,5010
78215,4993
78215,5952
78215,7143
78215,1408
78215,6539
78215,7162
78215,527
78215,3147
3671,231
3671,2571
3671,2918
3671,34162
3671,8961
3671,8528
3671,48385
3671,3948
3671,1136
3671,2700
125862,2329
125862,91529
125862,296
125862,68157
125862,356
125862,3275
125862,68954
125862,8874
125862,293
125862,55247
94594,110
94594,2028
94594,3578
94594,1193
94594,1270
94594,2762
94594,33794
94594,7361
94594,56367
94594,457
8640,4993
8640,7153
8640,48394
8640,4306
8640,49272
8640,76093
8640,66097
8640,68157
8640,59784
8640,5952
111499,457
111499,318
111499,3578
111499,50
111499,296
111499,1270
111499,2959
111499,480
111499,3147
111499,1961
85330,4993
85330,7153
85330,2959
85330,8961
85330,3996
85330,4886
85330,4878
85330,6365
85330,4973
85330,2997
11727,356
11727,110
11727,4963
11727,318
11727,1270
11727,2028
11727,2944
11727,1291
11727,1198
11727,5952
7578,1291
7578,3471
7578,1302
7578,2918
7578,4306
7578,2987
7578,357
7578,2115
7578,1704
7578,912
68704,58559
68704,1210
68704,260
68704,1196
68704,33794
68704,4886
68704,66934
68704,79132
68704,6377
68704,2761
39105,296
39105,50
39105,2329
39105,2571
39105,356
39105,3578
39105,54286
39105,48516
39105,2028
39105,2918
94571,6539
94571,79132
94571,59315
94571,8665
94571,5445
94571,2571
94571,6333
94571,589
94571,1291
94571,49272
101911,1197
101911,1302
101911,594
101911,953
101911,3114
101911,6539
101911,908
101911,8360
101911,1584
101911,2080
101483,1198
101483,4306
101483,1
101483,1197
101483,480
101483,58559
101483,356
101483,68954
101483,595
101483,364
66523,778
66523,235
66523,1175
66523,8507
66523,2729
66523,6062
66523,1214
66523,5291
66523,1237
66523,27773
68836,541
68836,527
68836,318
68836,4226
68836,2858
68836,2571
68836,858
68836,3996
68836,1617
68836,923
86767,541
86767,608
86767,924
86767,1136
86767,3362
86767,3735
86767,1193
86767,1089
86767,1247
86767,2858
78253,84944
78253,64614
78253,106782
78253,76093
78253,74458
78253,45517
78253,45722
78253,30793
78253,54286
78253,106696
88450,2959
88450,4878
88450,7361
88450,1208
88450,29
88450,1199
88450,3569
88450,541
88450,1732
88450,5618
82902,1527
82902,6539
82902,5418
82902,1210
82902,150
82902,7153
82902,4963
82902,733
82902,1036
82902,8665
78736,2502
78736,7361
78736,40815
78736,41566
78736,34405
78736,41569
78736,150
78736,30793
78736,5445
78736,260
73301,1036
73301,5418
73301,36529
73301,44199
73301,4963
73301,33794
73301,7143
73301,3793
73301,8665
73301,1580
45112,50
45112,3470
45112,48516
45112,27773
45112,6953
45112,3949
45112,308
45112,2997
45112,3147
45112,1270
62154,46578
62154,55052
62154,79132
62154,5995
62154,7153
62154,6377
62154,63082
62154,2572
62154,48394
62154,357
74998,79132
74998,54503
74998,318
74998,1198
74998,1136
74998,1213
74998,223
74998,4226
74998,47
74998,2571
84777,7438
84777,7153
84777,4306
84777,7361
84777,2571
84777,6874
84777,1219
84777,1193
84777,2324
84777,527
127662,8360
127662,5952
127662,7153
127662,8961
127662,4993
127662,356
127662,2396
127662,58559
127662,4308
127662,50872
123053,1704
123053,2908
123053,4014
123053,3578
123053,1961
123053,1259
123053,1246
123053,1682
123053,7361
123053,3160
34478,2858
34478,253
34478,593
34478,4878
34478,54286
34478,51662
34478,6874
34478,6377
34478,1210
34478,53996
130268,59315
130268,3114
130268,4886
130268,1610
130268,4306
130268,7502
130268,79132
130268,91529
130268,98961
130268,480
109245,1073
109245,1219
109245,919
109245,4973
109245,2161
109245,318
109245,1207
109245,3253
109245,3949
109245,1222
82935,1270
82935,7361
82935,593
82935,32
82935,47
82935,480
82935,60950
82935,1221
82935,1704
82935,1
134737,1089
134737,593
134737,47
134737,2502
134737,33794
134737,58559
134737,50
134737,48780
134737,44665
134737,356
111746,79132
111746,5952
111746,296
111746,7323
111746,63082
111746,527
111746,2858
111746,1198
111746,49272
111746,81845
7218,2959
7218,4226
7218,356
7218,55820
7218,1704
7218,48516
7218,593
7218,2571
7218,1617
7218,2918
115239,1214
115239,2762
115239,50
115239,1089
115239,1777
115239,1206
115239,8961
115239,48780
115239,3994
115239,7147
127891,589
127891,4306
127891,3578
127891,588
127891,79132
127891,50
127891,33794
127891,2858
127891,5445
127891,68954
71567,8961
71567,1704
71567,34162
71567,4306
71567,1721
71567,4995
71567,1968
71567,1784
71567,35836
71567,1035
29111,4306
29111,4973
29111,69757
29111,52975
29111,345
29111,5991
29111,88810
29111,58559
29111,2858
29111,30793
54642,2762
54642,50
54642,112556
54642,2324
54642,296
54642,5995
54642,109374
54642,48394
54642,3578
54642,48516
6937,595
6937,364
6937,4308
6937,6539
6937,2572
6937,8368
6937,356
6937,56757
6937,5991
6937,1907
89076,2571
89076,1198
89076,903
89076,356
89076,1704
89076,858
89076,4027
89076,3996
89076,4886
89076,1247
22000,1961
22000,356
22000,4014
22000,318
22000,1247
22000,2396
22000,1265
22000,1197
22000,1183
22000,6218
75427,49272
75427,589
75427,5952
75427,4993
75427,7153
75427,110
75427,72998
75427,2028
75427,48780
75427,2959
60995,59315
60995,7445
60995,7153
60995,57669
60995,55290
60995,44665
60995,58295
60995,4995
60995,5903
60995,7254
87621,608
87621,2329
87621,7153
87621,4993
87621,7361
87621,589
87621,32587
87621,293
87621,8961
87621,1270
135476,593
135476,27773
135476,2858
135476,48394
135476,4878
135476,541
135476,49272
135476,1291
135476,527
135476,31658
81776,50
81776,2858
81776,60069
81776,1270
81776,5952
81776,1198
81776,55820
81776,2762
81776,4306
81776,3996
21650,7153
21650,4993
21650,589
21650,79132
21650,69122
21650,71535
21650,4306
21650,1
21650,54503
21650,33794
63432,1
63432,4306
63432,356
63432,2291
63432,1073
63432,500
63432,1721
63432,2
63432,5445
63432,318
35340,2706
35340,58559
35340,2959
35340,4226
35340,318
35340,778
35340,6863
35340,44191
35340,5989
35340,2858
106367,2716
106367,1307
106367,1580
106367,1270
106367,1036
106367,150
106367,440
106367,380
106367,1374
106367,1641
14606,73017
14606,2959
14606,51662
14606,4993
14606,7153
14606,49272
14606,6539
14606,77561
14606,8961
14606,356
22435,63082
22435,44191
22435,55820
22435,49530
22435,56782
22435,48385
22435,51662
22435,56367
22435,54001
22435,2959
7188,2657
7188,7373
7188,4306
7188,59315
7188,1997
7188,2004
7188,2459
7188,3740
7188,1527
7188,32
64916,356
64916,50
64916,2959
64916,6377
64916,4963
64916,1036
64916,7438
64916,1214
64916,3578
64916,2028
46610,7361
46610,44191
46610,4306
46610,8961
46610,2762
46610,4886
46610,1
46610,1210
46610,1198
46610,4963
31249,858
31249,2762
31249,1210
31249,48774
31249,260
31249,1196
31249,4878
31249,68157
31249,6874
31249,2291
21378,1240
21378,48385
21378,7361
21378,1732
21378,1208
21378,44191
21378,48394
21378,1221
21378,858
21378,69757
125356,110
125356,527
125356,33493
125356,8368
125356,30749
125356,2028
125356,1262
125356,7143
125356,2628
125356,33794
100864,6016
100864,2858
100864,293
100864,74458
100864,48516
100864,55820
100864,3949
100864,2571
100864,55290
100864,555
137675,8169
137675,35836
137675,2572
137675,6502
137675,1367
137675,3534
137675,6658
137675,56949
137675,52767
137675,2278
93902,4973
93902,56367
93902,318
93902,4308
93902,551
93902,7147
93902,30793
93902,50872
93902,69757
93902,4014
42534,6377
42534,81834
42534,4896
42534,5952
42534,1197
42534,2918
42534,6539
42534,68358
42534,1136
42534,7153
24668,296
24668,216
24668,1213
24668,3578
24668,50
24668,1954
24668,2762
24668,2683
24668,858
24668,1101
45088,6539
45088,5445
45088,3527
45088,2916
45088,3147
45088,4963
45088,2115
45088,1222
45088,4011
45088,778
108300,1704
108300,1307
108300,593
108300,318
108300,356
108300,2918
108300,4226
108300,47
108300,1961
108300,2797
29643,1208
29643,593
29643,904
29643,296
29643,1617
29643,1278
29643,858
29643,50
29643,913
29643,750
34061,2959
34061,58559
34061,296
34061,68954
34061,1136
34061,79132
34061,48516
34061,50
34061,7361
34061,608
77241,1196
77241,260
77241,5952
77241,7153
77241,8961
77241,4993
77241,1073
77241,33794
77241,4886
77241,50872
34030,79132
34030,1213
34030,1089
34030,356
34030,5952
34030,4993
34030,7153
34030,68954
34030,1222
34030,608
47308,4226
47308,8981
47308,3578
47308,597
47308,593
47308,2692
47308,2997
47308,6711
47308,4878
47308,44191
39847,2571
39847,1
39847,356
39847,2959
39847,3992
39847,293
39847,2712
39847,1721
39847,4995
39847,55820
124576,7153
124576,4993
124576,1089
124576,2571
124576,296
124576,1193
124576,5669
124576,31410
124576,3317
124576,5945
85548,68157
85548,541
85548,7153
85548,4226
85548,318
85548,60069
85548,527
85548,48516
85548,99114
85548,6874
9149,33794
9149,1240
9149,593
9149,1214
9149,293
9149,2700
9149,1676
9149,2542
9149,1270
9149,8874
126993,32
126993,1136
126993,593
126993,2028
126993,590
126993,1225
126993,1584
126993,5445
126993,1610
126993,597
63365,47
63365,2762
63365,3948
63365,5110
63365,1246
63365,1777
63365,1198
63365,8529
63365,56782
63365,36529
61628,6350
61628,8957
61628,56174
61628,356
61628,2329
61628,53125
61628,47
61628,6539
61628,49272
61628,55577
58429,1197
58429,2959
58429,7361
58429,2858
58429,2502
58429,296
58429,1213
58429,1222
58429,1208
58429,608
102040,2716
102040,1291
102040,1240
102040,2918
102040,318
102040,593
102040,527
102040,2762
102040,541
102040,4993
53963,1258
53963,1206
53963,6711
53963,2997
53963,296
53963,5669
53963,4027
53963,2918
53963,2762
53963,3897
8162,2571
8162,1387
8162,903
8162,608
8162,1196
8162,858
8162,1197
8162,6639
8162,74458
8162,2858
65318,2571
65318,6942
65318,377
65318,2762
65318,318
65318,480
65318,780
65318,1198
65318,1680
65318,5418
72293,5618
72293,1968
72293,2291
72293,919
72293,2959
72293,1682
72293,480
72293,1732
72293,6377
72293,1097
40047,4226
40047,32
40047,110
40047,2762
40047,2959
40047,589
40047,1210
40047,1270
40047,3578
40047,1240
125127,4886
125127,1278
125127,1
125127,7361
125127,364
125127,79132
125127,2918
125127,588
125127,1073
125127,5971
14519,7502
14519,70286
14519,78499
14519,48394
14519,64614
14519,80463
14519,34405
14519,48738
14519,77561
14519,88125
71720,1210
71720,780
71720,7361
71720,33794
71720,2028
71720,1580
71720,1732
71720,589
71720,6
71720,2997
891,1203
891,1210
891,858
891,58559
891,4993
891,111759
891,50
891,593
891,91529
891,33794
27210,33794
27210,41997
27210,1954
27210,40819
27210,3363
27210,34162
27210,5010
27210,35836
27210,46974
27210,5378
134503,356
134503,106487
134503,117176
134503,318
134503,2959
134503,3147
134503,91500
134503,4896
134503,97304
134503,106920
127798,4306
127798,318
127798,6539
127798,72226
127798,32587
127798,31878
127798,4226
127798,541
127798,5445
127798,4878
114885,1704
114885,318
114885,4886
114885,1721
114885,2858
114885,593
114885,7438
114885,5445
114885,32
114885,1246
116663,7153
116663,4993
116663,47
116663,2329
116663,55820
116663,260
116663,50
116663,5952
116663,54503
116663,1732
15914,6377
15914,4886
15914,3578
15914,4993
15914,356
15914,2959
15914,1240
15914,110
15914,5349
15914,1198
105843,7438
105843,165
105843,8874
105843,110
105843,318
105843,1089
105843,6365
105843,2115
105843,1370
105843,27801
66911,2858
66911,1291
66911,318
66911,2571
66911,58559
66911,480
66911,924
66911,1258
66911,592
66911,316
30077,79132
30077,356
30077,6539
30077,318
30077,68954
30077,296
30077,44665
30077,33493
30077,64614
30077,47
135612,4973
135612,4306
135612,2571
135612,356
135612,223
135612,1196
135612,608
135612,2762
135612,47
135612,1704
97438,47
97438,1222
97438,235
97438,5225
97438,3949
97438,55444
97438,41285
97438,4881
97438,6953
97438,48394
109227,597
109227,608
109227,2858
109227,1214
109227,1270
109227,316
109227,50
109227,364
109227,2716
109227,541
70903,1214
70903,5349
70903,1291
70903,32587
70903,3578
70903,2916
70903,1580
70903,780
70903,8636
70903,1215
91324,1961
91324,2959
91324,2858
91324,7147
91324,7361
91324,4973
91324,79132
91324,5995
91324,2291
91324,8970
25978,4105
25978,1215
25978,7373
25978,6755
25978,48394
25978,4036
25978,4865
25978,68358
25978,919
25978,89745
120975,1704
120975,593
120975,4963
120975,589
120975,8961
120975,3147
120975,4226
120975,48780
120975,6377
120975,4011
73204,364
73204,1580
73204,2571
73204,2858
73204,2959
73204,1028
73204,6539
73204,4993
73204,2706
73204,1213
123368,71264
123368,588
123368,4016
123368,76093
123368,48982
123368,1197
123368,2090
123368,78499
123368,6539
123368,5618
100436,91500
100436,88125
100436,81834
100436,86833
100436,81845
100436,90866
100436,5816
100436,79702
100436,81591
100436,87306
87215,1022
87215,1269
87215,2398
87215,953
87215,7121
87215,2078
87215,2085
87215,926
87215,7619
87215,945
130461,593
130461,2959
130461,4878
130461,4975
130461,6952
130461,5679
130461,2541
130461,356
130461,296
130461,27839
55202,8961
55202,79132
55202,68358
55202,1291
55202,318
55202,58559
55202,34405
55202,33794
55202,1214
55202,356
109677,48516
109677,1240
109677,72998
109677,68358
109677,79132
109677,2762
109677,8961
109677,87232
109677,380
109677,1270
59955,1291
59955,541
59955,2959
59955,4011
59955,293
59955,2858
59955,1265
59955,2716
59955,68157
59955,527
47623,2329
47623,1259
47623,1617
47623,1361
47623,954
47623,65188
47623,1247
47623,47
47623,3424
47623,1276
115321,593
115321,296
115321,356
115321,318
115321,2028
115321,260
115321,6502
115321,1089
115321,480
115321,3793
116371,2858
116371,3897
116371,32
116371,1197
116371,4973
116371,55282
116371,4370
116371,8169
116371,1215
116371,56949
118348,2692
118348,5952
118348,6016
118348,2731
118348,5878
118348,318
118348,8197
118348,5971
118348,307
118348,26131
39012,593
39012,2019
39012,778
39012,55820
39012,5690
39012,26094
39012,1921
39012,4848
39012,858
39012,6711
80401,63082
80401,4226
80401,5418
80401,7361
80401,527
80401,6016
80401,1213
80401,4239
80401,293
80401,6874
113987,110
113987,44191
113987,1213
113987,1089
113987,2858
113987,296
113987,4973
113987,2762
113987,1193
113987,778
12552,44191
12552,8961
12552,5299
12552,318
12552,3948
12552,527
12552,4963
12552,4022
12552,49530
12552,1097
119260,58559
119260,33794
119260,36525
119260,5267
119260,8533
119260,51660
119260,51935
119260,34332
119260,5418
119260,45668
9581,7617
9581,1025
9581,7570
9581,6785
9581,3034
9581,3635
9581,4321
9581,2099
9581,8334
9581,3494
90028,2716
90028,480
90028,6365
90028,6537
90028,1580
90028,1876
90028,1371
90028,5378
90028,2985
90028,1291
103195,60950
103195,46578
103195,81591
103195,45950
103195,80463
103195,64620
103195,1230
103195,8949
103195,8981
103195,5992
40232,1035
40232,910
40232,1282
40232,919
40232,1304
40232,899
40232,1219
40232,954
40232,2080
40232,1278
124238,2858
124238,50
124238,318
124238,260
124238,608
124238,1288
124238,1196
124238,7361
124238,2321
124238,7153
86667,1254
86667,7218
86667,1945
86667,7700
86667,6650
86667,6787
86667,8337
86667,25769
86667,4432
86667,3134
40847,5902
40847,70286
40847,55269
40847,7361
40847,71535
40847,2174
40847,1921
40847,68157
40847,46976
40847,593
90006,44555
90006,1262
90006,7013
90006,1213
90006,912
90006,2186
90006,6777
90006,6867
90006,6650
90006,3983
94483,3147
94483,2028
94483,33166
94483,7147
94483,8784
94483,1206
94483,3809
94483,8641
94483,30749
94483,480
75346,2858
75346,50
75346,111
75346,1221
75346,2028
75346,260
75346,318
75346,2762
75346,919
75346,1197
106702,1704
106702,1196
106702,50
106702,4993
106702,63082
106702,1089
106702,5445
106702,46578
106702,4878
106702,54286
120017,6377
120017,68954
120017,4306
120017,5618
120017,5952
120017,4993
120017,4896
120017,88125
120017,81834
120017,79132
89191,1198
89191,7361
89191,1704
89191,2762
89191,110
89191,44555
89191,1193
89191,1
89191,2329
89191,912
133237,2571
133237,2716
133237,318
133237,1240
133237,3508
133237,1270
133237,88125
133237,457
133237,500
133237,33794
46954,912
46954,1203
46954,4995
46954,1961
46954,1207
46954,1704
46954,30749
46954,1193
46954,356
46954,3147
101216,4226
101216,356
101216,6874
101216,1210
101216,46578
101216,111
101216,1270
101216,48516
101216,1387
101216,7438
29024,1254
29024,1204
29024,3334
29024,6791
29024,1643
29024,965
29024,1203
29024,923
29024,942
29024,5013
86106,750
86106,25937
86106,951
86106,4357
86106,1934
86106,920
86106,905
86106,8336
86106,5434
86106,2398
106782,7361
106782,8784
106782,7438
106782,7090
106782,5418
106782,4011
106782,1500
106782,1059
106782,2502
106782,2959
43806,63082
43806,1259
43806,1704
43806,1206
43806,48394
43806,4226
43806,58559
43806,8368
43806,608
43806,1213
50756,2858
50756,2762
50756,296
50756,527
50756,4973
50756,593
50756,318
50756,4022
50756,6711
50756,4995
83970,2502
83970,2716
83970,1198
83970,2371
83970,1394
83970,5291
83970,2174
83970,30810
83970,1291
83970,1210
40616,589
40616,1214
40616,3578
40616,6711
40616,150
40616,3994
40616,1704
40616,8961
40616,1625
40616,2671
122578,480
122578,780
122578,260
122578,110
122578,33794
122578,457
122578,150
122578,7153
122578,1291
122578,318
5720,8961
5720,296
5720,1356
5720,1036
5720,3578
5720,51662
5720,54272
5720,8368
5720,356
5720,45499
125149,7361
125149,68954
125149,1197
125149,6773
125149,27878
125149,63082
125149,2502
125149,6016
125149,6350
125149,31658
76213,46578
76213,26151
76213,34437
76213,56367
76213,44555
76213,35836
76213,33794
76213,7938
76213,46976
76213,32525
70065,1225
70065,356
70065,1097
70065,527
70065,1262
70065,1387
70065,1250
70065,2762
70065,1204
70065,4995
89248,2683
89248,4011
89248,1732
89248,44191
89248,1136
89248,296
89248,48780
89248,3033
89248,223
89248,32
88817,1923
88817,1265
88817,2395
88817,904
88817,1968
88817,1288
88817,48385
88817,1060
88817,3468
88817,1580
123958,356
123958,2858
123958,47
123958,50
123958,2762
123958,64614
123958,2329
123958,7361
123958,44195
123958,49272
22540,296
22540,1248
22540,908
22540,904
22540,1258
22540,1251
22540,1193
22540,4973
22540,2858
22540,4226
127058,364
127058,595
127058,356
127058,539
127058,480
127058,339
127058,1270
127058,1028
127058,2959
127058,3882
878,527
878,5995
878,7323
878,2692
878,50
878,593
878,111
878,6870
878,2997
878,1213
88756,91529
88756,33794
88756,58559
88756,1036
88756,2959
88756,79132
88756,3793
88756,296
88756,2410
88756,2023
14916,80463
14916,2858
14916,1090
14916,1266
14916,1
14916,4306
14916,356
14916,2959
14916,1962
14916,2028
24260,2502
24260,2395
24260,778
24260,3556
24260,4979
24260,4878
24260,7361
24260,3949
24260,2291
24260,2997
124046,45499
124046,4370
124046,5171
124046,53464
124046,8371
124046,6365
124046,3555
124046,53000
124046,4446
124046,48774
83756,1213
83756,47
83756,318
83756,4993
83756,1221
83756,79132
83756,1206
83756,48394
83756,3949
83756,7361
8574,4993
8574,1356
8574,924
8574,1198
8574,296
8574,5952
8574,7153
8574,150
8574,858
8574,1127
28226,7438
28226,3147
28226,2762
28226,1193
28226,293
28226,4993
28226,1222
28226,5989
28226,3578
28226,7153
49116,76093
49116,81847
49116,8368
49116,45722
49116,78637
49116,79091
49116,89745
49116,6539
49116,41566
49116,79293
62920,3793
62920,69844
62920,96079
62920,59784
62920,102125
62920,79132
62920,95543
62920,51662
62920,3623
62920,68319
120820,318
120820,1275
120820,1215
120820,34405
120820,260
120820,1196
120820,4963
120820,6539
120820,32587
120820,2115
23443,102125
23443,5952
23443,4993
23443,2959
23443,6874
23443,87232
23443,73017
23443,4886
23443,8961
23443,91529
117226,480
117226,318
117226,6874
117226,1270
117226,2762
117226,5349
117226,2028
117226,733
117226,5989
117226,59315
10546,58559
10546,589
10546,5378
10546,33794
10546,8636
10546,34319
10546,2959
10546,49278
10546,56174
10546,1240
129883,1721
129883,1291
129883,356
129883,3578
129883,1210
129883,780
129883,1704
129883,1961
129883,1097
129883,7153
80040,480
80040,260
80040,593
80040,33794
80040,318
80040,79132
80040,60069
80040,68954
80040,3114
80040,2716
104511,4973
104511,32
104511,1127
104511,356
104511,2019
104511,7361
104511,3000
104511,1265
104511,79132
104511,1036
11239,4963
11239,1527
11239,1732
11239,4306
11239,19
11239,6874
11239,7438
11239,32587
11239,1682
11239,293
137130,1238
137130,3703
137130,2947
137130,2949
137130,2985
137130,4378
137130,5049
137130,8623
137130,1405
137130,4571
133701,296
133701,27660
133701,7022
133701,60684
133701,27904
133701,1270
133701,1080
133701,55442
133701,1215
133701,60069
49663,4896
49663,58559
49663,2959
49663,104841
49663,109487
49663,106782
49663,81591
49663,98809
49663,72998
49663,81845
52027,6539
52027,4993
52027,109487
52027,3793
52027,63082
52027,2959
52027,33794
52027,44191
52027,6365
52027,73017
4215,8784
4215,318
4215,527
4215,7147
4215,40819
4215,30812
4215,2762
4215,2858
4215,608
4215,4306
84534,51662
84534,3578
84534,1222
84534,2028
84534,7254
84534,32587
84534,318
84534,55820
84534,5989
84534,33794
94093,56367
94093,69757
94093,46578
94093,58559
94093,79132
94093,318
94093,89864
94093,48780
94093,4995
94093,356
133681,1527
133681,3578
133681,2706
133681,32
133681,2028
133681,4993
133681,2858
133681,2916
133681,5349
133681,2762
12023,2571
12023,4306
12023,590
12023,1097
12023,318
12023,5816
12023,2028
12023,2115
12023,49272
12023,33794
13753,48780
13753,59315
13753,79132
13753,34072
13753,72998
13753,45950
13753,30749
13753,56367
13753,44199
13753,51662
25280,6377
25280,2959
25280,2571
25280,1265
25280,541
25280,1214
25280,50
25280,4308
25280,32
25280,47
82012,150
82012,296
82012,858
82012,1198
82012,1961
82012,2858
82012,1090
82012,1246
82012,1036
82012,8961
5023,110
5023,608
5023,48516
5023,750
5023,1193
5023,48394
5023,4878
5023,55820
5023,1200
5023,1090
48610,44191
48610,4963
48610,1200
48610,1240
48610,3996
48610,293
48610,1732
48610,1387
48610,52952
48610,6
115010,50
115010,318
115010,60069
115010,2959
115010,7153
115010,2571
115010,5418
115010,4878
115010,70286
115010,68237
44708,4226
44708,6539
44708,5952
44708,1721
44708,318
44708,527
44708,593
44708,7361
44708,4370
44708,2959
52740,6874
52740,750
52740,2987
52740,318
52740,923
52740,912
52740,3751
52740,7438
52740,592
52740,3114
46956,1196
46956,1210
46956,47
46956,2571
46956,260
46956,231
46956,2502
46956,1198
46956,48394
46956,1136
29216,356
29216,608
29216,8784
29216,4816
29216,4878
29216,2700
29216,5785
29216,593
29216,8641
29216,5103
47439,56782
47439,6286
47439,3160
47439,2730
47439,44694
47439,43376
47439,2728
47439,7234
47439,47
47439,39381
97488,5952
97488,7153
97488,3000
97488,4993
97488,1270
97488,1198
97488,2716
97488,68954
97488,3429
97488,4027
99372,1198
99372,589
99372,150
99372,1704
99372,356
99372,260
99372,4226
99372,608
99372,2716
99372,4993
49445,1198
49445,50
49445,2858
49445,589
49445,58559
49445,7361
49445,720
49445,60069
49445,924
49445,2762
94993,593
94993,296
94993,1240
94993,441
94993,1732
94993,3210
94993,1220
94993,4489
94993,1213
94993,260
60841,1270
60841,1210
60841,1196
60841,968
60841,32
60841,296
60841,1200
60841,2959
60841,1219
60841,1258
12676,78469
12676,2572
12676,2699
12676,51662
12676,552
12676,2329
12676,55282
12676,5151
12676,541
12676,2858
131921,7361
131921,2571
131921,608
131921,1213
131921,4993
131921,47
131921,541
131921,912
131921,6016
131921,1617
130049,79132
130049,356
130049,1682
130049,1196
130049,1721
130049,70286
130049,924
130049,2858
130049,6711
130049,44191
74341,2959
74341,1198
74341,1240
74341,1089
74341,1201
74341,2571
74341,608
74341,79132
74341,1080
74341,2951
49635,457
49635,5445
49635,3527
49635,150
49635,1240
49635,3098
49635,589
49635,6378
49635,260
49635,6333
121987,1210
121987,3793
121987,73017
121987,110102
121987,86332
121987,87232
121987,76093
121987,106696
121987,2716
121987,59784
109288,4878
109288,71535
109288,364
109288,2329
109288,3949
109288,58998
109288,62434
109288,1206
109288,44191
109288,68954
40268,1240
40268,3471
40268,3300
40268,1200
40268,4226
40268,589
40268,296
40268,4878
40268,48780
40268,2959
52587,2858
52587,593
52587,318
52587,1028
52587,4973
52587,4226
52587,594
52587,1022
52587,2139
52587,2003
111546,2762
111546,4878
111546,1258
111546,50
111546,356
111546,1193
111546,318
111546,2858
111546,1089
111546,1682
79768,70286
79768,47
79768,54995
79768,68157
79768,3697
79768,2329
79768,293
79768,163
79768,1587
79768,4223
7046,8957
7046,47
7046,47610
7046,68954
7046,60069
7046,3949
7046,59369
7046,296
7046,4878
7046,32
66877,6539
66877,59315
66877,3793
66877,6377
66877,60069
66877,589
66877,77561
66877,76251
66877,1544
66877,74458
130752,44191
130752,2329
130752,1196
130752,56782
130752,48780
130752,44195
130752,35836
130752,1198
130752,1222
130752,6016
89799,7438
89799,6874
89799,32587
89799,46723
89799,88129
89799,1089
89799,3160
89799,6711
89799,1213
89799,3147
57104,6539
57104,1270
57104,356
57104,2628
57104,2571
57104,1198
57104,3793
57104,2
57104,4886
57104,780
102098,6377
102098,7153
102098,1393
102098,5952
102098,41569
102098,33660
102098,54997
102098,595
102098,2987
102098,2081
75716,364
75716,60069
75716,1907
75716,2248
75716,1032
75716,7451
75716,7147
75716,4973
75716,2291
75716,76093
55765,37720
55765,37727
55765,51540
55765,53129
55765,45062
55765,45668
55765,59369
55765,53996
55765,49910
55765,35836
82752,2762
82752,46578
82752,5418
82752,1271
82752,902
82752,6377
82752,150
82752,6942
82752,4226
82752,2571
130626,4993
130626,480
130626,318
130626,4306
130626,589
130626,3793
130626,50
130626,1580
130626,1923
130626,6377
67269,6874
67269,4011
67269,7460
67269,858
67269,4226
67269,37729
67269,2858
67269,7153
67269,30793
67269,293
25633,908
25633,1269
25633,904
25633,1198
25633,4427
25633,947
25633,1234
25633,1
25633,457
25633,6254
82175,32587
82175,48774
82175,39292
82175,6711
82175,904
82175,908
82175,1208
82175,44191
82175,46578
82175,111
20819,3408
20819,527
20819,539
20819,912
20819,4995
20819,5377
20819,1246
20819,1674
20819,36
20819,5299
101765,58559
101765,2617
101765,33794
101765,68358
101765,527
101765,3107
101765,349
101765,3256
101765,60069
101765,5445
8610,6377
8610,2959
8610,2762
8610,3578
8610,4993
8610,4886
8610,589
8610,1527
8610,1270
8610,2115
119394,1291
119394,4993
119394,589
119394,2329
119394,110
119394,1240
119394,6874
119394,527
119394,356
119394,7438
127848,318
127848,72998
127848,5445
127848,2762
127848,52722
127848,59369
127848,7143
127848,69122
127848,1240
127848,780
53081,1258
53081,2232
53081,56339
53081,48780
53081,83134
53081,67255
53081,92259
53081,61240
53081,96610
53081,55721
86410,68237
86410,50
86410,2329
86410,30707
86410,6870
86410,47
86410,64614
86410,64839
86410,1089
86410,1200
4831,110
4831,3147
4831,1961
4831,7153
4831,2762
4831,1213
4831,47
4831,1358
4831,1089
4831,2571
72280,33166
72280,111
72280,64839
72280,50
72280,46578
72280,4011
72280,33660
72280,1193
72280,39381
72280,4993
37823,3362
37823,8961
37823,318
37823,4878
37823,6863
37823,1240
37823,4979
37823,2890
37823,3897
37823,163
88305,318
88305,48516
88305,2959
88305,356
88305,2706
88305,1213
88305,7254
88305,8957
88305,55765
88305,51662
23459,49272
23459,56788
23459,52973
23459,55820
23459,41285
23459,48516
23459,40815
23459,44199
23459,55765
23459,56174
100564,480
100564,4226
100564,3578
100564,4993
100564,7153
100564,2959
100564,4306
100564,7438
100564,6539
100564,6377
5539,3081
5539,1258
5539,2959
5539,2858
5539,4973
5539,32
5539,551
5539,47
5539,1206
5539,2291
9332,593
9332,608
9332,1148
9332,858
9332,5690
9332,1199
9332,1258
9332,6016
9332,904
9332,6350
40626,527
40626,2571
40626,318
40626,745
40626,356
40626,1203
40626,30749
40626,904
40626,1210
40626,953
76736,2959
76736,1197
76736,260
76736,1196
76736,3578
76736,2571
76736,3996
76736,1198
76736,296
76736,32
109286,3556
109286,90531
109286,33171
109286,27803
109286,7034
109286,541
109286,7486
109286,299
109286,90376
109286,60950
108347,6537
108347,316
108347,3981
108347,8361
108347,3578
108347,150
108347,1610
108347,2826
108347,33162
108347,1127
135803,356
135803,2028
135803,7153
135803,593
135803,296
135803,780
135803,2762
135803,1089
135803,79132
135803,1214
78572,1198
78572,64614
78572,7802
78572,904
78572,26547
78572,8957
78572,70
78572,3033
78572,1222
78572,68157
132682,150
132682,59315
132682,72998
132682,44191
132682,32
132682,3147
132682,367
132682,1961
132682,377
132682,2012
55317,32
55317,318
55317,50
55317,48774
55317,599
55317,1222
55317,70286
55317,31410
55317,1203
55317,5291
8692,2502
8692,50872
8692,595
8692,92535
8692,5618
8692,1285
8692,7361
8692,80463
8692,919
8692,81847
20565,81847
20565,68954
20565,33794
20565,45722
20565,8636
20565,5349
20565,98809
20565,60069
20565,74458
20565,4306
134154,40583
134154,6947
134154,45722
134154,49822
134154,8961
134154,27904
134154,7438
134154,34534
134154,31696
134154,4963
106710,4306
106710,6377
106710,2571
106710,296
106710,2762
106710,2028
106710,3578
106710,110
106710,59315
106710,50
66837,38038
66837,903
66837,2291
66837,235
66837,1258
66837,4881
66837,1343
66837,2750
66837,509
66837,1093
2988,53894
2988,47610
2988,48774
2988,68358
2988,33794
2988,54997
2988,68157
2988,61323
2988,74458
2988,63876
108553,1260
108553,608
108553,2571
108553,1258
108553,5618
108553,1200
108553,27773
108553,2959
108553,1217
108553,1178
20846,2571
20846,79132
20846,7361
20846,296
20846,3949
20846,4896
20846,356
20846,48394
20846,58559
20846,7147
38408,1682
38408,648
38408,4973
38408,587
38408,2396
38408,4310
38408,1246
38408,2028
38408,5418
38408,1573
114603,7153
114603,541
114603,47
114603,50
114603,1097
114603,3996
114603,356
114603,1580
114603,457
114603,648
44416,1210
44416,260
44416,58559
44416,60069
44416,589
44416,1580
44416,1197
44416,1196
44416,4993
44416,56174
131905,48394
131905,6539
131905,44191
131905,47
131905,356
131905,2541
131905,49961
131905,593
131905,4995
131905,4993
29601,1
29601,2572
29601,1028
29601,30793
29601,50872
29601,4816
29601,44193
29601,5481
29601,1566
29601,7451
64945,593
64945,50
64945,858
64945,2858
64945,3000
64945,318
64945,541
64945,750
64945,2959
64945,2019
65856,1196
65856,3578
65856,49272
65856,318
65856,40815
65856,50
65856,4306
65856,68157
65856,48780
65856,593
130528,1198
130528,50
130528,593
130528,2959
130528,2571
130528,1617
130528,6711
130528,318
130528,2918
130528,356
95339,74458
95339,68157
95339,2712
95339,44555
95339,1228
95339,6187
95339,25
95339,7460
95339,58301
95339,3328
101841,1210
101841,1748
101841,1097
101841,593
101841,1270
101841,32
101841,527
101841,1961
101841,1653
101841,1307
103441,6539
103441,8961
103441,44191
103441,1197
103441,356
103441,33794
103441,2028
103441,296
103441,1
103441,2762
125576,356
125576,2997
125576,318
125576,4226
125576,2858
125576,8961
125576,608
125576,3897
125576,750
125576,1206
62901,1270
62901,76251
62901,60069
62901,2571
62901,91529
62901,58559
62901,78499
62901,68358
62901,1291
62901,76093
75061,5952
75061,6539
75061,2571
75061,4306
75061,33794
75061,1197
75061,60072
75061,3793
75061,1580
75061,54259
89764,296
89764,6711
89764,63082
89764,903
89764,2997
89764,58559
89764,80463
89764,55820
89764,318
89764,48516
73501,593
73501,2194
73501,318
73501,2028
73501,1036
73501,110
73501,3147
73501,296
73501,2329
73501,7445
4390,2640
4390,356
4390,21
4390,1573
4390,2947
4390,16
4390,3256
4390,1584
4390,1193
4390,5952
36687,223
36687,1240
36687,3160
36687,4878
36687,1291
36687,7153
36687,293
36687,2395
36687,1200
36687,592
69410,923
69410,1097
69410,1230
69410,1682
69410,1387
69410,1259
69410,919
69410,1358
69410,2804
69410,8464
79524,47
79524,8961
79524,356
79524,648
79524,1517
79524,32587
79524,2028
79524,1270
79524,72998
79524,3638
12172,1270
12172,7153
12172,1198
12172,98809
12172,592
12172,318
12172,1036
12172,78499
12172,8641
12172,2791
50236,356
50236,2571
50236,71535
50236,5952
50236,593
50236,1089
50236,54503
50236,63082
50236,3578
50236,1210
56513,33794
56513,5952
56513,87232
56513,2959
56513,59369
56513,48780
56513,44191
56513,102125
56513,45722
56513,8961
14555,364
14555,60069
14555,33794
14555,69122
14555,296
14555,8360
14555,1580
14555,73017
14555,50872
14555,68358
68589,2329
68589,50
68589,44191
68589,98809
68589,70286
68589,68157
68589,47
68589,84152
68589,356
68589,2858
18588,590
18588,587
18588,364
18588,780
18588,500
18588,1721
18588,344
18588,1206
18588,356
18588,160
15413,608
15413,2186
15413,3307
15413,3134
15413,1208
15413,26131
15413,111
15413,1217
15413,1193
15413,3022
116033,527
116033,3471
116033,1950
116033,6662
116033,2716
116033,3196
116033,3421
116033,4007
116033,1307
116033,8961
31616,49272
31616,4306
31616,1220
31616,1246
31616,72641
31616,50872
31616,2762
31616,30707
31616,2355
31616,27611
8840,1203
8840,260
8840,60069
8840,2571
8840,1225
8840,527
8840,1196
8840,5618
8840,356
8840,4993
119777,589
119777,296
119777,593
119777,2571
119777,6502
119777,7361
119777,5952
119777,3897
119777,49272
119777,1196
98674,3147
98674,608
98674,590
98674,1704
98674,40819
98674,56367
98674,3418
98674,50
98674,8970
98674,2329
9278,5952
9278,110
9278,7153
9278,48394
9278,2028
9278,41997
9278,4848
9278,1237
9278,49272
9278,1210
29893,593
29893,7361
29893,318
29893,4011
29893,1199
29893,5952
29893,7153
29893,8874
29893,1275
29893,110
75212,318
75212,47
75212,593
75212,356
75212,1923
75212,1917
75212,104
75212,2918
75212,5952
75212,2291
130827,27803
130827,32587
130827,55442
130827,30803
130827,30707
130827,48774
130827,6291
130827,7034
130827,55069
130827,44694
24742,44195
24742,33794
24742,1221
24742,89492
24742,51662
24742,7361
24742,91658
24742,3275
24742,1198
24742,4306
20664,1291
20664,2028
20664,318
20664,1136
20664,1270
20664,1197
20664,4963
20664,1954
20664,6863
20664,33794
134682,4306
134682,50872
134682,912
134682,3578
134682,4016
134682,86332
134682,2006
134682,1580
134682,1265
134682,103042
9579,63082
9579,2858
9579,55820
9579,4262
9579,1208
9579,8957
9579,4993
9579,3147
9579,5669
9579,60684
61799,1193
61799,2067
61799,2804
61799,898
61799,7669
61799,1265
61799,1225
61799,4995
61799,4993
61799,7153
72204,91529
72204,356
72204,2571
72204,4993
72204,97304
72204,4973
72204,63082
72204,68954
72204,2858
72204,527
27684,1307
27684,1296
27684,1079
27684,994
27684,1084
27684,1252
27684,6724
27684,5060
27684,1096
27684,1207
69728,99114
69728,74458
69728,593
69728,904
69728,112556
69728,356
69728,7361
69728,96829
69728,104879
69728,1258
107799,5445
107799,356
107799,7438
107799,1682
107799,32587
107799,293
107799,1222
107799,1961
107799,4034
107799,1206
47430,79132
47430,4878
47430,593
47430,356
47430,1193
47430,296
47430,4973
47430,1089
47430,527
47430,1246
102149,4306
102149,588
102149,58559
102149,2959
102149,6539
102149,593
102149,1682
102149,1073
102149,500
102149,2706
116597,32
116597,1732
116597,4878
116597,3160
116597,8014
116597,4144
116597,8873
116597,912
116597,1175
116597,1225
44214,32
44214,51086
44214,53519
44214,63131
44214,2858
44214,46976
44214,4306
44214,38061
44214,1
44214,76251
61528,593
61528,356
61528,32587
61528,1206
61528,4973
61528,6539
61528,4226
61528,1682
61528,337
61528,1193
74019,1259
74019,8961
74019,2762
74019,1784
74019,318
74019,1
74019,38798
74019,1193
74019,6377
74019,595
122421,47
122421,1240
122421,589
122421,4878
122421,7387
122421,44828
122421,6820
122421,6731
122421,593
122421,799
3878,50
3878,1704
3878,593
3878,527
3878,91658
3878,858
3878,81845
3878,2959
3878,2571
3878,2762
108567,4993
108567,2571
108567,457
108567,733
108567,3635
108567,5445
108567,6378
108567,33794
108567,8636
108567,2948
110690,6711
110690,2502
110690,4014
110690,1682
110690,2762
110690,318
110690,551
110690,1073
110690,48082
110690,4886
80712,110
80712,1196
80712,49272
80712,2115
80712,6947
80712,1198
80712,1250
80712,8961
80712,58559
80712,3751
45267,7438
45267,33794
45267,49272
45267,1221
45267,1089
45267,48516
45267,32587
45267,1208
45267,48780
45267,1213
83282,2762
83282,2858
83282,1682
83282,1527
83282,2571
83282,296
83282,1704
83282,2959
83282,4975
83282,2997
24891,541
24891,593
24891,1200
24891,2571
24891,480
24891,1527
24891,318
24891,296
24891,1587
24891,2959
18403,1035
18403,1262
18403,527
18403,150
18403,1207
18403,1203
18403,1
18403,5152
18403,2028
18403,1927
81276,2858
81276,7361
81276,593
81276,1193
81276,296
81276,7099
81276,60069
81276,68954
81276,1206
81276,1246
130930,2762
130930,1197
130930,296
130930,50
130930,2959
130930,356
130930,33794
130930,1704
130930,593
130930,260
51447,4963
51447,5952
51447,4993
51447,356
51447,296
51447,527
51447,7254
51447,4995
51447,60069
51447,74458
81173,8961
81173,33794
81173,4993
81173,8636
81173,3578
81173,6539
81173,6333
81173,51662
81173,2641
81173,1197
48165,3578
48165,589
48165,6874
48165,293
48165,7438
48165,2997
48165,1219
48165,2692
48165,1265
48165,1193
37691,52973
37691,68954
37691,356
37691,3948
37691,231
37691,54503
37691,260
37691,33794
37691,296
37691,1485
115110,4011
115110,858
115110,1213
115110,2997
115110,2858
115110,296
115110,111
115110,1222
115110,6711
115110,1208
116353,35836
116353,3552
116353,48385
116353,3671
116353,1265
116353,223
116353,6979
116353,45728
116353,1663
116353,56367
29850,7481
29850,1214
29850,3959
29850,1019
29850,3927
29850,6979
29850,6239
29850,1527
29850,1198
29850,596
103736,1036
103736,2571
103736,2959
103736,4993
103736,3578
103736,110
103736,593
103736,527
103736,356
103736,5952
70358,527
70358,2571
70358,364
70358,4973
70358,8360
70358,7147
70358,4014
70358,1210
70358,37729
70358,8983
17705,7360
17705,2571
17705,6539
17705,7438
17705,2291
17705,4865
17705,2174
17705,480
17705,3081
17705,56757
59369,597
59369,356
59369,2571
59369,2959
59369,296
59369,6711
59369,8368
59369,32
59369,1258
59369,1682
58272,2542
58272,58559
58272,1089
58272,79132
58272,48516
58272,2858
58272,99114
58272,68157
58272,74458
58272,4973
27336,1
27336,69122
27336,4886
27336,91529
27336,99114
27336,4306
27336,106782
27336,318
27336,2080
27336,2694
86104,4226
86104,356
86104,32587
86104,1089
86104,2329
86104,2959
86104,2858
86104,223
86104,1036
86104,3421
39496,4993
39496,4226
39496,2571
39496,26662
39496,32
39496,4878
39496,7153
39496,924
39496,1214
39496,5952
43525,968
43525,1982
43525,3438
43525,733
43525,53519
43525,35836
43525,260
43525,6188
43525,5349
43525,55282
85996,919
85996,2762
85996,356
85996,1270
85996,2355
85996,4995
85996,1372
85996,2797
85996,1028
85996,912
121052,1209
121052,44555
121052,8154
121052,31658
121052,37733
121052,36276
121052,6023
121052,750
121052,7361
121052,8949
25147,4973
25147,1214
25147,7361
25147,33004
25147,318
25147,5378
25147,589
25147,1909
25147,34048
25147,4306
94628,45499
94628,30793
94628,33166
94628,34048
94628,32587
94628,8970
94628,41285
94628,45722
94628,34437
94628,27831
70120,3578
70120,1198
70120,110
70120,260
70120,1196
70120,1291
70120,593
70120,480
70120,1036
70120,6539
46545,3098
46545,2018
46545,1302
46545,5049
46545,527
46545,1408
46545,1693
46545,33794
46545,3104
46545,6539
75810,7153
75810,6643
75810,4993
75810,2018
75810,3741
75810,7934
75810,1078
75810,5952
75810,37741
75810,51540
95283,260
95283,1210
95283,356
95283,2571
95283,1240
95283,8370
95283,4308
95283,2291
95283,6874
95283,593
97353,68157
97353,318
97353,110
97353,58559
97353,4878
97353,60069
97353,2028
97353,293
97353,356
97353,50
14503,2762
14503,4246
14503,4306
14503,838
14503,914
14503,6377
14503,5989
14503,364
14503,5299
14503,7153
115771,6711
115771,3019
115771,535
115771,3481
115771,5812
115771,2248
115771,1230
115771,1273
115771,7361
115771,800
20132,47894
20132,33794
20132,48696
20132,57243
20132,8958
20132,30822
20132,41716
20132,38798
20132,26242
20132,54001
42046,1
42046,5445
42046,54286
42046,356
42046,7361
42046,1036
42046,1527
42046,49272
42046,296
42046,593
1902,7153
1902,47
1902,1208
1902,2571
1902,1036
1902,260
1902,1732
1902,1617
1902,1288
1902,592
31863,32587
31863,293
31863,2858
31863,4973
31863,1193
31863,1197
31863,2692
31863,33166
31863,1732
31863,7090
81272,1258
81272,2571
81272,2746
81272,2657
81272,4306
81272,1441
81272,968
81272,253
81272,2959
81272,1969
51235,1094
51235,454
51235,1270
51235,50
51235,2028
51235,527
51235,920
51235,541
51235,1380
51235,25
77481,318
77481,51255
77481,2329
77481,47
77481,4011
77481,51662
77481,58998
77481,8874
77481,4226
77481,55820
122993,1580
122993,46578
122993,780
122993,318
122993,648
122993,6874
122993,7438
122993,377
122993,2329
122993,1704
82866,91529
82866,1036
82866,71535
82866,1527
82866,60684
82866,8874
82866,68954
82866,1580
82866,51255
82866,318
121545,2762
121545,4226
121545,527
121545,296
121545,2329
121545,48394
121545,2502
121545,6711
121545,8970
121545,69757
4507,41566
4507,27790
4507,33004
4507,34162
4507,39414
4507,38061
4507,40815
4507,36401
4507,41716
4507,8949
113263,1136
113263,293
113263,7361
113263,357
113263,32587
113263,2712
113263,4848
113263,590
113263,2028
113263,6
2916,457
2916,4963
2916,318
2916,10
2916,296
2916,733
2916,2329
2916,5349
2916,377
2916,2700
56174,4226
56174,541
56174,1580
56174,593
56174,4306
56174,1527
56174,380
56174,1270
56174,589
56174,2692
7243,72226
7243,4979
7243,8874
7243,1080
7243,1136
7243,6377
7243,55247
7243,589
7243,72011
7243,69757
82949,7153
82949,1028
82949,940
82949,1287
82949,1283
82949,914
82949,923
82949,4187
82949,7311
82949,3196
52469,1203
52469,1198
52469,1250
52469,110
52469,1262
52469,1204
52469,457
52469,969
52469,552
52469,903
17676,2959
17676,2762
17676,1
17676,539
17676,318
17676,48394
17676,6350
17676,3793
17676,296
17676,2396
130202,4447
130202,45720
130202,2762
130202,60069
130202,59315
130202,8533
130202,4306
130202,4973
130202,6539
130202,33679
85021,1247
85021,1244
85021,3543
85021,1094
85021,5693
85021,5060
85021,1230
85021,3072
85021,2130
85021,6993
51782,356
51782,49272
51782,2762
51782,3386
51782,1961
51782,3551
51782,48780
51782,5418
51782,3527
51782,2403
104937,7438
104937,3996
104937,6874
104937,3578
104937,4995
104937,2762
104937,4235
104937,589
104937,2692
104937,1222
93299,2858
93299,111
93299,5971
93299,2959
93299,1201
93299,4973
93299,741
93299,2329
93299,1193
93299,593
95620,527
95620,260
95620,4886
95620,593
95620,4993
95620,3114
95620,1
95620,5952
95620,588
95620,1617
59382,110
59382,527
59382,608
59382,431
59382,589
59382,1704
59382,1198
59382,480
59382,1061
59382,6874
2075,1198
2075,2571
2075,2858
2075,1089
2075,4878
2075,608
2075,1193
2075,32587
2075,6874
2075,778
24213,6539
24213,4886
24213,48394
24213,6377
24213,1204
24213,2571
24213,356
24213,3089
24213,46578
24213,965
27469,1090
27469,37741
27469,1617
27469,6502
27469,44199
27469,474
27469,6796
27469,3897
27469,54272
27469,63876
53932,4878
53932,68157
53932,2858
53932,81845
53932,46578
53932,48394
53932,110
53932,2324
53932,778
53932,1193
132756,1682
132756,260
132756,2858
132756,2959
132756,79132
132756,2324
132756,7361
132756,589
132756,318
132756,1198
92645,4993
92645,5952
92645,2321
92645,2762
92645,8970
92645,1393
92645,1407
92645,1580
92645,1197
92645,1777
103439,91529
103439,73017
103439,58559
103439,91542
103439,8368
103439,3793
103439,71535
103439,33794
103439,106489
103439,49272
7729,500
7729,1036
7729,780
7729,648
7729,1265
7729,3578
7729,3751
7729,1485
7729,2012
7729,2355
70520,58559
70520,2858
70520,47
70520,81845
70520,2762
70520,2329
70520,3578
70520,72998
70520,1
70520,82459
24616,296
24616,1387
24616,1721
24616,32
24616,1994
24616,3081
24616,260
24616,1625
24616,3105
24616,247
16700,6377
16700,4886
16700,4306
16700,364
16700,3793
16700,1198
16700,8360
16700,34
16700,318
16700,480
91420,1222
91420,32
91420,7361
91420,8961
91420,2502
91420,1213
91420,2858
91420,1208
91420,293
91420,4027
10908,4226
10908,2571
10908,1089
10908,2329
10908,1210
10908,1196
10908,260
10908,68157
10908,7153
10908,48516
71245,6953
71245,49530
71245,32
71245,293
71245,30707
71245,4246
71245,8529
71245,4022
71245,608
71245,7153
89105,33794
89105,4886
89105,34162
89105,6539
89105,2571
89105,1028
89105,1073
89105,39
89105,1393
89105,8665
46741,1198
46741,1221
46741,318
46741,1208
46741,608
46741,1704
46741,1090
46741,2028
46741,1961
46741,593
127489,5816
127489,364
127489,56367
127489,50872
127489,6539
127489,8360
127489,4016
127489,1197
127489,45722
127489,3114
6099,30749
6099,44204
6099,71535
6099,8873
6099,2948
6099,7570
6099,55814
6099,40414
6099,6993
6099,79132
95214,110
95214,4306
95214,46578
95214,2959
95214,50
95214,1704
95214,364
95214,1073
95214,597
95214,1270
128006,608
128006,356
128006,2858
128006,2791
128006,1291
128006,1089
128006,2918
128006,1060
128006,4878
128006,2762
30100,4226
30100,7438
30100,6874
30100,223
30100,4878
30100,46578
30100,2858
30100,480
30100,2918
30100,593
102807,356
102807,2858
102807,32
102807,3949
102807,296
102807,30803
102807,714
102807,6953
102807,551
102807,4878
73370,1210
73370,260
73370,296
73370,1653
73370,316
73370,541
73370,1196
73370,59315
73370,356
73370,593
43187,2571
43187,44191
43187,46578
43187,2959
43187,48043
43187,48780
43187,4878
43187,2297
43187,7347
43187,8874
123156,780
123156,480
123156,2762
123156,457
123156,1265
123156,5989
123156,377
123156,3408
123156,4995
123156,3948
132690,1213
132690,47
132690,2762
132690,2028
132690,593
132690,110
132690,457
132690,2353
132690,1784
132690,1721
46136,4226
46136,1527
46136,2762
46136,541
46136,924
46136,4306
46136,1219
46136,4848
46136,1079
46136,1682
133205,6377
133205,68954
133205,60069
133205,318
133205,94959
133205,1221
133205,4306
133205,46578
133205,1210
133205,541
62995,5418
62995,1193
62995,1210
62995,260
62995,33794
62995,1270
62995,1
62995,49272
62995,1262
62995,6539
107931,3897
107931,539
107931,1
107931,4973
107931,2324
107931,2028
107931,7153
107931,508
107931,6711
107931,2291
91254,780
91254,597
91254,2355
91254,1721
91254,3793
91254,58559
91254,500
91254,480
91254,5989
91254,5418
8054,1222
8054,50
8054,1663
8054,4855
8054,1291
8054,296
8054,3508
8054,1214
8054,593
8054,6808
55313,1580
55313,2329
55313,47
55313,2012
55313,586
55313,2683
55313,32587
55313,1221
55313,527
55313,1036
112594,50
112594,527
112594,2571
112594,4993
112594,2858
112594,2329
112594,7361
112594,109374
112594,68157
112594,2762
36201,36517
36201,44199
36201,40819
36201,33794
36201,30749
36201,45517
36201,48516
36201,8958
36201,31225
36201,6565
30428,318
30428,1
30428,7153
30428,593
30428,588
30428,595
30428,919
30428,5952
30428,4993
30428,78499
125697,32
125697,4973
125697,1193
125697,2959
125697,858
125697,1222
125697,4226
125697,750
125697,778
125697,1089
107679,2959
107679,48394
107679,33903
107679,3083
107679,44694
107679,6953
107679,6874
107679,8014
107679,2692
107679,7361
25478,3578
25478,6016
25478,1097
25478,1945
25478,16
25478,1333
25478,1263
25478,8961
25478,110
25478,356
118848,4022
118848,52328
118848,64614
118848,37733
118848,47200
118848,55363
118848,71535
118848,1370
118848,50068
118848,924
57695,1
57695,3253
57695,32
57695,1220
57695,34405
57695,4027
57695,318
57695,551
57695,2140
57695,1967
6412,527
6412,4973
6412,48394
6412,2329
6412,1193
6412,3949
6412,63876
6412,2692
6412,30707
6412,5995
64180,4226
64180,356
64180,7254
64180,2571
64180,52604
64180,2858
64180,2028
64180,527
64180,56174
64180,44665
133341,1240
133341,10
133341,589
133341,1653
133341,2959
133341,47
133341,593
133341,1625
133341,356
133341,2916
79627,46578
79627,260
79627,2542
79627,44195
79627,750
79627,1210
79627,1089
79627,27904
79627,38061
79627,1197
115784,480
115784,1291
115784,2762
115784,1198
115784,33794
115784,4963
115784,4306
115784,60069
115784,3578
115784,6377
88950,7156
88950,4973
88950,2997
88950,7361
88950,1189
88950,2064
88950,6711
88950,8264
88950,26524
88950,5291
30864,50
30864,2858
30864,588
30864,7153
30864,2918
30864,595
30864,6539
30864,6377
30864,593
30864,2396
73947,79132
73947,919
73947,4896
73947,1265
73947,6539
73947,910
73947,1732
73947,1968
73947,60069
73947,4306
15244,7153
15244,5952
15244,4993
15244,500
15244,2329
15244,50
15244,1291
15244,778
15244,480
15244,5445
20829,4306
20829,318
20829,1210
20829,1198
20829,110
20829,2858
20829,1721
20829,780
20829,2028
20829,296
128356,3948
128356,1197
128356,7445
128356,216
128356,56367
128356,41566
128356,3969
128356,3489
128356,69757
128356,33166
50401,4054
50401,3489
50401,4995
50401,3301
50401,2432
50401,5810
50401,2881
50401,500
50401,4022
50401,5266
39290,4011
39290,47
39290,2997
39290,4226
39290,223
39290,4027
39290,593
39290,61323
39290,58559
39290,750
86301,8528
86301,2694
86301,30825
86301,2335
86301,31685
86301,1777
86301,7325
86301,104
86301,4718
86301,45726
56271,4995
56271,2762
56271,4226
56271,4246
56271,5989
56271,2572
56271,339
56271,1393
56271,1968
56271,1
116632,4016
116632,5349
116632,588
116632,4896
116632,5618
116632,260
116632,1136
116632,54259
116632,364
116632,1
22848,593
22848,2329
22848,48394
22848,4963
22848,4226
22848,68157
22848,2502
22848,778
22848,6539
22848,63082
29023,2959
29023,1210
29023,2571
29023,6188
29023,1073
29023,1732
29023,3421
29023,54272
29023,59315
29023,33794
23614,1617
23614,356
23614,50
23614,2571
23614,4034
23614,111
23614,1258
23614,1225
23614,1206
23614,2329
14687,6377
14687,1580
14687,2716
14687,1097
14687,344
14687,3114
14687,2762
14687,1485
14687,3552
14687,4571
133809,1213
133809,1214
133809,3504
133809,2599
133809,111
133809,4973
133809,8228
133809,5952
133809,1265
133809,1278
117395,3578
117395,5669
117395,2396
117395,1960
117395,4008
117395,457
117395,5989
117395,1210
117395,4886
117395,3451
42557,47
42557,2571
42557,608
42557,32
42557,2700
42557,5669
42557,778
42557,3897
42557,4878
42557,1222
122724,356
122724,110
122724,3578
122724,296
122724,593
122724,1136
122724,1208
122724,1270
122724,1
122724,1213
47640,1682
47640,94864
47640,34319
47640,76251
47640,1625
47640,60684
47640,6502
47640,3535
47640,60069
47640,4995
88631,377
88631,318
88631,7293
88631,5014
88631,4995
88631,919
88631,1485
88631,1101
88631,1923
88631,350
79253,6377
79253,454
79253,2716
79253,1240
79253,2268
79253,2012
79253,500
79253,3408
79253,1393
79253,3114
82238,58559
82238,593
82238,32
82238,296
82238,68358
82238,101864
82238,480
82238,1198
82238,60069
82238,103253
67491,8961
67491,5418
67491,6377
67491,5445
67491,4963
67491,1291
67491,527
67491,2918
67491,5349
67491,1
137219,6539
137219,3114
137219,1198
137219,1197
137219,33794
137219,1291
137219,551
137219,1136
137219,1748
137219,3175
132625,50
132625,8961
132625,4226
132625,7438
132625,551
132625,2997
132625,110
132625,4963
132625,4027
132625,1961
113508,2329
113508,2959
113508,595
113508,3949
113508,1213
113508,1206
113508,4878
113508,296
113508,586
113508,1
103095,608
103095,318
103095,912
103095,1213
103095,7361
103095,1230
103095,50
103095,2571
103095,3307
103095,1196
95932,508
95932,587
95932,81845
95932,55280
95932,46723
95932,85881
95932,96655
95932,69757
95932,64622
95932,50872
7655,2
7655,4995
7655,551
7655,4016
7655,1566
7655,4519
7655,4896
7655,3114
7655,1136
7655,58559
74504,1214
74504,1036
74504,589
74504,858
74504,4306
74504,296
74504,1961
74504,1198
74504,1193
74504,2858
116,1240
116,2542
116,593
116,2502
116,5956
116,1197
116,4226
116,4776
116,8917
116,2762
118804,4306
118804,5952
118804,356
118804,4993
118804,7153
118804,1704
118804,2959
118804,4973
118804,2762
118804,2125
9500,260
9500,5952
9500,2788
9500,1136
9500,318
9500,1079
9500,5060
9500,1265
9500,2028
9500,1036
20138,1210
20138,356
20138,2959
20138,50
20138,592
20138,32
20138,1270
20138,1197
20138,3897
20138,1265
47835,1240
47835,2028
47835,1291
47835,589
47835,733
47835,7153
47835,110
47835,377
47835,4226
47835,541
124941,2683
124941,356
124941,2706
124941,5349
124941,2291
124941,344
124941,1073
124941,500
124941,5816
124941,296
24163,2918
24163,4226
24163,593
24163,5349
24163,1961
24163,4963
24163,4027
24163,4995
24163,588
24163,7147
118177,8961
118177,5418
118177,4306
118177,6218
118177,5445
118177,3481
118177,8784
118177,2997
118177,364
118177,2571
36428,1240
36428,2858
36428,1136
36428,55820
36428,223
36428,457
36428,1617
36428,1732
36428,1258
36428,1265
94891,97921
94891,2858
94891,3578
94891,2571
94891,1196
94891,104374
94891,88163
94891,104841
94891,105844
94891,106920
61675,59315
61675,527
61675,858
61675,1210
61675,3578
61675,2858
61675,293
61675,3275
61675,69122
61675,2762
4495,1258
4495,1228
4495,593
4495,922
4495,318
4495,4226
4495,296
4495,608
4495,908
4495,541
103104,527
103104,500
103104,46578
103104,539
103104,39183
103104,5299
103104,1270
103104,4995
103104,457
103104,2396
134670,46578
134670,5669
134670,7323
134670,7361
134670,6711
134670,8784
134670,1188
134670,3967
134670,232
134670,8645
74909,3030
74909,50
74909,2959
74909,1203
74909,903
74909,1248
74909,1136
74909,1197
74909,1213
74909,4973
76487,2396
76487,588
76487,4306
76487,4886
76487,4993
76487,1210
76487,8368
76487,4896
76487,4308
76487,10
100092,2762
100092,47
100092,54286
100092,44199
100092,356
100092,64614
100092,85414
100092,55820
100092,6
100092,2571
13310,318
13310,110
13310,4973
13310,58295
13310,2959
13310,1721
13310,47610
13310,2762
13310,7458
13310,62374
99201,58559
99201,293
99201,480
99201,344
99201,2329
99201,3578
99201,1580
99201,4878
99201,457
99201,2028
68289,5952
68289,44191
68289,318
68289,3996
68289,1196
68289,1653
68289,4878
68289,7438
68289,6874
68289,5618
97575,1136
97575,1080
97575,7361
97575,50
97575,32
97575,4306
97575,4226
97575,1682
97575,858
97575,2762
19139,5989
19139,1221
19139,6874
19139,356
19139,27773
19139,48394
19139,7438
19139,4878
19139,3147
19139,55820
85311,79132
85311,77561
85311,81834
85311,260
85311,1197
85311,81847
85311,2571
85311,5349
85311,91542
85311,4306
113279,3435
113279,6787
113279,904
113279,928
113279,4187
113279,7121
113279,914
113279,1221
113279,3504
113279,920
70109,296
70109,79132
70109,5989
70109,4022
70109,3408
70109,1580
70109,457
70109,50
70109,780
70109,2324
33502,68954
33502,46976
33502,40815
33502,8665
33502,49272
33502,8961
33502,78499
33502,80463
33502,89492
33502,37741
23153,3793
23153,4886
23153,4993
23153,2
23153,588
23153,1721
23153,2706
23153,7153
23153,1
23153,367
131620,1080
131620,2067
131620,1193
131620,1183
131620,1957
131620,1674
131620,3551
131620,4855
131620,349
131620,2313
81847,6539
81847,2571
81847,1196
81847,5952
81847,4993
81847,91542
81847,91500
81847,60069
81847,91529
81847,68954
23300,2329
23300,223
23300,54503
23300,2502
23300,5110
23300,47
23300,480
23300,7317
23300,84152
23300,5903
4021,50
4021,58559
4021,2959
4021,2329
4021,2502
4021,2028
4021,1036
4021,59315
4021,1265
4021,4226
109695,4306
109695,500
109695,1270
109695,1291
109695,2081
109695,588
109695,4886
109695,1198
109695,1
109695,1584
73732,4016
73732,1282
73732,3114
73732,39
73732,1035
73732,2081
73732,455
73732,362
73732,4973
73732,262
72655,2858
72655,2291
72655,2997
72655,1682
72655,1704
72655,2762
72655,2321
72655,333
72655,35836
72655,1968
72978,1917
72978,2706
72978,110
72978,3147
72978,377
72978,5418
72978,586
72978,165
72978,47
72978,1198
27310,2959
27310,296
27310,527
27310,356
27310,858
27310,7153
27310,593
27310,1721
27310,2571
27310,4995
33773,1242
33773,50068
33773,47629
33773,110
33773,6377
33773,6218
33773,5989
33773,3578
33773,508
33773,8961
82308,4306
82308,356
82308,480
82308,58559
82308,59315
82308,296
82308,1580
82308,1214
82308,4886
82308,68358
60113,7361
60113,608
60113,47
60113,527
60113,1089
60113,4226
60113,44555
60113,1252
60113,5291
60113,1228
106004,4886
106004,6016
106004,4995
106004,4011
106004,79357
106004,296
106004,5445
106004,318
106004,96610
106004,5971
26932,56174
26932,47
26932,59369
26932,55290
26932,51540
26932,58103
26932,2762
26932,2959
26932,53129
26932,52722
26192,318
26192,88129
26192,44191
26192,68157
26192,58559
26192,44199
26192,84152
26192,51255
26192,89745
26192,91658
95092,7361
95092,750
95092,593
95092,2918
95092,968
95092,2716
95092,2529
95092,2997
95092,32
95092,1682
131545,356
131545,1721
131545,6539
131545,8368
131545,2571
131545,588
131545,1196
131545,1035
131545,41566
131545,595
120597,47
120597,318
120597,63082
120597,6377
120597,81591
120597,4995
120597,593
120597,68157
120597,551
120597,3186
37554,912
37554,2398
37554,356
37554,919
37554,590
37554,3871
37554,457
37554,150
37554,1207
37554,3671
49521,1222
49521,1136
49521,111
49521,1221
49521,1258
49521,2329
49521,2502
49521,1247
49521,913
49521,1252
98168,3052
98168,589
98168,1270
98168,3753
98168,7143
98168,1479
98168,2115
98168,2012
98168,150
98168,4823
29892,1200
29892,1721
29892,4226
29892,32
29892,527
29892,231
29892,377
29892,367
29892,648
29892,110
61343,2959
61343,2858
61343,593
61343,527
61343,296
61343,750
61343,1208
61343,4973
61343,1222
61343,1089
23128,356
23128,293
23128,6
23128,1036
23128,1610
23128,2278
23128,50
23128,16
23128,2000
23128,1573
118443,2571
118443,1265
118443,1097
118443,55820
118443,111
118443,1198
118443,1206
118443,1252
118443,480
118443,4848
35125,4226
35125,318
35125,50
35125,111
35125,1240
35125,2997
35125,1196
35125,1136
35125,1527
35125,589
37857,6552
37857,5878
37857,55276
37857,1193
37857,3730
37857,7419
37857,7084
37857,912
37857,5902
37857,54286
84869,260
84869,318
84869,49272
84869,527
84869,3578
84869,1196
84869,1036
84869,54286
84869,4226
84869,79132
59922,6539
59922,4306
59922,1580
59922,3753
59922,150
59922,2268
59922,318
59922,2797
59922,3793
59922,595
74290,7153
74290,4993
74290,1198
74290,356
74290,110
74290,589
74290,5952
74290,4963
74290,1240
74290,541
36484,5349
36484,1240
36484,480
36484,3793
36484,5445
36484,3147
36484,8961
36484,1396
36484,6377
36484,47
3608,8636
3608,364
3608,318
3608,3114
3608,1704
3608,1198
3608,6863
3608,1291
3608,3793
3608,5010
47865,4246
47865,4979
47865,595
47865,2291
47865,2396
47865,3897
47865,337
47865,1271
47865,4027
47865,2359
60134,7373
60134,3578
60134,4886
60134,53996
60134,63082
60134,51662
60134,68793
60134,33794
60134,56174
60134,71264
68495,58559
68495,48394
68495,8874
68495,4226
68495,4878
68495,50
68495,3996
68495,29
68495,858
68495,6016
22514,2858
22514,1270
22514,356
22514,47
22514,2959
22514,2571
22514,1148
22514,1080
22514,1682
22514,260
36947,5952
36947,56367
36947,588
36947,7361
36947,2858
36947,2329
36947,595
36947,4226
36947,44191
36947,2502
29507,1197
29507,5971
29507,2762
29507,1213
29507,2858
29507,6016
29507,48394
29507,1274
29507,2918
29507,1246
121776,8961
121776,5989
121776,30822
121776,5218
121776,1923
121776,7361
121776,3977
121776,2763
121776,33145
121776,4993
40708,1198
40708,1210
40708,296
40708,4226
40708,318
40708,2329
40708,48774
40708,44191
40708,2028
40708,1291
57350,2762
57350,1580
57350,7153
57350,5952
57350,858
57350,2329
57350,68157
57350,1884
57350,70286
57350,4848
114392,4848
114392,750
114392,32
114392,2858
114392,2997
114392,5902
114392,4878
114392,56782
114392,6016
114392,1186
95871,588
95871,4306
95871,364
95871,49272
95871,31658
95871,2959
95871,59315
95871,4973
95871,46578
95871,3000
84610,1197
84610,2571
84610,3578
84610,3552
84610,1198
84610,7153
84610,8961
84610,260
84610,1196
84610,296
46183,318
46183,2959
46183,30749
46183,4973
46183,46578
46183,55820
46183,2329
46183,55247
46183,50
46183,64839
95797,4973
95797,6539
95797,1240
95797,4963
95797,110
95797,589
95797,5418
95797,4226
95797,1580
95797,2762
101034,6539
101034,3751
101034,588
101034,1
101034,4016
101034,5444
101034,5952
101034,2081
101034,595
101034,1028
35872,1269
35872,55765
35872,26111
35872,7055
35872,31260
35872,7706
35872,1292
35872,31528
35872,4969
35872,3089
39269,60069
39269,2858
39269,31658
39269,1682
39269,5971
39269,4226
39269,3949
39269,6773
39269,1136
39269,1921
112816,2762
112816,1704
112816,318
112816,4226
112816,1246
112816,17
112816,50
112816,497
112816,2571
112816,1961
119877,32
119877,5418
119877,1653
119877,5502
119877,1356
119877,34048
119877,3578
119877,457
119877,1097
119877,34319
66112,2571
66112,296
66112,593
66112,2329
66112,48516
66112,541
66112,1203
66112,1252
66112,47
66112,2278
26447,4878
26447,2959
26447,44191
26447,1721
26447,2762
26447,1198
26447,72998
26447,1
26447,2291
26447,1704
124401,4973
124401,2762
124401,2324
124401,1136
124401,1197
124401,6539
124401,150
124401,1961
124401,593
124401,1225
109915,50
109915,2012
109915,2115
109915,1089
109915,1220
109915,44191
109915,26776
109915,2174
109915,7361
109915,1200
76985,50872
76985,3578
76985,480
76985,3793
76985,1136
76985,73017
76985,1580
76985,8636
76985,107
76985,595
91214,318
91214,2716
91214,2302
91214,480
91214,1101
91214,150
91214,3578
91214,3948
91214,1097
91214,231
31321,653
31321,802
31321,8371
31321,163
31321,1370
31321,50
31321,34319
31321,8529
31321,173
31321,6
121,2571
121,318
121,34162
121,4011
121,2329
121,2628
121,48516
121,1732
121,2502
121,223
129235,53000
129235,4370
129235,66097
129235,5679
129235,48385
129235,5481
129235,8783
129235,7099
129235,65261
129235,99114
82023,4226
82023,527
82023,2858
82023,2762
82023,1270
82023,110
82023,588
82023,33794
82023,4306
82023,1036
28612,58559
28612,91500
28612,2028
28612,51662
28612,73017
28612,84152
28612,89864
28612,4011
28612,110
28612,91658
106444,40819
106444,44195
106444,63876
106444,30749
106444,44555
106444,34072
106444,47629
106444,8337
106444,36535
106444,34552
90862,253
90862,2329
90862,4973
90862,293
90862,2021
90862,1215
90862,7649
90862,1240
90862,2167
90862,33162
19108,3114
19108,50
19108,588
19108,594
19108,593
19108,3147
19108,364
19108,551
19108,4973
19108,2081
110129,44191
110129,4343
110129,2959
110129,8360
110129,1527
110129,34319
110129,6874
110129,2273
110129,34048
110129,1270
62311,60069
62311,68954
62311,79132
62311,593
62311,1197
62311,50
62311,2959
62311,78499
62311,1203
62311,4226
109314,2762
109314,356
109314,47099
109314,33166
109314,3408
109314,44195
109314,48516
109314,4993
109314,47610
109314,8665
32806,1210
32806,1036
32806,33794
32806,2762
32806,3160
32806,5418
32806,1246
32806,4327
32806,1263
32806,364
53860,5445
53860,8636
53860,356
53860,6377
53860,2571
53860,2959
53860,5989
53860,3623
53860,6874
53860,1291
93971,480
93971,593
93971,58559
93971,2716
93971,47
93971,2762
93971,2028
93971,592
93971,8961
93971,3578
138103,87232
138103,73017
138103,5903
138103,33794
138103,51935
138103,51255
138103,33004
138103,68954
138103,8529
138103,76251
75844,2502
75844,58559
75844,858
75844,593
75844,50
75844,441
75844,4011
75844,2918
75844,356
75844,2042
92865,96079
92865,5952
92865,8961
92865,89745
92865,1258
92865,480
92865,68157
92865,1291
92865,88125
92865,2716
6911,2571
6911,58559
6911,527
6911,7153
6911,2959
6911,3578
6911,45447
6911,2990
6911,8368
6911,74458
78235,55276
78235,48516
78235,55820
78235,54286
78235,33166
78235,46578
78235,30749
78235,8949
78235,48394
78235,37741
68801,50
68801,4973
68801,1206
68801,4878
68801,260
68801,32
68801,593
68801,5952
68801,608
68801,47
119416,3949
119416,2858
119416,4306
119416,69122
119416,1193
119416,4995
119416,5989
119416,57669
119416,27773
119416,3147
14994,924
14994,1217
14994,6987
14994,1199
14994,1208
14994,1282
14994,235
14994,7234
14994,3503
14994,8154
21538,480
21538,1291
21538,3578
21538,778
21538,6539
21538,1732
21538,1258
21538,51255
21538,2706
21538,3793
88213,356
88213,1136
88213,778
88213,68954
88213,1206
88213,56757
88213,588
88213,596
88213,1367
88213,4896
97423,1748
97423,4226
97423,2858
97423,2640
97423,1653
97423,4306
97423,4571
97423,6333
97423,2291
97423,2762
91819,296
91819,58559
91819,1215
91819,60684
91819,4878
91819,61240
91819,33794
91819,4128
91819,1214
91819,50
107507,6539
107507,2959
107507,4306
107507,59315
107507,2028
107507,72998
107507,87232
107507,3578
107507,47
107507,1270
65473,318
65473,1198
65473,50
65473,1208
65473,1213
65473,1196
65473,750
65473,2329
65473,1090
65473,293
6561,6377
6561,356
6561,1246
6561,2571
6561,2762
6561,7147
6561,6711
6561,5971
6561,253
6561,32
3877,1982
3877,1997
3877,2288
3877,2459
3877,2160
3877,196
3877,3499
3877,3273
3877,1407
3877,1991
86087,1199
86087,70286
86087,1197
86087,1214
86087,8874
86087,5952
86087,7153
86087,2858
86087,29
86087,6502
82364,1197
82364,912
82364,3897
82364,1136
82364,44195
82364,3911
82364,6218
82364,5418
82364,60069
82364,2396
13913,356
13913,4306
13913,589
13913,2028
13913,1517
13913,344
13913,1136
13913,47
13913,2700
13913,1036
81942,260
81942,47
81942,1206
81942,1193
81942,593
81942,1387
81942,55820
81942,2502
81942,1259
81942,527
46865,527
46865,1213
46865,318
46865,1193
46865,31116
46865,3365
46865,3360
46865,4047
46865,2028
46865,1266
120197,5618
120197,3503
120197,110
120197,356
120197,3996
120197,2571
120197,4993
120197,7153
120197,5952
120197,6377
15863,296
15863,1198
15863,7153
15863,2174
15863,2571
15863,2997
15863,2918
15863,1
15863,1197
15863,541
84462,2571
84462,750
84462,4973
84462,1136
84462,2959
84462,1221
84462,4226
84462,541
84462,1222
84462,4993
2605,7153
2605,5952
2605,4993
2605,32587
2605,44191
2605,1923
2605,35836
2605,8784
2605,1527
2605,648
21913,1375
21913,2160
21913,1356
21913,79132
21913,68358
21913,58559
21913,1215
21913,2716
21913,93840
21913,91529
91924,1208
91924,2019
91924,296
91924,1197
91924,4226
91924,2959
91924,2858
91924,1193
91924,293
91924,1218
20434,253
20434,7361
20434,5445
20434,1748
20434,1206
20434,2542
20434,3949
20434,7254
20434,1193
20434,2997
84365,6539
84365,58559
84365,4306
84365,91500
84365,5816
84365,41566
84365,3578
84365,69844
84365,1380
84365,54001
43268,1653
43268,8636
43268,260
43268,3793
43268,2321
43268,8865
43268,2716
43268,5171
43268,6157
43268,1375
112855,6377
112855,318
112855,593
112855,2959
112855,1527
112855,4886
112855,7438
112855,589
112855,32
112855,357
84903,66097
84903,4027
84903,8874
84903,2716
84903,72226
84903,81845
84903,1201
84903,5291
84903,1387
84903,1291
101421,33794
101421,318
101421,4886
101421,79132
101421,48516
101421,7438
101421,5989
101421,81845
101421,49272
101421,1682
31185,318
31185,4226
31185,4878
31185,2959
31185,58559
31185,6377
31185,296
31185,4973
31185,750
31185,68157
65129,750
65129,8542
65129,1212
65129,8094
65129,3683
65129,1252
65129,1284
65129,26172
65129,908
65129,3429
69691,48516
69691,1210
69691,356
69691,1291
69691,2762
69691,457
69691,858
69691,33794
69691,6296
69691,1704
52919,1198
52919,5445
52919,3499
52919,5679
52919,6539
52919,589
52919,4226
52919,5464
52919,5630
52919,2959
50600,2959
50600,356
50600,58559
50600,780
50600,2706
50600,2571
50600,1
50600,593
50600,344
50600,63082
102368,1682
102368,6377
102368,364
102368,2617
102368,2959
102368,592
102368,2115
102368,45722
102368,1517
102368,296
67283,6377
67283,56171
67283,4306
67283,48
67283,2355
67283,60074
67283,1291
67283,33615
67283,7143
67283,3793
98587,3949
98587,2762
98587,2329
98587,6874
98587,48394
98587,778
98587,44555
98587,1193
98587,48780
98587,4886
81527,2959
81527,858
81527,2858
81527,4226
81527,593
81527,318
81527,1
81527,926
81527,4993
81527,1198
55413,33794
55413,48385
55413,32587
55413,49272
55413,344
55413,4878
55413,6539
55413,780
55413,1291
55413,1136
76372,480
76372,593
76372,589
76372,2571
76372,1584
76372,32
76372,318
76372,3471
76372,79132
76372,356
70396,110
70396,8961
70396,2858
70396,68157
70396,6539
70396,2028
70396,56367
70396,1
70396,1198
70396,58998
41529,296
41529,47
41529,46578
41529,2858
41529,2959
41529,1259
41529,5225
41529,6796
41529,527
41529,58559
11660,58559
11660,260
11660,1210
11660,2571
11660,70286
11660,2959
11660,1214
11660,1200
11660,48394
11660,7099
123269,2858
123269,4973
123269,6539
123269,8961
123269,2959
123269,8784
123269,7438
123269,1198
123269,1225
123269,919
3986,33493
3986,41566
3986,59315
3986,41997
3986,33166
3986,40583
3986,45517
3986,39292
3986,46578
3986,50872
56989,318
56989,1222
56989,778
56989,2916
56989,2692
56989,4963
56989,1923
56989,6711
56989,3578
56989,3147
38800,36517
38800,8949
38800,6867
38800,8638
38800,4973
38800,46578
38800,5812
38800,1252
38800,7234
38800,3996
115246,318
115246,2571
115246,59315
115246,48780
115246,3793
115246,73017
115246,88125
115246,44191
115246,32587
115246,6874
88149,4973
88149,4878
88149,47
88149,1213
88149,2762
88149,78499
88149,608
88149,527
88149,1221
88149,48394
92844,50
92844,1270
92844,32
92844,7361
92844,110
92844,380
92844,608
92844,4226
92844,4993
92844,6874
14908,41566
14908,54286
14908,48780
14908,48774
14908,49530
14908,52722
14908,30707
14908,8961
14908,53972
14908,32598
105586,110
105586,318
105586,50
105586,2959
105586,6016
105586,1198
105586,2329
105586,1213
105586,1222
105586,32
133640,8961
133640,2028
133640,6377
133640,7153
133640,364
133640,3793
133640,4306
133640,150
133640,1270
133640,5445
124369,2959
124369,2858
124369,7361
124369,1923
124369,4886
124369,47
124369,1625
124369,8360
124369,293
124369,318
6112,30749
6112,34048
6112,40819
6112,72011
6112,52328
6112,56782
6112,97921
6112,97752
6112,44199
6112,94864
110782,2571
110782,4226
110782,593
110782,47
110782,32
110782,231
110782,1193
110782,1704
110782,4306
110782,527
67608,79132
67608,93840
67608,81834
67608,60069
67608,96079
67608,65261
67608,66097
67608,94864
67608,69844
67608,87232
104206,2858
104206,50
104206,2762
104206,3081
104206,480
104206,2115
104206,54272
104206,1997
104206,5679
104206,4306
95561,356
95561,56367
95561,4308
95561,318
95561,1968
95561,1197
95561,63082
95561,1136
95561,80463
95561,2918
92928,48780
92928,1653
92928,2671
92928,6323
92928,4022
92928,1784
92928,2058
92928,1097
92928,45447
92928,590
60016,1270
60016,1732
60016,1080
60016,32587
60016,59315
60016,7361
60016,924
60016,741
60016,2997
60016,551
1233,5952
1233,457
1233,2571
1233,364
1233,590
1233,3578
1233,608
1233,736
1233,587
1233,1214
70785,3578
70785,6016
70785,2959
70785,7361
70785,4993
70785,2762
70785,2028
70785,318
70785,50
70785,3793
69363,356
69363,480
69363,47
69363,4226
69363,296
69363,4993
69363,68358
69363,3578
69363,2858
69363,541
53183,480
53183,1270
53183,2028
53183,1196
53183,3578
53183,2329
53183,733
53183,4226
53183,344
53183,589
74819,2858
74819,4973
74819,3949
74819,2997
74819,31658
74819,26776
74819,1089
74819,1199
74819,4878
74819,1080
51603,2858
51603,858
51603,750
51603,1732
51603,1222
51603,1258
51603,50
51603,47
51603,55820
51603,4262
37026,2858
37026,48780
37026,1961
37026,2762
37026,296
37026,74458
37026,3578
37026,1704
37026,5989
37026,3949
77428,3949
77428,293
77428,47
77428,4878
77428,55820
77428,1214
77428,54286
77428,44191
77428,110
77428,1732
53045,780
53045,1
53045,5952
53045,2571
53045,4993
53045,1196
53045,2762
53045,588
53045,3793
53045,4306
115974,2959
115974,296
115974,318
115974,2571
115974,356
115974,589
115974,1213
115974,6874
115974,260
115974,2012
98652,2959
98652,3000
98652,81845
98652,63082
98652,92259
98652,7361
98652,67255
98652,48394
98652,102194
98652,4226
81628,1136
81628,745
81628,1208
81628,913
81628,1199
81628,1307
81628,1617
81628,1214
81628,345
81628,1580
88501,1270
88501,4973
88501,1198
88501,1136
88501,6773
88501,26662
88501,50
88501,1291
88501,8464
88501,1682
102960,68954
102960,72998
102960,4963
102960,67087
102960,70286
102960,71535
102960,68157
102960,49272
102960,58559
102960,54272
44731,6539
44731,1580
44731,480
44731,54286
44731,58559
44731,2028
44731,4963
44731,49272
44731,110
44731,1270
17354,60069
17354,46578
17354,86345
17354,53894
17354,79132
17354,51255
17354,68157
17354,56367
17354,44191
17354,1203
114031,1136
114031,7147
114031,6539
114031,54259
114031,902
114031,46976
114031,4306
114031,5952
114031,2571
114031,70293
16313,593
16313,1089
16313,44191
16313,47
16313,58559
16313,4878
16313,1240
16313,33794
16313,68237
16313,2012
81207,8961
81207,5445
81207,6711
81207,1784
81207,3742
81207,1
81207,3022
81207,1653
81207,2329
81207,4306
69980,1198
69980,1240
69980,7153
69980,296
69980,6539
69980,2959
69980,7438
69980,110
69980,5445
69980,68157
62387,2393
62387,4993
62387,1136
62387,541
62387,6539
62387,316
62387,2001
62387,648
62387,3527
62387,480
45388,1682
45388,48780
45388,3793
45388,51662
45388,5989
45388,1136
45388,2918
45388,4886
45388,35836
45388,31878
66325,6365
66325,356
66325,48394
66325,6863
66325,8371
66325,4306
66325,8957
66325,3949
66325,33794
66325,7153
23386,1089
23386,4011
23386,293
23386,7147
23386,253
23386,2291
23386,3052
23386,4306
23386,356
23386,551
22095,1653
22095,36529
22095,1270
22095,1222
22095,480
22095,5010
22095,4022
22095,1221
22095,4874
22095,1552
7783,1527
7783,1270
7783,2571
7783,1028
7783,1968
7783,39
7783,3033
7783,158
7783,1197
7783,4878
28474,58559
28474,5378
28474,5903
28474,34319
28474,33004
28474,2959
28474,56921
28474,60069
28474,33794
28474,34048
95352,33794
95352,778
95352,1080
95352,4306
95352,2329
95352,47
95352,4993
95352,32
95352,4963
95352,1240
86917,2858
86917,2028
86917,260
86917,296
86917,2571
86917,5349
86917,4306
86917,32
86917,1198
86917,1089
65774,5952
65774,6377
65774,527
65774,5445
65774,2858
65774,780
65774,4993
65774,4995
65774,457
65774,3793
67725,72998
67725,96610
67725,106487
67725,74458
67725,88140
67725,73017
67725,58559
67725,92259
67725,97921
67725,97938
82586,50
82586,1089
82586,32
82586,7438
82586,296
82586,260
82586,2858
82586,1196
82586,6016
82586,778
108715,260
108715,50
108715,1196
108715,110
108715,1210
108715,1214
108715,1200
108715,54259
108715,2692
108715,7099
25474,380
25474,356
25474,2881
25474,54736
25474,480
25474,48412
25474,49530
25474,780
25474,35957
25474,8908
63948,356
63948,1784
63948,296
63948,1079
63948,750
63948,2396
63948,1333
63948,1246
63948,1265
63948,6711
126998,246
126998,1673
126998,1732
126998,593
126998,1136
126998,1193
126998,1247
126998,923
126998,2395
126998,3741
52012,2028
52012,2959
52012,47
52012,1208
52012,32
52012,2858
52012,4262
52012,110
52012,1090
52012,1196
20202,1208
20202,1206
20202,903
20202,923
20202,48774
20202,2858
20202,5902
20202,39292
20202,1212
20202,1248
58960,68157
58960,1214
58960,2019
58960,1206
58960,527
58960,1198
58960,1266
58960,38061
58960,44191
58960,7981
60225,87232
60225,91529
60225,7669
60225,88125
60225,73017
60225,77561
60225,74458
60225,39
60225,2959
60225,838
135015,520
135015,2329
135015,4886
135015,367
135015,3409
135015,3638
135015,1590
135015,34162
135015,39
135015,1485
4555,2762
4555,110
4555,2028
4555,78499
4555,1270
4555,72998
4555,364
4555,81845
4555,8961
4555,4226
95926,316
95926,6378
95926,95
95926,733
95926,2028
95926,589
95926,3753
95926,6537
95926,4638
95926,349
126055,589
126055,1240
126055,2571
126055,1210
126055,1196
126055,260
126055,8665
126055,1198
126055,53972
126055,8644
44762,2997
44762,7361
44762,2726
44762,2571
44762,4973
44762,6440
44762,235
44762,1199
44762,6870
44762,750
39329,593
39329,47
39329,58559
39329,7361
39329,1193
39329,6016
39329,1258
39329,1222
39329,2997
39329,50
126790,1193
126790,1089
126790,608
126790,2959
126790,318
126790,2997
126790,162
126790,593
126790,1265
126790,1225
130390,47
130390,2959
130390,4226
130390,6502
130390,6377
130390,3863
130390,8784
130390,2502
130390,3949
130390,3897
125289,5952
125289,73017
125289,76251
125289,47
125289,3275
125289,48780
125289,44191
125289,5418
125289,87232
125289,57669
52762,2096
52762,1345
52762,1028
52762,1022
52762,2160
52762,919
52762,2081
52762,1073
52762,3499
52762,1035
9505,356
9505,1198
9505,2762
9505,593
9505,590
9505,953
9505,457
9505,1302
9505,1097
9505,1197
45272,71535
45272,48394
45272,2959
45272,48774
45272,5952
45272,7153
45272,34405
45272,1200
45272,68157
45272,32587
76387,356
76387,6539
76387,783
76387,1580
76387,1566
76387,2078
76387,1907
76387,2918
76387,594
76387,1265
135956,223
135956,1221
135956,7438
135956,1136
135956,858
135956,480
135956,2115
135956,1291
135956,1263
135956,3052
114967,1704
114967,4973
114967,356
114967,110
114967,357
114967,597
114967,4995
114967,4014
114967,318
114967,2762
128558,51255
128558,52458
128558,58103
128558,4306
128558,780
128558,480
128558,593
128558,3793
128558,1580
128558,6333
38070,480
38070,5816
38070,4993
38070,3578
38070,4718
38070,356
38070,5378
38070,53996
38070,8368
38070,8957
111293,4306
111293,6934
111293,5445
111293,72998
111293,2762
111293,8644
111293,47610
111293,45722
111293,8368
111293,68319
91563,1206
91563,4878
91563,296
91563,2710
91563,48385
91563,44191
91563,1682
91563,7254
91563,1997
91563,4226
107889,1270
107889,2959
107889,1136
107889,2716
107889,1639
107889,1291
107889,1265
107889,318
107889,50
107889,39
39562,260
39562,1089
39562,47
39562,2762
39562,2997
39562,356
39562,5952
39562,318
39562,4306
39562,5225
95998,1370
95998,3527
95998,32
95998,1201
95998,4226
95998,457
95998,356
95998,31658
95998,3793
95998,6874
92054,595
92054,2959
92054,588
92054,1682
92054,4995
92054,5989
92054,7361
92054,4886
92054,69757
92054,7669
83045,318
83045,58559
83045,2571
83045,4973
83045,3949
83045,3000
83045,6874
83045,79132
83045,60069
83045,81591
120546,733
120546,1917
120546,377
120546,145
120546,8361
120546,1721
120546,8972
120546,344
120546,7153
120546,4993
20579,27773
20579,44191
20579,7438
20579,33166
20579,46578
20579,48385
20579,38061
20579,8950
20579,44195
20579,8798
34851,1704
34851,3949
34851,7361
34851,7153
34851,344
34851,47
34851,2028
34851,780
34851,3578
34851,32
81099,296
81099,2959
81099,2858
81099,608
81099,1247
81099,4027
81099,46578
81099,4973
81099,4226
81099,1449
50378,1
50378,72998
50378,7438
50378,56367
50378,2161
50378,1732
50378,7361
50378,6874
50378,58559
50378,8961
64596,293
64596,50
64596,1089
64596,1258
64596,4993
64596,7153
64596,1210
64596,2762
64596,1732
64596,1213
100948,70286
100948,51662
100948,86332
100948,76251
100948,74458
100948,32587
100948,84152
100948,48780
100948,87306
100948,4226
119246,356
119246,1704
119246,60069
119246,1221
119246,63082
119246,6016
119246,6711
119246,5995
119246,2028
119246,1197
117507,2858
117507,68157
117507,48394
117507,60950
117507,6874
117507,73587
117507,55247
117507,6016
117507,7438
117507,47
123541,3578
123541,2716
123541,356
123541,8961
123541,2028
123541,858
123541,3996
123541,1214
123541,6539
123541,4878
31580,356
31580,260
31580,1270
31580,46578
31580,6539
31580,1291
31580,3481
31580,2858
31580,1136
31580,8961
23334,4226
23334,2858
23334,2959
23334,104841
23334,91529
23334,60069
23334,541
23334,5971
23334,1196
23334,3897
101021,6874
101021,7438
101021,48385
101021,7361
101021,48516
101021,8950
101021,45722
101021,44665
101021,33004
101021,56367
53261,2571
53261,6874
53261,51662
53261,47
53261,318
53261,5816
53261,6539
53261,3578
53261,593
53261,33794
93678,6993
93678,296
93678,2997
93678,1206
93678,904
93678,1084
93678,7934
93678,3481
93678,357
93678,2010
116460,1961
116460,593
116460,4011
116460,48738
116460,293
116460,8873
116460,110
116460,5954
116460,1682
116460,4034
33192,1198
33192,1210
33192,2028
33192,457
33192,3098
33192,3552
33192,553
33192,356
33192,4085
33192,380
38939,2858
38939,541
38939,1265
38939,48780
38939,750
38939,1136
38939,293
38939,1199
38939,3996
38939,1196
79702,2858
79702,47
79702,1198
79702,1240
79702,3578
79702,593
79702,5445
79702,33493
79702,1
79702,3147
122041,4993
122041,6874
122041,2571
122041,4878
122041,4963
122041,3793
122041,2858
122041,3949
122041,44665
122041,7438
37074,2115
37074,593
37074,1265
37074,1270
37074,6807
37074,1080
37074,1968
37074,1220
37074,4027
37074,2542
127124,2997
127124,1732
127124,4995
127124,1222
127124,356
127124,1193
127124,47
127124,4002
127124,2329
127124,1220
15324,296
15324,55577
15324,44665
15324,58559
15324,2542
15324,53972
15324,1221
15324,63436
15324,2329
15324,76251
21888,2858
21888,63082
21888,2959
21888,356
21888,1704
21888,56367
21888,40870
21888,3094
21888,4896
21888,8368
63306,58559
63306,4878
63306,318
63306,61240
63306,551
63306,2571
63306,1198
63306,608
63306,1200
63306,1214
70305,4993
70305,1
70305,1198
70305,6377
70305,8961
70305,4886
70305,1265
70305,7153
70305,5952
70305,5445
127109,1196
127109,2716
127109,1954
127109,3552
127109,858
127109,2174
127109,1994
127109,1198
127109,2420
127109,2161
93325,593
93325,2858
93325,1210
93325,4973
93325,1136
93325,60069
93325,750
93325,1080
93325,541
93325,1732
70504,4993
70504,7153
70504,79132
70504,110
70504,69122
70504,457
70504,72998
70504,4963
70504,3793
70504,4011
126301,318
126301,296
126301,4973
126301,58559
126301,29
126301,593
126301,6016
126301,541
126301,1252
126301,31658
42281,30825
42281,500
42281,41571
42281,1619
42281,34072
42281,6373
42281,3948
42281,36517
42281,4018
42281,39183
51343,3578
51343,2028
51343,4993
51343,2858
51343,6283
51343,7361
51343,6365
51343,4878
51343,3994
51343,5418
136927,68954
136927,356
136927,80463
136927,4226
136927,858
136927,72998
136927,69757
136927,48516
136927,1221
136927,81932
83482,2108
83482,1307
83482,3396
83482,608
83482,1270
83482,3175
83482,8961
83482,3260
83482,7023
83482,1231
105730,527
105730,1961
105730,318
105730,2268
105730,64614
105730,8958
105730,8665
105730,30749
105730,457
105730,3578
22601,500
22601,1270
22601,6377
22601,6863
22601,104
22601,150
22601,3578
22601,318
22601,3751
22601,8644
19846,1704
19846,2858
19846,4226
19846,44199
19846,49530
19846,40583
19846,5418
19846,6870
19846,2959
19846,2329
98540,2997
98540,1136
98540,2571
98540,904
98540,1089
98540,356
98540,111
98540,912
98540,923
98540,1196
110256,6377
110256,2858
110256,58559
110256,7361
110256,1704
110256,60069
110256,2324
110256,81591
110256,527
110256,3578
127359,2762
127359,3000
127359,1291
127359,1270
127359,8961
127359,5952
127359,50
127359,2716
127359,1967
127359,60069
13304,30707
13304,30749
13304,31410
13304,7090
13304,7438
13304,40819
13304,41997
13304,8784
13304,1210
13304,296
8151,32587
8151,778
8151,109374
8151,106920
8151,7147
8151,1682
8151,89759
8151,80463
8151,92259
8151,8981
4489,5989
4489,1580
4489,47
4489,587
4489,3147
4489,1704
4489,457
4489,1923
4489,4226
4489,1270
27827,1923
27827,2795
27827,1393
27827,2231
27827,333
27827,2762
27827,457
27827,1
27827,1097
27827,231
83651,1270
83651,356
83651,592
83651,110
83651,4226
83651,1196
83651,260
83651,1240
83651,780
83651,590
69706,33794
69706,1198
69706,2716
69706,593
69706,589
69706,318
69706,4022
69706,457
69706,150
69706,3147
84153,4306
84153,1036
84153,50
84153,5989
84153,48516
84153,2329
84153,2959
84153,527
84153,3916
84153,161
24694,44191
24694,296
24694,4878
24694,1198
24694,7361
24694,2858
24694,58559
24694,480
24694,2028
24694,54272
9817,41997
9817,56367
9817,38886
9817,33660
9817,48516
9817,44555
9817,34528
9817,56782
9817,37733
9817,58559
12197,2028
12197,2571
12197,1240
12197,33794
12197,2716
12197,1704
12197,1584
12197,1136
12197,3471
12197,1214
12696,5816
12696,597
12696,2918
12696,8368
12696,1035
12696,953
12696,1028
12696,919
12696,5218
12696,6218
36026,50
36026,318
36026,70286
36026,2997
36026,1258
36026,4027
36026,32
36026,4993
36026,858
36026,68358
74584,47
74584,2858
74584,4878
74584,4848
74584,356
74584,2329
74584,44191
74584,51255
74584,46976
74584,56367
96342,1270
96342,47
96342,592
96342,260
96342,527
96342,1089
96342,1210
96342,2028
96342,1527
96342,5952
11211,1198
11211,296
11211,7153
11211,4993
11211,1213
11211,2329
11211,1203
11211,58559
11211,1193
11211,527
105805,3578
105805,1222
105805,2762
105805,7361
105805,1464
105805,50
105805,1208
105805,1196
105805,253
105805,1721
104877,1
104877,5378
104877,919
104877,4306
104877,1485
104877,2683
104877,2011
104877,2054
104877,2716
104877,3114
28434,4993
28434,4886
28434,1198
28434,2762
28434,5952
28434,318
28434,6539
28434,1704
28434,2302
28434,356
33694,4226
33694,5902
33694,56367
33694,1193
33694,1230
33694,56782
33694,55820
33694,356
33694,6016
33694,1073
76617,97913
76617,1197
76617,76093
76617,106696
76617,81834
76617,7153
76617,5952
76617,4993
76617,588
76617,78499
482,2762
482,4306
482,539
482,1270
482,588
482,6155
482,1265
482,1393
482,1569
482,2706
97202,318
97202,8665
97202,4963
97202,2571
97202,356
97202,527
97202,4306
97202,6539
97202,48304
97202,2959
58850,50
58850,2959
58850,2571
58850,44195
58850,7153
58850,48780
58850,296
58850,5952
58850,4993
58850,2502
90808,58559
90808,48516
90808,356
90808,4226
90808,293
90808,2571
90808,50
90808,296
90808,6874
90808,8644
4111,1258
4111,2329
4111,2959
4111,589
4111,7022
4111,1517
4111,4878
4111,8874
4111,2762
4111,2858
63316,47
63316,1265
63316,4034
63316,3996
63316,1240
63316,5418
63316,3578
63316,5989
63316,2890
63316,5218
49145,5349
49145,4306
49145,88125
49145,5952
49145,5816
49145,364
49145,44191
49145,4963
49145,73017
49145,33794
35269,2571
35269,79132
35269,2959
35269,4973
35269,6539
35269,68157
35269,4306
35269,2329
35269,1206
35269,1193
102877,50
102877,608
102877,4226
102877,4973
102877,2571
102877,1175
102877,1305
102877,8656
102877,1961
102877,1617
62734,1198
62734,5049
62734,318
62734,3552
62734,1387
62734,3039
62734,3868
62734,5060
62734,1090
62734,3948
95360,47999
95360,70286
95360,2502
95360,1197
95360,7022
95360,4226
95360,4993
95360,54995
95360,61240
95360,1265
21717,8042
21717,8154
21717,3093
21717,2303
21717,26151
21717,25753
21717,3741
21717,1103
21717,919
21717,670
8433,858
8433,541
8433,50
8433,1208
8433,1210
8433,64614
8433,608
8433,4226
8433,1089
8433,64839
111249,2076
111249,1278
111249,1258
111249,2791
111249,1682
111249,2987
111249,50872
111249,2762
111249,7361
111249,953
9592,4995
9592,1197
9592,8528
9592,6373
9592,2762
9592,1517
9592,4963
9592,8784
9592,8961
9592,4308
27016,4993
27016,5952
27016,7153
27016,68954
27016,51662
27016,110102
27016,99114
27016,59369
27016,7143
27016,44191
12348,8961
12348,59784
12348,1270
12348,67087
12348,3147
12348,2959
12348,31685
12348,78499
12348,63131
12348,1372
64523,33794
64523,79132
64523,73017
64523,4963
64523,5418
64523,2571
64523,4011
64523,68157
64523,3578
64523,54286
56792,4025
56792,3114
56792,4018
56792,364
56792,733
56792,1573
56792,2273
56792,1527
56792,3623
56792,1265
43943,8961
43943,1198
43943,3897
43943,4226
43943,1136
43943,1291
43943,8636
43943,1
43943,1265
43943,4011
36062,4993
36062,4973
36062,4306
36062,296
36062,5952
36062,2571
36062,593
36062,2291
36062,8360
36062,4886
85621,47
85621,4226
85621,2329
85621,2959
85621,3578
85621,1198
85621,4011
85621,110
85621,48780
85621,356
105090,1266
105090,33794
105090,1212
105090,6874
105090,1617
105090,30749
105090,3996
105090,953
105090,1233
105090,3578
89246,4886
89246,6377
89246,586
89246,1
89246,4306
89246,2918
89246,500
89246,1073
89246,6539
89246,1485
31834,260
31834,593
31834,912
31834,2329
31834,6016
31834,2019
31834,1193
31834,7153
31834,4993
31834,541
58180,2762
58180,32
58180,2858
58180,7438
58180,4226
58180,47
58180,1036
58180,1193
58180,1136
58180,293
74219,8961
74219,38061
74219,51662
74219,1222
74219,32
74219,4776
74219,1961
74219,7445
74219,1617
74219,44195
90678,46578
90678,6711
90678,1291
90678,7361
90678,47
90678,7438
90678,5445
90678,40815
90678,2628
90678,1617
122289,6863
122289,76251
122289,71535
122289,51662
122289,54503
122289,1089
122289,2700
122289,1201
122289,586
122289,4226
98699,79132
98699,1197
98699,4973
98699,296
98699,356
98699,2858
98699,2959
98699,58559
98699,1193
98699,1270
76934,356
76934,1136
76934,858
76934,1196
76934,527
76934,110
76934,541
76934,1222
76934,1193
76934,1208
30878,68954
30878,81591
30878,608
30878,2858
30878,4226
30878,99114
30878,2329
30878,6016
30878,1252
30878,1136
62357,7438
62357,6874
62357,1682
62357,111
62357,6365
62357,648
62357,2712
62357,6934
62357,2324
62357,48738
91746,2724
91746,6539
91746,2572
91746,8984
91746,4054
91746,4896
91746,2763
91746,3825
91746,45499
91746,1835
104978,356
104978,1244
104978,318
104978,296
104978,1
104978,1136
104978,750
104978,2997
104978,1288
104978,1089
21506,5989
21506,595
21506,1682
21506,2762
21506,296
21506,318
21506,4226
21506,63082
21506,367
21506,56367
48904,50872
48904,48780
48904,57669
48904,48394
48904,51255
48904,56782
48904,45722
48904,55765
48904,73017
48904,55269
21391,41997
21391,37741
21391,79132
21391,96079
21391,98154
21391,33154
21391,55118
21391,55276
21391,74458
21391,76093
58869,4848
58869,5878
58869,2692
58869,6711
58869,1354
58869,1527
58869,2762
58869,29
58869,1635
58869,1611
109270,46976
109270,318
109270,2858
109270,32587
109270,2329
109270,6942
109270,7254
109270,47610
109270,5989
109270,44665
68946,6377
68946,1206
68946,3751
68946,1961
68946,593
68946,923
68946,58
68946,25
68946,111
68946,1732
82022,2571
82022,608
82022,1748
82022,1199
82022,1617
82022,1653
82022,1136
82022,8874
82022,2858
82022,1197
28509,2572
28509,4886
28509,2081
28509,2124
28509,1380
28509,45722
28509,4447
28509,736
28509,2424
28509,5449
69662,588
69662,7360
69662,589
69662,6502
69662,3000
69662,7147
69662,1921
69662,51662
69662,60684
69662,48394
59047,33660
59047,30707
59047,8665
59047,48780
59047,6870
59047,45950
59047,26614
59047,8970
59047,41997
59047,8645
127357,2571
127357,318
127357,81591
127357,356
127357,68954
127357,5952
127357,69481
127357,3578
127357,46578
127357,4226
65599,318
65599,593
65599,4993
65599,110
65599,457
65599,908
65599,1198
65599,1197
65599,7153
65599,5952
45546,1213
45546,296
45546,55820
45546,1089
45546,968
45546,4226
45546,541
45546,1258
45546,1208
45546,68157
58073,3114
58073,1213
58073,3147
58073,1259
58073,318
58073,4034
58073,32587
58073,2797
58073,527
58073,1136
93675,608
93675,858
93675,593
93675,296
93675,46578
93675,1193
93675,2571
93675,2692
93675,527
93675,7153
134466,1193
134466,33794
134466,5952
134466,5618
134466,1210
134466,2692
134466,8464
134466,923
134466,2762
134466,6539
28251,1961
28251,5445
28251,6711
28251,296
28251,597
28251,1653
28251,50
28251,6539
28251,2671
28251,6874
77496,45517
77496,2571
77496,2080
77496,586
77496,1580
77496,8965
77496,2
77496,4016
77496,1097
77496,1721
87406,260
87406,7090
87406,1682
87406,5952
87406,4993
87406,1214
87406,296
87406,29
87406,1240
87406,1198
31362,1089
31362,4995
31362,54997
31362,4878
31362,1036
31362,2329
31362,6378
31362,7147
31362,48394
31362,36529
116791,900
116791,3671
116791,924
116791,1127
116791,3421
116791,2085
116791,1367
116791,1019
116791,2012
116791,34
81150,47
81150,2858
81150,60040
81150,57669
81150,8950
81150,55765
81150,53996
81150,54995
81150,53972
81150,4963
26001,51662
26001,6934
26001,79091
26001,5882
26001,48516
26001,356
26001,68319
26001,86880
26001,5463
26001,318
15308,4226
15308,3033
15308,1136
15308,541
15308,51255
15308,50
15308,1653
15308,7022
15308,3052
15308,1089
81961,4995
81961,53125
81961,4306
81961,54736
81961,1704
81961,45722
81961,56367
81961,50
81961,364
81961,53322
32257,60069
32257,68358
32257,86332
32257,88140
32257,87232
32257,95510
32257,33794
32257,68319
32257,71535
32257,79702
18345,1136
18345,2502
18345,7147
18345,6874
18345,4886
18345,6539
18345,7153
18345,5669
18345,2542
18345,2997
113097,32
113097,5952
113097,110
113097,480
113097,356
113097,318
113097,380
113097,648
113097,1617
113097,588
83401,47
83401,4963
83401,2268
83401,2329
83401,356
83401,1210
83401,593
83401,16
83401,260
83401,1704
108393,5902
108393,4235
108393,3160
108393,32587
108393,4881
108393,4973
108393,2997
108393,6711
108393,6874
108393,2966
105236,4226
105236,318
105236,296
105236,4993
105236,4963
105236,1704
105236,597
105236,44191
105236,4878
105236,8784
24641,527
24641,969
24641,2324
24641,1204
24641,1207
24641,4427
24641,6791
24641,1961
24641,1250
24641,1296
30151,6383
30151,35836
30151,1592
30151,2485
30151,69406
30151,4700
30151,4025
30151,4447
30151,5151
30151,6013
4026,260
4026,2762
4026,4226
4026,99114
4026,4993
4026,1704
4026,593
4026,457
4026,4995
4026,5418
134451,260
134451,589
134451,44191
134451,50
134451,4878
134451,1210
134451,55820
134451,48774
134451,48780
134451,1036
43545,44195
43545,31116
43545,57669
43545,48738
43545,40819
43545,37741
43545,58998
43545,56788
43545,8331
43545,32469
87198,50
87198,150
87198,1240
87198,2762
87198,1721
87198,4226
87198,48738
87198,1580
87198,1097
87198,36
1672,318
1672,1307
1672,300
1672,3735
1672,1231
1672,3408
1672,3468
1672,3361
1672,1278
1672,55276
4996,1270
4996,4226
4996,3578
4996,50
4996,733
4996,318
4996,1265
4996,3793
4996,48516
4996,2115
8007,1961
8007,899
8007,318
8007,920
8007,1207
8007,1784
8007,2324
8007,933
8007,858
8007,918
115373,2028
115373,260
115373,58559
115373,318
115373,33794
115373,48516
115373,48780
115373,48394
115373,51662
115373,296
112693,1208
112693,1198
112693,3578
112693,2959
112693,527
112693,1193
112693,541
112693,7022
112693,4226
112693,32
67246,47
67246,2571
67246,1517
67246,1265
67246,923
67246,4995
67246,1784
67246,2194
67246,6863
67246,1258
90519,54286
90519,6539
90519,2571
90519,8665
90519,70286
90519,4896
90519,3578
90519,7438
90519,5418
90519,5903
137328,1214
137328,2571
137328,7361
137328,1206
137328,4973
137328,5618
137328,6874
137328,1208
137328,4011
137328,6350
13930,593
13930,1214
13930,2571
13930,1961
13930,2716
13930,1036
13930,356
13930,736
13930,1265
13930,6539
35686,44191
35686,4226
35686,51662
35686,296
35686,356
35686,32587
35686,4973
35686,2329
35686,7361
35686,58559
11722,41566
11722,33679
11722,30793
11722,7143
11722,41997
11722,8961
11722,7438
11722,6365
11722,5445
11722,5378
79037,7445
79037,5989
79037,1732
79037,33166
79037,2000
79037,48385
79037,33660
79037,4306
79037,541
79037,1242
97752,4226
97752,593
97752,608
97752,7361
97752,296
97752,1136
97752,1200
97752,111
97752,2858
97752,1213
51959,318
51959,5952
51959,356
51959,2329
51959,7361
51959,32587
51959,1206
51959,2571
51959,778
51959,1193
8455,48516
8455,50
8455,47
8455,593
8455,4995
8455,1210
8455,318
8455,2329
8455,858
8455,293
80138,5995
80138,858
80138,4973
80138,1225
80138,31410
80138,1193
80138,27815
80138,48738
80138,318
80138,40629
33478,595
33478,4226
33478,58559
33478,364
33478,47
33478,4878
33478,110
33478,6539
33478,1
33478,337
38429,593
38429,55820
38429,296
38429,356
38429,2997
38429,50
38429,7361
38429,1247
38429,1193
38429,6016
40486,2959
40486,48394
40486,4973
40486,79132
40486,595
40486,4963
40486,49272
40486,4995
40486,7361
40486,76093
129513,4226
129513,2858
129513,858
129513,1222
129513,2329
129513,3949
129513,1221
129513,1732
129513,2571
129513,7438
64051,2803
64051,2762
64051,597
64051,6378
64051,1092
64051,1196
64051,4019
64051,316
64051,593
64051,1240
80738,8961
80738,6377
80738,3578
80738,1704
80738,2716
80738,3996
80738,7361
80738,1073
80738,1923
80738,1961
60685,1197
60685,2571
60685,593
60685,4993
60685,858
60685,1136
60685,48516
60685,1198
60685,1193
60685,1221
38721,1270
38721,1527
38721,1214
38721,592
38721,110
38721,1377
38721,1676
38721,316
38721,2028
38721,2012
138473,593
138473,5952
138473,318
138473,7361
138473,1258
138473,48394
138473,7438
138473,8950
138473,50
138473,6502
122062,1982
122062,593
122062,1259
122062,1219
122062,1997
122062,356
122062,1994
122062,597
122062,2762
122062,1969
134753,296
134753,858
134753,2329
134753,2959
134753,63082
134753,69481
134753,55765
134753,7156
134753,2858
134753,593
38657,1073
38657,81834
38657,7153
38657,5952
38657,4993
38657,2571
38657,2
38657,2628
38657,33493
38657,88125
122559,541
122559,4027
122559,2657
122559,4014
122559,1185
122559,858
122559,4467
122559,4361
122559,3996
122559,7836
75570,7153
75570,32587
75570,4011
75570,3671
75570,71535
75570,51255
75570,1080
75570,1278
75570,318
75570,593
58127,68157
58127,68954
58127,58559
58127,318
58127,7361
58127,296
58127,92259
58127,46578
58127,106920
58127,31658
71825,1997
71825,2003
71825,2513
71825,6664
71825,1982
71825,344
71825,1219
71825,1220
71825,54995
71825,4262
133814,1197
133814,589
133814,1198
133814,380
133814,733
133814,377
133814,47
133814,1036
133814,593
133814,4226
42787,4973
42787,318
42787,58559
42787,5618
42787,293
42787,31658
42787,1206
42787,4226
42787,6016
42787,2858
47370,1291
47370,54286
47370,1240
47370,8665
47370,3252
47370,4995
47370,733
47370,1270
47370,539
47370,3578
130276,33615
130276,4995
130276,45499
130276,1682
130276,1
130276,364
130276,49272
130276,1198
130276,2011
130276,480
77247,30793
77247,8783
77247,27821
77247,7481
77247,6927
77247,34162
77247,1835
77247,44191
77247,7008
77247,7618
42818,8961
42818,3984
42818,2947
42818,8665
42818,3638
42818,4963
42818,5872
42818,4306
42818,3082
42818,5989
41019,5816
41019,54286
41019,33794
41019,60069
41019,8961
41019,5952
41019,8665
41019,50872
41019,4896
41019,8360
119047,858
119047,58559
119047,1210
119047,1221
119047,4226
119047,55577
119047,3499
119047,2716
119047,648
119047,6874
62544,1246
62544,356
62544,527
62544,1207
62544,2396
62544,1183
62544,4246
62544,1704
62544,1219
62544,1784
119149,6333
119149,150
119149,3114
119149,4226
119149,4886
119149,2959
119149,589
119149,1704
119149,7147
119149,32
92875,48780
92875,7438
92875,47
92875,4995
92875,2716
92875,33493
92875,527
92875,541
92875,48516
92875,1275
1158,5445
1158,260
1158,1196
1158,356
1158,1527
1158,1222
1158,1200
1158,527
1158,778
1158,2028
110447,4886
110447,2762
110447,56782
110447,3793
110447,1198
110447,7361
110447,61323
110447,8641
110447,2987
110447,3255
101469,97921
101469,81845
101469,89745
101469,106920
101469,104374
101469,105504
101469,97938
101469,102903
101469,103249
101469,112852
109218,1258
109218,32
109218,356
109218,1704
109218,7361
109218,5669
109218,2502
109218,8961
109218,1784
109218,4306
56321,2858
56321,2571
56321,296
56321,1136
56321,4226
56321,4993
56321,318
56321,1089
56321,750
56321,4306
111925,4306
111925,5952
111925,2858
111925,2959
111925,2028
111925,1270
111925,608
111925,4226
111925,1221
111925,480
31941,2959
31941,8874
31941,296
31941,2700
31941,223
31941,3052
31941,593
31941,2716
31941,1089
31941,70
80459,750
80459,1262
80459,2502
80459,6377
80459,1225
80459,1276
80459,6787
80459,39292
80459,3468
80459,1203
53806,2959
53806,33794
53806,1
53806,3793
53806,7147
53806,6539
53806,32587
53806,4306
53806,2571
53806,8961
21816,1210
21816,260
21816,2858
21816,3578
21816,1270
21816,589
21816,47
21816,1196
21816,51255
21816,1136
66153,457
66153,1704
66153,377
66153,33794
66153,1198
66153,367
66153,1291
66153,2683
66153,6539
66153,77561
104427,1270
104427,32
104427,2959
104427,356
104427,60684
104427,32587
104427,79702
104427,4027
104427,1748
104427,1884
72005,110
72005,780
72005,296
72005,5952
72005,4993
72005,1200
72005,648
72005,364
72005,586
72005,1265
85403,4327
85403,1262
85403,1214
85403,2194
85403,47
85403,1193
85403,3198
85403,5445
85403,457
85403,3654
2895,1193
2895,2028
2895,47
2895,2329
2895,2959
2895,2571
2895,111
2895,55820
2895,1222
2895,32
44031,2571
44031,2762
44031,356
44031,1704
44031,110
44031,457
44031,4963
44031,47
44031,318
44031,2959
100488,7153
100488,1210
100488,356
100488,1291
100488,50
100488,593
100488,1682
100488,1527
100488,2959
100488,1136
60847,1219
60847,318
60847,47
60847,2858
60847,1617
60847,3949
60847,1732
60847,3683
60847,2076
60847,4973
96058,50
96058,527
96058,4226
96058,318
96058,597
96058,587
96058,4306
96058,4995
96058,7438
96058,1721
109497,750
109497,924
109497,1580
109497,4886
109497,380
109497,2916
109497,3996
109497,2872
109497,1220
109497,50
82125,1961
82125,527
82125,318
82125,2398
82125,953
82125,1265
82125,590
82125,1097
82125,500
82125,2245
52895,5952
52895,4993
52895,7153
52895,49530
52895,1408
52895,41569
52895,48997
52895,41566
52895,33162
52895,53125
83034,1961
83034,47
83034,527
83034,4973
83034,3578
83034,4993
83034,6016
83034,4034
83034,3996
83034,858
72462,35836
72462,69122
72462,8528
72462,7293
72462,2959
72462,6287
72462,5810
72462,7445
72462,34162
72462,54503
71694,110102
71694,91500
71694,68954
71694,31658
71694,108932
71694,103141
71694,103228
71694,5349
71694,110553
71694,115617
59300,1208
59300,1222
59300,5995
59300,1210
59300,68157
59300,1136
59300,30749
59300,7438
59300,99114
59300,1206
116083,44191
116083,4878
116083,32587
116083,1089
116083,3949
116083,54503
116083,48385
116083,318
116083,7438
116083,63082
96527,4226
96527,79132
96527,2329
96527,4878
96527,48394
96527,318
96527,69757
96527,64839
96527,778
96527,55247
60664,59315
60664,5618
60664,70286
60664,31658
60664,4973
60664,318
60664,4995
60664,48780
60664,1258
60664,4963
44972,4886
44972,40815
44972,68954
44972,89745
44972,78499
44972,1907
44972,73017
44972,5816
44972,356
44972,76093
49602,58559
49602,96079
49602,33794
49602,2571
49602,54259
49602,6539
49602,76093
49602,7090
49602,79091
49602,6377
50421,608
50421,48780
50421,1288
50421,48516
50421,2403
50421,1080
50421,4855
50421,1215
50421,4105
50421,3168
19432,356
19432,58559
19432,3578
19432,34405
19432,70286
19432,69844
19432,2959
19432,5349
19432,296
19432,1580
76832,50
76832,898
76832,1197
76832,858
76832,6377
76832,7153
76832,480
76832,910
76832,357
76832,2762
30802,47
30802,2571
30802,4226
30802,1222
30802,79132
30802,1196
30802,64614
30802,912
30802,2858
30802,110
94105,7451
94105,86833
94105,2959
94105,48394
94105,593
94105,1073
94105,356
94105,68954
94105,3186
94105,74789
68745,1213
68745,2959
68745,356
68745,4226
68745,5952
68745,2194
68745,1234
68745,2716
68745,6539
68745,1203
90265,150
90265,3578
90265,2762
90265,1721
90265,380
90265,72998
90265,480
90265,5989
90265,63082
90265,1270
8440,6539
8440,588
8440,8360
8440,54001
8440,919
8440,3916
8440,4700
8440,7451
8440,586
8440,1028
91630,2959
91630,5952
91630,4993
91630,7153
91630,7143
91630,1210
91630,59369
91630,65514
91630,1240
91630,858
114923,1193
114923,1206
114923,1222
114923,1305
114923,912
114923,527
114923,68157
114923,32
114923,2427
114923,1252
76332,780
76332,110
76332,2706
76332,593
76332,589
76332,380
76332,318
76332,1101
76332,587
76332,2858
101637,3578
101637,2291
101637,318
101637,5026
101637,353
101637,4467
101637,293
101637,2174
101637,56339
101637,61240
63808,2571
63808,32587
63808,1089
63808,318
63808,56174
63808,968
63808,3535
63808,32
63808,6874
63808,52281
137548,593
137548,318
137548,2762
137548,356
137548,3147
137548,296
137548,58559
137548,7153
137548,5952
137548,4993
11288,5952
11288,7153
11288,4993
11288,4306
11288,58559
11288,551
11288,1265
11288,87306
11288,91529
11288,2918
110227,7482
110227,1261
110227,7387
110227,3018
110227,6755
110227,2791
110227,2871
110227,1215
110227,3868
110227,2804
93968,2762
93968,3578
93968,318
93968,457
93968,2571
93968,2353
93968,1270
93968,648
93968,2028
93968,1923
40880,47629
40880,17
40880,47999
40880,52967
40880,50160
40880,6711
40880,46723
40880,1959
40880,38886
40880,59590
8221,5989
8221,2997
8221,51255
8221,68157
8221,165
8221,5902
8221,63082
8221,4011
8221,4641
8221,1673
42277,260
42277,1196
42277,2571
42277,296
42277,1201
42277,2019
42277,79132
42277,7361
42277,750
42277,1199
13324,1721
13324,60069
13324,6539
13324,1035
13324,59315
13324,4306
13324,1380
13324,8533
13324,58803
13324,56367
101707,293
101707,7153
101707,3578
101707,1923
101707,110
101707,1732
101707,2762
101707,356
101707,2858
101707,1617
137581,4226
137581,1089
137581,2959
137581,5291
137581,2329
137581,3089
137581,1206
137581,2291
137581,1090
137581,337
2699,2858
2699,2329
2699,2502
2699,8949
2699,1732
2699,1208
2699,40819
2699,44195
2699,1258
2699,33794
113753,4973
113753,31658
113753,60069
113753,6377
113753,37729
113753,63876
113753,7323
113753,56367
113753,46578
113753,26776
48403,47
48403,50
48403,1196
48403,1240
48403,1214
48403,1136
48403,541
48403,1208
48403,2502
48403,2959
55427,2571
55427,356
55427,6539
55427,88125
55427,40815
55427,5618
55427,1688
55427,4993
55427,7153
55427,1380
135890,145
135890,1200
135890,55765
135890,2571
135890,1222
135890,50
135890,1608
135890,1036
135890,111
135890,356
103798,2571
103798,6539
103798,6874
103798,32587
103798,4993
103798,5952
103798,7153
103798,34048
103798,31696
103798,8972
14333,858
14333,2858
14333,593
14333,904
14333,296
14333,2871
14333,608
14333,912
14333,1197
14333,7361
66338,1265
66338,48516
66338,337
66338,4881
66338,1225
66338,357
66338,1961
66338,6807
66338,1732
66338,541
87862,4306
87862,2028
87862,318
87862,3578
87862,2762
87862,527
87862,4963
87862,1036
87862,50
87862,1682
46315,8961
46315,50
46315,4993
46315,7153
46315,1198
46315,54286
46315,2028
46315,5952
46315,4226
46315,49272
137170,5618
137170,4995
137170,2571
137170,356
137170,7153
137170,296
137170,8464
137170,2692
137170,593
137170,5952
128840,3578
128840,364
128840,59784
128840,1721
128840,589
128840,344
128840,51662
128840,2409
128840,7438
128840,59315
15432,1028
15432,1136
15432,7153
15432,5816
15432,904
15432,356
15432,5952
15432,7147
15432,919
15432,928
116662,296
116662,3949
116662,4226
116662,74458
116662,8950
116662,3160
116662,1921
116662,68237
116662,32
116662,47
7350,4878
7350,56757
7350,1225
7350,296
7350,551
7350,7361
7350,1197
7350,2746
7350,6539
7350,750
84335,3897
84335,4306
84335,6377
84335,500
84335,2502
84335,8970
84335,1136
84335,4027
84335,2125
84335,5816
83594,307
83594,6787
83594,7937
83594,527
83594,86882
83594,50514
83594,47629
83594,492
83594,3618
83594,96829
11337,2959
11337,1214
11337,32
11337,589
11337,44191
11337,5445
11337,356
11337,1682
11337,60069
11337,8644
31261,527
31261,1610
31261,912
31261,1198
31261,34
31261,1287
31261,457
31261,1291
31261,4306
31261,3114
65347,6539
65347,480
65347,588
65347,356
65347,2571
65347,4993
65347,4963
65347,3578
65347,3404
65347,69644
9326,908
9326,2324
9326,1197
9326,1188
9326,1643
9326,6218
9326,994
9326,910
9326,2396
9326,6970
27854,2762
27854,48516
27854,923
27854,599
27854,2028
27854,1090
27854,6377
27854,910
27854,30707
27854,1247
120935,46578
120935,1485
120935,7254
120935,586
120935,1923
120935,2683
120935,71535
120935,8874
120935,837
120935,33615
112819,750
112819,296
112819,1073
112819,904
112819,1732
112819,1136
112819,2313
112819,551
112819,903
112819,2858
118396,50
118396,64839
118396,69481
118396,48394
118396,27773
118396,48774
118396,858
118396,541
118396,8950
118396,38061
67602,8961
67602,922
67602,2987
67602,750
67602,8636
67602,594
67602,39292
67602,30793
67602,48385
67602,63082
131569,2571
131569,1272
131569,923
131569,318
131569,858
131569,2186
131569,969
131569,1617
131569,2028
131569,1136
103025,1221
103025,1240
103025,589
103025,2329
103025,33794
103025,4011
103025,3996
103025,3147
103025,1222
103025,31658
61091,2858
61091,4306
61091,1221
61091,2997
61091,1136
61091,1580
61091,1617
61091,150
61091,288
61091,2716
8656,2916
8656,1196
8656,592
8656,5349
8656,48774
8656,3793
8656,1527
8656,480
8656,1129
8656,1197
78629,1198
78629,457
78629,480
78629,593
78629,1270
78629,1097
78629,780
78629,904
78629,2762
78629,597
101862,3114
101862,1
101862,38038
101862,1198
101862,965
101862,2203
101862,1291
101862,4886
101862,2012
101862,1196
131412,4226
131412,2959
131412,4973
131412,7327
131412,1921
131412,2858
131412,68237
131412,2076
131412,70286
131412,86320
128484,5952
128484,150
128484,7361
128484,6711
128484,8622
128484,8949
128484,5349
128484,480
128484,4886
128484,4306
27484,50
27484,7153
27484,5952
27484,4226
27484,2959
27484,2329
27484,2571
27484,1089
27484,33166
27484,6874
83394,2762
83394,1270
83394,3578
83394,58559
83394,5989
83394,296
83394,59315
83394,33794
83394,2028
83394,4896
138273,1527
138273,5952
138273,1682
138273,4993
138273,593
138273,6502
138273,288
138273,49272
138273,7153
138273,2542
61678,89745
61678,79132
61678,8644
61678,6934
61678,6373
61678,87232
61678,592
61678,45447
61678,5218
61678,77561
30688,1527
30688,56367
30688,293
30688,7147
30688,59387
30688,8014
30688,8874
30688,48043
30688,61240
30688,55442
69233,4993
69233,2571
69233,296
69233,6874
69233,2959
69233,4973
69233,7153
69233,44191
69233,2161
69233,318
124039,1270
124039,5445
124039,593
124039,780
124039,1036
124039,47
124039,2959
124039,110
124039,733
124039,4306
128162,150
128162,2396
128162,597
128162,1097
128162,2352
128162,1
128162,3072
128162,1220
128162,1246
128162,590
92190,50
92190,4993
92190,1748
92190,1225
92190,3949
92190,3160
92190,589
92190,4995
92190,8970
92190,5995
131934,357
131934,50
131934,508
131934,1185
131934,509
131934,1959
131934,4848
131934,1175
131934,1357
131934,1295
61361,4993
61361,6377
61361,47
61361,356
61361,2028
61361,1721
61361,231
61361,377
61361,110
61361,648
130092,2959
130092,1193
130092,30749
130092,4973
130092,37741
130092,904
130092,150
130092,1961
130092,590
130092,1242
68325,3578
68325,2028
68325,296
68325,2918
68325,1653
68325,260
68325,1265
68325,1196
68325,589
68325,750
101341,47
101341,2918
101341,6377
101341,4878
101341,2762
101341,32
101341,4886
101341,480
101341,223
101341,7147
126303,318
126303,4226
126303,2010
126303,778
126303,1
126303,4993
126303,1193
126303,6016
126303,912
126303,7361
131630,2502
131630,35836
131630,6188
131630,32587
131630,8376
131630,8641
131630,2694
131630,55820
131630,34162
131630,56367
112861,3114
112861,76093
112861,1
112861,1291
112861,2968
112861,608
112861,2762
112861,6539
112861,1288
112861,3499
67033,4226
67033,1625
67033,2959
67033,296
67033,50
67033,1200
67033,2194
67033,2268
67033,1198
67033,2028
21663,441
21663,2918
21663,3948
21663,1270
21663,61024
21663,6957
21663,36708
21663,3489
21663,1
21663,8622
69870,2858
69870,1732
69870,296
69870,1206
69870,924
69870,541
69870,318
69870,1089
69870,750
69870,1136
48889,1653
48889,318
48889,79357
48889,260
48889,71530
48889,82461
48889,2762
48889,44191
48889,6502
48889,70599
22726,7361
22726,2858
22726,2762
22726,1206
22726,356
22726,48516
22726,2329
22726,32
22726,68157
22726,48780
72528,2959
72528,296
72528,6016
72528,2571
72528,3030
72528,6711
72528,2858
72528,1193
72528,2997
72528,6874
9496,110
9496,3578
9496,2194
9496,1090
9496,7143
9496,5989
9496,3147
9496,4776
9496,3252
9496,8665
113892,589
113892,2571
113892,45517
113892,5952
113892,4993
113892,3751
113892,1148
113892,59784
113892,858
113892,7153
80266,47
80266,50
80266,8464
80266,2916
80266,1682
80266,223
80266,3000
80266,2762
80266,3052
80266,6934
128788,593
128788,1258
128788,296
128788,63082
128788,68954
128788,59315
128788,608
128788,26614
128788,6539
128788,858
3358,4878
3358,70286
3358,593
3358,47
3358,2232
3358,2762
3358,7254
3358,5445
3358,109487
3358,58559
118626,7387
118626,1200
118626,55820
118626,1997
118626,3499
118626,1339
118626,608
118626,48516
118626,2455
118626,4993
112988,44204
112988,43936
112988,8983
112988,41571
112988,32587
112988,43333
112988,44937
112988,37855
112988,51884
112988,31116
54722,69122
54722,318
54722,60069
54722,76093
54722,296
54722,4226
54722,33794
54722,36529
54722,527
54722,48516
24116,7022
24116,97921
24116,111
24116,841
24116,1276
24116,441
24116,2579
24116,7926
24116,555
24116,56715
4710,293
4710,2571
4710,1193
4710,2959
4710,2858
4710,778
4710,16
4710,32
4710,750
4710,318
51795,296
51795,2959
51795,1200
51795,593
51795,6539
51795,1291
51795,32
51795,527
51795,47
51795,5502
42838,68358
42838,5903
42838,2985
42838,6333
42838,741
42838,27611
42838,58559
42838,1215
42838,1196
42838,849
31390,527
31390,50
31390,593
31390,68157
31390,68954
31390,1213
31390,49272
31390,1222
31390,99114
31390,293
20625,48516
20625,296
20625,47
20625,48394
20625,46578
20625,5903
20625,356
20625,2858
20625,8961
20625,56367
72320,5618
72320,6377
72320,4878
72320,858
72320,31878
72320,32587
72320,54881
72320,1193
72320,1221
72320,541
64250,2762
64250,110
64250,3408
64250,1101
64250,2268
64250,1408
64250,805
64250,3578
64250,1704
64250,1674
84285,1136
84285,318
84285,4973
84285,2329
84285,356
84285,3147
84285,60069
84285,58559
84285,7361
84285,44191
9993,2858
9993,1732
9993,260
9993,924
9993,6874
9993,541
9993,1200
9993,593
9993,1288
9993,2997
89331,2858
89331,3949
89331,4973
89331,778
89331,34437
89331,5618
89331,48774
89331,6874
89331,5971
89331,2959
71792,1704
71792,356
71792,5952
71792,58559
71792,33794
71792,2858
71792,4306
71792,5349
71792,5445
71792,593
75469,3793
75469,3578
75469,3527
75469,1466
75469,3267
75469,33794
75469,4128
75469,1228
75469,3996
75469,778
93595,33794
93595,91529
93595,89745
93595,8961
93595,46976
93595,44195
93595,59315
93595,5618
93595,81834
93595,88125
87718,1240
87718,364
87718,48394
87718,1208
87718,1206
87718,750
87718,4226
87718,8961
87718,5690
87718,33794
83947,1090
83947,1305
83947,6440
83947,100556
83947,1200
83947,64197
83947,54503
83947,1209
83947,4881
83947,2966
81594,5952
81594,4993
81594,7153
81594,58559
81594,296
81594,2571
81594,47
81594,54286
81594,32
81594,110
111095,58559
111095,63082
111095,56367
111095,46578
111095,5299
111095,4025
111095,86882
111095,40819
111095,69122
111095,4447
94957,63082
94957,8665
94957,81845
94957,7099
94957,49272
94957,79132
94957,5971
94957,44555
94957,60069
94957,30749
131773,6947
131773,2268
131773,1234
131773,2762
131773,6787
131773,4022
131773,49272
131773,590
131773,1204
131773,474
112609,68358
112609,68954
112609,8874
112609,2918
112609,5989
112609,76251
112609,4226
112609,3578
112609,70286
112609,5618
56718,78499
56718,51662
56718,3948
56718,5418
56718,2683
56718,3255
56718,4896
56718,87232
56718,2000
56718,6863
65911,2959
65911,356
65911,4993
65911,49272
65911,1196
65911,260
65911,8636
65911,46578
65911,33794
65911,58559
28266,50
28266,356
28266,608
28266,593
28266,1136
28266,912
28266,3362
28266,1208
28266,1304
28266,527
93410,62336
93410,2959
93410,86345
93410,31658
93410,4973
93410,296
93410,27728
93410,2019
93410,541
93410,2810
70728,6711
70728,2028
70728,7153
70728,1527
70728,2019
70728,1200
70728,44191
70728,2916
70728,288
70728,4995
41754,2858
41754,49286
41754,1923
41754,357
41754,5377
41754,356
41754,35836
41754,4447
41754,5620
41754,2959
112051,356
112051,5952
112051,48516
112051,7445
112051,2329
112051,858
112051,2028
112051,49530
112051,3793
112051,457
10571,33166
10571,4011
10571,44195
10571,377
10571,648
10571,8376
10571,1213
10571,5989
10571,333
10571,3617
59617,40815
59617,8665
59617,32587
59617,2028
59617,1136
59617,6377
59617,8368
59617,4011
59617,318
59617,8874
24627,6874
24627,1222
24627,593
24627,33794
24627,49272
24627,541
24627,4878
24627,48394
24627,356
24627,1201
80542,648
80542,1270
80542,377
80542,165
80542,33794
80542,112
80542,8798
80542,110
80542,7482
80542,50
29020,7361
29020,356
29020,2028
29020,5445
29020,318
29020,6874
29020,8798
29020,223
29020,1799
29020,7445
131990,2081
131990,364
131990,2716
131990,1270
131990,1214
131990,1240
131990,1282
131990,1721
131990,1580
131990,1961
58001,7361
58001,4226
58001,50
58001,68358
58001,68954
58001,44195
58001,60069
58001,54503
58001,71535
58001,49272
54631,480
54631,3578
54631,1291
54631,648
54631,79132
54631,33794
54631,587
54631,2858
54631,780
54631,2396
24443,2366
24443,3985
24443,7896
24443,6777
24443,3871
24443,8661
24443,31934
24443,3074
24443,3384
24443,25777
76533,4246
76533,587
76533,500
76533,3408
76533,150
76533,6942
76533,62
76533,3916
76533,1569
76533,1777
136605,4878
136605,356
136605,32
136605,2502
136605,288
136605,1258
136605,1653
136605,50
136605,1732
136605,3949
83747,2959
83747,4995
83747,597
83747,527
83747,593
83747,318
83747,5995
83747,2329
83747,595
83747,3147
101857,31658
101857,5618
101857,1196
101857,1270
101857,79132
101857,26662
101857,3000
101857,81847
101857,4973
101857,4306
36931,4226
36931,7438
36931,2858
36931,1884
36931,8957
36931,32587
36931,2571
36931,3052
36931,2542
36931,111
93711,7153
93711,4993
93711,2762
93711,110
93711,4144
93711,4973
93711,50
93711,2959
93711,4226
93711,590
16284,1721
16284,2336
16284,357
16284,587
16284,2858
16284,8783
16284,1682
16284,1307
16284,4973
16284,469
9313,6377
9313,364
9313,595
9313,4306
9313,2081
9313,60069
9313,4896
9313,45722
9313,2080
9313,356
99254,110
99254,1527
99254,32587
99254,5679
99254,33794
99254,26007
99254,4226
99254,2232
99254,1136
99254,70286
118752,4226
118752,7361
118752,58559
118752,5995
118752,4011
118752,293
118752,60069
118752,2324
118752,2762
118752,1089
28282,4993
28282,318
28282,3751
28282,6874
28282,356
28282,527
28282,778
28282,5618
28282,4878
28282,2571
17232,356
17232,2571
17232,8808
17232,4306
17232,58559
17232,480
17232,7375
17232,31685
17232,6539
17232,597
1716,1246
1716,4306
1716,2959
1716,1961
1716,1265
1716,1682
1716,924
1716,4011
1716,4963
1716,5445
120968,593
120968,318
120968,4995
120968,5989
120968,2324
120968,5445
120968,2692
120968,8961
120968,3578
120968,2291
76827,4993
76827,1198
76827,2959
76827,3000
76827,356
76827,7153
76827,50
76827,1210
76827,1197
76827,2019
102561,6539
102561,1291
102561,1198
102561,2571
102561,1376
102561,6239
102561,1127
102561,5445
102561,4802
102561,940
54465,2105
54465,2273
54465,6290
54465,7481
54465,2134
54465,2194
54465,3717
54465,1130
54465,59784
54465,1015
99373,5952
99373,7361
99373,40815
99373,4886
99373,56367
99373,5989
99373,1704
99373,8360
99373,41566
99373,1968
53287,2571
53287,2858
53287,111
53287,1193
53287,541
53287,1208
53287,924
53287,58559
53287,48516
53287,68157
128332,593
128332,104841
128332,1527
128332,4226
128332,2329
128332,1653
128332,293
128332,85414
128332,1196
128332,260
122333,593
122333,1994
122333,908
122333,2529
122333,1982
122333,1090
122333,8337
122333,8340
122333,5292
122333,7560
136978,593
136978,50
136978,296
136978,46578
136978,356
136978,778
136978,48516
136978,2762
136978,2571
136978,3949
121980,33794
121980,780
121980,3527
121980,344
121980,165
121980,51662
121980,44191
121980,3147
121980,5418
121980,648
62269,33794
62269,48780
62269,1197
62269,38061
62269,1234
62269,2502
62269,44195
62269,4963
62269,7361
62269,50
29540,2959
29540,2502
29540,2571
29540,68157
29540,318
29540,1136
29540,1206
29540,1198
29540,589
29540,2762
18350,4973
18350,3578
18350,1089
18350,318
18350,2959
18350,3160
18350,32587
18350,778
18350,3949
18350,4963
81653,4306
81653,30749
81653,55247
81653,49530
81653,63082
81653,69122
81653,64839
81653,81932
81653,6016
81653,78499
31972,527
31972,1221
31972,47
31972,2571
31972,7361
31972,1617
31972,58559
31972,260
31972,593
31972,31410
40421,50872
40421,1270
40421,6377
40421,2959
40421,2078
40421,595
40421,1721
40421,344
40421,1025
40421,7153
10960,1682
10960,2959
10960,8784
10960,7438
10960,1247
10960,318
10960,5902
10960,356
10960,5673
10960,6539
89739,1
89739,4886
89739,6333
89739,5618
89739,4963
89739,589
89739,2762
89739,4016
89739,5445
89739,588
92183,527
92183,377
92183,587
92183,4995
92183,590
92183,1721
92183,5418
92183,1246
92183,58559
92183,480
53946,7361
53946,541
53946,2959
53946,50
53946,4226
53946,608
53946,4973
53946,4848
53946,1208
53946,101
80312,1136
80312,2081
80312,3255
80312,1097
80312,6539
80312,593
80312,1517
80312,1580
80312,39
80312,1282
41818,231
41818,2858
41818,8957
41818,3793
41818,5418
41818,1073
41818,1917
41818,3147
41818,3438
41818,784
98575,79132
98575,7361
98575,69757
98575,78499
98575,48394
98575,66097
98575,46578
98575,81591
98575,3000
98575,4878
127171,2762
127171,4993
127171,2542
127171,110
127171,1265
127171,541
127171,5903
127171,7153
127171,34405
127171,48780
53129,4720
53129,32587
53129,37733
53129,337
53129,8798
53129,8874
53129,6502
53129,1148
53129,41569
53129,1258
55598,858
55598,1214
55598,111
55598,296
55598,1208
55598,541
55598,1200
55598,1228
55598,1997
55598,608
30882,56367
30882,53125
30882,4306
30882,6539
30882,4963
30882,8360
30882,68954
30882,6373
30882,35836
30882,30793
133584,4226
133584,1089
133584,1732
133584,55442
133584,44555
133584,6016
133584,6807
133584,2291
133584,7147
133584,6711
12441,2145
12441,2858
12441,6863
12441,1092
12441,3252
12441,2144
12441,318
12441,3450
12441,1124
12441,1955
67312,2762
67312,587
67312,356
67312,318
67312,595
67312,1073
67312,1307
67312,1961
67312,4995
67312,141
57465,1200
57465,293
57465,1089
57465,4993
57465,2571
57465,858
57465,1240
57465,4011
57465,1213
57465,32587
118571,7361
118571,8961
118571,68954
118571,8949
118571,5377
118571,60069
118571,6942
118571,4886
118571,40819
118571,4995
4161,1291
4161,8368
4161,1246
4161,3471
4161,1210
4161,33004
4161,260
4161,1196
4161,1080
4161,1198
49071,4896
49071,4306
49071,47
49071,480
49071,2291
49071,2329
49071,1682
49071,32587
49071,2706
49071,5679
102959,1265
102959,2571
102959,593
102959,1270
102959,356
102959,1961
102959,4993
102959,7153
102959,1225
102959,480
91222,608
91222,1136
91222,1193
91222,1230
91222,1080
91222,1961
91222,1307
91222,356
91222,318
91222,923
108194,1
108194,356
108194,500
108194,5445
108194,296
108194,364
108194,2671
108194,527
108194,1203
108194,4018
56853,8961
56853,318
56853,46578
56853,7361
56853,1193
56853,7438
56853,50
56853,4226
56853,608
56853,588
120895,50
120895,1198
120895,4306
120895,1222
120895,306
120895,4235
120895,1097
120895,2712
120895,590
120895,7371
14219,329
14219,1356
14219,1196
14219,1210
14219,2193
14219,1374
14219,1
14219,1270
14219,2161
14219,2393
23501,17
23501,7153
23501,1148
23501,5952
23501,4993
23501,55442
23501,4308
23501,4246
23501,2336
23501,778
11513,8965
11513,5218
11513,40339
11513,4886
11513,5444
11513,8360
11513,908
11513,2206
11513,3114
11513,6377
138161,6377
138161,597
138161,47
138161,593
138161,4995
138161,4226
138161,4993
138161,33166
138161,3147
138161,590
120255,7153
120255,527
120255,318
120255,2336
120255,5952
120255,858
120255,2858
120255,1296
120255,924
120255,25788
67325,6711
67325,1635
67325,30810
67325,6773
67325,2692
67325,4979
67325,6385
67325,5992
67325,5952
67325,1282
111159,2571
111159,593
111159,1210
111159,1198
111159,1704
111159,110
111159,50
111159,457
111159,64614
111159,4995
38855,1196
38855,1079
38855,1580
38855,1275
38855,7153
38855,4993
38855,1210
38855,4027
38855,2916
38855,3996
48305,1136
48305,2700
48305,223
48305,2918
48305,50
48305,8807
48305,4027
48305,3911
48305,1089
48305,4816
63779,1213
63779,3578
63779,64614
63779,589
63779,1208
63779,480
63779,1270
63779,1
63779,2762
63779,5349
91789,32587
91789,48394
91789,2571
91789,318
91789,58559
91789,527
91789,858
91789,48780
91789,55765
91789,7361
57890,6539
57890,1136
57890,4973
57890,6377
57890,4306
57890,4226
57890,7361
57890,1580
57890,3793
57890,318
59601,592
59601,3578
59601,1089
59601,296
59601,733
59601,165
59601,2858
59601,4085
59601,2791
59601,377
9180,55820
9180,2028
9180,1923
9180,2716
9180,1222
9180,4995
9180,1580
9180,1639
9180,1584
9180,1193
83507,356
83507,2571
83507,3114
83507,2000
83507,6539
83507,648
83507,1370
83507,8636
83507,2268
83507,539
44311,2700
44311,223
44311,1639
44311,260
44311,1196
44311,2288
44311,1215
44311,3994
44311,2353
44311,4210
131685,6539
131685,296
131685,3793
131685,32
131685,356
131685,1291
131685,541
131685,7361
131685,2918
131685,1136
130255,47099
130255,593
130255,2571
130255,45722
130255,47610
130255,7143
130255,47644
130255,41566
130255,48780
130255,150
64082,54259
64082,5952
64082,60069
64082,318
64082,2762
64082,5989
64082,33794
64082,3897
64082,7293
64082,46976
42687,1089
42687,6870
42687,593
42687,63082
42687,1221
42687,1213
42687,4239
42687,6953
42687,293
42687,3949
98076,4993
98076,5971
98076,37729
98076,778
98076,296
98076,2291
98076,32587
98076,2692
98076,1223
98076,7153
48746,858
48746,3578
48746,541
48746,593
48746,60069
48746,2028
48746,1210
48746,296
48746,356
48746,48516
103061,597
103061,4963
103061,2291
103061,1197
103061,34162
103061,2997
103061,35836
103061,1500
103061,7147
103061,2599
130254,500
130254,1380
130254,1097
130254,3255
130254,919
130254,150
130254,586
130254,4306
130254,4886
130254,1
26983,58559
26983,60069
26983,260
26983,34405
26983,57368
26983,7361
26983,3300
26983,1274
26983,7099
26983,5445
57516,96610
57516,56782
57516,33794
57516,86882
57516,88125
57516,47610
57516,40819
57516,89904
57516,47629
57516,34405
131228,1193
131228,2762
131228,1258
131228,111
131228,2288
131228,32
131228,2571
131228,924
131228,1682
131228,1240
65621,593
65621,2716
65621,1196
65621,2028
65621,1240
65621,4306
65621,2502
65621,5952
65621,1968
65621,4993
43107,4886
43107,7451
43107,46578
43107,30825
43107,6942
43107,6218
43107,4014
43107,81845
43107,5989
43107,30749
98703,7458
98703,1380
98703,8972
98703,31685
98703,56949
98703,6942
98703,58559
98703,51662
98703,2005
98703,64957
25008,4306
25008,367
25008,4011
25008,2542
25008,2683
25008,1517
25008,47
25008,2700
25008,260
25008,33794
45016,356
45016,4239
45016,724
45016,2908
45016,7160
45016,3949
45016,79132
45016,337
45016,58559
45016,3186
43384,89804
43384,56782
43384,55276
43384,64957
43384,47610
43384,49824
43384,48696
43384,90719
43384,68269
43384,80489
70763,1307
70763,1955
70763,3418
70763,919
70763,2797
70763,953
70763,1259
70763,3101
70763,1704
70763,2080
49966,5952
49966,1270
49966,1258
49966,4878
49966,37729
49966,260
49966,4973
49966,2571
49966,2174
49966,7438
21214,1198
21214,7153
21214,480
21214,318
21214,595
21214,500
21214,1291
21214,367
21214,110
21214,2683
34053,7361
34053,4226
34053,480
34053,356
34053,589
34053,380
34053,904
34053,2997
34053,780
34053,1148
95708,4878
95708,2692
95708,1209
95708,1270
95708,1527
95708,1199
95708,7827
95708,5903
95708,44665
95708,2997
126249,2959
126249,2571
126249,8961
126249,592
126249,1580
126249,1
126249,5952
126249,4993
126249,7153
126249,1240
77852,2329
77852,480
77852,318
77852,2762
77852,858
77852,33166
77852,34162
77852,35836
77852,2028
77852,58998
132825,6016
132825,58559
132825,778
132825,1213
132825,2959
132825,903
132825,79132
132825,1199
132825,904
132825,1230
112310,2944
112310,1927
112310,50068
112310,1262
112310,3654
112310,6441
112310,1303
112310,5152
112310,760
112310,858
64300,4306
64300,47
64300,4226
64300,58559
64300,2028
64300,33794
64300,1193
64300,2329
64300,50
64300,4963
48380,4226
48380,608
48380,593
48380,318
48380,110
48380,778
48380,2028
48380,1270
48380,293
48380,1036
127212,1265
127212,1206
127212,68157
127212,32587
127212,1089
127212,4022
127212,4306
127212,2028
127212,79132
127212,1
26364,2858
26364,8970
26364,63082
26364,7147
26364,68954
26364,55247
26364,56757
26364,6942
26364,2329
26364,58559
132087,5971
132087,7669
132087,4973
132087,1197
132087,6539
132087,1136
132087,26662
132087,551
132087,58559
132087,6350
4051,858
4051,318
4051,480
4051,356
4051,3578
4051,6934
4051,912
4051,2762
4051,79132
4051,364
136569,8337
136569,1617
136569,1250
136569,318
136569,1193
136569,1234
136569,6787
136569,1247
136569,908
136569,1213
48085,59315
48085,1580
48085,1210
48085,89745
48085,88140
48085,77561
48085,79091
48085,2628
48085,1197
48085,3114
78689,2571
78689,7361
78689,4306
78689,45722
78689,44191
78689,58559
78689,4308
78689,1
78689,260
78689,7147
95635,6874
95635,1240
95635,3147
95635,150
95635,2353
95635,50
95635,1682
95635,1356
95635,3996
95635,1200
20740,87232
20740,59315
20740,89745
20740,2571
20740,33794
20740,8665
20740,73017
20740,91542
20740,3578
20740,99114
91166,4878
91166,71500
91166,2959
91166,2657
91166,724
91166,410
91166,1265
91166,31804
91166,1347
91166,1206
111321,68157
111321,65130
111321,6016
111321,5878
111321,6890
111321,55814
111321,63082
111321,7438
111321,7371
111321,27803
125724,58559
125724,6502
125724,33794
125724,2959
125724,5481
125724,2002
125724,318
125724,2571
125724,329
125724,47
47528,1198
47528,1304
47528,296
47528,8665
47528,1036
47528,457
47528,49272
47528,527
47528,1221
47528,3578
113909,2959
113909,32
113909,33794
113909,592
113909,8950
113909,1258
113909,2329
113909,551
113909,58559
113909,4878
102792,318
102792,296
102792,2959
102792,64614
102792,8957
102792,68157
102792,3535
102792,8641
102792,6874
102792,59369
36022,6377
36022,3578
36022,318
36022,6539
36022,4886
36022,7153
36022,4993
36022,2959
36022,3793
36022,45722
131965,96610
131965,103253
131965,106489
131965,111362
131965,97921
131965,102445
131965,77561
131965,96821
131965,104241
131965,104913
209,110
209,64614
209,3916
209,805
209,524
209,33660
209,1704
209,3178
209,47099
209,80489
7207,2502
7207,318
7207,356
7207,3421
7207,7293
7207,4995
7207,30749
7207,150
7207,593
7207,1193
85257,1198
85257,1210
85257,1196
85257,1291
85257,6365
85257,60069
85257,480
85257,49530
85257,47
85257,1036
3999,68157
3999,1193
3999,1580
3999,1527
3999,4993
3999,924
3999,4973
3999,3812
3999,64614
3999,1653
3848,4306
3848,2329
3848,110
3848,3793
3848,33166
3848,7143
3848,2353
3848,7254
3848,4226
3848,4995
126626,48780
126626,64614
126626,48516
126626,318
126626,2959
126626,2502
126626,68358
126626,47
126626,5418
126626,3578
80505,4878
80505,48394
80505,44195
80505,6377
80505,40819
80505,8784
80505,2081
80505,56367
80505,916
80505,8368
51225,296
51225,318
51225,3578
51225,50
51225,110
51225,68157
51225,69122
51225,6539
51225,3275
51225,4226
117664,4886
117664,527
117664,2571
117664,8464
117664,919
117664,296
117664,1097
117664,1721
117664,4306
117664,6874
71650,7153
71650,750
71650,1089
71650,33794
71650,1221
71650,38061
71650,1198
71650,2959
71650,296
71650,318
97154,2329
97154,2997
97154,2858
97154,4973
97154,1193
97154,48394
97154,31658
97154,47999
97154,3186
97154,4642
10620,912
10620,5349
10620,150
10620,318
10620,480
10620,7263
10620,8636
10620,4993
10620,5989
10620,110
117278,79132
117278,2028
117278,54286
117278,527
117278,5989
117278,106100
117278,778
117278,54503
117278,1682
117278,89864
109451,2571
109451,58559
109451,2028
109451,48516
109451,68157
109451,110
109451,70286
109451,49272
109451,59369
109451,4993
138063,296
138063,58559
138063,356
138063,1089
138063,4226
138063,223
138063,1732
138063,1270
138063,2571
138063,2502
123913,35836
123913,34162
123913,33646
123913,377
123913,1097
123913,736
123913,34048
123913,33493
123913,33166
123913,37727
104989,4226
104989,923
104989,1203
104989,2571
104989,1193
104989,1
104989,296
104989,7156
104989,110
104989,1233
99416,4226
99416,32
99416,1240
99416,253
99416,5989
99416,44191
99416,44555
99416,48516
99416,60069
99416,41285
111549,38886
111549,49824
111549,49772
111549,82459
111549,26485
111549,79242
111549,81845
111549,47721
111549,56333
111549,38038
35037,47
35037,50
35037,6273
35037,8950
35037,2174
35037,1090
35037,32587
35037,2019
35037,25788
35037,3147
70966,595
70966,2959
70966,1197
70966,4979
70966,588
70966,4973
70966,5618
70966,58559
70966,60069
70966,4226
89508,5816
89508,296
89508,8360
89508,4886
89508,1580
89508,7254
89508,4816
89508,76251
89508,63082
89508,46578
92432,5952
92432,7153
92432,4993
92432,2959
92432,33794
92432,1213
92432,2019
92432,48394
92432,79132
92432,110
94912,904
94912,6377
94912,923
94912,318
94912,39292
94912,7361
94912,527
94912,4993
94912,919
94912,1207
52570,50
52570,1193
52570,527
52570,1136
52570,2762
52570,1210
52570,60069
52570,2329
52570,4226
52570,1208
88898,1527
88898,2858
88898,1968
88898,7438
88898,51255
88898,1653
88898,32587
88898,3911
88898,1288
88898,6807
47926,1213
47926,527
47926,5952
47926,8961
47926,3996
47926,318
47926,1617
47926,1262
47926,1136
47926,2571
24866,50
24866,7153
24866,1270
24866,589
24866,110
24866,47
24866,2762
24866,2571
24866,2028
24866,32
34395,3481
34395,593
34395,260
34395,3033
34395,8641
34395,608
34395,2410
34395,5989
34395,5349
34395,1221
42424,44199
42424,55820
42424,33679
42424,36529
42424,48780
42424,50872
42424,46578
42424,79132
42424,59315
42424,33166
130716,593
130716,1213
130716,51662
130716,912
130716,608
130716,1129
130716,1266
130716,1209
130716,1617
130716,82459
65387,6662
65387,26242
65387,3198
65387,7076
65387,948
65387,3037
65387,2871
65387,5747
65387,2946
65387,8183
54729,1288
54729,8874
54729,5952
54729,8636
54729,1387
54729,551
54729,2716
54729,3000
54729,1210
54729,1196
122583,356
122583,48516
122583,60069
122583,49272
122583,7361
122583,47610
122583,318
122583,6377
122583,3578
122583,4306
85084,31658
85084,48394
85084,4878
85084,1193
85084,4993
85084,1222
85084,7371
85084,5952
85084,7153
85084,55442
11024,2872
11024,2161
11024,4467
11024,37857
11024,6539
11024,6333
11024,3793
11024,1210
11024,3740
11024,2139
94567,356
94567,2081
94567,364
94567,5816
94567,4896
94567,3081
94567,595
94567,588
94567,4246
94567,3578
38642,2959
38642,2692
38642,48738
38642,53894
38642,1617
38642,110
38642,293
38642,39183
38642,39292
38642,33154
110634,318
110634,1240
110634,589
110634,2762
110634,3996
110634,608
110634,1617
110634,32587
110634,1089
110634,5349
35356,60069
35356,79132
35356,48394
35356,1923
35356,55247
35356,2985
35356,4306
35356,59126
35356,2302
35356,2712
64652,6539
64652,58559
64652,79132
64652,356
64652,318
64652,2959
64652,91529
64652,110102
64652,6377
64652,104841
56574,34162
56574,69481
56574,52973
56574,32587
56574,50872
56574,44195
56574,55247
56574,46976
56574,54286
56574,63876
112903,64614
112903,318
112903,6539
112903,480
112903,4886
112903,8961
112903,4226
112903,3578
112903,51255
112903,2028
47217,5418
47217,1270
47217,4085
47217,1923
47217,5349
47217,1961
47217,1220
47217,2502
47217,6333
47217,1073
98832,2959
98832,2762
98832,2571
98832,55118
98832,4226
98832,58803
98832,51662
98832,4306
98832,2858
98832,49278
46774,260
46774,608
46774,1036
46774,1200
46774,541
46774,50
46774,293
46774,750
46774,1080
46774,1270
57458,527
57458,1094
57458,1247
57458,39183
57458,1288
57458,2858
57458,4361
57458,1035
57458,272
57458,1265
53385,2858
53385,33794
53385,1240
53385,4993
53385,1213
53385,110
53385,589
53385,4963
53385,6874
53385,4226
29575,1953
29575,1288
29575,1252
29575,2571
29575,7153
29575,4993
29575,6662
29575,4973
29575,1674
29575,5952
47361,329
47361,33493
47361,10
47361,8961
47361,5418
47361,2011
47361,2628
47361,165
47361,2949
47361,2012
6533,110
6533,150
6533,3793
6533,1197
6533,8961
6533,745
6533,2762
6533,1270
6533,4963
6533,5445
105291,2858
105291,1721
105291,150
105291,2997
105291,5445
105291,4034
105291,4226
105291,1
105291,50
105291,1097
93528,4306
93528,150
93528,2761
93528,500
93528,595
93528,6377
93528,2012
93528,1721
93528,5418
93528,1387
70736,1089
70736,1732
70736,32587
70736,7438
70736,6874
70736,293
70736,50
70736,32
70736,4673
70736,8360
99092,593
99092,4993
99092,5952
99092,6539
99092,260
99092,8636
99092,318
99092,2194
99092,296
99092,3471
75779,593
75779,260
75779,3481
75779,6874
75779,1265
75779,3033
75779,3253
75779,1500
75779,2109
75779,2791
3079,4011
3079,858
3079,32
3079,50
3079,2762
3079,2571
3079,4306
3079,4963
3079,1704
3079,48516
76882,357
76882,356
76882,4306
76882,17
76882,3147
76882,2396
76882,4014
76882,7153
76882,2324
76882,4963
90930,2959
90930,480
90930,356
90930,7153
90930,4306
90930,780
90930,1196
90930,260
90930,59315
90930,1210
34234,58559
34234,96079
34234,85414
34234,68159
34234,2571
34234,92259
34234,44555
34234,44199
34234,3578
34234,84954
111193,2571
111193,608
111193,1089
111193,318
111193,1222
111193,4306
111193,6807
111193,1270
111193,5952
111193,1175
63939,1210
63939,110
63939,1917
63939,7143
63939,589
63939,1196
63939,33493
63939,4344
63939,858
63939,4369
128998,50
128998,318
128998,5952
128998,4011
128998,111
128998,1208
128998,4720
128998,293
128998,1682
128998,7090
75835,47
75835,2028
75835,593
75835,110
75835,7153
75835,527
75835,1196
75835,2329
75835,2762
75835,364
52902,5618
52902,7438
52902,2959
52902,296
52902,7153
52902,4993
52902,32
52902,4973
52902,1136
52902,6711
46089,1036
46089,589
46089,1210
46089,165
46089,1527
46089,480
46089,2916
46089,466
46089,110
46089,1214
108206,52973
108206,54503
108206,5449
108206,2572
108206,7293
108206,5151
108206,39
108206,34162
108206,3752
108206,47099
97260,50872
97260,50
97260,296
97260,59315
97260,1580
97260,4963
97260,44195
97260,76093
97260,4973
97260,3793
95534,56367
95534,902
95534,1073
95534,4878
95534,39183
95534,1380
95534,928
95534,55052
95534,44974
95534,55442
107368,55820
107368,1228
107368,924
107368,1732
107368,1193
107368,858
107368,923
107368,99114
107368,4848
107368,1213
28840,2762
28840,356
28840,3578
28840,296
28840,5989
28840,1270
28840,5445
28840,4993
28840,2858
28840,165
88956,30707
88956,8950
88956,1729
88956,7438
88956,5952
88956,4973
88956,1233
88956,2712
88956,38061
88956,1214
32745,58559
32745,2571
32745,60684
32745,1080
32745,1136
32745,1089
32745,68157
32745,1206
32745,6502
32745,79132
37771,1208
37771,923
37771,1252
37771,1276
37771,908
37771,910
37771,750
37771,1230
37771,3671
37771,1247
115258,1198
115258,1136
115258,6874
115258,4878
115258,589
115258,1653
115258,6618
115258,33794
115258,7438
115258,4993
120613,318
120613,356
120613,4226
120613,912
120613,50
120613,858
120613,8784
120613,7438
120613,33794
120613,4993
12111,912
12111,6333
12111,5502
12111,5418
12111,4995
12111,2006
12111,49272
12111,38038
12111,2012
12111,904
8241,33794
8241,8961
8241,7361
8241,47
8241,5995
8241,2762
8241,69122
8241,4886
8241,49530
8241,6016
41471,2959
41471,3897
41471,1721
41471,337
41471,35836
41471,62155
41471,55247
41471,5349
41471,500
41471,2694
87061,8360
87061,3793
87061,48774
87061,1291
87061,5445
87061,49530
87061,2628
87061,2683
87061,3147
87061,1240
1775,5952
1775,7153
1775,8784
1775,919
1775,79132
1775,1
1775,4979
1775,441
1775,44191
1775,99114
83280,1270
83280,1240
83280,356
83280,4306
83280,5952
83280,4963
83280,2959
83280,1580
83280,2762
83280,2028
22673,1198
22673,2959
22673,356
22673,1
22673,5445
22673,32
22673,3578
22673,457
22673,8961
22673,4886
23322,47
23322,1291
23322,1214
23322,58559
23322,32
23322,1200
23322,4306
23322,1213
23322,2502
23322,924
80391,48774
80391,51662
80391,54997
80391,52281
80391,48394
80391,40732
80391,49272
80391,56782
80391,53953
80391,53972
111416,7153
111416,3114
111416,4306
111416,58559
111416,4993
111416,33794
111416,5952
111416,88140
111416,72998
111416,1196
104349,50872
104349,48738
104349,52973
104349,36517
104349,49530
104349,40583
104349,41997
104349,51540
104349,34405
104349,36529
128668,2959
128668,1136
128668,858
128668,750
128668,1213
128668,1089
128668,1221
128668,50
128668,26258
128668,1206
107971,318
107971,2959
107971,593
107971,296
107971,1240
107971,356
107971,8961
107971,858
107971,1200
107971,3793
37629,318
37629,2502
37629,1265
37629,4226
37629,1197
37629,2918
37629,46976
37629,2716
37629,2959
37629,1580
113801,150
113801,2571
113801,46578
113801,4226
113801,3948
113801,47
113801,6539
113801,1682
113801,6377
113801,1721
26512,50
26512,111
26512,1206
26512,3671
26512,1193
26512,593
26512,1245
26512,2871
26512,1952
26512,2918
57188,1200
57188,1270
57188,3363
57188,1196
57188,457
57188,5049
57188,1129
57188,1036
57188,2109
57188,1127
75674,6993
75674,1230
75674,500
75674,2797
75674,919
75674,594
75674,2054
75674,2762
75674,920
75674,2160
82635,380
82635,1704
82635,236
82635,468
82635,339
82635,497
82635,3479
82635,2324
82635,2405
82635,150
138075,1270
138075,6539
138075,480
138075,1025
138075,2571
138075,594
138075,919
138075,1022
138075,588
138075,586
26300,1196
26300,1247
26300,1198
26300,1208
26300,527
26300,2944
26300,1387
26300,912
26300,1214
26300,1291
47293,1035
47293,5989
47293,4995
47293,4993
47293,7153
47293,953
47293,1923
47293,33166
47293,6863
47293,4226
49549,260
49549,1196
49549,6539
49549,1198
49549,4306
49549,3793
49549,2762
49549,32
49549,1240
49549,1210
88851,589
88851,588
88851,593
88851,1214
88851,2115
88851,45517
88851,45722
88851,2858
88851,4446
88851,3114
81066,4878
81066,296
81066,4027
81066,1270
81066,1265
81066,4973
81066,48394
81066,94959
81066,59315
81066,2395
27614,6888
27614,45722
27614,5219
27614,8861
27614,40732
27614,45081
27614,44397
27614,33085
27614,2571
27614,5254
17106,1136
17106,4973
17106,2571
17106,2959
17106,1197
17106,1732
17106,527
17106,2395
17106,2762
17106,858
9654,5952
9654,33794
9654,6539
9654,1291
9654,2502
9654,1196
9654,1274
9654,7090
9654,2571
9654,6333
95533,4306
95533,60069
95533,2762
95533,318
95533,1
95533,4886
95533,7153
95533,4993
95533,6377
95533,593
100694,2997
100694,364
100694,1704
100694,1193
100694,4963
100694,6016
100694,7147
100694,4011
100694,588
100694,750
96668,1617
96668,904
96668,908
96668,1242
96668,30707
96668,1262
96668,1208
96668,1250
96668,3468
96668,3006
34074,1196
34074,260
34074,4993
34074,7153
34074,2571
34074,31878
34074,3000
34074,51255
34074,6502
34074,6539
103927,30707
103927,40819
103927,912
103927,527
103927,8970
103927,318
103927,30749
103927,45720
103927,39292
103927,1955
93708,55820
93708,6016
93708,7361
93708,48780
93708,1206
93708,48774
93708,68237
93708,2997
93708,1682
93708,74458
62222,64614
62222,52042
62222,30707
62222,1287
62222,44204
62222,58295
62222,68358
62222,53972
62222,4329
62222,3105
94278,34072
94278,8961
94278,30793
94278,34405
94278,59315
94278,45431
94278,76093
94278,46976
94278,27706
94278,59784
130944,5418
130944,59315
130944,54286
130944,33493
130944,56174
130944,53996
130944,42738
130944,8665
130944,3275
130944,65682
138325,1220
138325,5105
138325,1233
138325,7387
138325,2761
138325,1028
138325,215
138325,41997
138325,2355
138325,55069
114198,62434
114198,296
114198,6890
114198,33171
114198,54995
114198,3556
114198,44694
114198,4447
114198,1968
114198,66097
57481,78499
57481,73017
57481,89492
57481,4963
57481,80463
57481,1270
57481,780
57481,110
57481,91542
57481,47610
6440,527
6440,4226
6440,50
6440,6874
6440,293
6440,1240
6440,1193
6440,1080
6440,590
6440,7361
13635,35836
13635,2329
13635,52973
13635,2028
13635,2571
13635,67087
13635,60756
13635,68157
13635,3916
13635,858
53731,39
53731,296
53731,904
53731,50
53731,4226
53731,7361
53731,3911
53731,2762
53731,1285
53731,8961
47503,6539
47503,527
47503,4993
47503,2028
47503,50
47503,356
47503,318
47503,4306
47503,593
47503,68157
114427,112556
114427,78499
114427,2959
114427,96610
114427,111759
114427,88129
114427,108932
114427,90866
114427,1732
114427,51255
111982,71535
111982,46578
111982,1219
111982,1259
111982,4246
111982,899
111982,2918
111982,6863
111982,6377
111982,919
65714,7361
65714,4226
65714,68358
65714,79132
65714,1206
65714,4886
65714,3499
65714,52885
65714,3578
65714,2291
87284,2716
87284,1198
87284,296
87284,919
87284,2959
87284,6377
87284,5669
87284,2987
87284,55820
87284,1136
45951,110
45951,318
45951,2012
45951,296
45951,1721
45951,1777
45951,2115
45951,2987
45951,4886
45951,1580
34508,356
34508,593
34508,4027
34508,6016
34508,2959
34508,1682
34508,778
34508,7323
34508,25
34508,1089
31955,590
31955,3396
31955,1278
31955,1610
31955,4306
31955,1265
31955,2268
31955,1207
31955,903
31955,1923
97211,6874
97211,2762
97211,1527
97211,2959
97211,6539
97211,2028
97211,5445
97211,4011
97211,3147
97211,589
30567,63082
30567,104841
30567,1080
30567,7502
30567,57528
30567,1136
30567,4878
30567,48385
30567,6870
30567,72998
75106,33794
75106,1214
75106,60069
75106,231
75106,1387
75106,2011
75106,2
75106,364
75106,2012
75106,1200
9907,47
9907,648
9907,59315
9907,318
9907,52973
9907,593
9907,2329
9907,110
9907,48780
9907,165
7559,318
7559,1203
7559,81845
7559,750
7559,903
7559,953
7559,908
7559,1198
7559,4041
7559,1959
113677,104841
113677,105504
113677,5989
113677,92259
113677,110730
113677,102407
113677,2959
113677,97938
113677,54286
113677,5418
108223,45499
108223,59315
108223,34048
108223,34150
108223,8798
108223,64614
108223,41566
108223,49278
108223,68791
108223,53996
26861,356
26861,1198
26861,6377
26861,1197
26861,150
26861,6539
26861,3175
26861,1356
26861,8360
26861,364
9838,2948
9838,1240
9838,923
9838,6662
9838,6874
9838,2571
9838,4027
9838,7076
9838,260
9838,912
80251,318
80251,1089
80251,50
80251,2571
80251,64614
80251,8950
80251,5618
80251,56782
80251,7153
80251,4993
8040,4011
8040,608
8040,1
8040,7153
8040,1682
8040,527
8040,70286
8040,4963
8040,4027
8040,57669
31601,59315
31601,4011
31601,47
31601,6874
31601,1213
31601,68358
31601,8874
31601,51255
31601,50
31601,4878
78238,33794
78238,6539
78238,4896
78238,4963
78238,8644
78238,68358
78238,60069
78238,56174
78238,51255
78238,1291
51694,1
51694,6539
51694,2571
51694,2959
51694,1136
51694,4886
51694,1196
51694,1198
51694,4896
51694,1653
34731,6377
34731,4306
34731,1270
34731,2858
34731,1136
34731,1210
34731,260
34731,2571
34731,3578
34731,110
92166,2762
92166,4226
92166,1196
92166,608
92166,2918
92166,47
92166,1213
92166,589
92166,1221
92166,1270
115502,5995
115502,30749
115502,48738
115502,8529
115502,41997
115502,2762
115502,1198
115502,6947
115502,1704
115502,2959
58495,3578
58495,2571
58495,3623
58495,1580
58495,6539
58495,2353
58495,3793
58495,2006
58495,377
58495,648
98134,1230
98134,7063
98134,4914
98134,750
98134,8128
98134,4419
98134,2932
98134,6509
98134,154
98134,1176
136667,3949
136667,27773
136667,4226
136667,8874
136667,745
136667,5971
136667,6711
136667,1136
136667,6502
136667,750
32576,50
32576,1200
32576,1036
32576,1213
32576,1270
32576,87232
32576,593
32576,110
32576,3578
32576,2028
29572,58559
29572,54286
29572,318
29572,8644
29572,57368
29572,4963
29572,59315
29572,1210
29572,593
29572,1196
117651,6377
117651,50872
117651,2571
117651,47099
117651,58559
117651,5349
117651,4886
117651,49274
117651,5480
117651,589
3679,7293
3679,58293
3679,2124
3679,6502
3679,78469
3679,1019
3679,55282
3679,4792
3679,2072
3679,5707
138486,2710
138486,5679
138486,6539
138486,1097
138486,8957
138486,2
138486,377
138486,4993
138486,2571
138486,589
6238,31658
6238,1136
6238,2997
6238,4878
6238,2959
6238,3996
6238,1580
6238,4886
6238,34405
6238,6350
126004,5349
126004,1073
126004,4993
126004,4306
126004,6874
126004,1721
126004,1704
126004,2997
126004,5989
126004,50
76798,8533
76798,8641
76798,58998
76798,7293
76798,52973
76798,2572
76798,56949
76798,6266
76798,44193
76798,68135
36671,1210
36671,4878
36671,7438
36671,318
36671,6874
36671,4973
36671,296
36671,2762
36671,47
36671,593
79220,3147
79220,3793
79220,296
79220,593
79220,4963
79220,5418
79220,2329
79220,32
79220,356
79220,3578
131203,79132
131203,2571
131203,4963
131203,318
131203,5010
131203,457
131203,3256
131203,59369
131203,3510
131203,7445
18607,457
18607,32
18607,1270
18607,1036
18607,296
18607,2329
18607,527
18607,59315
18607,68358
18607,541
131275,61132
131275,4855
131275,1
131275,76251
131275,71535
131275,1222
131275,3421
131275,26133
131275,6539
131275,7361
30508,3996
30508,1214
30508,260
30508,750
30508,2761
30508,1274
30508,741
30508,7925
30508,2905
30508,1197
82552,593
82552,5690
82552,6509
82552,922
82552,908
82552,3741
82552,1228
82552,64197
82552,48516
82552,6611
15703,6016
15703,1240
15703,7361
15703,4306
15703,46578
15703,527
15703,778
15703,6874
15703,4011
15703,293
62983,79132
62983,318
62983,2959
62983,2762
62983,6377
62983,4022
62983,3916
62983,58559
62983,64614
62983,64716
56035,8970
56035,30707
56035,33166
56035,40819
56035,30749
56035,30822
56035,35836
56035,6552
56035,6870
56035,36517
36286,47
36286,2762
36286,1270
36286,4306
36286,8961
36286,5445
36286,33794
36286,4886
36286,1198
36286,32
111202,780
111202,6373
111202,33004
111202,4306
111202,5502
111202,5349
111202,1997
111202,8950
111202,68157
111202,2291
83120,296
83120,953
83120,1234
83120,1682
83120,2194
83120,1617
83120,2791
83120,2997
83120,1961
83120,1333
78829,76093
78829,58559
78829,66934
78829,30793
78829,78499
78829,60684
78829,73017
78829,551
78829,51255
78829,6539
100623,7587
100623,26172
100623,6774
100623,2726
100623,913
100623,7013
100623,7044
100623,922
100623,3788
100623,26231
64557,58559
64557,30749
64557,48780
64557,1721
64557,30707
64557,920
64557,110
64557,2028
64557,59369
64557,8665
28596,7451
28596,3897
28596,3791
28596,1895
28596,2500
28596,1088
28596,2706
28596,3477
28596,2541
28596,1777
115093,5349
115093,6377
115093,33493
115093,1198
115093,2716
115093,2502
115093,2167
115093,104
115093,223
115093,6373
72111,81847
72111,56152
72111,88125
72111,8961
72111,6539
72111,595
72111,588
72111,8368
72111,4896
72111,5064
117690,79132
117690,1617
117690,2542
117690,63082
117690,4995
117690,48780
117690,4963
117690,5349
117690,592
117690,3793
62556,2019
62556,3030
62556,1732
62556,608
62556,1
62556,858
62556,1394
62556,3396
62556,593
62556,2788
44373,608
44373,7361
44373,4993
44373,110
44373,527
44373,5995
44373,48516
44373,60069
44373,1196
44373,1136
92872,1291
92872,6502
92872,1196
92872,260
92872,5952
92872,1214
92872,2571
92872,6539
92872,3793
92872,1198
7421,4306
7421,356
7421,4993
7421,5952
7421,7153
7421,4973
7421,58559
7421,4963
7421,597
7421,49278
107468,33166
107468,48516
107468,39183
107468,44195
107468,44191
107468,40583
107468,41997
107468,33794
107468,8966
107468,30749
34449,2028
34449,8665
34449,48774
34449,293
34449,165
34449,1617
34449,1222
34449,54272
34449,2762
34449,44199
79653,4226
79653,4963
79653,46578
79653,2329
79653,7361
79653,4878
79653,2762
79653,318
79653,33166
79653,5989
54107,3546
54107,2203
54107,4356
54107,5812
54107,91077
54107,2081
54107,81845
54107,72720
54107,102800
54107,87306
80919,33004
80919,8371
80919,59315
80919,2021
80919,8961
80919,6979
80919,1127
80919,31696
80919,3527
80919,1214
39056,296
39056,46578
39056,60069
39056,4878
39056,68157
39056,58559
39056,4226
39056,44195
39056,1884
39056,2395
215,778
215,79132
215,5673
215,1197
215,318
215,750
215,50
215,99114
215,94959
215,109374
41029,500
41029,1
41029,4306
41029,1073
41029,4886
41029,597
41029,69122
41029,527
41029,59315
41029,3186
107628,48780
107628,48774
107628,46578
107628,50872
107628,8368
107628,5418
107628,39292
107628,32587
107628,44191
107628,38038
25014,3052
25014,4226
25014,2858
25014,2959
25014,2997
25014,2502
25014,7361
25014,4973
25014,1246
25014,593
18711,480
18711,6016
18711,3481
18711,2455
18711,6440
18711,8949
18711,3578
18711,3994
18711,4011
18711,35836
90486,6350
90486,1198
90486,2571
90486,6377
90486,480
90486,3793
90486,68954
90486,588
90486,2762
90486,1223
56980,908
56980,923
56980,955
56980,1198
56980,947
56980,1219
56980,1260
56980,2300
56980,903
56980,922
86995,5952
86995,6377
86995,2028
86995,2959
86995,79132
86995,64614
86995,3147
86995,33794
86995,59315
86995,480
124323,1208
124323,1203
124323,2028
124323,1198
124323,1287
124323,589
124323,913
124323,150
124323,1210
124323,7361
53618,33794
53618,593
53618,356
53618,1270
53618,296
53618,47
53618,7361
53618,4993
53618,2762
53618,1291
61767,1270
61767,8961
61767,4878
61767,33794
61767,741
61767,110
61767,590
61767,1653
61767,1291
61767,150
59260,7438
59260,6874
59260,356
59260,4963
59260,593
59260,8622
59260,2762
59260,6377
59260,2329
59260,47
78057,81847
78057,70286
78057,8961
78057,44195
78057,40815
78057,63082
78057,44191
78057,31878
78057,72998
78057,76251
63444,5418
63444,6502
63444,8874
63444,4011
63444,6874
63444,1196
63444,592
63444,3275
63444,5952
63444,7153
114060,4306
114060,858
114060,6539
114060,150
114060,457
114060,3578
114060,593
114060,364
114060,648
114060,5418
893,69844
893,60069
893,6942
893,54259
893,54001
893,6377
893,4886
893,4973
893,54281
893,76093
50538,750
50538,1208
50538,79132
50538,2571
50538,1233
50538,1200
50538,858
50538,924
50538,318
50538,91529
101740,1704
101740,50
101740,318
101740,296
101740,1732
101740,5418
101740,110
101740,4226
101740,2329
101740,47
121303,541
121303,4993
121303,1653
121303,150
121303,1265
121303,2571
121303,1199
121303,7153
121303,5952
121303,1292
7858,8636
7858,4886
7858,2858
7858,3702
7858,2353
7858,8644
7858,3994
7858,7438
7858,3753
7858,5989
84806,4306
84806,60069
84806,1704
84806,2571
84806,68954
84806,1396
84806,2028
84806,50
84806,50872
84806,296
58415,44555
58415,3736
58415,50685
58415,6228
58415,25886
58415,59018
58415,6183
58415,1276
58415,1946
58415,66200
102103,1580
102103,2028
102103,6539
102103,5445
102103,1210
102103,356
102103,3175
102103,858
102103,1288
102103,1220
78704,3897
78704,7153
78704,2028
78704,2762
78704,6874
78704,7438
78704,2997
78704,293
78704,16
78704,1639
101675,81564
101675,356
101675,4447
101675,41566
101675,56949
101675,2394
101675,4992
101675,70599
101675,55872
101675,1270
63913,2571
63913,1136
63913,4226
63913,2858
63913,60069
63913,2918
63913,7147
63913,6377
63913,1
63913,63082
91460,593
91460,7361
91460,4011
91460,48516
91460,778
91460,63082
91460,7254
91460,1682
91460,2541
91460,44191
59813,2858
59813,1206
59813,4226
59813,593
59813,4235
59813,50
59813,27773
59813,29
59813,2019
59813,1208
14729,58559
14729,4226
14729,750
14729,69604
14729,1136
14729,6711
14729,1080
14729,1193
14729,55820
14729,60950
90725,2791
90725,4995
90725,1266
90725,8961
90725,1234
90725,2028
90725,1199
90725,1201
90725,1250
90725,1246
55695,1333
55695,7044
55695,1258
55695,247
55695,1635
55695,1175
55695,2731
55695,1219
55695,4914
55695,2361
31695,82461
31695,72998
31695,5903
31695,31658
31695,5952
31695,71135
31695,2959
31695,1214
31695,68791
31695,741
57363,4993
57363,1
57363,7153
57363,318
57363,4963
57363,4022
57363,260
57363,1210
57363,1721
57363,8360
17616,30749
17616,40819
17616,8949
17616,30707
17616,55276
17616,34338
17616,52973
17616,34437
17616,44195
17616,44191
13000,2762
13000,1307
13000,527
13000,356
13000,597
13000,457
13000,1961
13000,608
13000,50
13000,1721
34404,318
34404,1704
34404,1721
34404,4034
34404,2291
34404,4963
34404,44195
34404,919
34404,1193
34404,1923
63458,593
63458,1198
63458,7153
63458,1961
63458,2028
63458,1302
63458,1036
63458,1246
63458,3916
63458,1196
29384,55820
29384,55276
29384,58559
29384,48516
29384,79132
29384,64839
29384,56782
29384,69481
29384,59315
29384,80489
24157,539
24157,500
24157,6377
24157,4306
24157,5349
24157,2762
24157,1704
24157,318
24157,1580
24157,5299
86054,2762
86054,527
86054,110
86054,3578
86054,318
86054,3147
86054,7153
86054,1961
86054,47099
86054,5952
25411,56367
25411,44195
25411,70286
25411,44022
25411,53318
25411,7099
25411,58162
25411,53972
25411,58299
25411,55830
111724,1210
111724,2571
111724,41566
111724,356
111724,4963
111724,4306
111724,6377
111724,260
111724,44191
111724,40815
54431,2502
54431,58559
54431,53894
54431,3948
54431,4306
54431,63082
54431,150
54431,4816
54431,6936
54431,104841
60695,1291
60695,1200
60695,31878
60695,3793
60695,2716
60695,8368
60695,5349
60695,296
60695,33493
60695,2959
87888,1270
87888,54190
87888,1028
87888,5816
87888,60069
87888,50912
87888,46976
87888,4700
87888,1247
87888,35836
71804,8968
71804,33679
71804,33669
71804,30822
71804,34319
71804,40815
71804,6879
71804,30707
71804,40819
71804,8866
57812,4886
57812,1
57812,2628
57812,5459
57812,8368
57812,8961
57812,5816
57812,3114
57812,480
57812,59315
15458,1610
15458,4995
15458,4886
15458,5481
15458,2716
15458,2762
15458,2115
15458,457
15458,2353
15458,8972
59517,1198
59517,296
59517,1270
59517,7438
59517,208
59517,2985
59517,1690
59517,4963
59517,1917
59517,34405
106279,3578
106279,2571
106279,1573
106279,49272
106279,45186
106279,786
106279,356
106279,434
106279,592
106279,2028
47573,88140
47573,91500
47573,76093
47573,44191
47573,60069
47573,106487
47573,4306
47573,3000
47573,318
47573,81847
51051,58559
51051,318
51051,1196
51051,1210
51051,5952
51051,2571
51051,50
51051,79132
51051,2028
51051,7153
81570,231
81570,2716
81570,1036
81570,296
81570,1240
81570,58559
81570,165
81570,2028
81570,153
81570,4886
43355,7361
43355,88125
43355,81834
43355,60069
43355,46578
43355,1219
43355,5618
43355,66934
43355,2959
43355,593
22980,5010
22980,31420
22980,4993
22980,32596
22980,32029
22980,7458
22980,145
22980,1917
22980,5418
22980,2273
103937,593
103937,1198
103937,480
103937,589
103937,527
103937,150
103937,2858
103937,4963
103937,58559
103937,2959
134976,296
134976,910
134976,5995
134976,1136
134976,2959
134976,912
134976,898
134976,4226
134976,4427
134976,46578
3488,4226
3488,2959
3488,5903
3488,1214
3488,2105
3488,1200
3488,3994
3488,85414
3488,3578
3488,1198
28548,3793
28548,68157
28548,4993
28548,5952
28548,5349
28548,49272
28548,35836
28548,7147
28548,68358
28548,4306
96340,4973
96340,2959
96340,2571
96340,223
96340,7153
96340,46578
96340,8784
96340,44191
96340,1193
96340,356
132124,7361
132124,4226
132124,858
132124,48516
132124,593
132124,63082
132124,296
132124,1213
132124,30749
132124,3578
137625,4886
137625,158
137625,6377
137625,586
137625,3489
137625,2355
137625,594
137625,837
137625,5299
137625,1270
81703,50872
81703,72998
81703,81845
81703,26614
81703,85414
81703,46578
81703,79132
81703,63082
81703,318
81703,72011
107777,4226
107777,3578
107777,1233
107777,318
107777,356
107777,2571
107777,2858
107777,3555
107777,55765
107777,64614
86360,79132
86360,58559
86360,68157
86360,1208
86360,4995
86360,69122
86360,3160
86360,5952
86360,48394
86360,50
96233,480
96233,2858
96233,3578
96233,2762
96233,1961
96233,318
96233,586
96233,4306
96233,2959
96233,457
9677,2858
9677,4963
9677,480
9677,1645
9677,1617
9677,1682
9677,1721
9677,5218
9677,1704
9677,253
121461,673
121461,267
121461,374
121461,1015
121461,1005
121461,33646
121461,524
121461,2082
121461,2042
121461,60072
55032,4011
55032,55820
55032,46578
55032,27416
55032,33166
55032,2542
55032,30707
55032,44195
55032,7361
55032,40278
107440,68237
107440,27660
107440,71535
107440,59315
107440,54272
107440,46578
107440,44195
107440,33004
107440,52328
107440,69757
35259,2700
35259,8874
35259,3033
35259,1073
35259,2291
35259,48394
35259,318
35259,1527
35259,44191
35259,55820
77060,6016
77060,364
77060,32587
77060,593
77060,1
77060,8961
77060,5952
77060,7153
77060,4993
77060,527
1419,31685
1419,2273
1419,7458
1419,3147
1419,31696
1419,5810
1419,33679
1419,1059
1419,592
1419,5010
91666,4886
91666,60069
91666,54001
91666,33794
91666,7147
91666,49272
91666,1907
91666,4973
91666,8360
91666,48780
16528,1210
16528,58559
16528,2028
16528,1291
16528,47
16528,457
16528,110
16528,296
16528,33794
16528,5816
26906,4963
26906,1200
26906,1580
26906,356
26906,1089
26906,51662
26906,780
26906,4886
26906,32587
26906,8636
74979,2571
74979,1210
74979,593
74979,1148
74979,1208
74979,318
74979,4993
74979,1200
74979,924
74979,1270
78957,79132
78957,253
78957,1676
78957,6283
78957,49272
78957,2174
78957,6807
78957,77561
78957,1907
78957,1377
48640,541
48640,7438
48640,5618
48640,293
48640,32
48640,3578
48640,2028
48640,7090
48640,4306
48640,6539
1335,593
1335,6377
1335,356
1335,260
1335,4226
1335,1
1335,1148
1335,50
1335,47
1335,364
99849,318
99849,79132
99849,1387
99849,49272
99849,70286
99849,96079
99849,1997
99849,778
99849,1221
99849,4085
46691,1208
46691,1136
46691,2959
46691,1193
46691,1199
46691,3030
46691,4973
46691,1219
46691,903
46691,3089
48461,441
48461,71535
48461,5283
48461,80549
48461,86332
48461,76077
48461,4247
48461,88140
48461,7346
48461,93510
76490,1270
76490,1210
76490,7153
76490,4993
76490,1500
76490,1200
76490,2716
76490,4226
76490,589
76490,4886
49296,68358
49296,68157
49296,78499
49296,2571
49296,72998
49296,91500
49296,5418
49296,70286
49296,97304
49296,98809
108754,8961
108754,2572
108754,54001
108754,58559
108754,56367
108754,69757
108754,78499
108754,1721
108754,68135
108754,91529
116349,95167
116349,79091
116349,91500
116349,76093
116349,6377
116349,111921
116349,78499
116349,95510
116349,81847
116349,116823
64182,2011
64182,1214
64182,8641
64182,55765
64182,2174
64182,924
64182,4995
64182,1917
64182,2012
64182,5418
76272,1198
76272,3578
76272,480
76272,4306
76272,318
76272,296
76272,457
76272,364
76272,6539
76272,4034
44726,69757
44726,46578
44726,6874
44726,56782
44726,80463
44726,63082
44726,2959
44726,924
44726,48774
44726,86882
53372,56367
53372,5349
53372,69122
53372,6863
53372,4306
53372,2291
53372,1907
53372,2571
53372,48385
53372,2329
12778,1210
12778,924
12778,1682
12778,6711
12778,2918
12778,3471
12778,2791
12778,4002
12778,1258
12778,8949
130262,58559
130262,4226
130262,2571
130262,3000
130262,60069
130262,76093
130262,106696
130262,104841
130262,91529
130262,2329
57746,780
57746,3793
57746,2005
57746,180
57746,32587
57746,4306
57746,457
57746,6377
57746,3897
57746,6188
85867,260
85867,593
85867,2571
85867,8961
85867,1198
85867,60069
85867,78499
85867,4886
85867,1196
85867,904
116453,589
116453,1527
116453,3751
116453,318
116453,1580
116453,480
116453,2716
116453,2959
116453,593
116453,500
118503,5418
118503,30707
118503,6953
118503,48516
118503,32587
118503,7438
118503,6874
118503,5878
118503,2858
118503,48780
14583,1580
14583,1270
14583,6333
14583,457
14583,2959
14583,1527
14583,296
14583,1923
14583,3052
14583,1197
137172,3578
137172,150
137172,589
137172,1213
137172,1291
137172,1210
137172,260
137172,648
137172,231
137172,1089
69818,33794
69818,8665
69818,6539
69818,8360
69818,8961
69818,296
69818,8636
69818,8368
69818,5952
69818,7153
11890,1682
11890,2762
11890,1704
11890,2340
11890,5445
11890,539
11890,4226
11890,7254
11890,1088
11890,48780
110728,68157
110728,593
110728,5952
110728,296
110728,4226
110728,2028
110728,48516
110728,1625
110728,5418
110728,32
80967,58559
80967,32
80967,68237
80967,2329
80967,47
80967,858
80967,1198
80967,356
80967,5445
80967,480
111706,79132
111706,4878
111706,541
111706,922
111706,1208
111706,750
111706,1206
111706,1221
111706,2186
111706,2028
47620,2571
47620,356
47620,904
47620,586
47620,2291
47620,923
47620,318
47620,920
47620,500
47620,33794
81254,1704
81254,30707
81254,63082
81254,1955
81254,1207
81254,1960
81254,2352
81254,508
81254,1956
81254,912
133979,54286
133979,5418
133979,48516
133979,58559
133979,356
133979,64614
133979,296
133979,49530
133979,50
133979,55765
50367,6378
50367,3916
50367,590
50367,2804
50367,3039
50367,8961
50367,474
50367,1203
50367,5010
50367,2058
22328,150
22328,7153
22328,260
22328,356
22328,2571
22328,296
22328,4963
22328,49272
22328,1580
22328,1136
20896,4995
20896,480
20896,1198
20896,593
20896,1
20896,1682
20896,44191
20896,6016
20896,595
20896,7090
6372,2571
6372,47
6372,4226
6372,2329
6372,48516
6372,2858
6372,4235
6372,4878
6372,68157
6372,3578
122811,44191
122811,74458
122811,2959
122811,68237
122811,76251
122811,85414
122811,103228
122811,56174
122811,88744
122811,5816
59215,1172
59215,527
59215,2858
59215,308
59215,858
59215,296
59215,44555
59215,593
59215,1960
59215,356
93529,4306
93529,527
93529,6377
93529,318
93529,5952
93529,2959
93529,2762
93529,44195
93529,2324
93529,1704
114567,58559
114567,6377
114567,53125
114567,4886
114567,2959
114567,72998
114567,76093
114567,30793
114567,69122
114567,356
2320,904
2320,5991
2320,8464
2320,8961
2320,899
2320,8636
2320,5349
2320,4963
2320,8981
2320,7347
24464,1198
24464,1200
24464,50
24464,318
24464,1258
24464,589
24464,1196
24464,260
24464,1220
24464,7482
33726,5418
33726,6539
33726,5952
33726,356
33726,7438
33726,48516
33726,145
33726,5459
33726,2858
33726,44665
75299,150
75299,45210
75299,1266
75299,3260
75299,3545
75299,39292
75299,3365
75299,952
75299,1094
75299,5669
41277,1653
41277,2355
41277,33493
41277,48385
41277,40815
41277,457
41277,38038
41277,4262
41277,3114
41277,858
120211,27773
120211,527
120211,293
120211,1201
120211,1258
120211,3578
120211,4011
120211,4226
120211,2542
120211,5952
108108,8874
108108,32587
108108,7438
108108,6874
108108,47
108108,318
108108,7361
108108,1288
108108,2918
108108,1704
94956,48516
94956,58559
94956,79132
94956,47610
94956,80463
94956,81845
94956,51935
94956,59369
94956,49278
94956,55118
27399,48774
27399,541
27399,260
27399,4993
27399,79132
27399,1921
27399,858
27399,1240
27399,6874
27399,293
76352,32
76352,2762
76352,1729
76352,1682
76352,2291
76352,4963
76352,260
76352,8874
76352,589
76352,2000
135535,26131
135535,34542
135535,8638
135535,8949
135535,4928
135535,8656
135535,5932
135535,35836
135535,41863
135535,30793
98094,2959
98094,81591
98094,79132
98094,4886
98094,8874
98094,551
98094,7361
98094,79702
98094,1197
98094,4973
16440,2959
16440,2571
16440,5952
16440,4993
16440,1089
16440,1617
16440,1265
16440,2762
16440,47
16440,8949
87391,1222
87391,4226
87391,2762
87391,1213
87391,3578
87391,4011
87391,2329
87391,1240
87391,1198
87391,30707
130879,4878
130879,63082
130879,527
130879,2858
130879,4973
130879,6016
130879,2329
130879,50
130879,81845
130879,7099
39600,58559
39600,8961
39600,1704
39600,593
39600,316
39600,59315
39600,6377
39600,1917
39600,1923
39600,45499
15687,1203
15687,55820
15687,111
15687,2858
15687,2730
15687,5995
15687,923
15687,48516
15687,1252
15687,6016
14505,4848
14505,2959
14505,318
14505,296
14505,4979
14505,2391
14505,5902
14505,858
14505,1213
14505,2395
62325,5816
62325,364
62325,7153
62325,8360
62325,4014
62325,6539
62325,1721
62325,2571
62325,2396
62325,551
34905,2329
34905,1222
34905,541
34905,1291
34905,293
34905,1089
34905,110
34905,527
34905,3578
34905,457
71357,2396
71357,87232
71357,916
71357,904
71357,1197
71357,919
71357,920
71357,926
71357,2572
71357,88125
36095,33794
36095,49530
36095,58559
36095,6378
36095,51662
36095,4993
36095,47
36095,44665
36095,7153
36095,73017
4541,1089
4541,48774
4541,70286
4541,4226
4541,296
4541,318
4541,858
4541,4848
4541,48780
4541,46578
117310,296
117310,1527
117310,1225
117310,32
117310,344
117310,1080
117310,51662
117310,104
117310,6502
117310,2858
102394,58559
102394,2858
102394,480
102394,589
102394,1240
102394,2571
102394,590
102394,70286
102394,924
102394,1206
96060,4226
96060,1704
96060,2959
96060,608
96060,1387
96060,58559
96060,1213
96060,527
96060,1219
96060,1732
112684,3578
112684,778
112684,7361
112684,1222
112684,33794
112684,1198
112684,6016
112684,4235
112684,1258
112684,1682
60536,4878
60536,356
60536,6711
60536,4995
60536,44191
60536,106920
60536,68157
60536,74458
60536,6874
60536,92259
132044,8970
132044,8910
132044,8784
132044,30707
132044,8949
132044,3578
132044,5669
132044,7143
132044,356
132044,1704
84330,2918
84330,593
84330,2797
84330,6539
84330,1968
84330,1265
84330,3147
84330,150
84330,60069
84330,2080
47850,2959
47850,4886
47850,364
47850,356
47850,4306
47850,76093
47850,4993
47850,8961
47850,45728
47850,5618
97644,59315
97644,4963
97644,44191
97644,110
97644,50
97644,1198
97644,1704
97644,48516
97644,32587
97644,1136
118033,5418
118033,356
118033,318
118033,1625
118033,4963
118033,4993
118033,58559
118033,380
118033,48516
118033,1200
129277,1748
129277,1073
129277,2105
129277,2716
129277,4306
129277,364
129277,29
129277,2858
129277,2140
129277,4896
23323,6377
23323,5299
23323,94070
23323,4886
23323,107141
23323,8961
23323,4027
23323,5816
23323,70293
23323,4014
81959,7361
81959,51255
81959,55269
81959,55820
81959,49272
81959,32587
81959,71464
81959,77455
81959,85774
81959,1089
122348,7153
122348,5952
122348,2028
122348,48780
122348,69122
122348,63082
122348,69481
122348,72998
122348,1907
122348,1214
21232,1270
21232,590
21232,593
21232,527
21232,1079
21232,318
21232,457
21232,1197
21232,36
21232,296
21815,648
21815,5952
21815,7153
21815,4993
21815,6378
21815,33794
21815,5349
21815,49530
21815,51662
21815,3793
36039,79132
36039,111
36039,50
36039,55820
36039,1089
36039,99114
36039,1193
36039,2858
36039,4226
36039,7361
115417,5952
115417,780
115417,586
115417,1291
115417,2006
115417,1917
115417,110
115417,457
115417,3147
115417,1210
133246,50601
133246,8361
133246,1968
133246,56367
133246,2762
133246,5816
133246,40815
133246,4370
133246,2321
133246,4022
90099,4327
90099,1213
90099,7419
90099,3361
90099,2915
90099,1178
90099,3681
90099,296
90099,1956
90099,2944
115176,2003
115176,5445
115176,4370
115176,1270
115176,7090
115176,1617
115176,4975
115176,648
115176,2011
115176,110
37942,49272
37942,72998
37942,68358
37942,51662
37942,6378
37942,54503
37942,59369
37942,88125
37942,4896
37942,77561
93009,58559
93009,6323
93009,4963
93009,48774
93009,32
93009,55908
93009,2858
93009,52604
93009,3147
93009,44555
110580,56152
110580,356
110580,2424
110580,539
110580,2724
110580,56587
110580,36525
110580,59421
110580,587
110580,339
89293,45722
89293,48516
89293,4878
89293,223
89293,2858
89293,53125
89293,3556
89293,44974
89293,47518
89293,33166
135010,4306
135010,1196
135010,58559
135010,356
135010,1580
135010,1240
135010,51662
135010,648
135010,33794
135010,5418
133181,1247
133181,39183
133181,1193
133181,5135
133181,30707
133181,928
133181,39292
133181,265
133181,2908
133181,608
96,8665
96,68157
96,56367
96,50
96,63082
96,46976
96,102445
96,94959
96,47610
96,1527
44535,1197
44535,1270
44535,8961
44535,8533
44535,56775
44535,49910
44535,33660
44535,6565
44535,110
44535,4306
134982,260
134982,318
134982,2858
134982,741
134982,924
134982,2959
134982,1136
134982,589
134982,48516
134982,6874
104183,1193
104183,7361
104183,593
104183,2571
104183,924
104183,1206
104183,47
104183,7153
104183,3949
104183,1089
102587,648
102587,1196
102587,1527
102587,1961
102587,1721
102587,3578
102587,4306
102587,377
102587,733
102587,364
29699,541
29699,1258
29699,1036
29699,4995
29699,590
29699,63082
29699,4776
29699,5418
29699,1210
29699,1196
8737,1197
8737,356
8737,49272
8737,1196
8737,110
8737,296
8737,5010
8737,44191
8737,7143
8737,1610
38040,1223
38040,912
38040,2571
38040,260
38040,1196
38040,750
38040,4886
38040,1210
38040,40815
38040,1265
136541,6016
136541,2762
136541,778
136541,63082
136541,1961
136541,3147
136541,44191
136541,3949
136541,3578
136541,48516
130426,47
130426,318
130426,8784
130426,778
130426,54503
130426,288
130426,1884
130426,4239
130426,33166
130426,1073
107786,110
107786,63082
107786,1213
107786,3578
107786,49530
107786,111
107786,3949
107786,68157
107786,32587
107786,48394
119121,5952
119121,1196
119121,589
119121,78499
119121,3114
119121,3147
119121,150
119121,1036
119121,2028
119121,1097
48598,49272
48598,7153
48598,2959
48598,63082
48598,5989
48598,7361
48598,1221
48598,48780
48598,44555
48598,296
124684,745
124684,356
124684,5952
124684,1291
124684,7153
124684,4993
124684,1270
124684,1210
124684,1269
124684,1262
134507,910
134507,3435
134507,1207
134507,1193
134507,1203
134507,1213
134507,2571
134507,260
134507,7502
134507,1219
50801,32
50801,1214
50801,608
50801,150
50801,2819
50801,1193
50801,1961
50801,4995
50801,924
50801,8665
126713,356
126713,4306
126713,231
126713,1
126713,1206
126713,1089
126713,1265
126713,778
126713,7361
126713,6874
104824,4226
104824,74458
104824,6857
104824,7235
104824,44191
104824,27728
104824,59315
104824,2858
104824,109487
104824,593
3486,55820
3486,2028
3486,2762
3486,32
3486,3949
3486,3578
3486,70286
3486,79132
3486,63082
3486,68954
111567,1089
111567,2858
111567,7361
111567,2329
111567,8950
111567,4979
111567,2076
111567,2318
111567,1884
111567,68157
72863,55820
72863,48516
72863,296
72863,80463
72863,3578
72863,55721
72863,1923
72863,33166
72863,32587
72863,47099
111866,47
111866,50
111866,4226
111866,2858
111866,1198
111866,1196
111866,260
111866,318
111866,4973
111866,541
106047,2502
106047,3793
106047,32
106047,480
106047,541
106047,1580
106047,1527
106047,593
106047,457
106047,2617
116054,296
116054,30749
116054,4973
116054,3949
116054,1197
116054,46976
116054,356
116054,50
116054,5377
116054,2918
32747,2959
32747,608
32747,1199
32747,296
32747,924
32747,1235
32747,1921
32747,1080
32747,1193
32747,3671
86973,56367
86973,33166
86973,55118
86973,64839
86973,48780
86973,55805
86973,55276
86973,37741
86973,40819
86973,49961
32914,4896
32914,81834
32914,69844
32914,4963
32914,6373
32914,5989
32914,356
32914,60074
32914,6934
32914,48774
73551,593
73551,1291
73551,4226
73551,318
73551,47
73551,2571
73551,3578
73551,2502
73551,44191
73551,2329
121062,1784
121062,1196
121062,260
121062,2858
121062,367
121062,47
121062,858
121062,364
121062,1193
121062,4226
131899,2959
131899,79132
131899,4226
131899,58559
131899,6377
131899,50
131899,2571
131899,593
131899,4306
131899,47
104910,79132
104910,296
104910,4011
104910,3000
104910,1884
104910,51255
104910,27773
104910,48516
104910,356
104910,78499
2483,1250
2483,47629
2483,6787
2483,34072
2483,1957
2483,8228
2483,46578
2483,30749
2483,1950
2483,8949
57518,480
57518,32
57518,1214
57518,1240
57518,58559
57518,50
57518,48394
57518,1291
57518,46578
57518,1
131111,1259
131111,1090
131111,296
131111,1089
131111,2716
131111,1197
131111,1213
131111,2804
131111,7153
131111,4993
61026,5618
61026,541
61026,1
61026,4963
61026,318
61026,1270
61026,58559
61026,50
61026,589
61026,33794
127664,541
127664,1199
127664,923
127664,1206
127664,1208
127664,3676
127664,111
127664,1252
127664,2186
127664,1248
134649,1580
134649,79132
134649,32
134649,65261
134649,1270
134649,50872
134649,4995
134649,1961
134649,1682
134649,76093
16395,912
16395,25826
16395,916
16395,911
16395,54259
16395,940
16395,2206
16395,838
16395,1269
16395,6254
84276,17
84276,1296
84276,3097
84276,1269
84276,911
84276,919
84276,6970
84276,40629
84276,904
84276,8228
71911,356
71911,597
71911,40815
71911,2918
71911,2424
71911,1265
71911,1270
71911,2804
71911,2716
71911,6936
76674,6377
76674,318
76674,1704
76674,56367
76674,2959
76674,4306
76674,2028
76674,296
76674,1136
76674,1270
87794,4226
87794,2571
87794,593
87794,79132
87794,2959
87794,116161
87794,112515
87794,106920
87794,50
87794,111443
66512,356
66512,2571
66512,858
66512,4226
66512,527
66512,296
66512,1961
66512,457
66512,110
66512,30707
124976,1270
124976,1198
124976,608
124976,1214
124976,50
124976,2502
124976,1193
124976,1136
124976,1527
124976,2762
15375,1580
15375,2762
15375,150
15375,1704
15375,1198
15375,110
15375,4022
15375,165
15375,1721
15375,5989
24246,2997
24246,1732
24246,50
24246,858
24246,1219
24246,924
24246,1251
24246,4226
24246,32
24246,308
72213,1197
72213,4993
72213,1307
72213,1196
72213,2396
72213,50872
72213,79132
72213,260
72213,356
72213,40815
109434,58559
109434,2959
109434,5989
109434,110
109434,69122
109434,81845
109434,78499
109434,64614
109434,54503
109434,76093
82900,1193
82900,4226
82900,318
82900,541
82900,1288
82900,356
82900,79132
82900,1222
82900,68954
82900,47
103315,6539
103315,1210
103315,7153
103315,4226
103315,6377
103315,44665
103315,48780
103315,58559
103315,4995
103315,5418
126995,58559
126995,260
126995,1210
126995,527
126995,70286
126995,1653
126995,356
126995,89745
126995,60069
126995,27611
18628,36276
18628,58559
18628,49272
18628,56367
18628,65130
18628,60943
18628,35836
18628,60950
18628,46723
18628,64614
123358,1089
123358,5902
123358,608
123358,33880
123358,337
123358,55814
123358,858
123358,2329
123358,44555
123358,586
54428,593
54428,2858
54428,805
54428,2762
54428,2144
54428,47
54428,1892
54428,597
54428,2145
54428,3186
122951,80463
122951,48516
122951,69122
122951,50
122951,8798
122951,76251
122951,1198
122951,68358
122951,69481
122951,51255
23606,318
23606,7361
23606,48394
23606,60069
23606,593
23606,8961
23606,5903
23606,356
23606,4973
23606,47
123163,6711
123163,7941
123163,6650
123163,215
123163,8638
123163,7361
123163,8338
123163,25891
123163,4419
123163,1265
63062,480
63062,296
63062,1580
63062,2959
63062,2762
63062,6539
63062,47
63062,44191
63062,648
63062,589
112008,7361
112008,8949
112008,8961
112008,6867
112008,6016
112008,8873
112008,33166
112008,30749
112008,8970
112008,8645
56075,47
56075,4226
56075,2858
56075,2762
56075,1097
56075,46578
56075,1961
56075,6711
56075,50
56075,4027
120908,5618
120908,589
120908,1240
120908,1193
120908,6874
120908,293
120908,4886
120908,1036
120908,6502
120908,1136
82720,48774
82720,318
82720,1527
82720,32587
82720,2858
82720,4226
82720,5418
82720,54286
82720,7361
82720,5445
133919,593
133919,32
133919,364
133919,1721
133919,47
133919,4306
133919,1682
133919,4993
133919,1680
133919,231
38655,2329
38655,48394
38655,1206
38655,288
38655,7254
38655,4848
38655,6016
38655,1653
38655,63082
38655,3176
130662,2918
130662,260
130662,1073
130662,4226
130662,380
130662,2959
130662,6539
130662,593
130662,1923
130662,6711
10976,54286
10976,5418
10976,64614
10976,6539
10976,68954
10976,33660
10976,33166
10976,8665
10976,44665
10976,4306
40893,4886
40893,45722
40893,2762
40893,2571
40893,49272
40893,54272
40893,2959
40893,51662
40893,33679
40893,44022
39519,8368
39519,6539
39519,4025
39519,4896
39519,8961
39519,4447
39519,41566
39519,5218
39519,7293
39519,3489
67508,3793
67508,34405
67508,70286
67508,589
67508,1215
67508,5903
67508,27611
67508,60069
67508,68157
67508,51255
54811,318
54811,780
54811,2959
54811,1270
54811,1196
54811,364
54811,1200
54811,2028
54811,58559
54811,316
103126,52973
103126,48780
103126,53121
103126,30793
103126,33615
103126,53996
103126,45720
103126,49530
103126,49286
103126,45501
5017,49272
5017,31658
5017,1089
5017,318
5017,2959
5017,4878
5017,6333
5017,7147
5017,4226
5017,3703
75410,7361
75410,70286
75410,8961
75410,296
75410,1682
75410,356
75410,318
75410,68157
75410,68954
75410,49272
68460,1
68460,40815
68460,3114
68460,5444
68460,48
68460,596
68460,30793
68460,2078
68460,45517
68460,2096
45579,904
45579,26133
45579,150
45579,3469
45579,1234
45579,1196
45579,1272
45579,1221
45579,5644
45579,60487
79721,47
79721,1089
79721,2858
79721,2329
79721,3949
79721,57669
79721,48516
79721,50
79721,2571
79721,63082
51109,7153
51109,2858
51109,2571
51109,2959
51109,1193
51109,318
51109,4973
51109,6807
51109,3996
51109,4226
17834,2959
17834,2858
17834,593
17834,1222
17834,3683
17834,47
17834,1227
17834,50
17834,778
17834,2329
71061,3578
71061,8961
71061,60069
71061,91529
71061,527
71061,5418
71061,49530
71061,50
71061,4993
71061,7153
71390,2028
71390,593
71390,1198
71390,58559
71390,296
71390,541
71390,4262
71390,1221
71390,1201
71390,70286
62512,329
62512,3671
62512,1206
62512,4226
62512,592
62512,2997
62512,2858
62512,2028
62512,1097
62512,50
128256,47
128256,50
128256,1617
128256,750
128256,4973
128256,1206
128256,2858
128256,1199
128256,5952
128256,7153
89538,4306
89538,79132
89538,4886
89538,5989
89538,356
89538,6377
89538,46578
89538,318
89538,78499
89538,1777
102283,2502
102283,5952
102283,2858
102283,33794
102283,7361
102283,4226
102283,32587
102283,1580
102283,5989
102283,1265
99193,356
99193,4993
99193,593
99193,2762
99193,318
99193,1
99193,1682
99193,3793
99193,2081
99193,480
60691,899
60691,912
60691,3097
60691,4798
60691,8712
60691,7833
60691,947
60691,951
60691,1198
60691,1307
49311,4226
49311,2858
49311,296
49311,4973
49311,1136
49311,4878
49311,1968
49311,68954
49311,750
49311,2395
79457,4306
79457,2959
79457,48394
79457,2571
79457,318
79457,81845
79457,7361
79457,81562
79457,68954
79457,74789
39849,60069
39849,68954
39849,5971
39849,7099
39849,65261
39849,27731
39849,45517
39849,59784
39849,81564
39849,76093
4253,6377
4253,4226
4253,47
4253,2571
4253,110
4253,1527
4253,7153
4253,32587
4253,1222
4253,293
94506,1225
94506,7728
94506,1223
94506,1296
94506,5120
94506,2819
94506,2857
94506,720
94506,7614
94506,6791
15874,318
15874,6377
15874,4993
15874,110
15874,1270
15874,5445
15874,3793
15874,4886
15874,47
15874,7254
67808,5445
67808,33794
67808,2529
67808,32
67808,2716
67808,6874
67808,47
67808,33493
67808,2762
67808,8874
82425,60069
82425,4973
82425,68954
82425,50872
82425,4995
82425,63082
82425,7361
82425,69757
82425,2571
82425,58559
55641,1198
55641,356
55641,858
55641,1376
55641,2762
55641,3978
55641,1372
55641,1375
55641,4019
55641,553
102494,2571
102494,480
102494,1198
102494,150
102494,5952
102494,7153
102494,1197
102494,2858
102494,4306
102494,110
1819,4226
1819,1036
1819,2959
1819,2571
1819,2329
1819,32
1819,2028
1819,457
1819,527
1819,3578
54951,1198
54951,858
54951,2762
54951,593
54951,318
54951,293
54951,4262
54951,3098
54951,1213
54951,48516
120474,364
120474,356
120474,588
120474,1270
120474,595
120474,4306
120474,539
120474,1088
120474,4993
120474,5952
115436,63082
115436,1
115436,6377
115436,4306
115436,919
115436,364
115436,1197
115436,1704
115436,6539
115436,318
2275,296
2275,4223
2275,4306
2275,2959
2275,318
2275,1610
2275,2890
2275,4963
2275,293
2275,1089
7415,527
7415,480
7415,4246
7415,509
7415,3418
7415,1380
7415,589
7415,1240
7415,318
7415,454
55060,2997
55060,318
55060,47
55060,32
55060,2762
55060,41285
55060,1193
55060,1206
55060,527
55060,4011
17908,648
17908,1291
17908,3578
17908,1198
17908,380
17908,1196
17908,377
17908,2762
17908,1373
17908,32
32042,1196
32042,5952
32042,3578
32042,2571
32042,44191
32042,3793
32042,780
32042,1198
32042,5989
32042,7143
98443,68157
98443,296
98443,6377
98443,4995
98443,63082
98443,73017
98443,4306
98443,50872
98443,102903
98443,97938
100438,44191
100438,5989
100438,593
100438,1221
100438,62374
100438,56587
100438,91542
100438,44555
100438,4901
100438,68954
55968,1210
55968,1265
55968,1206
55968,3363
55968,318
55968,2716
55968,2289
55968,457
55968,1674
55968,33794
92719,318
92719,2959
92719,54286
92719,589
92719,4886
92719,3578
92719,2716
92719,48394
92719,73017
92719,76093
59495,4262
59495,1291
59495,1036
59495,2858
59495,1
59495,1527
59495,6377
59495,58559
59495,6333
59495,5618
123916,110
123916,4973
123916,318
123916,2762
123916,2571
123916,1
123916,4306
123916,46578
123916,7153
123916,4993
38687,1380
38687,539
38687,2671
38687,520
38687,17
38687,1580
38687,185
38687,920
38687,595
38687,368
131957,68157
131957,4011
131957,2858
131957,1193
131957,593
131957,2542
131957,48780
131957,111
131957,3949
131957,27773
104454,2571
104454,50
104454,55820
104454,1732
104454,778
104454,1206
104454,593
104454,3949
104454,293
104454,7361
65659,1136
65659,54503
65659,44191
65659,2028
65659,5989
65659,593
65659,48780
65659,231
65659,63082
65659,150
120856,48780
120856,1
120856,6377
120856,745
120856,70286
120856,296
120856,150
120856,48516
120856,51662
120856,64614
48928,2028
48928,4973
48928,4226
48928,589
48928,4306
48928,318
48928,2329
48928,8961
48928,32
48928,5989
30492,7323
30492,2858
30492,750
30492,912
30492,1208
30492,541
30492,5878
30492,1230
30492,1193
30492,3462
55862,1370
55862,1097
55862,4993
55862,1682
55862,364
55862,648
55862,2987
55862,2011
55862,7153
55862,5952
63999,2470
63999,2406
63999,500
63999,2687
63999,4321
63999,1485
63999,2028
63999,5299
63999,6378
63999,616
3171,8961
3171,51255
3171,59315
3171,8623
3171,6565
3171,34162
3171,8970
3171,5139
3171,5049
3171,46530
75200,527
75200,4226
75200,7323
75200,750
75200,1206
75200,1080
75200,720
75200,778
75200,293
75200,50
33288,1270
33288,589
33288,150
33288,527
33288,1704
33288,1090
33288,1262
33288,59315
33288,79132
33288,2959
110576,5816
110576,1527
110576,2762
110576,49530
110576,64614
110576,34162
110576,60040
110576,63113
110576,1517
110576,593
97435,81845
97435,27821
97435,6787
97435,64620
97435,46578
97435,33166
97435,49272
97435,54997
97435,45447
97435,36517
124437,6016
124437,2329
124437,2571
124437,1263
124437,3578
124437,4878
124437,99114
124437,4027
124437,1136
124437,2313
59691,4226
59691,111
59691,2329
59691,2858
59691,50
59691,858
59691,7361
59691,356
59691,1136
59691,16
121884,55820
121884,293
121884,5418
121884,4878
121884,6502
121884,356
121884,49530
121884,1222
121884,59369
121884,6539
22697,296
22697,1
22697,84152
22697,480
22697,69122
22697,2706
22697,47
22697,69
22697,1407
22697,4262
113228,4016
113228,79132
113228,6377
113228,115617
113228,1907
113228,91500
113228,60069
113228,3615
113228,2687
113228,6539
95202,4973
95202,1193
95202,7089
95202,4422
95202,1219
95202,1961
95202,3083
95202,593
95202,8656
95202,5878
28407,1198
28407,1732
28407,29
28407,48516
28407,7153
28407,593
28407,1199
28407,1252
28407,3160
28407,32587
130836,72998
130836,49272
130836,79132
130836,89745
130836,296
130836,3793
130836,1
130836,4226
130836,71535
130836,53972
20310,2571
20310,4993
20310,4995
20310,5989
20310,6539
20310,69122
20310,72998
20310,5952
20310,60069
20310,78499
90865,68954
90865,47
90865,2571
90865,58559
90865,2329
90865,293
90865,6874
90865,1136
90865,5971
90865,7438
78103,68954
78103,79132
78103,50872
78103,91500
78103,80463
78103,95510
78103,52722
78103,91529
78103,89864
78103,95167
12909,1270
12909,6539
12909,5445
12909,1196
12909,110
12909,6333
12909,2959
12909,47
12909,4306
12909,4886
84427,47
84427,296
84427,2858
84427,2329
84427,4963
84427,32587
84427,4034
84427,4993
84427,5952
84427,6874
52691,1089
52691,50
52691,7361
52691,4027
52691,27773
52691,8874
52691,4226
52691,1206
52691,2571
52691,778
129406,2959
129406,58559
129406,7361
129406,89864
129406,6377
129406,68954
129406,97921
129406,3897
129406,79091
129406,356
92553,356
92553,4226
92553,2997
92553,1259
92553,231
92553,2599
92553,1193
92553,7361
92553,1961
92553,2692
23083,296
23083,2959
23083,608
23083,4027
23083,29
23083,1175
23083,32587
23083,4226
23083,6377
23083,1148
128645,50
128645,593
128645,1198
128645,1208
128645,1201
128645,858
128645,1136
128645,1214
128645,111
128645,1265
88751,3793
88751,1291
88751,296
88751,2716
88751,1967
88751,345
88751,1285
88751,2193
88751,1653
88751,1275
58374,47
58374,1210
58374,1198
58374,1270
58374,165
58374,49272
58374,4993
58374,7153
58374,590
58374,6377
127783,356
127783,7153
127783,589
127783,47
127783,1214
127783,2959
127783,1206
127783,4226
127783,1208
127783,1197
42601,58559
42601,6942
42601,6377
42601,86833
42601,7293
42601,49286
42601,6539
42601,69844
42601,1721
42601,4890
95204,44191
95204,5618
95204,7361
95204,2959
95204,56367
95204,1527
95204,1206
95204,8874
95204,68157
95204,2291
91357,48774
91357,49272
91357,4973
91357,7153
91357,48780
91357,38038
91357,97938
91357,40819
91357,45880
91357,7151
78438,48516
78438,92259
78438,44191
78438,4306
78438,296
78438,7143
78438,63082
78438,68157
78438,50872
78438,6539
32431,1036
32431,912
32431,2019
32431,1270
32431,5989
32431,1203
32431,590
32431,5418
32431,1304
32431,1247
134270,50
134270,150
134270,2028
134270,318
134270,1270
134270,49272
134270,1610
134270,648
134270,1240
134270,2959
85238,1200
85238,1214
85238,34405
85238,2571
85238,1270
85238,924
85238,72998
85238,68358
85238,8874
85238,4105
93657,80463
93657,79132
93657,91529
93657,89492
93657,95167
93657,50872
93657,86882
93657,81932
93657,106920
93657,98809
56080,112852
56080,76093
56080,111362
56080,79132
56080,60069
56080,102445
56080,91500
56080,81834
56080,68954
56080,87232
44775,33794
44775,55820
44775,296
44775,58559
44775,2028
44775,593
44775,48516
44775,318
44775,6874
44775,5445
103629,3793
103629,4306
103629,4963
103629,52973
103629,51662
103629,593
103629,6333
103629,110
103629,56174
103629,589
58306,68358
58306,58998
58306,6539
58306,2571
58306,67087
58306,4886
58306,59784
58306,3275
58306,79132
58306,68954
136233,2959
136233,46578
136233,6333
136233,81591
136233,69122
136233,71535
136233,919
136233,2572
136233,7153
136233,8360
138251,4306
138251,110
138251,2329
138251,4878
138251,1198
138251,6539
138251,3275
138251,1580
138251,8961
138251,51662
90013,32
90013,79132
90013,356
90013,5618
90013,2502
90013,3000
90013,1206
90013,60069
90013,541
90013,70286
69655,54001
69655,1265
69655,356
69655,5349
69655,260
69655,4993
69655,49272
69655,8360
69655,50872
69655,8636
76712,1291
76712,1240
76712,1201
76712,1214
76712,260
76712,54286
76712,1200
76712,1223
76712,1136
76712,2989
79828,318
79828,5989
79828,1220
79828,30793
79828,5878
79828,55820
79828,50
79828,54272
79828,34437
79828,4993
59909,47
59909,8949
59909,46578
59909,260
59909,1097
59909,3160
59909,2692
59909,1089
59909,40815
59909,2599
58746,6539
58746,594
58746,4857
58746,1210
58746,919
58746,1291
58746,4993
58746,7153
58746,5952
58746,1035
32465,32
32465,457
32465,527
32465,2762
32465,1210
32465,50
32465,4963
32465,1193
32465,49272
32465,1240
9981,608
9981,2692
9981,4993
9981,8873
9981,47
9981,356
9981,1258
9981,3949
9981,8949
9981,48394
19318,2716
19318,858
19318,1197
19318,3911
19318,1258
19318,923
19318,593
19318,1291
19318,2788
19318,2571
115200,1197
115200,4027
115200,2324
115200,1080
115200,296
115200,2502
115200,1732
115200,356
115200,46578
115200,527
2749,1198
2749,2571
2749,47
2749,2858
2749,79132
2749,608
2749,2762
2749,2329
2749,1704
2749,527
99511,50
99511,912
99511,26131
99511,3435
99511,44555
99511,1212
99511,48516
99511,1260
99511,6016
99511,1221
91579,904
91579,750
91579,5952
91579,1212
91579,50
91579,1252
91579,908
91579,923
91579,922
91579,903
61021,356
61021,260
61021,318
61021,1196
61021,2858
61021,7438
61021,527
61021,50
61021,1
61021,480
112285,54286
112285,2858
112285,5995
112285,1246
112285,377
112285,48780
112285,1393
112285,8360
112285,5349
112285,3793
65208,296
65208,68954
65208,356
65208,76093
65208,80463
65208,1291
65208,71535
65208,2762
65208,5903
65208,4306
121011,1198
121011,2762
121011,608
121011,589
121011,1617
121011,1270
121011,1240
121011,288
121011,1213
121011,1206
133811,70286
133811,91542
133811,64716
133811,67255
133811,45722
133811,52042
133811,7445
133811,106100
133811,69122
133811,64839
40723,4886
40723,34
40723,838
40723,265
40723,1131
40723,4014
40723,509
40723,357
40723,1537
40723,2150
66074,858
66074,1210
66074,2028
66074,48516
66074,260
66074,1198
66074,3275
66074,1089
66074,1222
66074,32
30190,32
30190,5952
30190,356
30190,4993
30190,7153
30190,296
30190,110
30190,3527
30190,47
30190,2762
102531,6016
102531,750
102531,1198
102531,5618
102531,8874
102531,2692
102531,33794
102531,48516
102531,32
102531,5971
10486,2571
10486,1721
10486,5989
10486,1641
10486,17
10486,527
10486,552
10486,3996
10486,595
10486,1376
103755,5445
103755,3527
103755,2529
103755,150
103755,8644
103755,924
103755,3578
103755,541
103755,58559
103755,1
15892,1212
15892,593
15892,541
15892,858
15892,1193
15892,1258
15892,111
15892,1208
15892,909
15892,1230
70862,318
70862,2762
70862,1136
70862,2959
70862,47
70862,4011
70862,4995
70862,32
70862,4973
70862,589
22122,32
22122,2858
22122,50
22122,7153
22122,1089
22122,2329
22122,5952
22122,44191
22122,1240
22122,1214
119799,1
119799,6377
119799,1307
119799,1784
119799,318
119799,2797
119799,5989
119799,1682
119799,6942
119799,1073
49940,8360
49940,1097
49940,4896
49940,588
49940,3114
49940,595
49940,1968
49940,1682
49940,1073
49940,59315
41403,2012
41403,145
41403,780
41403,54286
41403,4085
41403,377
41403,832
41403,56587
41403,46972
41403,736
100937,1961
100937,541
100937,32
100937,1682
100937,1527
100937,40815
100937,4308
100937,1721
100937,597
100937,858
96700,79132
96700,59315
96700,5418
96700,44665
96700,49530
96700,8132
96700,49272
96700,8665
96700,7445
96700,2231
24887,7438
24887,858
24887,2858
24887,32
24887,1193
24887,2028
24887,4848
24887,750
24887,7153
24887,527
80260,49272
80260,54286
80260,41566
80260,8798
80260,7090
80260,7502
80260,31878
80260,60069
80260,79132
80260,6539
99454,4886
99454,318
99454,8961
99454,2716
99454,32
99454,47
99454,648
99454,1580
99454,780
99454,41569
99953,527
99953,593
99953,356
99953,3578
99953,64614
99953,2028
99953,1089
99953,47
99953,74458
99953,94959
135283,2959
135283,4886
135283,2858
135283,1997
135283,593
135283,8360
135283,1380
135283,1721
135283,1258
135283,3752
38020,778
38020,7361
38020,3300
38020,316
38020,6502
38020,2021
38020,198
38020,480
38020,1080
38020,8874
22406,110
22406,2959
22406,593
22406,296
22406,1233
22406,1204
22406,260
22406,104841
22406,1196
22406,1222
5584,2571
5584,2858
5584,4034
5584,593
5584,318
5584,2028
5584,1214
5584,1186
5584,2997
5584,296
1629,5989
1629,48780
1629,5608
1629,4848
1629,2324
1629,48997
1629,55908
1629,68237
1629,2028
1629,1206
10199,3000
10199,2959
10199,2571
10199,3996
10199,1089
10199,7361
10199,32
10199,4973
10199,6711
10199,750
54160,33493
54160,8784
54160,30812
54160,8831
54160,30820
54160,30707
54160,8939
54160,34150
54160,7361
54160,26485
111033,1
111033,73017
111033,50872
111033,5349
111033,2959
111033,5952
111033,1527
111033,70286
111033,5903
111033,4226
43638,89745
43638,1198
43638,110
43638,3578
43638,5349
43638,33794
43638,480
43638,7143
43638,6539
43638,76093
47327,2959
47327,4973
47327,4226
47327,318
47327,608
47327,2076
47327,5669
47327,46578
47327,8464
47327,6711
90550,5349
90550,69122
90550,30793
90550,5952
90550,6377
90550,1
90550,4886
90550,7293
90550,88125
90550,64957
103968,6539
103968,4306
103968,364
103968,1022
103968,79132
103968,356
103968,1907
103968,68954
103968,17
103968,1688
36205,593
36205,318
36205,4973
36205,7361
36205,2959
36205,750
36205,2571
36205,1273
36205,1089
36205,1203
31458,2762
31458,1704
31458,588
31458,7153
31458,2571
31458,1
31458,318
31458,356
31458,296
31458,595
76476,47
76476,1961
76476,356
76476,608
76476,1307
76476,1213
76476,527
76476,2997
76476,1270
76476,1208
23005,260
23005,1617
23005,1234
23005,55820
23005,4027
23005,1225
23005,356
23005,2997
23005,48516
23005,904
103519,7265
103519,38159
103519,2068
103519,7820
103519,7361
103519,2131
103519,5878
103519,86320
103519,3949
103519,495
57908,4878
57908,4886
57908,4973
57908,318
57908,2959
57908,2762
57908,8961
57908,260
57908,6539
57908,593
17325,260
17325,4993
17325,1198
17325,1
17325,4886
17325,1197
17325,1270
17325,750
17325,1196
17325,318
121357,5816
121357,1580
121357,260
121357,4995
121357,2571
121357,8961
121357,6333
121357,520
121357,33493
121357,2683
99140,69844
99140,356
99140,48780
99140,60069
99140,47610
99140,33794
99140,5995
99140,1210
99140,1198
99140,260
136931,4226
136931,5445
136931,1221
136931,4306
136931,260
136931,858
136931,1089
136931,1210
136931,592
136931,1080
41000,2571
41000,5418
41000,780
41000,48516
41000,4306
41000,8961
41000,56174
41000,44191
41000,5349
41000,2502
25586,50
25586,4226
25586,6807
25586,7361
25586,1732
25586,5971
25586,541
25586,904
25586,32587
25586,4878
88408,5952
88408,1198
88408,356
88408,780
88408,1777
88408,1380
88408,1028
88408,527
88408,520
88408,3897
10012,56367
10012,54259
10012,68358
10012,60040
10012,44191
10012,61132
10012,45499
10012,61323
10012,46578
10012,48780
107525,10
107525,780
107525,7153
107525,4993
107525,2012
107525,3793
107525,370
107525,1198
107525,110
107525,6539
77086,47
77086,2571
77086,2918
77086,69122
77086,2329
77086,2762
77086,35836
77086,48516
77086,364
77086,457
137468,4226
137468,2858
137468,1193
137468,4973
137468,2997
137468,296
137468,858
137468,1244
137468,1208
137468,50
20273,30812
20273,56782
20273,63876
20273,56367
20273,36517
20273,34072
20273,68954
20273,8949
20273,48385
20273,46723
51928,1270
51928,1210
51928,648
51928,1196
51928,150
51928,1198
51928,10
51928,1
51928,356
51928,296
87729,1374
87729,457
87729,5952
87729,7153
87729,4993
87729,1196
87729,8360
87729,329
87729,3114
87729,1097
126043,1198
126043,1196
126043,2571
126043,5952
126043,1527
126043,3996
126043,33493
126043,6333
126043,7143
126043,3000
16255,904
16255,1036
16255,5989
16255,2268
16255,2324
16255,3671
16255,1304
16255,1234
16255,3897
16255,2791
39792,46578
39792,56367
39792,928
39792,951
39792,930
39792,922
39792,5989
39792,1284
39792,17
39792,2395
99071,7153
99071,2571
99071,33794
99071,5349
99071,1210
99071,72998
99071,6539
99071,4993
99071,5952
99071,89745
79423,6539
79423,1270
79423,2797
79423,4025
79423,1088
79423,5952
79423,318
79423,62
79423,3755
79423,17
5895,2424
5895,2671
5895,1307
5895,357
5895,39
5895,4447
5895,5299
5895,6942
5895,2396
5895,5377
42152,1255
42152,2571
42152,2160
42152,58559
42152,79132
42152,2997
42152,68157
42152,69134
42152,3075
42152,64614
43831,47
43831,260
43831,1527
43831,4306
43831,7438
43831,296
43831,3793
43831,8360
43831,356
43831,1291
51693,1748
51693,1214
51693,5349
51693,44199
51693,293
51693,44665
51693,53519
51693,3994
51693,5673
51693,2232
136184,296
136184,7361
136184,2858
136184,2291
136184,356
136184,69757
136184,58559
136184,5816
136184,40815
136184,46578
123191,31685
123191,5620
123191,2671
123191,4023
123191,40629
123191,2572
123191,595
123191,44004
123191,4447
123191,38798
82046,2762
82046,1580
82046,589
82046,260
82046,1196
82046,1210
82046,1270
82046,2028
82046,110
82046,480
126300,46578
126300,1968
126300,63082
126300,2657
126300,70293
126300,6539
126300,551
126300,58559
126300,1032
126300,1513
254,527
254,1258
254,4993
254,356
254,593
254,6711
254,1214
254,293
254,7153
254,2762
41904,6874
41904,49272
41904,47
41904,55765
41904,3578
41904,1198
41904,48780
41904,48774
41904,4226
41904,2502
88049,5952
88049,4299
88049,8644
88049,1485
88049,153
88049,5418
88049,34150
88049,2273
88049,4343
88049,1777
111143,79132
111143,79091
111143,4993
111143,48394
111143,4306
111143,91542
111143,6539
111143,318
111143,74458
111143,4886
48062,5618
48062,4878
48062,110
48062,1676
48062,1080
48062,1136
48062,457
48062,1246
48062,2947
48062,55820
130859,1208
130859,924
130859,750
130859,1282
130859,111
130859,1263
130859,1193
130859,1247
130859,1214
130859,858
84840,2858
84840,50
84840,260
84840,6874
84840,2997
84840,4973
84840,1089
84840,52767
84840,55820
84840,6711
86936,4973
86936,1884
86936,6874
86936,32587
86936,58559
86936,6539
86936,1258
86936,8874
86936,7438
86936,60684
137653,70286
137653,58559
137653,593
137653,2959
137653,4886
137653,5445
137653,4878
137653,8665
137653,91500
137653,59315
76468,2599
76468,50
76468,4034
76468,7361
76468,2797
76468,8949
76468,3039
76468,527
76468,223
76468,1307
91681,3996
91681,1198
91681,8368
91681,1270
91681,1136
91681,4306
91681,3897
91681,39
91681,2396
91681,4896
16462,32587
16462,8873
16462,34150
16462,68358
16462,77561
16462,48774
16462,48780
16462,916
16462,40815
16462,8970
113028,5618
113028,2571
113028,608
113028,4973
113028,296
113028,3996
113028,4226
113028,1240
113028,1
113028,4993
40826,6564
40826,8783
40826,4896
40826,54001
40826,53125
40826,45730
40826,2336
40826,6952
40826,6550
40826,45447
124163,26662
124163,8949
124163,41285
124163,34072
124163,33794
124163,45950
124163,8784
124163,8665
124163,40583
124163,33679
119604,7153
119604,2918
119604,318
119604,1270
119604,2858
119604,4306
119604,4993
119604,5349
119604,592
119604,2268
32391,593
32391,2858
32391,356
32391,47
32391,1961
32391,32
32391,5669
32391,4886
32391,293
32391,2671
127220,4226
127220,260
127220,593
127220,7361
127220,79132
127220,58559
127220,3000
127220,1198
127220,1258
127220,778
28220,1291
28220,4993
28220,589
28220,1136
28220,4226
28220,110
28220,5989
28220,2797
28220,3481
28220,4973
130573,527
130573,593
130573,2571
130573,4993
130573,1089
130573,2997
130573,750
130573,1193
130573,4306
130573,1198
112638,7153
112638,1097
112638,4993
112638,1580
112638,2571
112638,6539
112638,4022
112638,4226
112638,589
112638,592
84441,364
84441,4306
84441,1097
84441,54259
84441,2291
84441,4022
84441,68269
84441,3147
84441,838
84441,98809
56968,527
56968,3578
56968,110
56968,318
56968,2028
56968,648
56968,364
56968,1036
56968,1
56968,2571
24594,2858
24594,4979
24594,46578
24594,5618
24594,608
24594,6867
24594,5902
24594,2395
24594,3072
24594,8910
182,51662
182,5418
182,77561
182,59315
182,84152
182,59369
182,85414
182,32587
182,79132
182,91630
27095,1235
27095,1238
27095,608
27095,2289
27095,2936
27095,750
27095,1247
27095,913
27095,3359
27095,2300
1630,356
1630,2762
1630,541
1630,4306
1630,1
1630,1265
1630,296
1630,1527
1630,1246
1630,4993
30929,60069
30929,6333
30929,3793
30929,4878
30929,150
30929,44199
30929,49530
30929,1221
30929,4963
30929,1201
82590,8874
82590,3481
82590,58998
82590,8784
82590,318
82590,52973
82590,30810
82590,608
82590,7153
82590,6942
107234,2858
107234,8366
107234,3911
107234,2329
107234,8464
107234,5377
107234,40819
107234,8910
107234,4014
107234,3275
21288,858
21288,2396
21288,1265
21288,898
21288,1617
21288,910
21288,7121
21288,8228
21288,541
21288,7834
5929,31658
5929,32587
5929,46723
5929,44555
5929,41569
5929,55363
5929,36529
5929,59315
5929,48738
5929,42632
23088,110
23088,1089
23088,778
23088,2028
23088,858
23088,1270
23088,4306
23088,48516
23088,33794
23088,46578
28529,68157
28529,1233
28529,2028
28529,1270
28529,1682
28529,6947
28529,64614
28529,39052
28529,2403
28529,38038
116773,1704
116773,318
116773,778
116773,2329
116773,44555
116773,2997
116773,7361
116773,111
116773,4306
116773,1258
88561,1682
88561,55280
88561,1625
88561,778
88561,48738
88561,3448
88561,4019
88561,508
88561,27803
88561,3578
83297,1721
83297,3897
83297,2174
83297,5810
83297,586
83297,35836
83297,788
83297,3948
83297,4886
83297,2329
46809,81845
46809,1
46809,80463
46809,1197
46809,296
46809,912
46809,750
46809,593
46809,2571
46809,919
34312,5349
34312,1197
34312,8961
34312,68954
34312,2762
34312,356
34312,78499
34312,3578
34312,593
34312,27611
64209,25771
64209,7013
64209,5853
64209,4754
64209,923
64209,1261
64209,3627
64209,4553
64209,1237
64209,1222
116958,1961
116958,6539
116958,356
116958,1682
116958,5445
116958,3996
116958,527
116958,4973
116958,357
116958,2858
84012,2329
84012,2716
84012,54503
84012,1136
84012,33794
84012,76093
84012,3578
84012,44195
84012,1193
84012,81845
135984,40815
135984,33660
135984,50872
135984,8961
135984,6753
135984,4225
135984,51471
135984,27790
135984,34405
135984,30793
37005,5445
37005,32587
37005,3994
37005,593
37005,6377
37005,2003
37005,2791
37005,1676
37005,32
37005,2640
2469,608
2469,1193
2469,111
2469,1136
2469,4973
2469,922
2469,903
2469,2959
2469,2858
2469,1260
104710,47
104710,7153
104710,2762
104710,4993
104710,2959
104710,480
104710,2028
104710,1196
104710,648
104710,5445
26365,7361
26365,912
26365,55814
26365,68237
26365,72226
26365,903
26365,296
26365,1219
26365,77455
26365,72720
128496,48516
128496,318
128496,858
128496,593
128496,2762
128496,590
128496,49530
128496,364
128496,150
128496,457
98724,50
98724,553
98724,1387
98724,1036
98724,428
98724,51662
98724,1358
98724,3578
98724,55765
98724,111
92499,919
92499,1962
92499,2396
92499,969
92499,68358
92499,47610
92499,60069
92499,5991
92499,40629
92499,1441
35538,3448
35538,54001
35538,60069
35538,1302
35538,34162
35538,802
35538,33493
35538,440
35538,33679
35538,2797
111460,4973
111460,2959
111460,50
111460,1198
111460,5952
111460,4993
111460,2028
111460,1193
111460,1210
111460,2324
13592,1221
13592,858
13592,1732
13592,74458
13592,97304
13592,91529
13592,55247
13592,81591
13592,55820
13592,88129
88231,5618
88231,2571
88231,2959
88231,4993
88231,60069
88231,3000
88231,1206
88231,79132
88231,902
88231,364
39132,8961
39132,858
39132,33660
39132,296
39132,2959
39132,2571
39132,260
39132,4226
39132,49272
39132,1270
72364,2571
72364,318
72364,4776
72364,2329
72364,216
72364,42725
72364,3578
72364,3617
72364,61132
72364,8807
62396,480
62396,356
62396,2355
62396,1907
62396,1580
62396,2080
62396,1097
62396,912
62396,5218
62396,62
28810,3793
28810,293
28810,59315
28810,33794
28810,2571
28810,1270
28810,780
28810,1527
28810,70286
28810,2028
85304,63082
85304,588
85304,4886
85304,2918
85304,6377
85304,953
85304,68954
85304,1682
85304,1136
85304,78499
430,4993
430,5952
430,7153
430,370
430,3996
430,2378
430,2959
430,3578
430,593
430,1233
106455,45722
106455,50872
106455,30793
106455,6377
106455,46578
106455,5952
106455,8961
106455,51255
106455,48394
106455,49272
10227,2959
10227,3578
10227,1240
10227,58559
10227,51662
10227,5952
10227,7153
10227,4993
10227,33794
10227,8957
11434,56367
11434,35836
11434,33794
11434,31696
11434,58559
11434,34048
11434,42723
11434,37729
11434,8981
11434,33493
76823,6377
76823,7361
76823,6711
76823,3996
76823,5291
76823,4034
76823,3114
76823,923
76823,7156
76823,750
69787,68954
69787,2959
69787,72998
69787,2028
69787,6377
69787,4022
69787,4995
69787,32587
69787,8360
69787,49530
85485,318
85485,110
85485,79132
85485,58559
85485,296
85485,4226
85485,3793
85485,72998
85485,47
85485,593
34127,48516
34127,1214
34127,1036
34127,27773
34127,1732
34127,54995
34127,733
34127,5618
34127,1198
34127,1265
125263,46578
125263,2959
125263,81591
125263,4226
125263,1219
125263,4979
125263,8973
125263,4641
125263,1206
125263,5902
131476,3578
131476,4963
131476,5418
131476,5445
131476,4022
131476,3948
131476,33679
131476,31685
131476,8972
131476,4306
123233,3578
123233,110
123233,4306
123233,480
123233,356
123233,98809
123233,2001
123233,8665
123233,318
123233,96079
462,4226
462,1
462,2692
462,5445
462,260
462,296
462,5349
462,648
462,597
462,1580
76030,778
76030,1206
76030,1073
76030,8981
76030,8873
76030,50
76030,8464
76030,33166
76030,3275
76030,5445
133834,356
133834,296
133834,2571
133834,1197
133834,7153
133834,3911
133834,1265
133834,2692
133834,1073
133834,8961
35314,2571
35314,500
35314,586
35314,1073
35314,2291
35314,5816
35314,1704
35314,597
35314,58559
35314,364
107191,4963
107191,296
107191,53322
107191,2959
107191,858
107191,58559
107191,44199
107191,4226
107191,47610
107191,36529
16865,39292
16865,48394
16865,46723
16865,49530
16865,41997
16865,47610
16865,45517
16865,33004
16865,38038
16865,30793
50350,81845
50350,55290
50350,80489
50350,1270
50350,64614
50350,49530
50350,1210
50350,73017
50350,6539
50350,1240
26028,1219
26028,1258
26028,608
26028,94959
26028,2313
26028,6016
26028,527
26028,1206
26028,1080
26028,1203
89988,5989
89988,5299
89988,6218
89988,4014
89988,318
89988,3967
89988,2396
89988,8970
89988,1704
89988,40629
49642,356
49642,1136
49642,7361
49642,589
49642,4848
49642,1258
49642,4878
49642,2997
49642,4973
49642,1517
94054,48780
94054,4226
94054,55290
94054,63082
94054,4262
94054,50
94054,3147
94054,2858
94054,527
94054,81932
76284,1207
76284,45950
76284,904
76284,3435
76284,1950
76284,3469
76284,6331
76284,7156
76284,942
76284,909
107819,49272
107819,45722
107819,4878
107819,30793
107819,3578
107819,1210
107819,31696
107819,37729
107819,260
107819,253
74907,541
74907,2959
74907,1215
74907,44191
74907,1240
74907,2762
74907,2716
74907,1270
74907,296
74907,480
90858,1089
90858,54286
90858,260
90858,2959
90858,4963
90858,3996
90858,4226
90858,70286
90858,60069
90858,293
98103,35836
98103,8807
98103,6620
98103,8949
98103,8874
98103,8917
98103,8464
98103,31878
98103,6863
98103,8376
88300,3996
88300,1220
88300,6377
88300,2918
88300,1291
88300,34405
88300,6218
88300,4027
88300,1270
88300,2617
25489,1198
25489,3578
25489,58559
25489,44191
25489,2762
25489,59315
25489,593
25489,6365
25489,50
25489,2858
124404,5349
124404,457
124404,2959
124404,733
124404,33794
124404,7143
124404,48516
124404,296
124404,58559
124404,8957
2243,110
2243,4963
2243,2096
2243,8360
2243,1270
2243,1307
2243,1784
2243,31193
2243,6539
2243,260
97250,5445
97250,5952
97250,58559
97250,480
97250,54503
97250,1517
97250,32587
97250,2115
97250,318
97250,6377
91432,2420
91432,2134
91432,2795
91432,1387
91432,1347
91432,589
91432,2717
91432,2000
91432,586
91432,2409
75044,3844
75044,539
75044,1124
75044,150
75044,3450
75044,1958
75044,1961
75044,1097
75044,500
75044,6887
47154,2019
47154,924
47154,2726
47154,3462
47154,1219
47154,3681
47154,1213
47154,1178
47154,2936
47154,25940
81257,7361
81257,2959
81257,1136
81257,293
81257,910
81257,32587
81257,4226
81257,1265
81257,928
81257,7438
14890,2571
14890,3717
14890,2959
14890,6874
14890,5418
14890,1527
14890,293
14890,79293
14890,54286
14890,58559
11570,1219
11570,6774
11570,1994
11570,1208
11570,31270
11570,923
11570,1221
11570,6530
11570,4754
11570,2288
63194,4878
63194,79132
63194,318
63194,356
63194,4973
63194,46578
63194,2858
63194,81845
63194,56367
63194,51255
22801,7361
22801,2858
22801,1258
22801,2959
22801,318
22801,50
22801,593
22801,1206
22801,1213
22801,260
137574,8961
137574,6377
137574,78499
137574,953
137574,318
137574,7669
137574,63082
137574,858
137574,3147
137574,79091
17884,48774
17884,44195
17884,46976
17884,30749
17884,37741
17884,33166
17884,34072
17884,48780
17884,6773
17884,56367
77129,60069
77129,3578
77129,54286
77129,8636
77129,49272
77129,1198
77129,110
77129,34405
77129,2329
77129,1291
130919,780
130919,608
130919,588
130919,3897
130919,2329
130919,1246
130919,527
130919,1721
130919,2028
130919,1265
95338,1527
95338,8874
95338,33004
95338,4878
95338,2502
95338,51662
95338,1580
95338,6365
95338,47997
95338,1240
68285,441
68285,3949
68285,1073
68285,2571
68285,6502
68285,3897
68285,8784
68285,4306
68285,2174
68285,2502
18027,70286
18027,5618
18027,4993
18027,541
18027,593
18027,6539
18027,48394
18027,6377
18027,54259
18027,55820
8995,2329
8995,1221
8995,63082
8995,593
8995,4973
8995,64839
8995,56367
8995,750
8995,1089
8995,46578
128153,2571
128153,318
128153,1732
128153,2858
128153,4973
128153,2542
128153,4226
128153,750
128153,5618
128153,50
42057,33794
42057,56174
42057,1036
42057,49272
42057,2947
42057,3793
42057,5349
42057,33493
42057,316
42057,34319
105127,63082
105127,31658
105127,72641
105127,5971
105127,58559
105127,318
105127,60069
105127,30749
105127,60293
105127,71619
15907,3578
15907,7090
15907,3996
15907,2273
15907,1625
15907,1610
15907,34405
15907,457
15907,3000
15907,4995
5653,5952
5653,3897
5653,33166
5653,53123
5653,48516
5653,3481
5653,3911
5653,55280
5653,8910
5653,296
65124,7361
65124,2959
65124,4226
65124,593
65124,356
65124,2324
65124,912
65124,1210
65124,33794
65124,2918
12310,1210
12310,4226
12310,260
12310,2916
12310,1208
12310,2000
12310,6377
12310,1222
12310,4993
12310,4886
29523,5952
29523,4993
29523,6
29523,1
29523,1136
29523,49272
29523,904
29523,1704
29523,541
29523,7153
19829,1036
19829,377
19829,2683
19829,786
19829,454
19829,480
19829,1923
19829,8464
19829,457
19829,1722
93300,356
93300,55765
93300,1089
93300,2959
93300,231
93300,4011
93300,1673
93300,2542
93300,457
93300,858
73989,5445
73989,79132
73989,6365
73989,1961
73989,480
73989,1721
73989,4011
73989,5418
73989,5816
73989,648
102497,4262
102497,6502
102497,81845
102497,480
102497,4963
102497,61240
102497,1645
102497,6870
102497,1201
102497,68954
75841,1946
75841,4263
75841,920
75841,5300
75841,1358
75841,2797
75841,8451
75841,508
75841,1333
75841,5435
49684,2858
49684,1200
49684,7153
49684,741
49684,1
49684,5445
49684,924
49684,1214
49684,1198
49684,2628
32697,6539
32697,1198
32697,4993
32697,5952
32697,33493
32697,1580
32697,2012
32697,1610
32697,2716
32697,5349
58684,165
58684,2762
58684,1722
58684,733
58684,527
58684,2353
58684,377
58684,2268
58684,780
58684,33794
70765,480
70765,1198
70765,1136
70765,1089
70765,6333
70765,4963
70765,293
70765,5445
70765,35836
70765,49272
17510,72998
17510,49272
17510,69481
17510,79132
17510,48516
17510,80463
17510,3578
17510,36529
17510,50
17510,54286
117217,26662
117217,44191
117217,48774
117217,31658
117217,32587
117217,27728
117217,7762
117217,8371
117217,6774
117217,8477
35450,1961
35450,1198
35450,1527
35450,2028
35450,260
35450,1196
35450,68157
35450,1208
35450,2324
35450,1704
28692,2571
28692,356
28692,48516
28692,8784
28692,4011
28692,50
28692,35836
28692,1
28692,48780
28692,44665
84287,593
84287,58559
84287,2918
84287,356
84287,2028
84287,858
84287,2683
84287,1732
84287,4011
84287,2791
101376,480
101376,1196
101376,32
101376,7153
101376,1210
101376,1653
101376,1270
101376,356
101376,208
101376,4306
98271,2858
98271,4973
98271,296
98271,3793
98271,2329
98271,4720
98271,63082
98271,8360
98271,110
98271,49272
95104,858
95104,593
95104,1193
95104,5291
95104,904
95104,293
95104,44555
95104,46578
95104,1197
95104,6874
118497,750
118497,296
118497,50
118497,1089
118497,44555
118497,47
118497,1193
118497,111
118497,3949
118497,1213
38991,3052
38991,2502
38991,1517
38991,2174
38991,1240
38991,2987
38991,466
38991,2791
38991,223
38991,1136
89913,2572
89913,63082
89913,63992
89913,41566
89913,45720
89913,7458
89913,33679
89913,4896
89913,17
89913,6378
74472,1291
74472,1198
74472,2000
74472,318
74472,2959
74472,72998
74472,3703
74472,2028
74472,59315
74472,356
76630,3545
76630,5013
76630,2396
76630,88810
76630,4308
76630,2959
76630,1674
76630,916
76630,82459
76630,46578
120427,1270
120427,2959
120427,296
120427,3793
120427,32587
120427,110
120427,485
120427,163
120427,5679
120427,2012
1562,457
1562,480
1562,1387
1562,2959
1562,2916
1562,231
1562,1097
1562,165
1562,380
1562,1210
104693,296
104693,318
104693,2571
104693,58559
104693,2174
104693,3147
104693,8961
104693,4226
104693,8957
104693,480
111131,1270
111131,1291
111131,2762
111131,356
111131,8961
111131,2502
111131,4027
111131,2997
111131,1961
111131,1265
73382,7700
73382,1258
73382,8507
73382,2729
73382,858
73382,3364
73382,7135
73382,3362
73382,1193
73382,5056
36400,4973
36400,3147
36400,74458
36400,3949
36400,296
36400,68157
36400,58559
36400,527
36400,293
36400,5995
57073,51540
57073,34437
57073,48385
57073,4848
57073,56367
57073,2580
57073,82459
57073,3897
57073,74458
57073,1193
77959,2329
77959,296
77959,1258
77959,7361
77959,4878
77959,778
77959,1089
77959,750
77959,2997
77959,593
10878,2959
10878,593
10878,50
10878,356
10878,1704
10878,1302
10878,2804
10878,2571
10878,3039
10878,3360
131519,356
131519,6874
131519,318
131519,1089
131519,54503
131519,1213
131519,47
131519,16
131519,2706
131519,1884
42941,8961
42941,4993
42941,2959
42941,7153
42941,47
42941,1258
42941,587
42941,1097
42941,1073
42941,2396
53790,58559
53790,67087
53790,91529
53790,85414
53790,81537
53790,87485
53790,63131
53790,80489
53790,102125
53790,42011
130130,50872
130130,2572
130130,1704
130130,8360
130130,1968
130130,68954
130130,586
130130,4018
130130,377
130130,1653
138006,364
138006,318
138006,2959
138006,1721
138006,8636
138006,4886
138006,150
138006,41566
138006,1580
138006,33493
125805,47
125805,1089
125805,1222
125805,1198
125805,7438
125805,6874
125805,8957
125805,180
125805,33794
125805,44191
107842,5445
107842,4720
107842,2762
107842,3949
107842,7254
107842,33166
107842,8950
107842,4874
107842,5679
107842,6711
88415,4306
88415,6539
88415,1270
88415,1721
88415,5989
88415,4995
88415,5620
88415,4993
88415,50872
88415,3408
98474,356
98474,1196
98474,589
98474,1198
98474,3578
98474,858
98474,553
98474,3508
98474,3681
98474,541
694,3751
694,50872
694,1035
694,953
694,6662
694,6663
694,3097
694,1097
694,916
694,5618
6777,50
6777,1089
6777,318
6777,4226
6777,4973
6777,47
6777,68157
6777,44555
6777,48516
6777,2329
64611,1
64611,912
64611,5952
64611,1250
64611,910
64611,1252
64611,903
64611,6377
64611,1333
64611,1219
103263,260
103263,1196
103263,5971
103263,1527
103263,3000
103263,1
103263,58559
103263,551
103263,3578
103263,50
68192,1580
68192,296
68192,1265
68192,104
68192,2571
68192,480
68192,231
68192,344
68192,2700
68192,4085
70355,2628
70355,2571
70355,480
70355,4886
70355,6539
70355,7153
70355,4306
70355,500
70355,3793
70355,1198
58265,54736
58265,59315
58265,2353
58265,10
58265,58295
58265,165
58265,44195
58265,457
58265,52973
58265,58998
116628,2858
116628,2329
116628,318
116628,74458
116628,3949
116628,3578
116628,81845
116628,89864
116628,81932
116628,110
133703,48304
133703,47610
133703,36517
133703,63082
133703,55765
133703,40278
133703,64839
133703,34271
133703,30812
133703,6870
61493,7361
61493,1682
61493,38061
61493,2502
61493,858
61493,2997
61493,6953
61493,5630
61493,6708
61493,4027
43049,33794
43049,592
43049,1270
43049,50
43049,2571
43049,59315
43049,608
43049,1197
43049,527
43049,110
7880,26776
7880,4361
7880,5618
7880,1244
7880,4447
7880,7084
7880,4246
7880,6593
7880,8961
7880,5060
45392,7153
45392,1580
45392,527
45392,648
45392,2762
45392,318
45392,587
45392,590
45392,593
45392,4310
103583,2662
103583,589
103583,72998
103583,3703
103583,2528
103583,71057
103583,2288
103583,34405
103583,60069
103583,76093
70207,27773
70207,2959
70207,56339
70207,1200
70207,4720
70207,3949
70207,27317
70207,73211
70207,4725
70207,4226
44341,30810
44341,2762
44341,1370
44341,1127
44341,4720
44341,1617
44341,260
44341,750
44341,2502
44341,4022
74607,1258
74607,1208
74607,924
74607,527
74607,2858
74607,3198
74607,2329
74607,5995
74607,2762
74607,1250
46514,356
46514,6874
46514,110
46514,527
46514,318
46514,44191
46514,858
46514,47
46514,7147
46514,1221
137785,58559
137785,1089
137785,296
137785,4993
137785,2019
137785,5782
137785,1262
137785,7153
137785,260
137785,1208
114351,541
114351,2571
114351,858
114351,1204
114351,58559
114351,912
114351,79132
114351,1221
114351,7153
114351,4993
63413,1206
63413,2502
63413,7361
63413,33794
63413,858
63413,6539
63413,2762
63413,1220
63413,223
63413,7438
54236,2096
54236,552
54236,2078
54236,380
54236,2572
54236,7247
54236,2006
54236,5254
54236,527
54236,2987
128037,7254
128037,5989
128037,597
128037,3176
128037,5679
128037,5377
128037,500
128037,5669
128037,527
128037,39183
12055,4848
12055,4979
12055,318
12055,4226
12055,8910
12055,296
12055,4878
12055,50
12055,2502
12055,7158
28786,1097
28786,3578
28786,858
28786,589
28786,1193
28786,2706
28786,500
28786,1240
28786,780
28786,592
26631,1198
26631,2762
26631,78499
26631,596
26631,1270
26631,1035
26631,356
26631,594
26631,1219
26631,1278
65925,2716
65925,541
65925,2571
65925,1222
65925,2959
65925,480
65925,4993
65925,1372
65925,1258
65925,7153
59484,47
59484,7153
59484,4993
59484,5952
59484,3578
59484,318
59484,2959
59484,2000
59484,1580
59484,5445
94909,2329
94909,1206
94909,63082
94909,318
94909,1221
94909,750
94909,778
94909,2571
94909,910
94909,86882
74962,6618
74962,296
74962,293
74962,180
74962,6283
74962,1206
74962,7090
74962,1968
74962,7153
74962,1215
77671,2959
77671,50
77671,4973
77671,48738
77671,527
77671,1732
77671,1136
77671,6807
77671,8949
77671,342
62714,1
62714,1580
62714,3793
62714,76251
62714,59315
62714,69122
62714,79702
62714,93840
62714,780
62714,7254
106185,441
106185,1270
106185,1285
106185,223
106185,83134
106185,6874
106185,2716
106185,96821
106185,1732
106185,1089
112924,318
112924,2329
112924,2571
112924,541
112924,32587
112924,4878
112924,608
112924,3996
112924,2542
112924,8874
103625,4306
103625,70286
103625,296
103625,68157
103625,58559
103625,54503
103625,8961
103625,2502
103625,6539
103625,8874
20506,34437
20506,72011
20506,30707
20506,60069
20506,64614
20506,30812
20506,86882
20506,68954
20506,44195
20506,48394
53863,1682
53863,82459
53863,2081
53863,68157
53863,1097
53863,2918
53863,2028
53863,8665
53863,4896
53863,87232
119963,44191
119963,33794
119963,50872
119963,58559
119963,68954
119963,63082
119963,40583
119963,55276
119963,30707
119963,33493
57638,5952
57638,76093
57638,59784
57638,79132
57638,60069
57638,5218
57638,97913
57638,58559
57638,87222
57638,81564
8121,50
8121,7153
8121,318
8121,593
8121,296
8121,60069
8121,4226
8121,969
8121,8228
8121,1221
6761,1258
6761,1213
6761,1198
6761,260
6761,1193
6761,296
6761,2329
6761,79132
6761,541
6761,47
96665,2858
96665,2959
96665,595
96665,1527
96665,500
96665,1240
96665,223
96665,588
96665,4226
96665,5618
84516,8636
84516,5349
84516,4022
84516,2571
84516,6539
84516,904
84516,53996
84516,2054
84516,1721
84516,500
108922,1464
108922,6975
108922,6774
108922,6440
108922,3683
108922,6530
108922,1199
108922,1232
108922,3676
108922,3002
12501,2731
12501,858
12501,111
12501,1208
12501,1212
12501,903
12501,1219
12501,1225
12501,908
12501,6993
47477,4306
47477,2858
47477,56367
47477,64957
47477,7361
47477,2324
47477,44694
47477,6016
47477,858
47477,5989
2843,1230
2843,608
2843,919
2843,2949
2843,2947
2843,1307
2843,1244
2843,3044
2843,3504
2843,3160
74241,33794
74241,30812
74241,30822
74241,8972
74241,33679
74241,8781
74241,30825
74241,27808
74241,34319
74241,34162
36884,48082
36884,4226
36884,3949
36884,68157
36884,46723
36884,48304
36884,48043
36884,48997
36884,57368
36884,56339
22501,3535
22501,55820
22501,2571
22501,79132
22501,858
22501,1214
22501,48516
22501,541
22501,30707
22501,2997
15453,296
15453,3147
15453,7502
15453,58559
15453,1198
15453,593
15453,1291
15453,72998
15453,5010
15453,4262
124998,3088
124998,904
124998,2761
124998,5952
124998,3932
124998,1253
124998,1086
124998,8228
124998,2176
124998,2660
94079,318
94079,46976
94079,81845
94079,1270
94079,2359
94079,1968
94079,2571
94079,68954
94079,2791
94079,3396
46020,50
46020,48780
46020,2028
46020,3949
46020,3578
46020,8665
46020,44195
46020,4011
46020,52973
46020,33166
75105,46578
75105,34405
75105,53996
75105,68157
75105,36529
75105,56367
75105,34048
75105,60684
75105,81845
75105,54001
33483,3033
33483,1215
33483,2502
33483,2858
33483,180
33483,1136
33483,2011
33483,1961
33483,70
33483,260
25723,2858
25723,2571
25723,8957
25723,1258
25723,3949
25723,1136
25723,1241
25723,1219
25723,2160
25723,8874
37354,1230
37354,5060
37354,7087
37354,1198
37354,1244
37354,1953
37354,912
37354,1217
37354,3091
37354,6271
94148,69844
94148,80463
94148,56174
94148,50872
94148,69122
94148,74458
94148,8636
94148,2959
94148,48780
94148,7143
46898,2571
46898,356
46898,58559
46898,588
46898,318
46898,1136
46898,2028
46898,8961
46898,3578
46898,60069
112277,608
112277,7361
112277,4226
112277,2858
112277,50
112277,2959
112277,1196
112277,1732
112277,6502
112277,47
93472,1213
93472,1267
93472,913
93472,1221
93472,1252
93472,904
93472,926
93472,1276
93472,48516
93472,1272
30159,2762
30159,2571
30159,4973
30159,589
30159,1240
30159,480
30159,150
30159,296
30159,2959
30159,1704
97853,62511
97853,5291
97853,7564
97853,99917
97853,69122
97853,3504
97853,78574
97853,7482
97853,56367
97853,27317
98282,1172
98282,1283
98282,1263
98282,318
98282,1084
98282,1203
98282,1208
98282,1292
98282,1267
98282,5060
102605,7361
102605,2959
102605,1208
102605,608
102605,296
102605,1089
102605,4878
102605,858
102605,2997
102605,6440
94214,3578
94214,44191
94214,5218
94214,3793
94214,858
94214,3753
94214,4011
94214,648
94214,260
94214,32587
75268,44195
75268,46578
75268,4878
75268,8376
75268,7361
75268,2395
75268,2959
75268,1206
75268,30810
75268,33171
117869,82459
117869,78574
117869,81845
117869,555
117869,76251
117869,72011
117869,1266
117869,68157
117869,79720
117869,3363
55956,4226
55956,1252
55956,923
55956,1214
55956,912
55956,910
55956,318
55956,3435
55956,541
55956,7013
33649,318
33649,47
33649,2959
33649,2571
33649,2329
33649,778
33649,457
33649,6711
33649,32
33649,1240
80475,364
80475,914
80475,356
80475,1270
80475,1704
80475,6539
80475,912
80475,2565
80475,3675
80475,1380
91521,46530
91521,40819
91521,30793
91521,33493
91521,35836
91521,34332
91521,31878
91521,33437
91521,34405
91521,36401
14713,2683
14713,5989
14713,8961
14713,318
14713,480
14713,586
14713,4995
14713,648
14713,7143
14713,2011
130724,33794
130724,56367
130724,2959
130724,58559
130724,54272
130724,2858
130724,7438
130724,6874
130724,1291
130724,1721
18723,5418
18723,318
18723,4306
18723,3578
18723,6377
18723,54286
18723,5952
18723,8665
18723,4963
18723,2571
28611,39292
28611,8949
28611,33794
28611,8464
28611,30810
28611,30749
28611,34072
28611,30812
28611,37733
28611,8784
81946,7361
81946,1198
81946,1527
81946,318
81946,296
81946,924
81946,1136
81946,1682
81946,1193
81946,750
40845,2959
40845,47
40845,590
40845,356
40845,1721
40845,377
40845,1252
40845,36
40845,1104
40845,4226
53995,318
53995,6539
53995,1527
53995,1573
53995,1240
53995,2706
53995,733
53995,6377
53995,8961
53995,3793
133664,2959
133664,318
133664,1198
133664,2571
133664,1246
133664,858
133664,2916
133664,1307
133664,47
133664,4995
16472,1036
16472,1089
16472,5418
16472,5952
16472,1500
16472,34162
16472,6874
16472,1625
16472,33794
16472,6539
87703,2396
87703,8961
87703,356
87703,2797
87703,733
87703,2918
87703,914
87703,908
87703,1580
87703,59369
15778,1210
15778,1222
15778,1291
15778,527
15778,2858
15778,1954
15778,1270
15778,1193
15778,2000
15778,2716
86222,50
86222,260
86222,608
86222,2858
86222,5952
86222,318
86222,2716
86222,2918
86222,1210
86222,2683
126338,32
126338,33794
126338,59315
126338,589
126338,68157
126338,4011
126338,2542
126338,48774
126338,356
126338,110
34761,32587
34761,44191
34761,5903
34761,1527
34761,4306
34761,33679
34761,33493
34761,8644
34761,5989
34761,6754
57053,3717
57053,91529
57053,1722
57053,3489
57053,6365
57053,5010
57053,79702
57053,4901
57053,3052
57053,551
132229,1262
132229,30749
132229,1247
132229,8207
132229,903
132229,1961
132229,6385
132229,923
132229,1221
132229,969
115866,58559
115866,1270
115866,589
115866,48516
115866,1265
115866,1240
115866,2716
115866,1732
115866,1961
115866,778
133501,76251
133501,296
133501,74458
133501,84152
133501,93510
133501,33794
133501,51255
133501,111759
133501,318
133501,68358
59025,2997
59025,1921
59025,27846
59025,1732
59025,3638
59025,45950
59025,8464
59025,27912
59025,1884
59025,1527
47731,7153
47731,318
47731,1197
47731,2959
47731,3996
47731,4886
47731,260
47731,593
47731,3481
47731,2997
70835,5989
70835,2959
70835,8529
70835,648
70835,4901
70835,1704
70835,92259
70835,2028
70835,44665
70835,4369
78833,2858
78833,5971
78833,1136
78833,68954
78833,4226
78833,4973
78833,2762
78833,3949
78833,1704
78833,2329
11460,56152
11460,46578
11460,58559
11460,45720
11460,1380
11460,65230
11460,27808
11460,56587
11460,8965
11460,3408
103749,5952
103749,7153
103749,4993
103749,2571
103749,3253
103749,2706
103749,1291
103749,1704
103749,1777
103749,1198
121644,3578
121644,35836
121644,4963
121644,58559
121644,52973
121644,4022
121644,736
121644,1777
121644,69122
121644,3147
126033,27831
126033,4011
126033,33794
126033,318
126033,49272
126033,48516
126033,2571
126033,52973
126033,7153
126033,4963
84957,858
84957,1080
84957,912
84957,2396
84957,2571
84957,593
84957,6377
84957,1244
84957,527
84957,1307
39271,6874
39271,2858
39271,356
39271,3535
39271,1682
39271,2329
39271,1193
39271,7438
39271,1073
39271,1213
87427,4886
87427,1214
87427,3033
87427,2700
87427,1097
87427,3396
87427,1265
87427,3608
87427,3398
87427,1080
49375,260
49375,58559
49375,73017
49375,1270
49375,40815
49375,91500
49375,1196
49375,91529
49375,7254
49375,1210
54357,4973
54357,31658
54357,48394
54357,2858
54357,296
54357,2571
54357,2329
54357,2959
54357,48043
54357,3000
77006,60069
77006,8961
77006,4306
77006,66097
77006,1136
77006,2081
77006,3114
77006,57274
77006,8636
77006,59315
18624,1136
18624,44555
18624,4973
18624,296
18624,5618
18624,2019
18624,2997
18624,5291
18624,50
18624,2858
127970,253
127970,1748
127970,5445
127970,2916
127970,2959
127970,70
127970,2858
127970,1320
127970,3052
127970,2232
121914,33794
121914,4226
121914,1222
121914,1921
121914,8607
121914,356
121914,5349
121914,1580
121914,29
121914,59784
39258,1270
39258,1198
39258,8874
39258,3481
39258,1732
39258,1704
39258,541
39258,2716
39258,1080
39258,1291
136102,1089
136102,2571
136102,4878
136102,8784
136102,1197
136102,1704
136102,778
136102,2997
136102,608
136102,7438
90801,49272
90801,53125
90801,1210
90801,2959
90801,2762
90801,589
90801,1198
90801,56171
90801,48877
90801,45722
47791,1210
47791,33493
47791,2571
47791,7153
47791,6539
47791,5872
47791,7569
47791,4993
47791,1580
47791,6333
108142,81845
108142,56782
108142,64839
108142,49272
108142,55765
108142,77629
108142,2403
108142,82459
108142,74510
108142,41997
93402,356
93402,7361
93402,33794
93402,3147
93402,49530
93402,7147
93402,76251
93402,110
93402,74458
93402,55820
49484,5349
49484,53322
49484,356
49484,8529
49484,47099
49484,500
49484,1302
49484,440
49484,2353
49484,8636
138246,1682
138246,4995
138246,2858
138246,2762
138246,2959
138246,9010
138246,40815
138246,2396
138246,3081
138246,1721
133212,8972
133212,72998
133212,53996
133212,5952
133212,4993
133212,260
133212,63113
133212,49272
133212,89745
133212,69122
31076,7438
31076,2858
31076,318
31076,288
31076,5902
31076,48394
31076,6711
31076,1090
31076,3578
31076,4979
71712,33794
71712,4262
71712,593
71712,293
71712,4226
71712,44665
71712,51662
71712,1208
71712,2858
71712,7153
337,7445
337,4776
337,47
337,45722
337,68157
337,2329
337,6378
337,35836
337,589
337,52722
53574,6377
53574,4306
53574,2081
53574,1198
53574,4993
53574,1291
53574,8961
53574,6539
53574,1035
53574,1022
85447,6874
85447,2858
85447,6502
85447,288
85447,6796
85447,7022
85447,7438
85447,7482
85447,4979
85447,70
577,32
577,318
577,2959
577,1580
577,5218
577,5445
577,33794
577,34319
577,2858
577,1645
72707,6539
72707,588
72707,6377
72707,2081
72707,1380
72707,8961
72707,2918
72707,1073
72707,356
72707,919
106066,110
106066,4306
106066,6377
106066,63082
106066,318
106066,296
106066,60069
106066,2959
106066,6539
106066,593
116283,60069
116283,4878
116283,1198
116283,589
116283,2571
116283,318
116283,223
116283,33794
116283,6539
116283,44191
123048,356
123048,79132
123048,8961
123048,1291
123048,41566
123048,1198
123048,54286
123048,4995
123048,78499
123048,40629
96182,541
96182,56367
96182,74458
96182,63082
96182,80463
96182,6867
96182,924
96182,95088
96182,1258
96182,2762
44255,1036
44255,356
44255,5445
44255,318
44255,2571
44255,296
44255,1704
44255,150
44255,3996
44255,5349
413,1136
413,31658
413,4306
413,6016
413,2502
413,1214
413,6539
413,1080
413,6620
413,1249
129654,318
129654,4226
129654,33794
129654,2028
129654,48774
129654,50872
129654,5989
129654,922
129654,32587
129654,4306
96536,7361
96536,50
96536,296
96536,318
96536,68237
96536,109487
96536,4993
96536,47
96536,356
96536,48774
23890,56367
23890,86882
23890,8368
23890,56339
23890,81845
23890,60069
23890,46578
23890,56757
23890,34437
23890,7361
45237,50872
45237,6377
45237,4011
45237,7153
45237,4993
45237,44191
45237,5218
45237,5952
45237,54286
45237,48774
135976,40815
135976,45499
135976,33437
135976,34405
135976,32587
135976,44191
135976,8972
135976,34332
135976,33615
135976,54286
124153,1036
124153,589
124153,1617
124153,1610
124153,47
124153,4993
124153,590
124153,1089
124153,16
124153,150
78411,5218
78411,541
78411,8874
78411,3793
78411,7438
78411,69122
78411,8368
78411,1036
78411,1206
78411,5816
131242,1214
131242,1200
131242,27773
131242,7022
131242,296
131242,4226
131242,27592
131242,1729
131242,7438
131242,1196
123880,457
123880,110
123880,647
123880,5418
123880,33660
123880,3753
123880,4019
123880,6378
123880,590
123880,3578
63188,2628
63188,780
63188,480
63188,33493
63188,6333
63188,68358
63188,2402
63188,367
63188,1097
63188,51662
43077,1198
43077,1210
43077,3578
43077,4014
43077,2762
43077,5445
43077,8360
43077,357
43077,5418
43077,3147
98751,55820
98751,50
98751,318
98751,296
98751,49272
98751,2329
98751,589
98751,51255
98751,356
98751,2858
102035,3578
102035,592
102035,1089
102035,778
102035,2762
102035,1704
102035,2502
102035,1196
102035,3996
102035,2542
57887,2571
57887,150
57887,356
57887,1198
57887,7569
57887,527
57887,1270
57887,1
57887,318
57887,3638
106224,1193
106224,92259
106224,99114
106224,4226
106224,4011
106224,4878
106224,778
106224,2542
106224,2324
106224,1213
84109,47
84109,1291
84109,6539
84109,40815
84109,260
84109,1210
84109,45722
84109,4022
84109,50
84109,1196
32493,356
32493,6942
32493,8360
32493,1028
32493,5957
32493,31685
32493,4246
32493,6218
32493,8533
32493,261
18036,5952
18036,110
18036,68157
18036,4993
18036,2858
18036,527
18036,81845
18036,63082
18036,2762
18036,50872
100540,364
100540,296
100540,1196
100540,4306
100540,7153
100540,2028
100540,44191
100540,6539
100540,4886
100540,1682
97708,1198
97708,1214
97708,589
97708,7153
97708,47
97708,253
97708,1200
97708,293
97708,2858
97708,318
109009,71520
109009,74677
109009,71282
109009,8914
109009,55267
109009,4738
109009,7361
109009,1197
109009,79357
109009,1270
67499,2858
67499,593
67499,2329
67499,44191
67499,4878
67499,32587
67499,59315
67499,44665
67499,48516
67499,110
24602,1270
24602,2997
24602,1258
24602,2028
24602,1202
24602,3741
24602,1222
24602,16
24602,32
24602,6
95473,858
95473,593
95473,68157
95473,48516
95473,1198
95473,1210
95473,1213
95473,69122
95473,1036
95473,54503
30447,780
30447,110
30447,58559
30447,356
30447,1961
30447,2081
30447,3751
30447,733
30447,2406
30447,40815
31589,32
31589,1687
31589,3300
31589,8644
31589,58559
31589,33794
31589,589
31589,44199
31589,91529
31589,6754
73635,318
73635,5445
73635,110
73635,6874
73635,527
73635,4226
73635,6539
73635,1291
73635,2028
73635,595
76500,2396
76500,4306
76500,6785
76500,1
76500,50872
76500,938
76500,2863
76500,1207
76500,3396
76500,4912
37540,46578
37540,7153
37540,4993
37540,50872
37540,7147
37540,5952
37540,1210
37540,8874
37540,2997
37540,2692
47925,2791
47925,858
47925,593
47925,1
47925,1247
47925,1220
47925,924
47925,4886
47925,1617
47925,1293
65501,6539
65501,4993
65501,356
65501,8961
65501,4886
65501,79132
65501,81591
65501,5989
65501,81845
65501,60069
16008,47
16008,4226
16008,1961
16008,2959
16008,1270
16008,2762
16008,858
16008,50
16008,1198
16008,1196
45120,47
45120,1625
45120,4878
45120,70286
45120,47610
45120,52328
45120,44191
45120,56145
45120,593
45120,27788
96432,296
96432,4963
96432,318
96432,2959
96432,367
96432,780
96432,2762
96432,47
96432,6539
96432,1682
109734,60069
109734,3033
109734,1682
109734,2683
109734,1517
109734,318
109734,3175
109734,541
109734,2716
109734,296
49527,6378
49527,733
49527,2762
49527,2571
49527,2000
49527,356
49527,150
49527,1580
49527,780
49527,1036
115448,356
115448,586
115448,1073
115448,5816
115448,4896
115448,4306
115448,58559
115448,50872
115448,2804
115448,2355
14628,7153
14628,4306
14628,2858
14628,1183
14628,1
14628,4226
14628,1641
14628,1225
14628,6377
14628,356
11278,2858
11278,2571
11278,4886
11278,47
11278,8961
11278,6377
11278,745
11278,2762
11278,1136
11278,5690
112946,5952
112946,3578
112946,260
112946,2028
112946,858
112946,4993
112946,1210
112946,318
112946,6377
112946,8961
4622,6539
4622,356
4622,2028
4622,48516
4622,2959
4622,588
4622,5952
4622,50872
4622,45722
4622,367
121735,51255
121735,56782
121735,16
121735,70286
121735,377
121735,1240
121735,150
121735,4034
121735,1625
121735,1276
24942,1089
24942,50
24942,593
24942,1240
24942,5952
24942,33794
24942,589
24942,110
24942,47
24942,44191
91323,527
91323,78499
91323,3578
91323,5952
91323,2329
91323,6377
91323,1246
91323,32587
91323,4878
91323,1036
42290,1387
42290,1214
42290,1201
42290,6539
42290,2987
42290,2167
42290,1219
42290,1333
42290,899
42290,1370
17244,6934
17244,8371
17244,7153
17244,44191
17244,42738
17244,6754
17244,33794
17244,8983
17244,51662
17244,32587
100903,480
100903,4963
100903,1
100903,1231
100903,6539
100903,1674
100903,1293
100903,2067
100903,8961
100903,1213
101270,64957
101270,69757
101270,1682
101270,8638
101270,2324
101270,39444
101270,597
101270,46578
101270,70293
101270,2291
42871,60069
42871,1240
42871,2571
42871,1676
42871,3300
42871,1320
42871,50
42871,316
42871,1222
42871,3996
18459,3793
18459,480
18459,1270
18459,356
18459,296
18459,5445
18459,6377
18459,8636
18459,377
18459,1
122674,4896
122674,52722
122674,5459
122674,6333
122674,8907
122674,6503
122674,65802
122674,53996
122674,42009
122674,3977
70244,8961
70244,33794
70244,48774
70244,2571
70244,5445
70244,6539
70244,260
70244,1214
70244,1
70244,49272
47141,2571
47141,296
47141,79132
47141,69122
47141,2959
47141,318
47141,54286
47141,3275
47141,593
47141,50
117666,858
117666,4973
117666,1307
117666,2692
117666,1247
117666,1221
117666,2858
117666,593
117666,527
117666,357
63570,1206
63570,7361
63570,2762
63570,48516
63570,1682
63570,3578
63570,48394
63570,1258
63570,6377
63570,44665
14730,608
14730,6016
14730,1089
14730,1884
14730,4226
14730,318
14730,8784
14730,2395
14730,77455
14730,47423
114515,54286
114515,593
114515,318
114515,73017
114515,48780
114515,68358
114515,47
114515,4993
114515,5418
114515,49530
39542,47
39542,68157
39542,4226
39542,81591
39542,6711
39542,593
39542,33166
39542,1221
39542,32587
39542,67255
55987,593
55987,2959
55987,52885
55987,5690
55987,1258
55987,1208
55987,2858
55987,4973
55987,4878
55987,111
113191,296
113191,4973
113191,356
113191,318
113191,587
113191,4993
113191,1527
113191,357
113191,47
113191,7153
122860,37729
122860,33171
122860,44761
122860,48696
122860,8970
122860,55069
122860,8874
122860,3949
122860,4878
122860,6016
128346,608
128346,7153
128346,4226
128346,2019
128346,1617
128346,2329
128346,923
128346,7361
128346,47
128346,3435
98470,44191
98470,32587
98470,49272
98470,31410
98470,8874
98470,36517
98470,52281
98470,8914
98470,30749
98470,54997
82941,8533
82941,56949
82941,68954
82941,8665
82941,72998
82941,63082
82941,40629
82941,50872
82941,47099
82941,54259
83447,527
83447,2571
83447,1704
83447,364
83447,1193
83447,3578
83447,587
83447,539
83447,47
83447,7153
101080,6350
101080,79132
101080,5971
101080,2571
101080,356
101080,31658
101080,7099
101080,296
101080,58559
101080,5995
96209,6754
96209,69122
96209,1527
96209,60684
96209,6874
96209,54272
96209,68157
96209,8361
96209,6502
96209,27611
43573,60069
43573,4226
43573,3793
43573,110
43573,2762
43573,49272
43573,5445
43573,2858
43573,4995
43573,5418
57942,356
57942,2028
57942,4226
57942,858
57942,50
57942,1221
57942,2336
57942,6942
57942,5377
57942,44199
22973,1197
22973,592
22973,260
22973,1210
22973,1036
22973,2762
22973,648
22973,1704
22973,858
22973,34
44693,2068
44693,5147
44693,26052
44693,1219
44693,7937
44693,8197
44693,3503
44693,1260
44693,1572
44693,1176
32716,1210
32716,364
32716,318
32716,296
32716,1580
32716,58559
32716,2762
32716,1517
32716,4993
32716,6378
65775,1222
65775,74458
65775,80463
65775,2571
65775,6807
65775,47
65775,2542
65775,2329
65775,1073
65775,48516
5005,296
5005,1552
5005,733
5005,51662
5005,380
5005,593
5005,34162
5005,4306
5005,4993
5005,10
41532,8636
41532,500
41532,318
41532,1610
41532,780
41532,2683
41532,1923
41532,586
41532,1136
41532,46976
87738,480
87738,4886
87738,2571
87738,3578
87738,2797
87738,1197
87738,51662
87738,608
87738,1393
87738,2011
26491,56367
26491,68157
26491,64620
26491,39292
26491,69481
26491,60069
26491,81845
26491,61323
26491,48738
26491,79132
30507,80463
30507,106489
30507,527
30507,96610
30507,80489
30507,103249
30507,8917
30507,1732
30507,57669
30507,95441
15030,4720
15030,111
15030,608
15030,4226
15030,1225
15030,293
15030,1997
15030,356
15030,1086
15030,783
115338,47
115338,780
115338,2762
115338,593
115338,832
115338,1584
115338,1704
115338,1682
115338,1073
115338,1240
60965,4993
60965,7153
60965,5952
60965,1036
60965,4963
60965,4886
60965,3147
60965,592
60965,296
60965,2268
15103,29
15103,2810
15103,31658
15103,7099
15103,2140
15103,3476
15103,4878
15103,741
15103,541
15103,37857
7378,480
7378,1198
7378,5418
7378,2858
7378,5952
7378,7153
7378,49272
7378,4993
7378,17
7378,6539
50604,4848
50604,537
50604,1639
50604,2791
50604,247
50604,3706
50604,3421
50604,2858
50604,223
50604,85
24901,50
24901,1961
24901,6711
24901,2858
24901,1682
24901,1387
24901,1222
24901,858
24901,3897
24901,235
8067,56367
8067,64614
8067,55820
8067,36517
8067,40819
8067,4995
8067,33166
8067,50068
8067,39292
8067,6787
100336,2762
100336,480
100336,1198
100336,2571
100336,2858
100336,1291
100336,2959
100336,2000
100336,4262
100336,1200
83926,60069
83926,2571
83926,2858
83926,69122
83926,50
83926,3949
83926,44195
83926,48516
83926,63131
83926,778
93168,6874
93168,1089
93168,2959
93168,1653
93168,5445
93168,541
93168,6365
93168,1676
93168,2542
93168,4226
91451,3030
91451,2997
91451,541
91451,1196
91451,4993
91451,2571
91451,1212
91451,2716
91451,7153
91451,5952
89752,593
89752,858
89752,2571
89752,318
89752,48516
89752,4226
89752,54286
89752,3996
89752,7153
89752,4993
131129,1198
131129,912
131129,2944
131129,1304
131129,1221
131129,593
131129,150
131129,1250
131129,1225
131129,1247
77440,7153
77440,5952
77440,1240
77440,4993
77440,2858
77440,2959
77440,1198
77440,1291
77440,6874
77440,1580
85053,32
85053,750
85053,1208
85053,3476
85053,1252
85053,778
85053,714
85053,3328
85053,6440
85053,1263
9293,260
9293,1196
9293,33794
9293,60684
9293,858
9293,4993
9293,49272
9293,589
9293,1210
9293,3578
116499,4306
116499,4886
116499,2572
116499,6377
116499,49286
116499,6942
116499,50872
116499,7173
116499,56367
116499,4447
28526,527
28526,4306
28526,2762
28526,1721
28526,2858
28526,1682
28526,1704
28526,593
28526,6942
28526,2997
95171,919
95171,3072
95171,1235
95171,1084
95171,2076
95171,1197
95171,6377
95171,1094
95171,924
95171,3418
40532,104841
40532,55820
40532,527
40532,90439
40532,102194
40532,98961
40532,89753
40532,92420
40532,78574
40532,99114
15898,46578
15898,296
15898,6539
15898,6377
15898,2959
15898,2028
15898,1682
15898,593
15898,1210
15898,4973
1609,1089
1609,3578
1609,356
1609,593
1609,4973
1609,4878
1609,47
1609,8784
1609,5445
1609,1080
34857,150
34857,7361
34857,2028
34857,2959
34857,6787
34857,588
34857,1234
34857,908
34857,48516
34857,46578
94976,32
94976,2329
94976,6016
94976,101
94976,1673
94976,741
94976,223
94976,4878
94976,111
94976,4011
83009,2762
83009,4226
83009,1197
83009,1210
83009,356
83009,4878
83009,32
83009,60069
83009,1193
83009,527
36204,6979
36204,7247
36204,1301
36204,2968
36204,924
36204,4799
36204,1265
36204,1019
36204,6807
36204,6561
4784,1291
4784,1198
4784,1136
4784,1213
4784,1732
4784,7153
4784,5952
4784,1089
4784,1206
4784,104
19251,4235
19251,750
19251,1206
19251,5618
19251,2858
19251,58559
19251,7323
19251,1193
19251,60069
19251,46723
114518,858
114518,1258
114518,589
114518,1221
114518,47
114518,1213
114518,1206
114518,2858
114518,111
114518,1291
20707,356
20707,50872
20707,919
20707,4306
20707,1207
20707,36
20707,30707
20707,5446
20707,46578
20707,110
101026,79132
101026,61729
101026,68237
101026,64614
101026,59784
101026,71057
101026,2571
101026,56174
101026,56367
101026,69481
67829,3793
67829,6377
67829,589
67829,1291
67829,1196
67829,3671
67829,3578
67829,5349
67829,480
67829,4489
17516,1240
17516,6377
17516,5445
17516,51255
17516,47
17516,2
17516,110
17516,58559
17516,44191
17516,4963
1515,905
1515,1206
1515,1260
1515,8961
1515,594
1515,4406
1515,6377
1515,930
1515,1208
1515,7361
17176,68358
17176,59784
17176,37729
17176,8873
17176,47610
17176,64614
17176,55253
17176,52579
17176,55765
17176,50068
14768,2105
14768,480
14768,2985
14768,318
14768,2528
14768,750
14768,1127
14768,8371
14768,3793
14768,5903
130758,5481
130758,32
130758,1917
130758,1200
130758,2124
130758,48304
130758,2572
130758,1608
130758,6586
130758,2018
61121,1732
61121,592
61121,2502
61121,3535
61121,1073
61121,6874
61121,1215
61121,7147
61121,1270
61121,35836
122029,1198
122029,1270
122029,858
122029,2858
122029,7570
122029,1387
122029,1333
122029,32587
122029,912
122029,1036
13582,318
13582,1393
13582,4246
13582,1704
13582,6539
13582,4306
13582,110
13582,2858
13582,5418
13582,1721
29598,32
29598,5679
29598,8949
29598,628
29598,2599
29598,5349
29598,1673
29598,5902
29598,2324
29598,4973
59029,3034
59029,3114
59029,7153
59029,5952
59029,2571
59029,8961
59029,6333
59029,6377
59029,6539
59029,26662
35705,5954
35705,2858
35705,1653
35705,1732
35705,7022
35705,3535
35705,3481
35705,68157
35705,1240
35705,64839
7788,7153
7788,5989
7788,40815
7788,1961
7788,6377
7788,6539
7788,5952
7788,6385
7788,1271
7788,2797
66357,1210
66357,356
66357,2858
66357,1196
66357,2762
66357,750
66357,541
66357,4306
66357,1208
66357,1270
32189,3253
32189,586
32189,500
32189,551
32189,4886
32189,6377
32189,47
32189,344
32189,2329
32189,1380
46520,597
46520,4306
46520,2396
46520,2571
46520,2762
46520,457
46520,1923
46520,4246
46520,3101
46520,2324
41950,858
41950,356
41950,1198
41950,2858
41950,4027
41950,7153
41950,5481
41950,2918
41950,1089
41950,7438
20118,4973
20118,68954
20118,6539
20118,2716
20118,5445
20118,48780
20118,5418
20118,7438
20118,541
20118,293
37765,1197
37765,318
37765,593
37765,296
37765,32587
37765,110
37765,1721
37765,4995
37765,595
37765,5989
34620,37741
34620,27815
34620,40583
34620,30793
34620,33166
34620,8949
34620,35836
34620,8128
34620,26386
34620,44199
124416,8491
124416,7013
124416,1228
124416,942
124416,2936
124416,2648
124416,1938
124416,8228
124416,1213
124416,8044
67861,2716
67861,110
67861,1265
67861,7147
67861,6333
67861,4995
67861,6711
67861,1136
67861,1617
67861,4034
28435,32
28435,5445
28435,53972
28435,48516
28435,780
28435,6874
28435,45499
28435,33679
28435,589
28435,3793
58807,1
58807,47
58807,318
58807,6377
58807,296
58807,2959
58807,6539
58807,48394
58807,7361
58807,1682
18300,2858
18300,47
18300,74458
18300,52885
18300,81564
18300,6874
18300,318
18300,89745
18300,37729
18300,8360
57758,6870
57758,1250
57758,908
57758,3735
57758,1219
57758,1213
57758,1203
57758,3198
57758,1266
57758,608
98001,1213
98001,110
98001,2028
98001,4878
98001,68157
98001,2762
98001,3578
98001,46578
98001,589
98001,2324
119058,8636
119058,527
119058,588
119058,40819
119058,50
119058,2571
119058,3751
119058,2502
119058,2797
119058,3578
135965,1196
135965,2571
135965,260
135965,356
135965,364
135965,7153
135965,1136
135965,68954
135965,1210
135965,58559
39497,48774
39497,33493
39497,59315
39497,33166
39497,48516
39497,60684
39497,51662
39497,41566
39497,41569
39497,46578
100890,4963
100890,1270
100890,150
100890,260
100890,110
100890,1198
100890,1617
100890,8961
100890,6377
100890,6711
12301,1291
12301,7153
12301,380
12301,318
12301,593
12301,589
12301,316
12301,296
12301,457
12301,377
91024,4993
91024,5459
91024,2628
91024,1240
91024,3812
91024,589
91024,7153
91024,5952
91024,1291
91024,6807
24210,4306
24210,364
24210,4993
24210,2571
24210,1210
24210,1721
24210,1270
24210,1580
24210,2628
24210,3578
84117,33794
84117,8961
84117,1198
84117,6377
84117,54286
84117,8665
84117,34405
84117,53125
84117,45722
84117,3793
13353,4896
13353,6378
13353,6218
13353,4886
13353,6565
13353,8665
13353,6936
13353,3578
13353,3916
13353,7254
77458,33794
77458,6870
77458,44665
77458,2959
77458,32587
77458,30749
77458,8798
77458,628
77458,6016
77458,1617
2383,1206
2383,2571
2383,4226
2383,7361
2383,750
2383,541
2383,924
2383,1288
2383,1196
2383,745
129165,1240
129165,2762
129165,1270
129165,592
129165,2858
129165,2791
129165,47
129165,110
129165,1288
129165,1198
108187,79132
108187,4995
108187,71899
108187,73344
108187,7438
108187,1961
108187,6874
108187,55820
108187,1221
108187,1704
31244,68157
31244,1136
31244,58559
31244,288
31244,6807
31244,1220
31244,68358
31244,457
31244,1343
31244,527
29084,31696
29084,7361
29084,37729
29084,4973
29084,3052
29084,4878
29084,8371
29084,55451
29084,4308
29084,7438
407,1307
407,1193
407,150
407,1958
407,1234
407,1304
407,1207
407,1225
407,508
407,4995
22987,6874
22987,48774
22987,48780
22987,608
22987,51540
22987,1258
22987,52973
22987,3949
22987,55118
22987,55269
1810,3578
1810,356
1810,33794
1810,59315
1810,2959
1810,4878
1810,318
1810,8368
1810,56782
1810,588
10876,68157
10876,81564
10876,4226
10876,293
10876,5903
10876,59315
10876,3578
10876,47
10876,84152
10876,1270
25064,1197
25064,296
25064,46578
25064,2858
25064,4878
25064,551
25064,48774
25064,7147
25064,593
25064,5618
130622,912
130622,1178
130622,3307
130622,71108
130622,2194
130622,908
130622,6818
130622,1305
130622,2731
130622,1348
59122,2571
59122,45186
59122,170
59122,8972
59122,32596
59122,260
59122,27193
59122,1210
59122,1954
59122,2115
100058,59315
100058,2959
100058,4973
100058,5445
100058,41566
100058,56174
100058,81845
100058,356
100058,2762
100058,116823
68246,1961
68246,69122
68246,1527
68246,44191
68246,50
68246,68157
68246,3949
68246,5445
68246,377
68246,150
32999,318
32999,4878
32999,2959
32999,296
32999,4226
32999,3897
32999,1193
32999,778
32999,1089
32999,7361
110269,5291
110269,2959
110269,858
110269,2019
110269,4993
110269,1089
110269,69122
110269,3030
110269,441
110269,912
46512,5952
46512,1210
46512,260
46512,33794
46512,592
46512,2571
46512,180
46512,6874
46512,593
46512,671
101975,48774
101975,33493
101975,8371
101975,541
101975,27660
101975,674
101975,1175
101975,7438
101975,7099
101975,33004
35918,2959
35918,2858
35918,7361
35918,3424
35918,296
35918,1213
35918,750
35918,608
35918,3362
35918,4878
43902,47
43902,1704
43902,110
43902,4995
43902,2762
43902,2028
43902,2329
43902,1721
43902,3578
43902,2959
98723,296
98723,318
98723,780
98723,4886
98723,5445
98723,5418
98723,1961
98723,8961
98723,344
98723,4226
65022,5952
65022,356
65022,8961
65022,3114
65022,318
65022,4993
65022,7153
65022,2918
65022,5445
65022,6539
71105,4993
71105,32
71105,47
71105,5418
71105,7153
71105,2028
71105,2542
71105,356
71105,457
71105,7438
69701,5418
69701,54503
69701,2571
69701,52973
69701,54286
69701,780
69701,4306
69701,2762
69701,3793
69701,6378
116272,6539
116272,49286
116272,5266
116272,6942
116272,262
116272,2355
116272,7147
116272,4519
116272,7444
116272,2572
133014,2502
133014,1265
133014,30810
133014,2997
133014,6350
133014,47
133014,2716
133014,1270
133014,1968
133014,8874
113696,356
113696,4995
113696,49530
113696,47099
113696,48780
113696,2571
113696,56174
113696,6016
113696,48516
113696,4022
22658,51662
22658,89745
22658,69481
22658,76251
22658,56174
22658,54259
22658,73017
22658,87232
22658,50872
22658,87306
24936,2953
24936,1270
24936,2059
24936,356
24936,4306
24936,364
24936,1013
24936,2053
24936,374
24936,6793
8112,1197
8112,7153
8112,593
8112,4973
8112,750
8112,2019
8112,26662
8112,7361
8112,608
8112,7090
132034,6377
132034,4306
132034,4993
132034,5952
132034,8665
132034,40815
132034,41566
132034,318
132034,72998
132034,8368
16501,99114
16501,59315
16501,2959
16501,68157
16501,88744
16501,87306
16501,1291
16501,94864
16501,88140
16501,91500
69381,4963
69381,3578
69381,1213
69381,5418
69381,6188
69381,53129
69381,6502
69381,33794
69381,7360
69381,32
86464,527
86464,4226
86464,3996
86464,2692
86464,8961
86464,1193
86464,608
86464,2997
86464,1968
86464,589
121539,48738
121539,44195
121539,55820
121539,80463
121539,33154
121539,55290
121539,81932
121539,6380
121539,8914
121539,5319
111057,1682
111057,356
111057,6377
111057,364
111057,8644
111057,8360
111057,5903
111057,4995
111057,4226
111057,4878
53291,1
53291,1721
53291,260
53291,55820
53291,3578
53291,4306
53291,1270
53291,1265
53291,6874
53291,1393
89436,5418
89436,4306
89436,858
89436,4963
89436,3527
89436,150
89436,3147
89436,1408
89436,32
89436,457
112802,68954
112802,551
112802,8644
112802,2291
112802,72998
112802,62376
112802,71057
112802,4370
112802,5445
112802,65685
104852,44555
104852,593
104852,356
104852,110
104852,2571
104852,923
104852,260
104852,750
104852,541
104852,26150
2550,4973
2550,1258
2550,3949
2550,5669
2550,2291
2550,1089
2550,4993
2550,1136
2550,2997
2550,6807
20309,231
20309,500
20309,1485
20309,1917
20309,72998
20309,45672
20309,3968
20309,6287
20309,586
20309,69757
51995,46972
51995,45499
51995,69406
51995,8808
51995,30825
51995,74530
51995,95510
51995,6332
51995,5066
51995,45517
93692,6539
93692,1036
93692,593
93692,2006
93692,4306
93692,1917
93692,648
93692,49272
93692,6874
93692,6383
37491,4306
37491,318
37491,1704
37491,4616
37491,4886
37491,150
37491,6377
37491,527
37491,2028
37491,8360
117681,2571
117681,593
117681,4306
117681,2858
117681,79132
117681,6539
117681,4995
117681,6874
117681,5445
117681,590
58968,5952
58968,4993
58968,7153
58968,6539
58968,2762
58968,377
58968,3578
58968,1270
58968,593
58968,33493
111176,33794
111176,1210
111176,1198
111176,2571
111176,1274
111176,4993
111176,7153
111176,8874
111176,1197
111176,6874
120172,8641
120172,35836
120172,5027
120172,4958
120172,3173
120172,19
120172,2123
120172,4748
120172,4159
120172,3534
115467,110
115467,2959
115467,5952
115467,4993
115467,50
115467,2028
115467,1213
115467,912
115467,908
115467,4973
136915,1270
136915,260
136915,6155
136915,339
136915,6378
136915,5418
136915,4963
136915,457
136915,36525
136915,4306
76624,6377
76624,2125
76624,49286
76624,79132
76624,8961
76624,59315
76624,73017
76624,318
76624,356
76624,1
55933,84152
55933,59369
55933,54503
55933,47099
55933,80489
55933,80463
55933,91542
55933,88744
55933,99114
55933,58998
10807,4963
10807,1
10807,2571
10807,68954
10807,8665
10807,7502
10807,3578
10807,3114
10807,3671
10807,81845
110641,5952
110641,4973
110641,4326
110641,1246
110641,608
110641,2028
110641,1206
110641,2997
110641,2324
110641,1961
118285,110
118285,260
118285,1704
118285,4995
118285,1079
118285,296
118285,3359
118285,1258
118285,3361
118285,1610
126912,3364
126912,946
126912,5177
126912,2932
126912,1214
126912,25927
126912,1997
126912,7941
126912,3134
126912,8042
93062,364
93062,780
93062,356
93062,1580
93062,648
93062,1527
93062,593
93062,3578
93062,541
93062,1265
15567,296
15567,4306
15567,6807
15567,54272
15567,4011
15567,7361
15567,593
15567,60069
15567,318
15567,6377
109939,924
109939,2076
109939,1921
109939,5147
109939,2010
109939,2313
109939,4878
109939,2019
109939,5291
109939,4873
95331,5418
95331,364
95331,356
95331,6539
95331,5349
95331,648
95331,2028
95331,4963
95331,736
95331,60069
33908,30825
33908,5989
33908,2706
33908,367
33908,2
33908,8368
33908,539
33908,3114
33908,4014
33908,68954
59419,296
59419,2959
59419,1136
59419,2571
59419,1196
59419,55765
59419,51662
59419,79132
59419,60069
59419,2329
11736,4308
11736,2858
11736,46578
11736,899
11736,2291
11736,296
11736,2324
11736,3481
11736,3897
11736,1207
76179,4973
76179,7361
76179,593
76179,47
76179,2959
76179,356
76179,110
76179,597
76179,48516
76179,260
28688,50
28688,1203
28688,1200
28688,1263
28688,1227
28688,909
28688,1952
28688,1617
28688,1982
28688,1097
130867,593
130867,2571
130867,356
130867,4886
130867,2959
130867,1136
130867,76093
130867,81834
130867,91658
130867,3114
98462,5952
98462,4993
98462,318
98462,4306
98462,79132
98462,69757
98462,56367
98462,7361
98462,2762
98462,527
136512,1961
136512,5995
136512,1704
136512,4034
136512,6711
136512,5791
136512,39183
136512,27803
136512,27773
136512,44665
20973,4973
20973,296
20973,714
20973,1279
20973,34437
20973,3030
20973,4878
20973,7327
20973,6286
20973,7460
133719,2396
133719,2571
133719,356
133719,1291
133719,1183
133719,110
133719,590
133719,4995
133719,593
133719,2762
18856,2502
18856,4963
18856,150
18856,1704
18856,3039
18856,2268
18856,1060
18856,1270
18856,3578
18856,1
103839,1291
103839,1923
103839,8961
103839,4963
103839,2502
103839,6539
103839,1198
103839,780
103839,1197
103839,60069
64035,1222
64035,593
64035,4226
64035,1206
64035,2329
64035,2858
64035,4878
64035,1221
64035,68157
64035,1258
120325,1217
120325,5952
120325,7153
120325,4993
120325,1210
120325,541
120325,31658
120325,17
120325,1967
120325,1199
86152,79132
86152,2571
86152,1721
86152,296
86152,2959
86152,593
86152,4995
86152,63082
86152,3147
86152,590
125092,3578
125092,33493
125092,6539
125092,2762
125092,32587
125092,5418
125092,31878
125092,5618
125092,1485
125092,110
31782,2762
31782,3527
31782,367
31782,1214
31782,2959
31782,3638
31782,8957
31782,2991
31782,2706
31782,2717
94482,1059
94482,2858
94482,337
94482,8368
94482,318
94482,1225
94482,3996
94482,3081
94482,2959
94482,2571
57628,1198
57628,1136
57628,356
57628,3996
57628,1580
57628,541
57628,1270
57628,5952
57628,318
57628,924
107640,49530
107640,55820
107640,33166
107640,41569
107640,51662
107640,40819
107640,8957
107640,45517
107640,37720
107640,38038
33023,2716
33023,608
33023,50
33023,8961
33023,527
33023,1
33023,1214
33023,2997
33023,2028
33023,541
9637,4226
9637,52328
9637,59315
9637,1748
9637,57368
9637,44191
9637,1200
9637,780
9637,4370
9637,480
43935,7153
43935,2858
43935,356
43935,1073
43935,296
43935,1136
43935,110
43935,4226
43935,858
43935,2762
129274,150
129274,7153
129274,6377
129274,4886
129274,2571
129274,6539
129274,2959
129274,1580
129274,780
129274,1291
123745,79132
123745,8961
123745,58559
123745,68954
123745,8368
123745,68358
123745,40815
123745,59315
123745,72998
123745,49272
75438,2502
75438,1270
75438,2858
75438,778
75438,367
75438,6669
75438,5902
75438,32
75438,6620
75438,785
80334,2858
80334,6711
80334,4878
80334,7361
80334,7460
80334,1279
80334,2729
80334,1757
80334,296
80334,778
107417,595
107417,4886
107417,8529
107417,6539
107417,8961
107417,4155
107417,3252
107417,5989
107417,7153
107417,920
66649,44191
66649,1090
66649,1673
66649,74458
66649,912
66649,70286
66649,1
66649,589
66649,6
66649,49530
91863,2502
91863,4993
91863,49272
91863,68157
91863,356
91863,5952
91863,56367
91863,63082
91863,44665
91863,2858
7554,1358
7554,1266
7554,2795
7554,457
7554,1210
7554,4002
7554,2423
7554,1674
7554,3499
7554,1219
29396,1198
29396,3000
29396,1214
29396,44191
29396,1199
29396,4226
29396,1080
29396,6711
29396,1197
29396,79132
124130,6539
124130,1580
124130,5952
124130,4993
124130,2571
124130,1210
124130,6874
124130,260
124130,5445
124130,1196
134653,47629
134653,64957
134653,63082
134653,41569
134653,41566
134653,39183
134653,64614
134653,73017
134653,97923
134653,95510
54287,4878
54287,296
54287,1089
54287,47
54287,55820
54287,2858
54287,48394
54287,74458
54287,3949
54287,63082
119869,50872
119869,70286
119869,32587
119869,64614
119869,5971
119869,7502
119869,49530
119869,33166
119869,4226
119869,51255
114897,6188
114897,1625
114897,780
114897,1242
114897,2353
114897,3916
114897,1213
114897,46578
114897,8376
114897,8957
87715,7361
87715,47
87715,3578
87715,50
87715,2571
87715,589
87715,48774
87715,5445
87715,48385
87715,260
55459,356
55459,4226
55459,318
55459,58559
55459,527
55459,88125
55459,89745
55459,6502
55459,97938
55459,2762
42375,47
42375,593
42375,7022
42375,2571
42375,7438
42375,6874
42375,1222
42375,1732
42375,27773
42375,3000
69104,1270
69104,595
69104,1281
69104,4306
69104,910
69104,1235
69104,899
69104,364
69104,2858
69104,1265
61789,778
61789,1222
61789,1221
61789,50
61789,55820
61789,48780
61789,1258
61789,68157
61789,3949
61789,7361
22998,2115
22998,3448
22998,316
22998,2001
22998,380
22998,1
22998,50
22998,5349
22998,1101
22998,597
40082,60684
40082,60069
40082,48394
40082,44191
40082,40583
40082,30707
40082,8949
40082,8874
40082,55765
40082,54503
97205,1214
97205,1527
97205,2571
97205,6874
97205,2959
97205,1676
97205,32
97205,1240
97205,2858
97205,1196
2109,500
2109,595
2109,588
2109,2406
2109,2028
2109,6539
2109,1259
2109,593
2109,3147
2109,7153
123359,58559
123359,5903
123359,48780
123359,50
123359,74458
123359,527
123359,1961
123359,4878
123359,48774
123359,55908
126942,2918
126942,480
126942,588
126942,2355
126942,500
126942,2291
126942,318
126942,1270
126942,4226
126942,1097
105395,1212
105395,2019
105395,68954
105395,50872
105395,5971
105395,31658
105395,7099
105395,5618
105395,950
105395,6620
53830,40583
53830,81932
53830,57669
53830,44195
53830,80906
53830,89804
53830,56782
53830,106100
53830,55276
53830,67255
123910,2858
123910,1265
123910,1704
123910,1682
123910,4226
123910,104841
123910,92259
123910,2762
123910,80463
123910,5445
58480,32587
58480,318
58480,7147
58480,1270
58480,68954
58480,70286
58480,7361
58480,3949
58480,68358
58480,4886
4007,1270
4007,5952
4007,1198
4007,3793
4007,924
4007,593
4007,1214
4007,1265
4007,1197
4007,750
92859,2186
92859,923
92859,908
92859,904
92859,1945
92859,1212
92859,953
92859,6787
92859,8228
92859,3468
14049,2762
14049,2858
14049,4973
14049,4993
14049,4886
14049,6539
14049,8360
14049,919
14049,1148
14049,527
129585,4226
129585,7438
129585,318
129585,54503
129585,5971
129585,1089
129585,51255
129585,66097
129585,68157
129585,74458
48860,106487
48860,91500
48860,58559
48860,2571
48860,7153
48860,4993
48860,88125
48860,106696
48860,102445
48860,68954
116531,5349
116531,858
116531,2858
116531,4226
116531,2762
116531,6377
116531,2692
116531,318
116531,1036
116531,6539
94991,1
94991,1198
94991,110
94991,593
94991,50
94991,318
94991,47
94991,8961
94991,5418
94991,4011
49613,2959
49613,4226
49613,50
49613,1193
49613,4027
49613,912
49613,2918
49613,1265
49613,919
49613,1235
98017,4022
98017,4226
98017,8529
98017,910
98017,38038
98017,32
98017,1704
98017,1059
98017,5669
98017,5218
4065,500
4065,5299
4065,2268
4065,339
4065,8533
4065,2762
4065,1270
4065,953
4065,457
4065,4306
47951,1089
47951,47
47951,3578
47951,593
47951,2959
47951,541
47951,318
47951,2716
47951,2028
47951,2115
75468,4226
75468,32
75468,4973
75468,2571
75468,1080
75468,29
75468,1653
75468,7438
75468,6874
75468,1206
45971,924
45971,541
45971,1653
45971,1748
45971,4370
45971,1682
45971,1199
45971,1136
45971,3793
45971,5349
35137,778
35137,50
35137,1193
35137,2959
35137,318
35137,1265
35137,3160
35137,6377
35137,1258
35137,356
64728,8970
64728,39292
64728,30707
64728,33660
64728,1947
64728,44709
64728,45950
64728,3255
64728,6565
64728,49272
129324,48394
129324,7361
129324,50
129324,4226
129324,55820
129324,5952
129324,1213
129324,858
129324,46578
129324,608
125924,2762
125924,4308
125924,45722
125924,8970
125924,39183
125924,1
125924,1721
125924,858
125924,1835
125924,46723
14414,593
14414,35836
14414,4226
14414,47099
14414,6502
14414,33166
14414,7254
14414,33794
14414,4995
14414,1682
135770,6377
135770,1
135770,79132
135770,91542
135770,8961
135770,33679
135770,96079
135770,4447
135770,588
135770,59315
137932,3578
137932,457
137932,47
137932,1197
137932,5952
137932,7153
137932,4993
137932,480
137932,56367
137932,6016
135963,2571
135963,4270
135963,3646
135963,2762
135963,6365
135963,3785
135963,7153
135963,2719
135963,4993
135963,4310
34768,1136
34768,5669
34768,608
34768,1097
34768,55820
34768,2997
34768,6807
34768,1080
34768,6711
34768,1270
66111,34437
66111,7361
66111,44694
66111,39292
66111,5618
66111,55820
66111,4144
66111,6016
66111,32587
66111,26776
65270,5618
65270,97304
65270,58559
65270,899
65270,97921
65270,858
65270,68157
65270,86882
65270,94959
65270,81847
57785,1682
57785,2858
57785,32587
57785,2329
57785,4226
57785,4973
57785,318
57785,4886
57785,4878
57785,1729
18470,47099
18470,40819
18470,1961
18470,49272
18470,56367
18470,8529
18470,35836
18470,1784
18470,4022
18470,30749
81024,4995
81024,1197
81024,356
81024,2571
81024,1265
81024,924
81024,4306
81024,48516
81024,6711
81024,2502
115524,318
115524,76093
115524,68954
115524,2959
115524,33794
115524,1200
115524,5903
115524,1214
115524,8874
115524,3996
64214,4299
64214,48780
64214,8972
64214,4896
64214,46578
64214,33679
64214,50872
64214,4886
64214,2571
64214,356
18771,318
18771,593
18771,541
18771,2959
18771,858
18771,1200
18771,2571
18771,4993
18771,1208
18771,1221
35220,4226
35220,1617
35220,1222
35220,356
35220,50
35220,750
35220,318
35220,2571
35220,2329
35220,7361
115711,47
115711,1213
115711,79132
115711,1136
115711,1982
115711,968
115711,5294
115711,3917
115711,57274
115711,1994
52893,589
52893,1580
52893,8665
52893,318
52893,4963
52893,1196
52893,1198
52893,5445
52893,2028
52893,44191
19291,6539
19291,1704
19291,457
19291,858
19291,527
19291,4995
19291,1136
19291,3578
19291,5349
19291,5445
12461,1240
12461,32
12461,96610
12461,5445
12461,589
12461,49272
12461,68237
12461,68157
12461,780
12461,260
92806,2918
92806,1704
92806,2762
92806,1732
92806,1240
92806,1220
92806,357
92806,1270
92806,1682
92806,47
90968,51255
90968,49272
90968,69122
90968,71535
90968,67087
90968,55820
90968,66509
90968,45517
90968,76251
90968,6327
102269,47
102269,588
102269,589
102269,1704
102269,1580
102269,2268
102269,2571
102269,593
102269,141
102269,6
125942,1704
125942,590
125942,589
125942,1225
125942,2396
125942,587
125942,150
125942,318
125942,4306
125942,509
76959,69644
76959,64957
76959,58559
76959,68554
76959,56587
76959,2424
76959,5989
76959,82202
76959,589
76959,5445
66143,44191
66143,36529
66143,36517
66143,30749
66143,40278
66143,39292
66143,39183
66143,8873
66143,8961
66143,27815
24712,1270
24712,480
24712,2959
24712,296
24712,912
24712,527
24712,750
24712,47
24712,1213
24712,1240
29589,5989
29589,597
29589,47
29589,318
29589,2329
29589,33166
29589,1704
29589,500
29589,593
29589,7254
122378,1214
122378,1233
122378,923
122378,969
122378,1200
122378,1212
122378,1204
122378,1301
122378,1198
122378,260
63875,2028
63875,4226
63875,2058
63875,2858
63875,1625
63875,457
63875,3980
63875,802
63875,2194
63875,5989
52437,6539
52437,1270
52437,4306
52437,8360
52437,8644
52437,6333
52437,5349
52437,588
52437,2
52437,7293
72212,33794
72212,35836
72212,3996
72212,8874
72212,1265
72212,1682
72212,111362
72212,2716
72212,77561
72212,4306
29814,2012
29814,480
29814,3114
29814,593
29814,1682
29814,5349
29814,587
29814,7153
29814,4993
29814,8636
16745,4218
16745,7126
16745,3182
16745,3019
16745,750
16745,714
16745,8042
16745,6229
16745,1288
16745,4552
126778,2571
126778,4011
126778,2329
126778,58559
126778,4226
126778,3949
126778,48516
126778,318
126778,57669
126778,60069
28355,357
28355,3911
28355,2396
28355,7023
28355,141
28355,232
28355,34
28355,1197
28355,342
28355,5222
13343,527
13343,4306
13343,1136
13343,32
13343,8970
13343,364
13343,1
13343,1270
13343,6377
13343,39183
38170,480
38170,1196
38170,260
38170,2762
38170,1653
38170,6539
38170,5989
38170,44191
38170,6377
38170,4963
117493,527
117493,3386
117493,2997
117493,7361
117493,6711
117493,4226
117493,68157
117493,48774
117493,37240
117493,3504
120939,1136
120939,2542
120939,1080
120939,7153
120939,4993
120939,1748
120939,33004
120939,520
120939,4306
120939,7147
25398,3578
25398,293
25398,4993
25398,5952
25398,1196
25398,1136
25398,2028
25398,589
25398,778
25398,50
95219,32
95219,7323
95219,50
95219,778
95219,4878
95219,318
95219,6016
95219,527
95219,293
95219,2762
31199,1584
31199,1208
31199,2194
31199,778
31199,7361
31199,60069
31199,4886
31199,3948
31199,30749
31199,47610
86153,1193
86153,7153
86153,4993
86153,109374
86153,2324
86153,4226
86153,60069
86153,79132
86153,92259
86153,58559
25881,588
25881,1022
25881,6183
25881,3599
25881,2087
25881,7579
25881,50872
25881,911
25881,6539
25881,4039
113580,2959
113580,56145
113580,296
113580,1210
113580,5418
113580,74458
113580,6539
113580,260
113580,1196
113580,56174
111433,50872
111433,68954
111433,72011
111433,49272
111433,54286
111433,2396
111433,79132
111433,88125
111433,1641
111433,40815
26030,5952
26030,480
26030,6753
26030,318
26030,3147
26030,2006
26030,368
26030,5010
26030,104
26030,2470
116275,1961
116275,6539
116275,4973
116275,1704
116275,5989
116275,2858
116275,2329
116275,1682
116275,780
116275,33166
91633,91658
91633,68954
91633,84152
91633,356
91633,48516
91633,72998
91633,92259
91633,91529
91633,44191
91633,97938
43304,1258
43304,2918
43304,2959
43304,2028
43304,3481
43304,1089
43304,4226
43304,1259
43304,1270
43304,25
7102,1527
7102,2571
7102,7153
7102,1196
7102,3081
7102,1200
7102,1748
7102,260
7102,3994
7102,1210
98519,1580
98519,1223
98519,3114
98519,50872
98519,1265
98519,2335
98519,8360
98519,2
98519,1197
98519,3751
91788,356
91788,44665
91788,110
91788,33166
91788,30707
91788,6539
91788,3082
91788,33794
91788,31225
91788,8529
7566,1089
7566,4886
7566,7361
7566,2959
7566,4027
7566,32587
7566,778
7566,32
7566,1
7566,4878
79311,4973
79311,79132
79311,7361
79311,5618
79311,108932
79311,81845
79311,56367
79311,109487
79311,4306
79311,46976
4314,33794
4314,6539
4314,51662
4314,55765
4314,5349
4314,145
4314,8984
4314,48780
4314,1573
4314,6874
82622,2959
82622,3949
82622,6286
82622,2858
82622,39183
82622,296
82622,40819
82622,7034
82622,4878
82622,2291
91184,356
91184,6377
91184,56367
91184,1721
91184,31685
91184,364
91184,1
91184,595
91184,8533
91184,45720
32383,733
32383,5418
32383,5349
32383,110
32383,6377
32383,8636
32383,480
32383,33794
32383,8665
32383,4886
117296,593
117296,1201
117296,32
117296,1234
117296,750
117296,2194
117296,296
117296,1617
117296,1266
117296,7757
62752,2716
62752,4226
62752,1193
62752,4878
62752,364
62752,1089
62752,2571
62752,2997
62752,1265
62752,586
22710,1136
22710,47
22710,1193
22710,903
22710,1299
22710,5291
22710,1201
22710,1262
22710,1200
22710,2762
52883,1610
52883,1197
52883,296
52883,1387
52883,1302
52883,1246
52883,590
52883,2194
52883,1954
52883,349
110277,32160
110277,7055
110277,6254
110277,2208
110277,954
110277,905
110277,8711
110277,3606
110277,26084
110277,2936
18728,1210
18728,3114
18728,318
18728,1945
18728,912
18728,457
18728,1136
18728,1287
18728,7072
18728,7075
18221,1222
18221,4226
18221,2858
18221,2571
18221,5445
18221,318
18221,50
18221,32587
18221,1198
18221,1291
48619,4878
48619,2858
48619,5502
48619,4816
48619,41569
48619,2161
48619,2746
48619,1994
48619,8917
48619,7147
45290,50
45290,2959
45290,44665
45290,36529
45290,54997
45290,63082
45290,2329
45290,2571
45290,318
45290,51662
77658,7361
77658,38886
77658,46723
77658,2318
77658,1354
77658,6711
77658,2076
77658,8949
77658,4641
77658,3569
100063,318
100063,7361
100063,4973
100063,49272
100063,56367
100063,32587
100063,356
100063,5349
100063,48774
100063,8784
103372,318
103372,356
103372,6377
103372,3916
103372,4993
103372,5952
103372,5989
103372,6879
103372,4886
103372,8961
114513,8961
114513,2571
114513,1196
114513,1198
114513,590
114513,296
114513,1197
114513,50
114513,380
114513,1270
49205,49772
49205,6867
49205,55280
49205,36517
49205,6448
49205,5300
49205,33660
49205,30803
49205,5890
49205,5876
75910,58559
75910,1270
75910,32
75910,527
75910,110
75910,1136
75910,4306
75910,480
75910,51255
75910,8961
77159,3421
77159,1240
77159,1645
77159,2193
77159,1270
77159,527
77159,1213
77159,2161
77159,48516
77159,161
132386,162
132386,32587
132386,3182
132386,72226
132386,1189
132386,49272
132386,48780
132386,30810
132386,112852
132386,27611
97413,344
97413,2174
97413,377
97413,6748
97413,288
97413,1265
97413,32
97413,296
97413,480
97413,608
41122,48780
41122,91529
41122,89745
41122,5989
41122,44191
41122,69122
41122,80463
41122,63082
41122,77561
41122,76093
77142,48516
77142,8984
77142,34162
77142,49272
77142,33166
77142,32596
77142,40819
77142,33679
77142,33660
77142,41566
26944,2571
26944,2959
26944,7373
26944,44191
26944,3081
26944,7153
26944,293
26944,3300
26944,541
26944,49272
113127,40583
113127,44195
113127,46850
113127,40819
113127,46578
113127,6331
113127,40815
113127,8966
113127,46976
113127,8949
91437,1307
91437,1721
91437,4995
91437,4963
91437,2762
91437,5989
91437,5299
91437,1923
91437,2918
91437,457
24148,48394
24148,551
24148,68954
24148,5618
24148,6377
24148,356
24148,63876
24148,69757
24148,1073
24148,33171
69894,1077
69894,1028
69894,953
69894,2779
69894,3037
69894,903
69894,3350
69894,4835
69894,2065
69894,34
12250,6218
12250,3911
12250,2997
12250,6296
12250,1747
12250,1704
12250,3481
12250,1247
12250,2858
12250,4029
47349,593
47349,858
47349,1219
47349,968
47349,6874
47349,1214
47349,1261
47349,1221
47349,4896
47349,1997
24649,44191
24649,76093
24649,318
24649,58559
24649,356
24649,296
24649,56367
24649,51662
24649,48780
24649,72998
52133,2858
52133,1835
52133,1721
52133,4995
52133,1917
52133,2424
52133,4814
52133,6539
52133,6942
52133,736
15734,110
15734,527
15734,589
15734,318
15734,3996
15734,1265
15734,608
15734,2355
15734,4022
15734,10
64307,1222
64307,2985
64307,1036
64307,1206
64307,1291
64307,2716
64307,2115
64307,58559
64307,2278
64307,32
10100,3793
10100,1196
10100,589
10100,1198
10100,780
10100,2706
10100,3578
10100,1580
10100,344
10100,49272
61989,2329
61989,46578
61989,296
61989,3949
61989,48394
61989,56367
61989,55814
61989,63082
61989,46723
61989,44555
612,44195
612,8645
612,39292
612,6953
612,48774
612,46723
612,2959
612,8873
612,32587
612,6874
83904,480
83904,316
83904,1580
83904,5816
83904,4886
83904,8636
83904,1196
83904,1210
83904,588
83904,364
112736,81845
112736,150
112736,4886
112736,56587
112736,8529
112736,3751
112736,318
112736,3147
112736,1961
112736,527
78499,32
78499,527
78499,4226
78499,260
78499,2762
78499,356
78499,509
78499,2692
78499,1265
78499,1080
16677,2762
16677,1089
16677,110
16677,608
16677,55820
16677,1200
16677,1198
16677,30707
16677,778
16677,1208
132275,5669
132275,50
132275,3949
132275,4995
132275,3897
132275,5679
132275,527
132275,6539
132275,6708
132275,4034
17489,1210
17489,150
17489,260
17489,1
17489,1265
17489,593
17489,7438
17489,32
17489,1923
17489,3578
135974,4226
135974,5989
135974,2028
135974,2959
135974,8798
135974,7153
135974,1645
135974,1408
135974,6539
135974,6
53613,4226
53613,7361
53613,2959
53613,2858
53613,4878
53613,56367
53613,5618
53613,50
53613,48394
53613,2908
130699,3751
130699,6377
130699,6979
130699,5418
130699,6333
130699,1262
130699,1036
130699,1148
130699,3745
130699,3256
79167,71535
79167,68157
79167,1968
79167,92420
79167,2858
79167,32
79167,293
79167,1270
79167,109487
79167,2918
1774,4306
1774,5418
1774,2571
1774,1580
1774,60069
1774,54286
1774,364
1774,110
1774,1197
1774,6377
131831,1183
131831,3578
131831,858
131831,1704
131831,2858
131831,920
131831,266
131831,1246
131831,608
131831,1221
104197,110
104197,4963
104197,33794
104197,1291
104197,6539
104197,1036
104197,69122
104197,2028
104197,589
104197,89745
20451,6539
20451,45722
20451,77561
20451,116823
20451,88125
20451,59315
20451,58559
20451,79132
20451,7380
20451,87232
16454,296
16454,4306
16454,5816
16454,30793
16454,41566
16454,3793
16454,356
16454,34162
16454,4886
16454,2502
1198,480
1198,7153
1198,592
1198,1265
1198,5952
1198,2959
1198,1259
1198,6539
1198,2012
1198,2407
39218,1136
39218,110
39218,2115
39218,1265
39218,1220
39218,3421
39218,68358
39218,60069
39218,296
39218,364
88640,110
88640,527
88640,2762
88640,2028
88640,593
88640,1721
88640,1213
88640,480
88640,7153
88640,32
108678,4963
108678,318
108678,5989
108678,6942
108678,3948
108678,1704
108678,3408
108678,1393
108678,1784
108678,7293
79103,318
79103,2571
79103,2959
79103,7153
79103,36529
79103,3275
79103,7445
79103,44199
79103,4993
79103,2028
8582,260
8582,1580
8582,480
8582,1270
8582,1196
8582,589
8582,380
8582,377
8582,59315
8582,2571
74662,750
74662,2076
74662,608
74662,48394
74662,3556
74662,356
74662,1682
74662,2712
74662,318
74662,2762
106296,1210
106296,293
106296,6016
106296,68157
106296,1201
106296,1196
106296,1617
106296,589
106296,4262
106296,904
12297,58559
12297,1
12297,76093
12297,1136
12297,48394
12297,4878
12297,44191
12297,778
12297,551
12297,2571
91810,1222
91810,2329
91810,858
91810,356
91810,593
91810,527
91810,3147
91810,2028
91810,6377
91810,1961
26598,4993
26598,2571
26598,6539
26598,4306
26598,296
26598,2959
26598,33493
26598,8961
26598,2028
26598,110
14328,595
14328,1198
14328,596
14328,5444
14328,2407
14328,8622
14328,7323
14328,110
14328,5349
14328,8368
19444,110
19444,3578
19444,50
19444,318
19444,47
19444,4011
19444,34405
19444,2858
19444,2329
19444,1089
130749,2716
130749,4306
130749,7153
130749,2918
130749,8360
130749,4993
130749,2081
130749,35836
130749,2804
130749,318
109530,6377
109530,79132
109530,87232
109530,4886
109530,364
109530,76093
109530,1198
109530,60069
109530,68954
109530,2571
97469,79091
97469,4306
97469,96079
97469,79132
97469,91529
97469,68954
97469,1196
97469,1198
97469,49272
97469,87232
5664,4993
5664,5952
5664,750
5664,2858
5664,3751
5664,296
5664,260
5664,1288
5664,2918
5664,2502
104963,1136
104963,2858
104963,1214
104963,111
104963,1258
104963,79132
104963,1732
104963,527
104963,608
104963,1198
116711,1721
116711,6874
116711,3147
116711,527
116711,7147
116711,48394
116711,2692
116711,5989
116711,3481
116711,50
17002,296
17002,50
17002,16
17002,2762
17002,3147
17002,5418
17002,59369
17002,4963
17002,33794
17002,4226
74735,1136
74735,919
74735,595
74735,3556
74735,8874
74735,8376
74735,5902
74735,8784
74735,527
74735,2291
82735,1198
82735,2571
82735,1291
82735,260
82735,480
82735,3082
82735,10
82735,1722
82735,356
82735,592
631,2762
631,68954
631,74458
631,6874
631,364
631,111
631,5147
631,1240
631,109374
631,4973
93107,2959
93107,608
93107,1221
93107,2858
93107,39292
93107,6787
93107,1090
93107,904
93107,356
93107,110
55324,6874
55324,5618
55324,4226
55324,7438
55324,1270
55324,2696
55324,2324
55324,3081
55324,4878
55324,293
20029,53464
20029,5349
20029,2642
20029,60040
20029,6333
20029,33493
20029,3439
20029,58559
20029,6541
20029,765
18958,48774
18958,8665
18958,1784
18958,1213
18958,46578
18958,3033
18958,8961
18958,1073
18958,1193
18958,2011
64091,457
64091,1036
64091,1291
64091,2947
64091,4306
64091,4995
64091,858
64091,4963
64091,480
64091,2194
50274,2502
50274,1704
50274,356
50274,2716
50274,8360
50274,1302
50274,2115
50274,1961
50274,553
50274,1580
40287,1197
40287,457
40287,1
40287,318
40287,2502
40287,260
40287,8961
40287,527
40287,1210
40287,553
14584,858
14584,2858
14584,6016
14584,64839
14584,69481
14584,608
14584,55820
14584,32
14584,69122
14584,1136
68892,2706
68892,7317
68892,5989
68892,55765
68892,333
68892,5785
68892,2694
68892,77561
68892,6365
68892,919
137421,593
137421,32587
137421,318
137421,6016
137421,4226
137421,44195
137421,4878
137421,356
137421,4973
137421,48780
54458,1704
54458,2997
54458,1214
54458,296
54458,1257
54458,7361
54458,8784
54458,1682
54458,2791
54458,1220
95093,1198
95093,593
95093,1221
95093,1200
95093,541
95093,1527
95093,480
95093,1291
95093,316
95093,150
59276,457
59276,2762
59276,1500
59276,1089
59276,3481
59276,6711
59276,750
59276,3897
59276,38061
59276,56367
23663,2692
23663,6711
23663,5669
23663,5225
23663,58
23663,1961
23663,1682
23663,597
23663,7361
23663,1270
112765,2858
112765,58559
112765,750
112765,1193
112765,778
112765,1206
112765,27773
112765,2571
112765,1222
112765,4973
51226,356
51226,6377
51226,4963
51226,318
51226,69122
51226,60069
51226,4306
51226,6539
51226,80463
51226,72998
59408,34437
59408,30749
59408,33166
59408,39292
59408,34072
59408,32587
59408,8981
59408,48385
59408,33493
59408,34162
109298,44191
109298,40815
109298,4306
109298,5618
109298,1198
109298,33794
109298,5349
109298,60069
109298,1223
109298,3000
14141,908
14141,318
14141,593
14141,1203
14141,50
14141,2762
14141,1240
14141,4226
14141,3175
14141,2176
12937,778
12937,4226
12937,296
12937,8784
12937,6874
12937,47
12937,1089
12937,5669
12937,593
12937,6711
3201,2728
3201,1204
3201,1282
3201,1028
3201,6987
3201,858
3201,1260
3201,2644
3201,2068
3201,1104
24979,1214
24979,1213
24979,4973
24979,589
24979,1240
24979,44555
24979,750
24979,1265
24979,1617
24979,1233
27242,356
27242,780
27242,1580
27242,5349
27242,59315
27242,2115
27242,7143
27242,4995
27242,8360
27242,8644
87034,296
87034,1
87034,47
87034,1073
87034,4226
87034,2571
87034,6539
87034,4022
87034,4963
87034,1968
49986,593
49986,4995
49986,318
49986,2028
49986,3147
49986,3386
49986,8340
49986,2023
49986,30707
49986,1721
114016,32
114016,318
114016,110
114016,2571
114016,3793
114016,2012
114016,593
114016,780
114016,19
114016,223
117640,6541
117640,6934
117640,5349
117640,2167
117640,442
117640,33679
117640,6874
117640,45722
117640,1291
117640,4367
20330,6874
20330,589
20330,318
20330,593
20330,47
20330,70
20330,1732
20330,1214
20330,541
20330,1200
76969,2762
76969,457
76969,5989
76969,150
76969,2058
76969,2353
76969,377
76969,1240
76969,292
76969,3994
105388,2959
105388,68954
105388,56367
105388,6711
105388,58559
105388,79132
105388,7147
105388,4226
105388,46976
105388,55814
136588,912
136588,2997
136588,1089
136588,1704
136588,48516
136588,1961
136588,1945
136588,3317
136588,2959
136588,1244
73561,1206
73561,593
73561,1265
73561,2028
73561,1258
73561,1193
73561,47
73561,968
73561,231
73561,1721
7897,356
7897,8961
7897,3751
7897,2762
7897,5349
7897,40629
7897,17
7897,38038
7897,364
7897,2324
8145,5989
8145,356
8145,318
8145,8970
8145,6539
8145,3578
8145,5418
8145,2571
8145,1291
8145,4963
128280,593
128280,50
128280,4973
128280,858
128280,32
128280,2858
128280,2571
128280,1206
128280,778
128280,46578
35733,527
35733,1240
35733,111
35733,33660
35733,6870
35733,49530
35733,30707
35733,1222
35733,63082
35733,6016
30949,1089
30949,4226
30949,2571
30949,3000
30949,7361
30949,1732
30949,356
30949,99114
30949,2329
30949,111
80063,1291
80063,5618
80063,500
80063,2355
80063,54286
80063,1198
80063,1197
80063,45517
80063,8368
80063,2716
93559,1219
93559,2959
93559,111
93559,593
93559,2571
93559,904
93559,1084
93559,2712
93559,3676
93559,49932
37760,6539
37760,356
37760,2571
37760,1136
37760,89745
37760,1198
37760,1197
37760,912
37760,111759
37760,111362
47409,8360
47409,4306
47409,6539
47409,8636
47409,8961
47409,6377
47409,30812
47409,4246
47409,5989
47409,902
13431,7147
13431,1089
13431,7090
13431,106100
13431,4963
13431,93721
13431,27660
13431,71535
13431,93838
13431,2529
130974,60069
130974,58559
130974,1196
130974,1270
130974,70286
130974,1221
130974,1198
130974,2716
130974,54503
130974,79132
52125,4993
52125,7361
52125,1704
52125,527
52125,2571
52125,2329
52125,4011
52125,2762
52125,58559
52125,608
42253,1270
42253,1682
42253,4973
42253,2762
42253,1210
42253,2959
42253,2858
42253,1200
42253,356
42253,1291
3892,32587
3892,59315
3892,7361
3892,2571
3892,6502
3892,46578
3892,47
3892,318
3892,61240
3892,6016
76197,4973
76197,1208
76197,5952
76197,2762
76197,1258
76197,541
76197,778
76197,111
76197,6874
76197,4011
29407,2858
29407,593
29407,2959
29407,7361
29407,4226
29407,5618
29407,58559
29407,1213
29407,778
29407,951
50024,2028
50024,7153
50024,4993
50024,2115
50024,260
50024,3114
50024,1917
50024,5952
50024,2353
50024,8636
30637,1089
30637,1291
30637,1580
30637,919
30637,4306
30637,1080
30637,527
30637,1247
30637,1682
30637,1393
71052,5952
71052,4993
71052,2762
71052,50
71052,1197
71052,1923
71052,2291
71052,7147
71052,2502
71052,4963
14826,6942
14826,2571
14826,2762
14826,72998
14826,59315
14826,3147
14826,2959
14826,54259
14826,91500
14826,597
10145,4878
10145,4973
10145,1732
10145,32587
10145,2997
10145,6711
10145,55820
10145,4886
10145,293
10145,356
48427,3578
48427,2571
48427,527
48427,4993
48427,296
48427,7153
48427,99114
48427,5952
48427,4995
48427,92259
36721,47
36721,2712
36721,1732
36721,1617
36721,1258
36721,527
36721,1206
36721,2692
36721,1222
36721,1704
36008,356
36008,3578
36008,5952
36008,1645
36008,5989
36008,7143
36008,318
36008,8529
36008,31685
36008,2571
22900,5445
22900,33794
22900,2571
22900,31878
22900,2959
22900,1
22900,3996
22900,2762
22900,5989
22900,5349
82770,296
82770,1610
82770,5418
82770,4995
82770,4034
82770,4306
82770,1246
82770,527
82770,593
82770,2762
132009,79132
132009,5952
132009,593
132009,48516
132009,5995
132009,2329
132009,31410
132009,55820
132009,63082
132009,356
65831,838
65831,932
65831,539
65831,2125
65831,40629
65831,595
65831,916
65831,1307
65831,3097
65831,2248
21041,1198
21041,593
21041,296
21041,608
21041,1961
21041,1704
21041,1259
21041,4886
21041,1136
21041,2716
24715,7153
24715,5952
24715,6539
24715,4306
24715,457
24715,6377
24715,4034
24715,589
24715,231
24715,8665
113487,33166
113487,48780
113487,44191
113487,49272
113487,8873
113487,44022
113487,33679
113487,52722
113487,6016
113487,41285
48633,4306
48633,47
48633,593
48633,7361
48633,4011
48633,56367
48633,44191
48633,1682
48633,3147
48633,4963
57423,47
57423,223
57423,296
57423,2858
57423,4027
57423,48385
57423,2918
57423,2174
57423,8784
57423,8874
127603,2858
127603,356
127603,2997
127603,2324
127603,4886
127603,2762
127603,357
127603,318
127603,1641
127603,1225
137277,1641
137277,91529
137277,1080
137277,2692
137277,59387
137277,1704
137277,69122
137277,107406
137277,3868
137277,1587
25164,69122
25164,7361
25164,68954
25164,2959
25164,52973
25164,8784
25164,4973
25164,50872
25164,44195
25164,79132
24811,7361
24811,1274
24811,1258
24811,76093
24811,87232
24811,4226
24811,593
24811,48774
24811,2571
24811,8874
121736,32
121736,44555
121736,2329
121736,4973
121736,356
121736,4878
121736,6016
121736,3949
121736,1193
121736,527
103362,70286
103362,53996
103362,1393
103362,7451
103362,4299
103362,1073
103362,1101
103362,1059
103362,1917
103362,1721
84541,72641
84541,8665
84541,457
84541,89492
84541,48516
84541,4963
84541,30707
84541,8958
84541,49272
84541,59315
25493,1136
25493,6377
25493,7153
25493,4993
25493,6539
25493,2571
25493,356
25493,4995
25493,588
25493,2396
2268,7361
2268,2959
2268,5618
2268,52885
2268,4878
2268,48394
2268,29
2268,4993
2268,4226
2268,1148
91612,32
91612,2959
91612,593
91612,2997
91612,55820
91612,5952
91612,7153
91612,4993
91612,1206
91612,44555
62571,7361
62571,593
62571,2762
62571,48516
62571,356
62571,4995
62571,3578
62571,1270
62571,1193
62571,150
81114,364
81114,68954
81114,1210
81114,1197
81114,919
81114,6218
81114,4306
81114,81845
81114,91500
81114,8533
85171,1136
85171,1580
85171,3702
85171,260
85171,3996
85171,6539
85171,293
85171,44191
85171,5903
85171,1676
81540,4886
81540,593
81540,2571
81540,2858
81540,4993
81540,5349
81540,260
81540,858
81540,4963
81540,44191
8098,296
8098,2959
8098,4973
8098,2028
8098,318
8098,30749
8098,4995
8098,58303
8098,58559
8098,2357
50427,589
50427,150
50427,296
50427,2858
50427,3448
50427,1210
50427,474
50427,3996
50427,30812
50427,6947
126278,2571
126278,51662
126278,48516
126278,4226
126278,63082
126278,33794
126278,5995
126278,1089
126278,4011
126278,49272
36566,1198
36566,32587
36566,33794
36566,48780
36566,1921
36566,57368
36566,1210
36566,296
36566,8636
36566,6333
94196,8961
94196,1983
94196,81847
94196,6880
94196,79091
94196,593
94196,318
94196,356
94196,2107
94196,1974
131818,6377
131818,8961
131818,8360
131818,4306
131818,4896
131818,3793
131818,4886
131818,5445
131818,7254
131818,5816
128480,7153
128480,5952
128480,919
128480,1270
128480,91542
128480,98809
128480,2355
128480,480
128480,33493
128480,1028
126845,593
126845,2918
126845,6218
126845,2706
126845,500
126845,4306
126845,1307
126845,150
126845,8961
126845,27808
78620,296
78620,2571
78620,48516
78620,231
78620,593
78620,1954
78620,5989
78620,64969
78620,3578
78620,1682
113806,3552
113806,6287
113806,4247
113806,43936
113806,2423
113806,1461
113806,780
113806,4306
113806,7438
113806,6709
74822,4993
74822,70286
74822,1210
74822,32587
74822,7153
74822,5952
74822,7361
74822,52885
74822,2997
74822,60684
11966,74458
11966,55820
11966,2858
11966,5989
11966,33794
11966,1704
11966,106782
11966,4963
11966,54286
11966,49530
21108,3451
21108,3362
21108,923
21108,7217
21108,6724
21108,1035
21108,1617
21108,943
21108,947
21108,539
75239,1270
75239,480
75239,5445
75239,58559
75239,6539
75239,1527
75239,527
75239,1682
75239,7361
75239,778
117090,50
117090,16
117090,296
117090,1704
117090,3508
117090,805
117090,2302
117090,1358
117090,1203
117090,81932
126097,457
126097,527
126097,4973
126097,296
126097,1617
126097,1225
126097,2028
126097,1208
126097,904
126097,4226
28923,3114
28923,1610
28923,594
28923,2028
28923,364
28923,1954
28923,1387
28923,1994
28923,733
28923,2662
34656,2329
34656,6
34656,555
34656,1210
34656,1517
34656,2580
34656,1912
34656,4034
34656,1288
34656,1206
116053,58559
116053,2959
116053,589
116053,2502
116053,750
116053,1220
116053,1270
116053,8874
116053,2716
116053,1210
23921,5218
23921,4995
23921,4963
23921,5989
23921,7153
23921,6539
23921,3578
23921,2571
23921,91500
23921,4886
130323,4886
130323,50872
130323,260
130323,364
130323,6539
130323,551
130323,6377
130323,60069
130323,1
130323,5971
106271,54286
106271,1240
106271,6377
106271,48780
106271,76251
106271,5989
106271,63082
106271,733
106271,1258
106271,3527
10421,260
10421,1196
10421,1214
10421,1036
10421,55820
10421,4011
10421,4262
10421,1210
10421,3527
10421,4776
67383,2858
67383,4226
67383,296
67383,2959
67383,4878
67383,8910
67383,6016
67383,3949
67383,750
67383,56367
97310,7361
97310,2959
97310,79132
97310,4878
97310,8874
97310,6377
97310,63876
97310,68954
97310,4896
97310,66934
88484,1291
88484,293
88484,1193
88484,1172
88484,1704
88484,1097
88484,1206
88484,58559
88484,1228
88484,357
121842,4226
121842,2858
121842,344
121842,780
121842,2959
121842,3578
121842,648
121842,480
121842,48516
121842,380
81461,70286
81461,79132
81461,1222
81461,4993
81461,593
81461,1221
81461,56782
81461,5418
81461,57669
81461,1036
93662,1079
93662,296
93662,2858
93662,1193
93662,318
93662,68157
93662,2571
93662,6807
93662,6218
93662,79132
76869,8874
76869,55820
76869,54272
76869,34405
76869,39183
76869,48516
76869,52973
76869,59315
76869,8376
76869,41569
63303,593
63303,4011
63303,4226
63303,318
63303,2502
63303,64614
63303,5418
63303,2858
63303,38061
63303,858
93705,2739
93705,26133
93705,1
93705,3668
93705,3723
93705,1243
93705,2019
93705,69849
93705,3044
93705,3246
71381,608
71381,5618
71381,2959
71381,1222
71381,2858
71381,750
71381,741
71381,858
71381,1258
71381,4878
17891,110
17891,2762
17891,648
17891,2706
17891,2028
17891,3578
17891,2763
17891,1784
17891,858
17891,733
49990,1704
49990,1197
49990,5991
49990,33794
49990,3996
49990,1387
49990,41997
49990,5464
49990,4886
49990,4022
57144,356
57144,2858
57144,60069
57144,4011
57144,1213
57144,2542
57144,32587
57144,8874
57144,55820
57144,1198
25645,79132
25645,105844
25645,1957
25645,150
25645,106918
25645,106441
25645,1704
25645,6377
25645,2571
25645,91500
65767,63082
65767,5445
65767,55820
65767,4896
65767,4995
65767,4306
65767,1682
65767,6934
65767,858
65767,8376
123045,3578
123045,593
123045,50
123045,4226
123045,6539
123045,1089
123045,293
123045,5445
123045,2028
123045,1222
131756,4973
131756,3949
131756,4878
131756,32
131756,81591
131756,924
131756,68157
131756,260
131756,2997
131756,778
70544,3081
70544,47
70544,2160
70544,1219
70544,1197
70544,2746
70544,318
70544,2502
70544,2858
70544,6502
64135,78499
64135,318
64135,8528
64135,68157
64135,3578
64135,356
64135,480
64135,2028
64135,64614
64135,5989
50157,2858
50157,296
50157,50
50157,1213
50157,2329
50157,1221
50157,56782
50157,6874
50157,356
50157,60069
23707,1258
23707,6874
23707,318
23707,1208
23707,48394
23707,924
23707,1214
23707,593
23707,1673
23707,527
13979,2273
13979,4623
13979,368
13979,3450
13979,4321
13979,1722
13979,539
13979,2406
13979,30825
13979,34162
1256,2959
1256,1704
1256,318
1256,79132
1256,293
1256,26614
1256,58
1256,48516
1256,1089
1256,81845
52870,954
52870,3097
52870,8235
52870,908
52870,1284
52870,1203
52870,7055
52870,2935
52870,8712
52870,926
38413,608
38413,1617
38413,2997
38413,1265
38413,50
38413,2762
38413,858
38413,2858
38413,21
38413,457
34813,47
34813,6365
34813,1089
34813,1653
34813,4226
34813,1676
34813,1265
34813,2683
34813,316
34813,3527
58706,1997
58706,589
58706,480
58706,1193
58706,48780
58706,2762
58706,1673
58706,44195
58706,5989
58706,53000
135960,86882
135960,527
135960,4963
135960,49272
135960,1210
135960,3578
135960,1035
135960,4973
135960,858
135960,4306
20882,8961
20882,2571
20882,6377
20882,778
20882,1193
20882,527
20882,2542
20882,2028
20882,1036
20882,8784
125806,588
125806,1097
125806,1197
125806,457
125806,2683
125806,2762
125806,364
125806,1136
125806,208
125806,1200
60707,8368
60707,79132
60707,7147
60707,66097
60707,86880
60707,593
60707,253
60707,73017
60707,41566
60707,88125
60010,527
60010,4995
60010,588
60010,454
60010,3147
60010,1393
60010,474
60010,780
60010,339
60010,2671
87704,2571
87704,47
87704,2959
87704,4085
87704,377
87704,1036
87704,333
87704,58559
87704,3275
87704,344
133011,2028
133011,2571
133011,593
133011,1213
133011,4226
133011,55820
133011,1221
133011,2997
133011,1222
133011,260
36505,4993
36505,296
36505,356
36505,5952
36505,7153
36505,59784
36505,6539
36505,59315
36505,2959
36505,6874
114930,6377
114930,2571
114930,6539
114930,3578
114930,356
114930,2762
114930,8961
114930,377
114930,2028
114930,45722
115852,97304
115852,53894
115852,51662
115852,80463
115852,52973
115852,55820
115852,49272
115852,44974
115852,104841
115852,45499
23006,57528
23006,55765
23006,54736
23006,6016
23006,44191
23006,53894
23006,44665
23006,69481
23006,5669
23006,5903
63474,3793
63474,4963
63474,4995
63474,1617
63474,32
63474,4896
63474,40815
63474,1961
63474,4878
63474,8636
105254,2959
105254,924
105254,296
105254,6807
105254,1732
105254,8620
105254,1089
105254,32
105254,4437
105254,5618
45928,3578
45928,1196
45928,293
45928,5010
45928,356
45928,1210
45928,8622
45928,50068
45928,6947
45928,3091
22367,1270
22367,4973
22367,590
22367,2329
22367,7438
22367,32587
22367,58559
22367,59315
22367,1136
22367,49272
105029,2762
105029,6539
105029,527
105029,6377
105029,260
105029,1196
105029,898
105029,1265
105029,5418
105029,2501
24787,55820
24787,6281
24787,55290
24787,2023
24787,16
24787,55247
24787,69640
24787,55118
24787,1258
24787,4973
58109,527
58109,858
58109,593
58109,1193
58109,1221
58109,1219
58109,1252
58109,318
58109,1207
58109,1272
34516,60069
34516,5952
34516,50
34516,4993
34516,2028
34516,356
34516,48516
34516,480
34516,1270
34516,32
3149,6378
3149,4901
3149,7502
3149,161
3149,33679
3149,7980
3149,26614
3149,5010
3149,1610
3149,8984
9118,5218
9118,733
9118,6333
9118,4369
9118,62374
9118,296
9118,44191
9118,33166
9118,58025
9118,40278
13771,4896
13771,6874
13771,7438
13771,53125
13771,4878
13771,4306
13771,5816
13771,51662
13771,69122
13771,1196
55706,6377
55706,527
55706,1
55706,364
55706,8368
55706,1704
55706,1097
55706,953
55706,150
55706,1246
120853,2329
120853,296
120853,6016
120853,1089
120853,1222
120853,2858
120853,356
120853,778
120853,750
120853,6874
87689,593
87689,1258
87689,7361
87689,32
87689,908
87689,4226
87689,1333
87689,4878
87689,2858
87689,608
74579,2959
74579,1196
74579,1213
74579,5952
74579,7153
74579,4993
74579,1221
74579,1259
74579,2502
74579,7438
119508,8961
119508,6377
119508,3793
119508,3578
119508,2918
119508,50
119508,4963
119508,595
119508,1961
119508,597
118803,4226
118803,50
118803,2329
118803,3578
118803,4262
118803,6539
118803,3793
118803,778
118803,49272
118803,1270
88595,5952
88595,7153
88595,1
88595,4993
88595,110
88595,364
88595,2571
88595,1193
88595,48780
88595,1270
52896,110
52896,32
52896,33794
52896,1527
52896,1136
52896,5445
52896,6539
52896,50
52896,8636
52896,3996
108419,4011
108419,7153
108419,2997
108419,1265
108419,111
108419,2716
108419,364
108419,3578
108419,1
108419,231
86651,364
86651,6373
86651,3717
86651,5266
86651,6874
86651,3825
86651,4022
86651,4299
86651,165
86651,5574
20300,7361
20300,2959
20300,2571
20300,4226
20300,46578
20300,68954
20300,60069
20300,296
20300,1202
20300,66934
24028,50
24028,593
24028,49272
24028,1210
24028,260
24028,8961
24028,4226
24028,858
24028,7438
24028,7361
67977,4886
67977,68954
67977,89745
67977,5618
67977,72998
67977,81845
67977,79132
67977,50872
67977,60069
67977,91500
106875,1196
106875,46578
106875,6539
106875,4995
106875,48774
106875,7438
106875,6711
106875,1732
106875,1884
106875,44555
129596,356
129596,4995
129596,3408
129596,539
129596,1307
129596,508
129596,1682
129596,36
129596,1962
129596,529
81304,34437
81304,7361
81304,32
81304,608
81304,2997
81304,1732
81304,3328
81304,1222
81304,4878
81304,3521
35711,318
35711,58559
35711,47
35711,74458
35711,50
35711,2329
35711,55820
35711,48516
35711,88129
35711,593
54703,63131
54703,34162
54703,52973
54703,35836
54703,55820
54703,30749
54703,64957
54703,44191
54703,6188
54703,56782
2515,778
2515,2571
2515,3000
2515,48394
2515,1214
2515,1193
2515,924
2515,3462
2515,4144
2515,63876
83261,56367
83261,7361
83261,63082
83261,904
83261,4226
83261,49961
83261,1136
83261,60069
83261,1225
83261,1203
40054,55820
40054,1721
40054,2762
40054,44555
40054,608
40054,2028
40054,589
40054,648
40054,7361
40054,150
133154,47
133154,60069
133154,593
133154,2858
133154,5225
133154,527
133154,356
133154,1089
133154,1206
133154,58559
97119,59315
97119,356
97119,296
97119,593
97119,2000
97119,1208
97119,2542
97119,4011
97119,1676
97119,77561
36578,44191
36578,44199
36578,8961
36578,37741
36578,39183
36578,34405
36578,37733
36578,8949
36578,36517
36578,6016
82829,8861
82829,1219
82829,912
82829,858
82829,923
82829,593
82829,1203
82829,72378
82829,1221
82829,903
64049,912
64049,81591
64049,356
64049,1258
64049,50
64049,1193
64049,3996
64049,1221
64049,2858
64049,1265
16221,55765
16221,44665
16221,32029
16221,33794
16221,4223
16221,1792
16221,36529
16221,6378
16221,1036
16221,51662
11560,1200
11560,5952
11560,4993
11560,7153
11560,924
11560,2019
11560,1237
11560,2858
11560,2467
11560,1287
73924,457
73924,527
73924,318
73924,912
73924,1036
73924,1207
73924,3735
73924,1203
73924,296
73924,110
55189,1208
55189,778
55189,2762
55189,318
55189,50
55189,6874
55189,32587
55189,5445
55189,4306
55189,4973
47080,2012
47080,2011
47080,96610
47080,1196
47080,32
47080,2762
47080,5418
47080,296
47080,5690
47080,104841
41160,58047
41160,98809
41160,91529
41160,45062
41160,44199
41160,58025
41160,68358
41160,52722
41160,53129
41160,103810
14174,1552
14174,173
14174,204
14174,216
14174,95
14174,163
14174,1805
14174,3698
14174,3107
14174,172
58324,2858
58324,6016
58324,6711
58324,4973
58324,5995
58324,30812
58324,2571
58324,48516
58324,527
58324,5902
29808,1036
29808,380
29808,32
29808,1214
29808,1240
29808,3578
29808,356
29808,1265
29808,1653
29808,54272
81681,2762
81681,1580
81681,1198
81681,4886
81681,41569
81681,1682
81681,3147
81681,8636
81681,5618
81681,2081
109513,318
109513,1136
109513,500
109513,2762
109513,588
109513,364
109513,49272
109513,44191
109513,1923
109513,32587
7061,1214
7061,1097
7061,4306
7061,1036
7061,1240
7061,7153
7061,1580
7061,2012
7061,1073
7061,1704
66252,58559
66252,8961
66252,5349
66252,6377
66252,2571
66252,33794
66252,6934
66252,4306
66252,7254
66252,60074
122174,858
122174,1625
122174,4011
122174,2959
122174,4720
122174,3996
122174,1208
122174,5679
122174,6502
122174,356
85804,58559
85804,4370
85804,32587
85804,51662
85804,7373
85804,72998
85804,1210
85804,60069
85804,1196
85804,68358
65141,780
65141,364
65141,587
65141,586
65141,318
65141,1580
65141,367
65141,1517
65141,2423
65141,6373
44060,778
44060,6323
44060,1884
44060,68952
44060,32587
44060,48385
44060,61024
44060,3994
44060,6539
44060,3300
83172,51931
83172,39
83172,2797
83172,41573
83172,1246
83172,7361
83172,1307
83172,7451
83172,6155
83172,500
79096,2762
79096,6539
79096,6377
79096,318
79096,733
79096,3408
79096,1917
79096,527
79096,2006
79096,1485
110408,79132
110408,356
110408,68157
110408,50
110408,47
110408,778
110408,6711
110408,72226
110408,1258
110408,70286
87360,48780
87360,555
87360,48774
87360,55118
87360,8950
87360,608
87360,48394
87360,3160
87360,37733
87360,1617
27838,3578
27838,1721
27838,318
27838,4270
27838,3147
27838,593
27838,5679
27838,1438
27838,47
27838,1801
5309,593
5309,60069
5309,2947
5309,4886
5309,2115
5309,1097
5309,33794
5309,58559
5309,541
5309,4963
107503,1221
107503,608
107503,2571
107503,593
107503,47
107503,111
107503,480
107503,1265
107503,1097
107503,48516
9475,99114
9475,58559
9475,293
9475,318
9475,2571
9475,4011
9475,7438
9475,4878
9475,79132
9475,47
103941,7438
103941,110
103941,3949
103941,4306
103941,6016
103941,5218
103941,1884
103941,858
103941,6539
103941,74458
56556,4306
56556,527
56556,50
56556,1
56556,296
56556,1265
56556,2858
56556,587
56556,590
56556,1097
37600,1270
37600,296
37600,1210
37600,1
37600,318
37600,2959
37600,6377
37600,2858
37600,60069
37600,6874
108207,1196
108207,260
108207,296
108207,1200
108207,1213
108207,858
108207,1208
108207,1193
108207,1210
108207,924
78137,2762
78137,8961
78137,54286
78137,2019
78137,2987
78137,1222
78137,111
78137,1265
78137,5349
78137,3578
11729,1270
11729,46578
11729,1101
11729,5902
11729,480
11729,1641
11729,72011
11729,1036
11729,586
11729,111
49703,260
49703,1240
49703,1210
49703,110
49703,2959
49703,1
49703,318
49703,6539
49703,58559
49703,3793
101247,356
101247,589
101247,150
101247,1270
101247,2571
101247,364
101247,1580
101247,2028
101247,590
101247,1387
10432,81845
10432,104841
10432,89745
10432,79132
10432,527
10432,96610
10432,99114
10432,85414
10432,260
10432,2915
94953,4993
94953,5952
94953,7153
94953,1721
94953,72641
94953,58559
94953,64957
94953,4886
94953,2324
94953,2959
123955,1196
123955,1197
123955,4226
123955,318
123955,1073
123955,4027
123955,1080
123955,6539
123955,364
123955,4896
68461,110
68461,2762
68461,4226
68461,1097
68461,50
68461,1
68461,480
68461,1682
68461,6016
68461,32
135572,480
135572,59315
135572,79132
135572,60069
135572,32587
135572,231
135572,91529
135572,68157
135572,44191
135572,2571
119024,70286
119024,50
119024,1732
119024,1265
119024,1200
119024,318
119024,6807
119024,1245
119024,79008
119024,7022
78719,47
78719,4993
78719,778
78719,1527
78719,6711
78719,1704
78719,590
78719,3147
78719,2997
78719,589
123490,5816
123490,4306
123490,58559
123490,69844
123490,5349
123490,54001
123490,4963
123490,63082
123490,68954
123490,8644
127596,1213
127596,50
127596,2959
127596,1089
127596,3168
127596,1252
127596,55820
127596,26840
127596,1196
127596,1219
68442,4993
68442,899
68442,1035
68442,2080
68442,4447
68442,1380
68442,2085
68442,3675
68442,500
68442,3082
39260,780
39260,832
39260,5816
39260,2001
39260,33493
39260,1210
39260,3147
39260,552
39260,8360
39260,2571
41235,2959
41235,165
41235,733
41235,296
41235,4306
41235,2918
41235,1089
41235,1213
41235,50
41235,1101
63375,318
63375,7153
63375,593
63375,5952
63375,296
63375,4995
63375,110
63375,47
63375,357
63375,4973
52877,52885
52877,68237
52877,60069
52877,77455
52877,61323
52877,34153
52877,53894
52877,44788
52877,38038
52877,34338
129012,2959
129012,589
129012,110
129012,7153
129012,296
129012,356
129012,318
129012,541
129012,1527
129012,1373
137839,50
137839,541
137839,6016
137839,48516
137839,3949
137839,3578
137839,1625
137839,431
137839,1240
137839,55765
38372,4776
38372,6016
38372,44199
38372,8798
38372,457
38372,2353
38372,2763
38372,2947
38372,3578
38372,111
109820,6377
109820,1580
109820,60069
109820,68157
109820,8961
109820,3578
109820,5952
109820,6502
109820,73017
109820,1210
50541,2329
50541,589
50541,47
50541,593
50541,3949
50541,31410
50541,4973
50541,6807
50541,4878
50541,1199
74756,110
74756,40815
74756,2762
74756,3081
74756,3578
74756,2115
74756,590
74756,527
74756,6377
74756,2959
51295,33794
51295,110
51295,589
51295,1527
51295,1580
51295,5445
51295,356
51295,5459
51295,593
51295,2115
65931,7361
65931,8784
65931,778
65931,3996
65931,3083
65931,2997
65931,6377
65931,41285
65931,1258
65931,2692
117756,608
117756,908
117756,110
117756,1307
117756,1259
117756,4995
117756,4465
117756,1784
117756,5989
117756,296
72078,63082
72078,41571
72078,64957
72078,4308
72078,56941
72078,58559
72078,40629
72078,527
72078,7154
72078,70293
29354,68157
29354,48516
29354,33794
29354,111
29354,51662
29354,2329
29354,2571
29354,32
29354,6
29354,4011
41913,47610
41913,32
41913,2058
41913,5349
41913,55765
41913,6378
41913,44191
41913,7143
41913,4226
41913,1527
91626,45720
91626,49286
91626,63992
91626,54259
91626,91630
91626,27808
91626,41997
91626,48774
91626,55276
91626,64575
69930,7361
69930,296
69930,59315
69930,44191
69930,56367
69930,2502
69930,3578
69930,2858
69930,8874
69930,6539
115310,480
115310,780
115310,6539
115310,589
115310,59315
115310,7143
115310,49272
115310,47
115310,7438
115310,733
87857,2858
87857,1258
87857,318
87857,50872
87857,8961
87857,3751
87857,253
87857,527
87857,56174
87857,27773
72200,296
72200,316
72200,1198
72200,1036
72200,6539
72200,1265
72200,480
72200,1080
72200,59315
72200,51662
105246,1
105246,7153
105246,1193
105246,1721
105246,6377
105246,590
105246,150
105246,2997
105246,288
105246,1201
31582,4993
31582,480
31582,2916
31582,318
31582,5952
31582,527
31582,316
31582,1198
31582,1291
31582,442
62654,1
62654,6377
62654,110
62654,1270
62654,587
62654,1682
62654,318
62654,5349
62654,500
62654,4886
69310,48394
69310,318
69310,5618
69310,2959
69310,44191
69310,1278
69310,3114
69310,5418
69310,588
69310,54259
28050,6016
28050,7361
28050,318
28050,4226
28050,50
28050,79132
28050,69134
28050,111
28050,778
28050,47
24596,4963
24596,593
24596,377
24596,49272
24596,7502
24596,1961
24596,1
24596,2542
24596,58559
24596,72998
2946,356
2946,608
2946,2762
2946,293
2946,1240
2946,260
2946,750
2946,1136
2946,2997
2946,1080
20755,2572
20755,1690
20755,51662
20755,344
20755,1127
20755,8641
20755,616
20755,56949
20755,3363
20755,2791
44839,318
44839,1036
44839,50
44839,356
44839,6874
44839,111
44839,2949
44839,46578
44839,44195
44839,58559
21608,318
21608,1961
21608,47
21608,356
21608,4973
21608,1265
21608,4995
21608,1721
21608,6377
21608,3408
91193,6777
91193,52241
91193,51080
91193,4095
91193,3090
91193,6454
91193,2476
91193,58303
91193,49278
91193,89759
69290,1240
69290,595
69290,912
69290,1101
69290,4022
69290,1234
69290,161
69290,2944
69290,4327
69290,5464
136876,593
136876,2959
136876,2028
136876,50
136876,63082
136876,2762
136876,527
136876,55247
136876,68157
136876,30749
73560,1104
73560,6777
73560,4784
73560,969
73560,7311
73560,954
73560,971
73560,3435
73560,3801
73560,937
35641,2762
35641,4306
35641,3147
35641,4014
35641,3996
35641,5418
35641,4886
35641,4963
35641,2268
35641,5989
72578,6016
72578,296
72578,608
72578,50
72578,593
72578,924
72578,3362
72578,1263
72578,56782
72578,4226
7481,4963
7481,1580
7481,2959
7481,51255
7481,4306
7481,5418
7481,44191
7481,1214
7481,2791
7481,96610
21302,49272
21302,8970
21302,44195
21302,34072
21302,68358
21302,48516
21302,30793
21302,40819
21302,55820
21302,79132
69808,8665
69808,56367
69808,8949
69808,40815
69808,5418
69808,7293
69808,35836
69808,8970
69808,215
69808,6867
14471,58559
14471,76077
14471,2571
14471,70286
14471,69
14471,63131
14471,1036
14471,2329
14471,33794
14471,68954
60049,608
60049,1580
60049,1080
60049,1961
60049,4306
60049,1240
60049,3996
60049,4011
60049,6711
60049,480
133798,1704
133798,4306
133798,608
133798,1210
133798,7438
133798,2692
133798,1193
133798,3897
133798,1136
133798,1073
32290,296
32290,4226
32290,7361
32290,33794
32290,2762
32290,2858
32290,44191
32290,4995
32290,7438
32290,60069
89010,1214
89010,2858
89010,4226
89010,111
89010,527
89010,296
89010,912
89010,1089
89010,50
89010,1196
92740,593
92740,1246
92740,1097
92740,3996
92740,5952
92740,1
92740,1270
92740,32
92740,1527
92740,4896
74404,595
74404,1086
74404,2612
74404,7215
74404,1934
74404,2398
74404,377
74404,933
74404,1212
74404,1250
20403,6377
20403,595
20403,4306
20403,8368
20403,8360
20403,1258
20403,2018
20403,7254
20403,3081
20403,2080
120125,4995
120125,2115
120125,3578
120125,1961
120125,4306
120125,68358
120125,54286
120125,1704
120125,587
120125,780
54012,4886
54012,6377
54012,5218
54012,1210
54012,8360
54012,45499
54012,260
54012,33493
54012,1
54012,5349
45962,318
45962,30707
45962,2858
45962,7153
45962,1617
45962,2571
45962,608
45962,1258
45962,592
45962,6711
58914,2028
58914,293
58914,6874
58914,110
58914,1089
58914,4973
58914,356
58914,1466
58914,56367
58914,55290
20834,7361
20834,1213
20834,1136
20834,2028
20834,924
20834,3996
20834,1527
20834,1220
20834,3578
20834,4011
70615,7361
70615,318
70615,4886
70615,260
70615,2692
70615,3996
70615,1
70615,1265
70615,1639
70615,6711
93599,32
93599,47
93599,6711
93599,858
93599,1213
93599,3996
93599,1193
93599,4226
93599,1265
93599,2324
106680,44191
106680,4489
106680,52722
106680,54503
106680,4085
106680,45431
106680,96610
106680,47610
106680,44022
106680,48783
88589,110
88589,588
88589,4963
88589,1961
88589,508
88589,5952
88589,4993
88589,7153
88589,3147
88589,5991
121992,2096
121992,364
121992,6377
121992,48394
121992,58559
121992,68954
121992,60069
121992,1907
121992,79132
121992,2571
101995,1198
101995,2028
101995,527
101995,3793
101995,1196
101995,2762
101995,2355
101995,260
101995,2628
101995,590
131164,260
131164,1036
131164,4993
131164,2502
131164,1527
131164,2959
131164,2571
131164,589
131164,1136
131164,223
118845,4306
118845,2918
118845,480
118845,54503
118845,7153
118845,1265
118845,2571
118845,1954
118845,3578
118845,4993
1028,58559
1028,78499
1028,6539
1028,72998
1028,50872
1028,4896
1028,586
1028,2
1028,48516
1028,81591
18794,8961
18794,60069
18794,33794
18794,58559
18794,1136
18794,49272
18794,51255
18794,44191
18794,1210
18794,260
70072,2997
70072,8665
70072,608
70072,49530
70072,3897
70072,858
70072,5902
70072,55765
70072,5010
70072,32587
131830,8961
131830,6377
131830,58559
131830,3984
131830,1201
131830,4306
131830,63113
131830,2948
131830,33794
131830,7153
121434,5377
121434,6942
121434,8784
121434,8949
121434,27721
121434,8910
121434,8970
121434,7361
121434,40815
121434,30822
110005,69712
110005,63859
110005,63992
110005,80166
110005,97921
110005,58559
110005,78316
110005,106696
110005,88125
110005,69122
112037,5418
112037,110
112037,589
112037,318
112037,165
112037,7254
112037,47
112037,1580
112037,527
112037,6377
87214,1
87214,1197
87214,4306
87214,2918
87214,4246
87214,1968
87214,1307
87214,1784
87214,2321
87214,356
133233,480
133233,296
133233,356
133233,2571
133233,1198
133233,2028
133233,59315
133233,4011
133233,648
133233,377
20315,589
20315,1210
20315,750
20315,1240
20315,260
20315,32
20315,7153
20315,5445
20315,5952
20315,1193
108668,32
108668,2959
108668,72998
108668,5618
108668,99114
108668,91529
108668,296
108668,4878
108668,47610
108668,318
4089,79132
4089,30749
4089,58559
4089,48516
4089,27721
4089,45210
4089,54286
4089,40583
4089,38061
4089,54372
55172,608
55172,1961
55172,593
55172,3578
55172,1089
55172,357
55172,5952
55172,3996
55172,1080
55172,590
108511,59315
108511,1214
108511,8874
108511,3527
108511,33794
108511,1215
108511,68358
108511,480
108511,1136
108511,1197
81573,858
81573,110
81573,1097
81573,3408
81573,1704
81573,6565
81573,7162
81573,5989
81573,2268
81573,1250
124344,1247
124344,7361
124344,58559
124344,2329
124344,55269
124344,3897
124344,1073
124344,54503
124344,3949
124344,6874
21601,46578
21601,33639
21601,7139
21601,6867
21601,26111
21601,6668
21601,27803
21601,48780
21601,8645
21601,54997
13629,6016
13629,2858
13629,79091
13629,60069
13629,63062
13629,480
13629,4226
13629,47610
13629,1961
13629,5218
138470,46578
138470,4973
138470,4226
138470,44191
138470,2571
138470,2959
138470,48780
138470,2840
138470,49530
138470,3793
118590,1036
118590,2959
118590,2028
118590,110
118590,260
118590,480
118590,47
118590,593
118590,49272
118590,54286
95407,541
95407,4226
95407,4886
95407,1234
95407,1617
95407,7361
95407,1089
95407,1219
95407,5618
95407,904
19564,6502
19564,1527
19564,110
19564,2916
19564,56145
19564,2329
19564,101864
19564,4995
19564,5903
19564,2232
135460,1136
135460,5618
135460,520
135460,2571
135460,3000
135460,5971
135460,26662
135460,1196
135460,7153
135460,26776
77026,608
77026,1240
77026,858
77026,2858
77026,3147
77026,367
77026,1527
77026,364
77026,1206
77026,778
9784,2329
9784,2571
9784,32587
9784,56367
9784,7361
9784,48394
9784,47
9784,7438
9784,4239
9784,588
27227,2571
27227,4963
27227,356
27227,5418
27227,733
27227,58803
27227,1370
27227,6378
27227,1036
27227,58103
18671,60069
18671,2716
18671,586
18671,2953
18671,1073
18671,6333
18671,40339
18671,5349
18671,37729
18671,6373
49804,55820
49804,59315
49804,2571
49804,4226
49804,48774
49804,27611
49804,68157
49804,32
49804,2858
49804,60069
123335,858
123335,4226
123335,356
123335,1704
123335,2858
123335,318
123335,69757
123335,6942
123335,92259
123335,5995
56001,750
56001,904
56001,593
56001,1252
56001,1193
56001,1617
56001,5952
56001,2571
56001,923
56001,4993
38282,30707
38282,7293
38282,3948
38282,597
38282,356
38282,30749
38282,5378
38282,2628
38282,8949
38282,260
76422,44191
76422,356
76422,51662
76422,48780
76422,72378
76422,33679
76422,3948
76422,6373
76422,48516
76422,2
40478,1580
40478,4246
40478,72998
40478,56367
40478,2115
40478,2355
40478,91500
40478,31685
40478,88163
40478,4025
113673,47
113673,608
113673,356
113673,3578
113673,1198
113673,858
113673,4963
113673,4306
113673,1270
113673,8961
31224,296
31224,4886
31224,33794
31224,4226
31224,2762
31224,1704
31224,2502
31224,318
31224,593
31224,47
129721,1089
129721,2502
129721,32587
129721,3275
129721,2997
129721,260
129721,1270
129721,608
129721,1198
129721,47
96627,1261
96627,1321
96627,71535
96627,1129
96627,441
96627,74685
96627,4105
96627,3210
96627,2366
96627,1345
16444,318
16444,7323
16444,6016
16444,2571
16444,2692
16444,6711
16444,858
16444,5878
16444,1193
16444,750
75911,4963
75911,648
75911,1721
75911,832
75911,592
75911,2268
75911,2640
75911,480
75911,2115
75911,34
100568,1036
100568,1198
100568,32587
100568,33794
100568,2542
100568,48780
100568,6333
100568,6874
100568,593
100568,38061
69528,4878
69528,2959
69528,46578
69528,79132
69528,2858
69528,58559
69528,55269
69528,608
69528,8784
69528,68157
5335,2858
5335,4308
5335,4878
5335,37729
5335,56757
5335,3556
5335,56367
5335,56339
5335,5952
5335,4993
106626,2762
106626,4306
106626,1270
106626,5989
106626,47
106626,4995
106626,588
106626,527
106626,480
106626,2571
3426,8961
3426,3578
3426,480
3426,260
3426,592
3426,5349
3426,1
3426,6539
3426,527
3426,7438
85321,2288
85321,2762
85321,593
85321,2232
85321,1258
85321,72998
85321,52328
85321,1270
85321,1210
85321,924
112024,110
112024,318
112024,48774
112024,4226
112024,68157
112024,2329
112024,63082
112024,296
112024,2858
112024,527
114974,527
114974,926
114974,898
114974,923
114974,2208
114974,919
114974,3469
114974,1193
114974,3435
114974,1197
14031,110
14031,1213
14031,589
14031,1210
14031,3996
14031,48780
14031,6539
14031,1270
14031,1136
14031,48394
138166,91529
138166,69122
138166,71535
138166,109487
138166,60074
138166,59369
138166,88125
138166,69844
138166,74458
138166,49272
93601,89745
93601,96610
93601,72998
93601,104841
93601,84152
93601,74458
93601,88744
93601,98809
93601,88405
93601,87306
37781,7153
37781,1222
37781,1240
37781,1466
37781,555
37781,2194
37781,47
37781,4963
37781,608
37781,2353
9741,356
9741,318
9741,1213
9741,2028
9741,58559
9741,3147
9741,1219
9741,2959
9741,50
9741,1198
65276,6787
65276,1084
65276,3196
65276,1193
65276,1233
65276,1248
65276,1272
65276,7073
65276,7215
65276,1207
92584,1265
92584,5445
92584,2797
92584,6979
92584,6537
92584,1214
92584,4128
92584,2617
92584,1676
92584,3702
126694,58559
126694,2571
126694,2959
126694,356
126694,59615
126694,5952
126694,4993
126694,7153
126694,33493
126694,480
65483,780
65483,1
65483,253
65483,7153
65483,39446
65483,1197
65483,41566
65483,1968
65483,551
65483,1721
15417,480
15417,1270
15417,7361
15417,7153
15417,2762
15417,318
15417,48516
15417,4963
15417,150
15417,780
113786,4226
113786,1089
113786,2959
113786,858
113786,6711
113786,1222
113786,47
113786,111
113786,2712
113786,50
25556,50
25556,7153
25556,356
25556,2858
25556,2028
25556,4963
25556,47
25556,48780
25556,6874
25556,7361
116866,2571
116866,1682
116866,318
116866,1732
116866,4226
116866,2858
116866,79132
116866,99114
116866,106920
116866,2502
10384,1210
10384,296
10384,1198
10384,33794
10384,6539
10384,2571
10384,2502
10384,318
10384,1197
10384,2918
84608,588
84608,2918
84608,2321
84608,2291
84608,4979
84608,8910
84608,5299
84608,4246
84608,2657
84608,2248
81649,2762
81649,47
81649,1246
81649,1258
81649,2081
81649,2571
81649,7361
81649,318
81649,7147
81649,1193
48784,356
48784,8533
48784,6377
48784,919
48784,1028
48784,2125
48784,40815
48784,8368
48784,1721
48784,1073
71419,7361
71419,296
71419,1196
71419,32587
71419,2078
71419,6807
71419,6539
71419,593
71419,38038
71419,5618
53845,4995
53845,1265
53845,356
53845,1610
53845,1302
53845,1291
53845,1968
53845,4002
53845,3671
53845,6539
112966,5669
112966,6867
112966,3911
112966,39183
112966,2858
112966,55269
112966,2324
112966,5377
112966,4995
112966,5995
135353,6333
135353,2959
135353,102445
135353,58559
135353,106072
135353,1580
135353,91529
135353,44191
135353,1197
135353,1270
42579,58559
42579,480
42579,2959
42579,47
42579,1097
42579,6942
42579,1968
42579,2291
42579,4963
42579,54503
50569,2959
50569,58559
50569,480
50569,858
50569,527
50569,3578
50569,2762
50569,1270
50569,1
50569,68157
134870,4993
134870,5952
134870,7153
134870,1196
134870,1198
134870,8961
134870,6539
134870,318
134870,54286
134870,2571
36293,750
36293,858
36293,608
36293,6787
36293,3730
36293,1252
36293,1213
36293,1212
36293,3683
36293,3362
93470,1213
93470,922
93470,1949
93470,593
93470,296
93470,8228
93470,1201
93470,899
93470,7502
93470,1233
51628,1956
51628,3471
51628,1962
51628,4292
51628,1608
51628,539
51628,1094
51628,150
51628,3101
51628,4041
21899,50
21899,4226
21899,4011
21899,49272
21899,44191
21899,33794
21899,2959
21899,6711
21899,4878
21899,2542
100274,593
100274,1206
100274,4306
100274,4973
100274,1682
100274,356
100274,4878
100274,1246
100274,40815
100274,4014
85465,56949
85465,58559
85465,5151
85465,6155
85465,2706
85465,31685
85465,36525
85465,3752
85465,3617
85465,56941
119360,3147
119360,2762
119360,4995
119360,5349
119360,318
119360,4963
119360,6539
119360,8644
119360,1721
119360,587
80257,2502
80257,858
80257,2571
80257,356
80257,50
80257,231
80257,47
80257,1704
80257,480
80257,1265
122529,260
122529,1196
122529,1200
122529,5952
122529,7153
122529,318
122529,2571
122529,110
122529,480
122529,1210
93056,1270
93056,1210
93056,68358
93056,5445
93056,741
93056,6502
93056,27611
93056,58559
93056,7361
93056,79132
122831,6874
122831,32
122831,1089
122831,4011
122831,7438
122831,1625
122831,1193
122831,2542
122831,1222
122831,16
132062,953
132062,111
132062,79132
132062,7361
132062,81845
132062,1284
132062,6874
132062,1201
132062,1617
132062,1207
116656,296
116656,1704
116656,68157
116656,5418
116656,54286
116656,4226
116656,3578
116656,2915
116656,110
116656,81932
27140,1193
27140,4973
27140,1208
27140,593
27140,1206
27140,2997
27140,1221
27140,2959
27140,1214
27140,908
78216,55765
78216,33794
78216,4958
78216,1917
78216,216
78216,49530
78216,48304
78216,59315
78216,56587
78216,1270
121804,3147
121804,356
121804,832
121804,2762
121804,2716
121804,1304
121804,1580
121804,2797
121804,2916
121804,2529
123685,8961
123685,4973
123685,72998
123685,5377
123685,58559
123685,1203
123685,1721
123685,1198
123685,2762
123685,3751
136301,33162
136301,40278
136301,4367
136301,33166
136301,7325
136301,4958
136301,48385
136301,48774
136301,8636
136301,4816
42441,4226
42441,5418
42441,8376
42441,1682
42441,2858
42441,1704
42441,4979
42441,5989
42441,50
42441,1517
77051,356
77051,318
77051,593
77051,1258
77051,4226
77051,2858
77051,858
77051,1682
77051,778
77051,50
55435,4886
55435,6377
55435,588
55435,356
55435,480
55435,150
55435,2571
55435,1097
55435,6539
55435,1721
73168,4022
73168,6539
73168,586
73168,2571
73168,589
73168,2762
73168,367
73168,4993
73168,5952
73168,4369
95398,1
95398,81845
95398,1028
95398,56152
95398,49286
95398,91542
95398,4016
95398,2687
95398,30793
95398,8808
4959,4993
4959,54259
4959,40629
4959,1028
4959,56152
4959,45722
4959,7153
4959,8961
4959,5952
4959,838
57151,296
57151,2959
57151,58559
57151,4226
57151,8874
57151,59315
57151,2571
57151,33794
57151,8665
57151,54286
58454,2028
58454,588
58454,4886
58454,6539
58454,1210
58454,150
58454,110
58454,1097
58454,1198
58454,4993
37217,55765
37217,40819
37217,64620
37217,55290
37217,59315
37217,91500
37217,63062
37217,69481
37217,40583
37217,68954
80600,1036
80600,1784
80600,165
80600,2174
80600,231
80600,364
80600,1393
80600,736
80600,292
80600,2115
41051,4306
41051,6502
41051,8874
41051,48394
41051,68954
41051,51255
41051,2571
41051,59315
41051,48780
41051,80463
54156,296
54156,480
54156,2762
54156,2959
54156,1270
54156,33794
54156,5445
54156,2858
54156,4306
54156,1682
50616,58559
50616,50
50616,293
50616,480
50616,318
50616,150
50616,208
50616,5445
50616,2329
50616,260
72747,4973
72747,58559
72747,8874
72747,318
72747,7361
72747,4878
72747,2918
72747,66934
72747,7147
72747,48394
116878,260
116878,1240
116878,589
116878,318
116878,58559
116878,4226
116878,74458
116878,541
116878,32
116878,50
3155,1240
3155,8644
3155,5445
3155,49278
3155,733
3155,2985
3155,2000
3155,5349
3155,480
3155,5418
57615,58559
57615,2571
57615,51662
57615,33794
57615,2959
57615,91529
57615,296
57615,91542
57615,86190
57615,69122
56212,7293
56212,30812
56212,2018
56212,4995
56212,1517
56212,4973
56212,344
56212,55052
56212,49272
56212,1270
50726,2762
50726,4306
50726,7153
50726,6711
50726,4963
50726,1198
50726,56367
50726,5377
50726,57669
50726,48516
74326,2959
74326,50
74326,2997
74326,1200
74326,6016
74326,1288
74326,778
74326,7361
74326,3996
74326,2571
19590,8874
19590,1136
19590,8961
19590,1394
19590,908
19590,51255
19590,6942
19590,32
19590,1233
19590,1201
65323,1682
65323,7438
65323,6874
65323,1923
65323,253
65323,527
65323,7254
65323,858
65323,1136
65323,1196
103610,50872
103610,79132
103610,68954
103610,56367
103610,33794
103610,63082
103610,69122
103610,40819
103610,54286
103610,33679
124188,2858
124188,68157
124188,81591
124188,99114
124188,79132
124188,4878
124188,4226
124188,1213
124188,1258
124188,68237
46239,105504
46239,57669
46239,8798
46239,82459
46239,69122
46239,6
46239,46578
46239,97752
46239,102125
46239,72998
62144,8644
62144,2617
62144,2571
62144,39715
62144,8957
62144,37380
62144,52722
62144,4718
62144,53996
62144,5349
118478,1089
118478,318
118478,1196
118478,7361
118478,1517
118478,33794
118478,1221
118478,4979
118478,32
118478,2174
77939,55820
77939,296
77939,2329
77939,3949
77939,6016
77939,50
77939,63082
77939,2324
77939,1197
77939,527
131169,93840
131169,88125
131169,87232
131169,79132
131169,94864
131169,8368
131169,98809
131169,89030
131169,93838
131169,96079
67145,48385
67145,55820
67145,44191
67145,45720
67145,6711
67145,48394
67145,54286
67145,30810
67145,48774
67145,7361
28176,1307
28176,920
28176,919
28176,318
28176,858
28176,2997
28176,3897
28176,2731
28176,8638
28176,527
20646,4226
20646,2959
20646,1215
20646,1
20646,79132
20646,1193
20646,1089
20646,32
20646,40732
20646,6539
54647,111
54647,2858
54647,318
54647,608
54647,5995
54647,39183
54647,55052
54647,63082
54647,52767
54647,1944
138120,5952
138120,7361
138120,260
138120,2959
138120,2571
138120,1
138120,356
138120,1196
138120,33794
138120,2762
58402,318
58402,1721
58402,69122
58402,61323
58402,4306
58402,63876
58402,1961
58402,68157
58402,69757
58402,1682
55747,1225
55747,858
55747,1256
55747,1219
55747,1254
55747,1204
55747,1250
55747,1281
55747,3022
55747,1284
120955,110
120955,318
120955,2542
120955,288
120955,2997
120955,1704
120955,4226
120955,4995
120955,3448
120955,1625
40345,4226
40345,1210
40345,3578
40345,1527
40345,590
40345,527
40345,3527
40345,4995
40345,1265
40345,72998
56061,296
56061,1198
56061,541
56061,590
56061,72226
56061,3911
56061,318
56061,6773
56061,68954
56061,6711
121436,72998
121436,79132
121436,64614
121436,32587
121436,36529
121436,54286
121436,99114
121436,48394
121436,96610
121436,46578
32220,318
32220,2571
32220,2144
32220,1198
32220,356
32220,1270
32220,6377
32220,6539
32220,1721
32220,919
107433,1682
107433,296
107433,47
107433,2762
107433,780
107433,2671
107433,527
107433,3147
107433,2424
107433,3176
105406,1320
105406,60684
105406,2762
105406,235
105406,7373
105406,590
105406,51662
105406,2028
105406,3578
105406,2232
20588,356
20588,2762
20588,6377
20588,40815
20588,1198
20588,1270
20588,587
20588,1961
20588,480
20588,589
135236,4306
135236,4963
135236,48997
135236,2762
135236,63082
135236,527
135236,39183
135236,44191
135236,4308
135236,5816
32344,628
32344,4803
32344,6
32344,6870
32344,26242
32344,1344
32344,300
32344,1225
32344,4000
32344,2571
82389,1527
82389,2858
82389,2028
82389,2959
82389,1208
82389,1196
82389,4226
82389,1089
82389,1214
82389,26776
103005,1136
103005,593
103005,1291
103005,99114
103005,1197
103005,527
103005,2858
103005,1213
103005,1089
103005,3578
13305,33794
13305,110
13305,1198
13305,1136
13305,4039
13305,58559
13305,1127
13305,2571
13305,356
13305,50
14187,8529
14187,150
14187,4963
14187,3052
14187,2571
14187,1584
14187,6539
14187,33679
14187,6378
14187,6365
119542,5952
119542,2028
119542,48780
119542,2858
119542,5445
119542,1210
119542,4878
119542,2115
119542,592
119542,1265
37355,4993
37355,1580
37355,150
37355,1
37355,1198
37355,2028
37355,3578
37355,7153
37355,110
37355,6377
9312,589
9312,1214
9312,54286
9312,296
9312,1198
9312,1240
9312,1200
9312,33794
9312,527
9312,1580
112363,63082
112363,527
112363,356
112363,81845
112363,293
112363,2329
112363,98809
112363,7361
112363,1704
112363,5995
118447,5816
118447,356
118447,3578
118447,35836
118447,3948
118447,5989
118447,79132
118447,4816
118447,6942
118447,5299
2941,858
2941,58559
2941,79132
2941,1704
2941,56367
2941,4226
2941,30749
2941,49530
2941,39292
2941,68157
106347,2985
106347,1676
106347,3740
106347,588
106347,380
106347,1136
106347,3033
106347,4085
106347,1376
106347,595
36178,2
36178,2959
36178,2572
36178,81834
36178,2174
36178,88125
36178,78499
36178,364
36178,2858
36178,3114
15550,4878
15550,1961
15550,1206
15550,4226
15550,480
15550,32587
15550,7147
15550,6953
15550,2360
15550,1721
78942,2571
78942,4226
78942,608
78942,593
78942,541
78942,745
78942,1617
78942,1258
78942,1193
78942,858
85545,2571
85545,2959
85545,111
85545,356
85545,1258
85545,2028
85545,1206
85545,1203
85545,6016
85545,47
35536,7361
35536,5902
35536,6791
35536,3083
35536,6385
35536,39183
35536,34437
35536,5945
35536,30749
35536,1217
73579,1200
73579,4226
73579,858
73579,50
73579,2762
73579,457
73579,1198
73579,1036
73579,608
73579,1089
90140,54286
90140,58559
90140,59315
90140,4223
90140,5418
90140,71535
90140,5903
90140,7143
90140,68954
90140,64614
9849,1580
9849,4901
9849,6879
9849,8665
9849,1198
9849,45186
9849,356
9849,1210
9849,1270
9849,3623
85402,4993
85402,1196
85402,551
85402,480
85402,7099
85402,2139
85402,588
85402,5952
85402,31658
85402,6377
80128,1721
80128,318
80128,2329
80128,2858
80128,6
80128,593
80128,32587
80128,733
80128,780
80128,364
35601,78499
35601,4022
35601,356
35601,2115
35601,2797
35601,4306
35601,89492
35601,1721
35601,500
35601,1097
105385,356
105385,858
105385,260
105385,50
105385,48516
105385,48780
105385,1198
105385,48394
105385,2502
105385,2762
54862,2160
54862,4754
54862,1994
54862,4105
54862,1241
54862,7387
54862,6502
54862,2288
54862,1347
54862,296
63555,58559
63555,318
63555,63131
63555,4963
63555,4306
63555,6377
63555,45722
63555,48385
63555,48516
63555,61024
969,356
969,1213
969,924
969,71033
969,1228
969,8957
969,1464
969,1199
969,4973
969,92259
131722,2081
131722,6378
131722,8636
131722,3578
131722,1270
131722,5299
131722,4993
131722,7153
131722,1682
131722,1393
64565,4973
64565,7153
64565,1183
64565,4246
64565,1079
64565,3996
64565,8368
64565,2336
64565,5816
64565,6711
79148,60069
79148,6365
79148,6377
79148,59784
79148,44191
79148,45722
79148,2571
79148,8636
79148,4896
79148,45499
32365,6539
32365,7153
32365,47
32365,1721
32365,5989
32365,3081
32365,4963
32365,586
32365,4226
32365,858
107474,7361
107474,33166
107474,912
107474,1203
107474,6016
107474,1704
107474,56607
107474,40819
107474,1259
107474,356
112575,50872
112575,2125
112575,1265
112575,2081
112575,2762
112575,1028
112575,54259
112575,2617
112575,457
112575,8970
12436,4973
12436,8970
12436,2291
12436,1269
12436,912
12436,6662
12436,910
12436,4027
12436,904
12436,4308
117781,48394
117781,296
117781,318
117781,60069
117781,858
117781,78499
117781,2329
117781,58559
117781,356
117781,6874
55981,33660
55981,33166
55981,64614
55981,41997
55981,55820
55981,56367
55981,55118
55981,39292
55981,55290
55981,56788
95546,2762
95546,1225
95546,908
95546,1304
95546,150
95546,1961
95546,3654
95546,750
95546,1293
95546,260
124133,1544
124133,2291
124133,587
124133,1377
124133,196
124133,3147
124133,1909
124133,2001
124133,1206
124133,6537
41557,48780
41557,51255
41557,58559
41557,52281
41557,58295
41557,50794
41557,68205
41557,57669
41557,60072
41557,778
26987,1214
26987,1617
26987,1291
26987,589
26987,318
26987,4306
26987,2762
26987,903
26987,1246
26987,150
28780,4963
28780,1291
28780,106920
28780,8914
28780,64614
28780,52328
28780,1089
28780,97913
28780,77561
28780,2403
19033,2502
19033,356
19033,110
19033,2353
19033,5418
19033,6539
19033,5952
19033,5445
19033,4963
19033,5349
35336,2571
35336,1197
35336,593
35336,4993
35336,8368
35336,4896
35336,3147
35336,3793
35336,1968
35336,1246
23709,1234
23709,912
23709,1953
23709,318
23709,3196
23709,1617
23709,4327
23709,1204
23709,608
23709,541
19052,2762
19052,2329
19052,318
19052,47
19052,780
19052,364
19052,32
19052,1721
19052,858
19052,588
40166,33794
40166,8961
40166,50068
40166,56782
40166,8874
40166,1250
40166,59315
40166,58559
40166,56367
40166,30749
100431,4963
100431,2571
100431,79132
100431,2716
100431,55820
100431,2502
100431,4011
100431,50
100431,2762
100431,4995
41600,1221
41600,356
41600,1213
41600,55765
41600,541
41600,1242
41600,1259
41600,48394
41600,1200
41600,54286
137230,951
137230,7153
137230,56367
137230,912
137230,1307
137230,40629
137230,46976
137230,595
137230,6377
137230,914
33032,35836
33032,88163
33032,104841
33032,52973
33032,7451
33032,6218
33032,91529
33032,89864
33032,81591
33032,33679
117984,4878
117984,51662
117984,74458
117984,6934
117984,8368
117984,1136
117984,4886
117984,27773
117984,593
117984,1682
99969,2858
99969,8368
99969,5349
99969,296
99969,1
99969,4973
99969,608
99969,3578
99969,1198
99969,50
100851,780
100851,480
100851,70286
100851,541
100851,32
100851,1270
100851,1653
100851,72998
100851,6537
100851,6365
41694,541
41694,3000
41694,296
41694,1732
41694,33794
41694,2329
41694,1214
41694,7438
41694,1210
41694,68157
42466,235
42466,1343
42466,968
42466,2174
42466,1673
42466,1288
42466,1394
42466,1241
42466,2003
42466,1
17062,7438
17062,69122
17062,64614
17062,5995
17062,589
17062,3949
17062,1732
17062,6870
17062,1387
17062,431
42053,2762
42053,1721
42053,597
42053,72011
42053,48516
42053,1704
42053,33166
42053,4226
42053,2571
42053,64622
77567,2081
77567,8961
77567,4447
77567,56949
77567,588
77567,8360
77567,88810
77567,4246
77567,86833
77567,1270
92974,589
92974,924
92974,1193
92974,61240
92974,750
92974,7361
92974,58559
92974,48516
92974,150
92974,1258
72115,2628
72115,1721
72115,296
72115,318
72115,1197
72115,2115
72115,1101
72115,6377
72115,364
72115,3552
61601,33437
61601,5110
61601,2273
61601,69
61601,112
61601,5055
61601,4734
61601,1777
61601,1591
61601,3617
46756,2858
46756,110
46756,54286
46756,1527
46756,1682
46756,2762
46756,4226
46756,58559
46756,3147
46756,63082
8527,45722
8527,33794
8527,1136
8527,2949
8527,3984
8527,6539
8527,33493
8527,7573
8527,48385
8527,2011
65932,48516
65932,2571
65932,27801
65932,2959
65932,7143
65932,27773
65932,54736
65932,6016
65932,6502
65932,8874
109359,858
109359,110
109359,318
109359,2571
109359,48516
109359,7361
109359,527
109359,32
109359,5618
109359,6539
106239,4226
106239,2762
106239,1200
106239,2571
106239,551
106239,5618
106239,968
106239,1222
106239,3578
106239,2716
136764,80463
136764,50
136764,318
136764,1219
136764,2959
136764,6711
136764,1221
136764,7361
136764,1265
136764,58559
8487,356
8487,5952
8487,2959
8487,593
8487,480
8487,1210
8487,1196
8487,33794
8487,4973
8487,1193
132031,2762
132031,318
132031,2571
132031,4878
132031,1193
132031,32
132031,778
132031,1213
132031,32587
132031,1270
115911,1198
115911,5952
115911,2571
115911,1196
115911,33794
115911,3578
115911,5445
115911,380
115911,2716
115911,480
95501,1250
95501,31878
95501,52281
95501,6213
95501,5903
95501,380
95501,4327
95501,6617
95501,541
95501,4866
66674,33794
66674,3578
66674,780
66674,5952
66674,4993
66674,296
66674,49530
66674,480
66674,44665
66674,50
7531,33660
7531,33166
7531,40629
7531,39183
7531,30898
7531,30749
7531,26425
7531,8949
7531,27821
7531,45668
73135,7361
73135,608
73135,47
73135,2858
73135,1089
73135,2329
73135,6016
73135,1222
73135,1221
73135,30749
54688,34405
54688,4306
54688,44191
54688,58559
54688,8972
54688,1527
54688,5445
54688,45722
54688,6373
54688,48780
120093,296
120093,50
120093,55820
120093,2959
120093,318
120093,48516
120093,58559
120093,68157
120093,6870
120093,1089
25107,6539
25107,1291
25107,1270
25107,2571
25107,32587
25107,500
25107,8644
25107,6333
25107,5349
25107,2706
55336,58559
55336,6377
55336,4963
55336,1721
55336,6874
55336,2706
55336,2028
55336,593
55336,364
55336,1580
42033,260
42033,6365
42033,2947
42033,1674
42033,7482
42033,2174
42033,1250
42033,1079
42033,293
42033,1371
97330,2167
97330,2701
97330,2273
97330,4306
97330,6373
97330,7293
97330,4963
97330,45722
97330,8360
97330,32587
6398,2232
6398,8957
6398,4720
6398,6058
6398,4865
6398,53000
6398,34532
6398,6952
6398,57274
6398,1717
47838,7438
47838,318
47838,3578
47838,33794
47838,4226
47838,49272
47838,1136
47838,110
47838,3275
47838,33493
35583,260
35583,480
35583,58559
35583,356
35583,4963
35583,1580
35583,53972
35583,60040
35583,58295
35583,48516
10643,4973
10643,1210
10643,1721
10643,356
10643,296
10643,3996
10643,4963
10643,500
10643,4995
10643,595
112992,1580
112992,2791
112992,1370
112992,344
112992,1196
112992,260
112992,733
112992,1291
112992,1220
112992,380
11718,4993
11718,2571
11718,1089
11718,293
11718,260
11718,55820
11718,68157
11718,4011
11718,1193
11718,44191
46607,7361
46607,1206
46607,7153
46607,912
46607,2529
46607,31658
46607,293
46607,356
46607,2010
46607,1356
91793,46578
91793,35836
91793,31685
91793,4489
91793,33493
91793,2420
91793,8368
91793,45447
91793,3100
91793,8784
28724,4886
28724,2329
28724,1258
28724,2167
28724,1682
28724,2000
28724,2985
28724,35836
28724,41569
28724,1213
106594,318
106594,33794
106594,2571
106594,1210
106594,592
106594,2762
106594,6539
106594,1198
106594,5349
106594,4306
67297,1197
67297,3671
67297,1198
67297,1291
67297,1275
67297,2115
67297,7153
67297,4993
67297,3793
67297,4321
15601,2100
15601,337
15601,4995
15601,3105
15601,3526
15601,62
15601,296
15601,2804
15601,1302
15601,2085
5286,1198
5286,3097
5286,915
5286,1269
5286,1207
5286,68954
5286,17
5286,945
5286,913
5286,2396
60056,60069
60056,1234
60056,1291
60056,296
60056,589
60056,58559
60056,919
60056,953
60056,79132
60056,593
66643,7361
66643,60069
66643,79132
66643,33794
66643,8874
66643,318
66643,48774
66643,6502
66643,91529
66643,2959
80191,778
80191,608
80191,356
80191,2019
80191,318
80191,4027
80191,111
80191,541
80191,32
80191,47
27984,6711
27984,7361
27984,6377
27984,2692
27984,2997
27984,4226
27984,4973
27984,4886
27984,296
27984,50
99431,46530
99431,32587
99431,48774
99431,44199
99431,32029
99431,39231
99431,49651
99431,45722
99431,37384
99431,40819
43708,318
43708,4226
43708,2571
43708,2997
43708,2762
43708,2329
43708,4306
43708,5618
43708,364
43708,1073
18415,46578
18415,42004
18415,44199
18415,48385
18415,27821
18415,8970
18415,63082
18415,46976
18415,47950
18415,81845
25500,1206
25500,8961
25500,2329
25500,541
25500,750
25500,1208
25500,904
25500,1222
25500,293
25500,33794
64695,2918
64695,590
64695,356
64695,150
64695,457
64695,1196
64695,1961
64695,780
64695,589
64695,62
131961,2692
131961,6620
131961,3265
131961,1089
131961,4036
131961,6062
131961,1201
131961,2700
131961,54995
131961,2997
25102,2329
25102,4878
25102,231
25102,2762
25102,35836
25102,3793
25102,4306
25102,6333
25102,44195
25102,5445
129232,4306
129232,7361
129232,78499
129232,4886
129232,58559
129232,60069
129232,364
129232,56367
129232,919
129232,1968
30367,955
30367,1234
30367,904
30367,908
30367,1204
30367,38038
30367,608
30367,930
30367,950
30367,50
91063,2571
91063,778
91063,2502
91063,1258
91063,7438
91063,6874
91063,1732
91063,2762
91063,44665
91063,2542
68216,7361
68216,3814
68216,7748
68216,8620
68216,2732
68216,8405
68216,71033
68216,5878
68216,44555
68216,3083
38379,80463
38379,78499
38379,79091
38379,81847
38379,60069
38379,50872
38379,97938
38379,318
38379,88163
38379,99114
119648,293
119648,47
119648,1222
119648,1089
119648,2858
119648,1214
119648,48516
119648,260
119648,1196
119648,7361
60692,6539
60692,457
60692,3578
60692,1210
60692,260
60692,54286
60692,5418
60692,2762
60692,2028
60692,6377
19658,56367
19658,46578
19658,63082
19658,50872
19658,4973
19658,59315
19658,55276
19658,30749
19658,318
19658,56782
56907,49272
56907,8961
56907,7458
56907,5989
56907,4963
56907,33493
56907,5445
56907,6378
56907,8360
56907,63082
39518,1036
39518,2571
39518,1
39518,3671
39518,1201
39518,2028
39518,4855
39518,1266
39518,3578
39518,110
121516,61323
121516,34542
121516,48738
121516,55052
121516,63082
121516,46976
121516,55247
121516,33154
121516,55805
121516,53123
1068,296
1068,4306
1068,6377
1068,5952
1068,7153
1068,832
1068,1485
1068,593
1068,2490
1068,520
588,356
588,2762
588,6377
588,1580
588,253
588,784
588,5952
588,2571
588,4993
588,4963
56374,5418
56374,33794
56374,3578
56374,5989
56374,48780
56374,50
56374,70286
56374,4878
56374,60069
56374,4963
92675,480
92675,1270
92675,1580
92675,919
92675,364
92675,231
92675,296
92675,1923
92675,2762
92675,2918
38696,62
38696,4306
38696,6753
38696,5064
38696,8665
38696,3255
38696,3916
38696,4896
38696,45722
38696,589
47180,750
47180,4973
47180,2692
47180,1206
47180,1080
47180,1265
47180,1921
47180,6807
47180,2064
47180,1278
104729,58559
104729,110
104729,3578
104729,2028
104729,296
104729,50
104729,4226
104729,1221
104729,1262
104729,1036
138475,2203
138475,930
138475,8491
138475,750
138475,3307
138475,4432
138475,6254
138475,6985
138475,5291
138475,2726
30297,924
30297,590
30297,780
30297,1201
30297,6016
30297,4878
30297,5445
30297,750
30297,6
30297,377
46109,1200
46109,356
46109,1617
46109,4306
46109,1214
46109,296
46109,32587
46109,1193
46109,2716
46109,1220
54162,1219
54162,608
54162,1199
54162,1198
54162,1208
54162,858
54162,50
54162,1265
54162,7013
54162,1213
79344,4973
79344,1206
79344,8254
79344,551
79344,48394
79344,8873
79344,1273
79344,2010
79344,6987
79344,7323
122512,40815
122512,377
122512,8961
122512,1196
122512,260
122512,8360
122512,1270
122512,527
122512,33794
122512,1777
38347,1
38347,48394
38347,1265
38347,2571
38347,5225
38347,919
38347,1097
38347,63082
38347,56367
38347,1197
3728,1
3728,8961
3728,8360
3728,5378
3728,2011
3728,2791
3728,356
3728,7153
3728,5952
3728,8464
34601,33794
34601,45722
34601,58559
34601,30749
34601,41569
34601,68358
34601,8958
34601,37733
34601,30793
34601,48780
29408,4011
29408,1212
29408,2819
29408,7587
29408,48516
29408,3683
29408,3735
29408,3551
29408,2176
29408,68157
110588,74458
110588,50
110588,4262
110588,64839
110588,750
110588,1206
110588,3503
110588,5147
110588,58559
110588,903
120397,2858
120397,6711
120397,3949
120397,750
120397,858
120397,2502
120397,4979
120397,593
120397,8949
120397,50
38963,110
38963,44191
38963,6539
38963,2329
38963,7254
38963,593
38963,33794
38963,6377
38963,2353
38963,1625
117720,551
117720,2692
117720,1225
117720,3996
117720,1197
117720,2291
117720,1282
117720,1278
117720,4973
117720,4027
116550,3578
116550,150
116550,4306
116550,780
116550,648
116550,457
116550,1265
116550,1721
116550,4995
116550,2762
3181,2571
3181,858
3181,593
3181,904
3181,17
3181,2959
3181,6539
3181,916
3181,1193
3181,3481
75231,2762
75231,1704
75231,2571
75231,1270
75231,2671
75231,6218
75231,8961
75231,1961
75231,2918
75231,3255
56131,480
56131,79132
56131,1197
56131,296
56131,2571
56131,260
56131,2959
56131,1097
56131,78499
56131,1210
40186,4995
40186,8961
40186,4306
40186,4963
40186,63082
40186,54259
40186,68954
40186,4886
40186,66934
40186,3000
49854,7153
49854,318
49854,2762
49854,2571
49854,296
49854,1923
49854,4011
49854,6539
49854,1732
49854,2502
100693,1
100693,6863
100693,5989
100693,539
100693,4886
100693,8360
100693,8961
100693,4246
100693,1073
100693,2683
69043,593
69043,5445
69043,4270
69043,2054
69043,8644
69043,3793
69043,3257
69043,150
69043,5989
69043,589
2611,4226
2611,356
2611,7361
2611,1193
2611,1136
2611,7147
2611,296
2611,3911
2611,6874
2611,1206
87737,969
87737,1283
87737,7070
87737,2186
87737,1267
87737,7218
87737,1931
87737,6777
87737,8094
87737,930
46297,91529
46297,79132
46297,1
46297,97752
46297,91500
46297,58559
46297,59784
46297,68954
46297,87232
46297,7153
132419,48516
132419,58559
132419,922
132419,55276
132419,49272
132419,50872
132419,56152
132419,33166
132419,36517
132419,926
101532,1203
101532,318
101532,2028
101532,1234
101532,913
101532,356
101532,1304
101532,3147
101532,906
101532,923
73663,356
73663,1704
73663,3996
73663,2571
73663,2396
73663,527
73663,296
73663,1246
73663,50
73663,32
16310,7153
16310,60069
16310,4306
16310,4886
16310,356
16310,2542
16310,33794
16310,5952
16310,78499
16310,77561
61761,1206
61761,2858
61761,318
61761,778
61761,593
61761,1682
61761,58559
61761,1732
61761,231
61761,48394
27637,79132
27637,59315
27637,356
27637,1210
27637,70286
27637,6333
27637,480
27637,4226
27637,73017
27637,68954
64482,296
64482,2329
64482,1203
64482,3147
64482,4973
64482,30749
64482,923
64482,4226
64482,47
64482,30707
61541,1197
61541,2762
61541,1136
61541,69122
61541,67087
61541,58998
61541,6377
61541,1198
61541,1777
61541,1073
59395,318
59395,4886
59395,6874
59395,2762
59395,2628
59395,733
59395,1517
59395,47
59395,32587
59395,8665
62019,4226
62019,2858
62019,4011
62019,2571
62019,296
62019,1089
62019,2542
62019,32587
62019,1213
62019,4878
34469,2571
34469,1198
34469,1
34469,4226
34469,908
34469,1079
34469,4306
34469,497
34469,364
34469,318
112197,4226
112197,50
112197,58559
112197,318
112197,6377
112197,1704
112197,858
112197,1036
112197,1
112197,293
23924,6867
23924,4995
23924,4034
23924,8464
23924,38886
23924,2329
23924,2908
23924,25
23924,2395
23924,5995
125000,2502
125000,296
125000,79132
125000,2329
125000,71535
125000,2571
125000,1732
125000,1060
125000,593
125000,4993
28260,1210
28260,2762
28260,60069
28260,1288
28260,4993
28260,7153
28260,3039
28260,1079
28260,7361
28260,150
81300,47629
81300,38038
81300,56367
81300,30793
81300,49272
81300,54286
81300,35836
81300,45720
81300,8368
81300,27821
10334,480
10334,2571
10334,1
10334,1270
10334,3578
10334,260
10334,79132
10334,318
10334,54286
10334,1196
76455,541
76455,58559
76455,778
76455,1198
76455,5971
76455,4027
76455,44191
76455,6711
76455,56367
76455,2858
23204,4306
23204,356
23204,54286
23204,4963
23204,68157
23204,4226
23204,32587
23204,3578
23204,76251
23204,73017
58552,46578
58552,50
58552,33794
58552,110
58552,58559
58552,47
58552,3949
58552,55765
58552,4995
58552,480
101009,2762
101009,110
101009,318
101009,2028
101009,541
101009,296
101009,608
101009,1210
101009,356
101009,589
63954,77561
63954,56145
63954,70286
63954,64614
63954,2762
63954,87232
63954,68358
63954,76251
63954,67197
63954,88744
118060,608
118060,50
118060,318
118060,111
118060,1270
118060,1213
118060,7361
118060,58559
118060,1625
118060,293
85808,4226
85808,2329
85808,46578
85808,6539
85808,356
85808,56367
85808,296
85808,49530
85808,2762
85808,54001
28401,47
28401,6539
28401,296
28401,110
28401,318
28401,4993
28401,2959
28401,3147
28401,1097
28401,1
49516,2858
49516,2571
49516,593
49516,858
49516,1682
49516,4226
49516,1097
49516,1208
49516,2324
49516,1247
34375,3793
34375,7361
34375,3996
34375,6874
34375,60069
34375,3000
34375,31658
34375,5218
34375,318
34375,7438
121376,5952
121376,7153
121376,364
121376,318
121376,68954
121376,78499
121376,88125
121376,588
121376,4973
121376,595
87781,1214
87781,1240
87781,4226
87781,356
87781,1136
87781,2959
87781,541
87781,318
87781,2762
87781,1291
87576,1097
87576,1265
87576,3448
87576,527
87576,1259
87576,1220
87576,56367
87576,1270
87576,5299
87576,3039
87216,2959
87216,2571
87216,593
87216,1
87216,2028
87216,364
87216,527
87216,1682
87216,3147
87216,4886
87307,4011
87307,2959
87307,33166
87307,7361
87307,6016
87307,56367
87307,58559
87307,30707
87307,55820
87307,55247
84404,3949
84404,54286
84404,527
84404,45722
84404,59369
84404,55820
84404,64614
84404,6953
84404,67255
84404,41997
132443,5349
132443,4306
132443,3578
132443,50
132443,5952
132443,2959
132443,48516
132443,32587
132443,527
132443,3793
78314,2858
78314,2571
78314,541
78314,1198
78314,904
78314,1197
78314,1292
78314,908
78314,1136
78314,4226
78940,3785
78940,370
78940,8528
78940,8636
78940,1485
78940,2706
78940,30825
78940,81847
78940,68954
78940,5952
70159,68954
70159,50872
70159,3897
70159,44195
70159,3996
70159,296
70159,7153
70159,4993
70159,40815
70159,904
16711,2762
16711,356
16711,1968
16711,39
16711,296
16711,593
16711,2959
16711,480
16711,1721
16711,2
135173,593
135173,318
135173,1089
135173,4973
135173,4878
135173,3481
135173,30810
135173,2571
135173,4011
135173,2692
73900,2762
73900,8874
73900,5445
73900,1208
73900,2502
73900,3000
73900,1732
73900,44665
73900,457
73900,87232
84392,40819
84392,45950
84392,33166
84392,44195
84392,39292
84392,51255
84392,8981
84392,33794
84392,49272
84392,38038
57976,2329
57976,1036
57976,5952
57976,4993
57976,2858
57976,7153
57976,31878
57976,7438
57976,33794
57976,1617
115708,1198
115708,2167
115708,780
115708,1291
115708,3578
115708,380
115708,59315
115708,4896
115708,2115
115708,2716
127468,593
127468,6539
127468,541
127468,1214
127468,1200
127468,1262
127468,1610
127468,4878
127468,32
127468,4896
136498,2959
136498,1653
136498,780
136498,541
136498,2115
136498,45722
136498,4308
136498,48780
136498,1722
136498,2012
110186,593
110186,33794
110186,318
110186,110
110186,356
110186,6377
110186,4993
110186,5952
110186,2115
110186,8360
45891,1275
45891,541
45891,2571
45891,353
45891,1732
45891,32
45891,592
45891,2987
45891,1220
45891,2985
12704,2716
12704,3578
12704,1580
12704,260
12704,58559
12704,380
12704,1214
12704,1265
12704,590
12704,1682
65312,356
65312,2858
65312,1197
65312,2918
65312,2571
65312,5952
65312,4306
65312,5377
65312,1721
65312,3481
31228,4878
31228,2571
31228,8784
31228,50
31228,608
31228,56367
31228,48516
31228,63082
31228,1206
31228,5902
87497,150
87497,2762
87497,6539
87497,480
87497,110
87497,4995
87497,33794
87497,4223
87497,49530
87497,1580
97796,1721
97796,8961
97796,356
97796,6377
97796,4993
97796,5816
97796,8360
97796,588
97796,1097
97796,49272
97426,4226
97426,1197
97426,1291
97426,60069
97426,296
97426,33794
97426,2502
97426,1213
97426,1201
97426,1089
33018,527
33018,750
33018,2858
33018,1193
33018,2571
33018,1136
33018,1234
33018,1252
33018,1197
33018,913
93317,78499
93317,6711
93317,8961
93317,4886
93317,5673
93317,50872
93317,60069
93317,7361
93317,2966
93317,3022
11017,2959
11017,318
11017,2858
11017,1704
11017,56367
11017,55247
11017,2324
11017,80463
11017,68157
11017,81845
135719,6539
135719,4306
135719,589
135719,344
135719,6365
135719,597
135719,780
135719,4995
135719,2858
135719,1
62622,46578
62622,2959
62622,1206
62622,750
62622,4973
62622,2997
62622,7361
62622,69134
62622,3186
62622,2313
136625,7153
136625,4993
136625,6539
136625,1
136625,8961
136625,5618
136625,88125
136625,78499
136625,5952
136625,79132
103402,6365
103402,91542
103402,1136
103402,1682
103402,648
103402,3793
103402,73017
103402,48780
103402,76093
103402,2762
83164,47
83164,4816
83164,1704
83164,2028
83164,7445
83164,67087
83164,61024
83164,64614
83164,4226
83164,33166
15984,5989
15984,356
15984,79132
15984,4995
15984,4886
15984,293
15984,44191
15984,6377
15984,5445
15984,81591
51129,1080
51129,5618
51129,60069
51129,2657
51129,1235
51129,1136
51129,4642
51129,6807
51129,7361
51129,8874
138299,76093
138299,50872
138299,78499
138299,3114
138299,1210
138299,1196
138299,97913
138299,1198
138299,2628
138299,1291
65490,7361
65490,68157
65490,318
65490,58559
65490,79132
65490,1748
65490,2288
65490,50
65490,541
65490,1210
34207,68358
34207,480
34207,64614
34207,1213
34207,1704
34207,4022
34207,7143
34207,4223
34207,2762
34207,99114
47405,4226
47405,2959
47405,47
47405,1221
47405,1291
47405,1617
47405,750
47405,33794
47405,2571
47405,1240
2751,858
2751,923
2751,903
2751,3365
2751,7013
2751,1213
2751,6787
2751,1193
2751,1221
2751,1252
78842,2959
78842,2858
78842,1732
78842,1961
78842,2700
78842,231
78842,4623
78842,593
78842,6796
78842,104
80650,32587
80650,1136
80650,296
80650,33794
80650,593
80650,48394
80650,480
80650,968
80650,1214
80650,68157
92552,1
92552,1291
92552,4306
92552,2571
92552,593
92552,1917
92552,1240
92552,1265
92552,5418
92552,2706
7312,1206
7312,7063
7312,1193
7312,1258
7312,1213
7312,56782
7312,858
7312,1089
7312,2959
7312,7361
69357,150
69357,1961
69357,1270
69357,1265
69357,1
69357,593
69357,47
69357,597
69357,480
69357,1073
18886,3897
18886,2858
18886,2959
18886,4226
18886,6874
18886,1060
18886,1500
18886,2571
18886,47
18886,1259
3761,5349
3761,2858
3761,4995
3761,6942
3761,3489
3761,8636
3761,1073
3761,34162
3761,6863
3761,586
24372,44694
24372,44195
24372,914
24372,902
24372,17
24372,4226
24372,2858
24372,2997
24372,904
24372,49961
5446,6874
5446,1527
5446,1374
5446,60069
5446,2791
5446,1213
5446,4226
5446,3996
5446,733
5446,32
90375,4235
90375,3996
90375,55820
90375,608
90375,3578
90375,1240
90375,527
90375,30749
90375,1193
90375,5418
51217,2997
51217,296
51217,56145
51217,2232
51217,74458
51217,5954
51217,5903
51217,63072
51217,8798
51217,7827
47777,7235
47777,4105
47777,608
47777,6820
47777,4437
47777,1258
47777,1089
47777,1214
47777,318
47777,1219
49076,356
49076,1270
49076,2395
49076,1653
49076,6283
49076,1089
49076,68157
49076,4027
49076,8784
49076,1198
36995,1387
36995,3101
36995,1263
36995,3552
36995,3499
36995,1954
36995,3671
36995,2918
36995,4262
36995,3421
59742,104
59742,69
59742,231
59742,356
59742,1777
59742,216
59742,3253
59742,3916
59742,296
59742,6796
28966,2762
28966,858
28966,589
28966,1278
28966,2791
28966,296
28966,1080
28966,47
28966,1219
28966,1265
8038,48780
8038,79132
8038,5418
8038,318
8038,49272
8038,33794
8038,68157
8038,72998
8038,2959
8038,44191
18178,1208
18178,4226
18178,1198
18178,2571
18178,1089
18178,2858
18178,1213
18178,527
18178,2959
18178,6016
104956,1136
104956,296
104956,541
104956,1193
104956,1274
104956,5147
104956,2731
104956,7153
104956,4993
104956,3089
101085,904
101085,3578
101085,2762
101085,2396
101085,1704
101085,4993
101085,2571
101085,4306
101085,30707
101085,1250
16648,76093
16648,73017
16648,60069
16648,59315
16648,58559
16648,8961
16648,3000
16648,87232
16648,2959
16648,48394
116810,260
116810,47
116810,54286
116810,2959
116810,2028
116810,457
116810,7153
116810,4993
116810,480
116810,1291
5146,236
5146,915
5146,5952
5146,4993
5146,7153
5146,6942
5146,356
5146,2571
5146,40629
5146,2396
20516,48516
20516,858
20516,32
20516,2762
20516,3578
20516,2571
20516,6016
20516,1
20516,480
20516,111
36730,1527
36730,260
36730,1061
36730,4034
36730,1291
36730,4776
36730,3160
36730,4239
36730,2115
36730,2712
18368,593
18368,223
18368,1235
18368,1089
18368,6807
18368,1258
18368,541
18368,300
18368,745
18368,1292
92812,1210
92812,8360
92812,7153
92812,1196
92812,260
92812,6874
92812,6377
92812,364
92812,7438
92812,1682
112361,4995
112361,1784
112361,965
112361,32
112361,7076
112361,8665
112361,1219
112361,1031
112361,8827
112361,1250
107625,79132
107625,2959
107625,50872
107625,58559
107625,8961
107625,4027
107625,4896
107625,3114
107625,595
107625,7361
64989,589
64989,924
64989,3527
64989,1214
64989,1961
64989,2916
64989,4489
64989,3699
64989,5500
64989,4855
42560,2959
42560,2997
42560,47
42560,4628
42560,7438
42560,1208
42560,1228
42560,4979
42560,1221
42560,6874
14517,1193
14517,4878
14517,32
14517,2117
14517,2858
14517,79132
14517,1175
14517,3949
14517,8950
14517,1073
64608,8961
64608,54286
64608,33166
64608,33794
64608,44191
64608,49272
64608,64957
64608,41285
64608,46723
64608,41569
111764,1201
111764,318
111764,110
111764,60069
111764,99114
111764,527
111764,4226
111764,1214
111764,68954
111764,7361
96434,2571
96434,2028
96434,68157
96434,608
96434,1221
96434,4226
96434,50
96434,58559
96434,3949
96434,56782
36405,608
36405,5952
36405,4878
36405,2858
36405,55820
36405,58559
36405,356
36405,6874
36405,1258
36405,32
136615,1527
136615,44665
136615,110
136615,2329
136615,40815
136615,49272
136615,6378
136615,4223
136615,260
136615,44191
76688,1299
76688,58295
76688,88235
76688,5747
76688,41997
76688,56788
76688,2542
76688,1358
76688,8873
76688,91658
79930,7361
79930,296
79930,50
79930,4226
79930,47
79930,2918
79930,608
79930,2145
79930,1968
79930,1257
127431,589
127431,51662
127431,1884
127431,110
127431,293
127431,3578
127431,52281
127431,7438
127431,4226
127431,1036
129498,1209
129498,4855
129498,48516
129498,1218
129498,5618
129498,5952
129498,2019
129498,2949
129498,2948
129498,3681
57308,750
57308,2916
57308,2706
57308,288
57308,1222
57308,253
57308,1206
57308,4878
57308,2396
57308,589
21163,55269
21163,52973
21163,68157
21163,71211
21163,34338
21163,56788
21163,56367
21163,68237
21163,59315
21163,69757
82608,318
82608,5418
82608,32587
82608,293
82608,1220
82608,32
82608,50
82608,3702
82608,3081
82608,7438
86340,2858
86340,1136
86340,47
86340,318
86340,4226
86340,4993
86340,8961
86340,7153
86340,5952
86340,2329
67481,1198
67481,356
67481,480
67481,50
67481,2918
67481,2762
67481,2571
67481,858
67481,1961
67481,1258
93860,58559
93860,50
93860,68237
93860,356
93860,527
93860,1921
93860,55908
93860,7254
93860,741
93860,8914
94187,1208
94187,593
94187,48394
94187,858
94187,1732
94187,27773
94187,2571
94187,293
94187,5690
94187,4262
108743,48516
108743,54881
108743,32587
108743,6620
108743,46578
108743,68157
108743,2858
108743,2959
108743,8949
108743,5989
32040,7153
32040,2959
32040,49272
32040,3578
32040,1197
32040,5952
32040,27611
32040,59369
32040,2329
32040,50
3676,296
3676,55820
3676,47423
3676,608
3676,3147
3676,52952
3676,1206
3676,1228
3676,89759
3676,46578
67143,55820
67143,1213
67143,356
67143,2858
67143,858
67143,27773
67143,589
67143,4011
67143,593
67143,70286
118155,1200
118155,60069
118155,106487
118155,1
118155,91500
118155,3702
118155,457
118155,2115
118155,8636
118155,4857
57982,919
57982,318
57982,1278
57982,1246
57982,1136
57982,6377
57982,2571
57982,1073
57982,8961
57982,2502
65811,919
65811,912
65811,1035
65811,920
65811,1246
65811,4306
65811,364
65811,1097
65811,595
65811,5299
95262,590
95262,1267
95262,1291
95262,349
95262,2067
95262,2115
95262,8337
95262,377
95262,2948
95262,1580
62778,8970
62778,356
62778,30749
62778,46723
62778,5989
62778,5995
62778,2324
62778,4014
62778,527
62778,5299
44613,79132
44613,593
44613,356
44613,44665
44613,5903
44613,8798
44613,64614
44613,260
44613,105504
44613,858
50181,2502
50181,6539
50181,296
50181,68358
50181,49272
50181,8874
50181,44191
50181,89745
50181,71535
50181,293
93641,1136
93641,7361
93641,1207
93641,7153
93641,4993
93641,5989
93641,223
93641,1961
93641,150
93641,1219
21164,4226
21164,1198
21164,593
21164,1196
21164,2571
21164,5971
21164,58559
21164,2858
21164,541
21164,4973
91077,377
91077,1374
91077,2716
91077,1376
91077,1200
91077,2640
91077,150
91077,736
91077,1291
91077,1198
77228,1088
77228,4018
77228,1380
77228,1513
77228,4161
77228,4367
77228,3285
77228,3301
77228,3081
77228,2321
84677,3578
84677,7361
84677,318
84677,6377
84677,4993
84677,4995
84677,858
84677,2692
84677,4963
84677,1961
125955,59315
125955,81834
125955,58559
125955,98809
125955,6539
125955,88125
125955,81847
125955,73017
125955,1196
125955,2571
29678,2858
29678,4226
29678,924
29678,4878
29678,2997
29678,3910
29678,1732
29678,858
29678,6016
29678,1354
97282,1961
97282,49272
97282,56367
97282,5445
97282,33794
97282,46578
97282,4963
97282,7438
97282,2683
97282,648
20288,1682
20288,318
20288,1580
20288,2502
20288,2706
20288,1917
20288,5952
20288,7153
20288,6863
20288,364
133118,6539
133118,3578
133118,4306
133118,3793
133118,1270
133118,1198
133118,4027
133118,318
133118,1291
133118,6377
17303,2997
17303,527
17303,4226
17303,1704
17303,356
17303,50
17303,79132
17303,2762
17303,33166
17303,8873
18029,1732
18029,1394
18029,52973
18029,3809
18029,4027
18029,44195
18029,61132
18029,61024
18029,1358
18029,4979
101618,96079
101618,1210
101618,2542
101618,47
101618,4963
101618,3147
101618,527
101618,2762
101618,44199
101618,73017
3403,318
3403,47
3403,296
3403,2959
3403,7361
3403,6502
3403,541
3403,1527
3403,33794
3403,5952
55082,2804
55082,1270
55082,2959
55082,356
55082,2329
55082,4886
55082,2194
55082,3421
55082,2716
55082,3114
41917,1198
41917,2918
41917,2502
41917,6539
41917,2571
41917,1210
41917,1196
41917,3552
41917,2683
41917,3671
66477,4973
66477,597
66477,5989
66477,3844
66477,6711
66477,33166
66477,2762
66477,527
66477,7293
66477,4041
120130,356
120130,32587
120130,296
120130,32
120130,2858
120130,1222
120130,1704
120130,2716
120130,7361
120130,293
27340,4886
27340,5952
27340,5349
27340,6539
27340,4306
27340,5816
27340,49272
27340,2012
27340,260
27340,480
99065,8961
99065,296
99065,2716
99065,1090
99065,1258
99065,5816
99065,2959
99065,2791
99065,6539
99065,7502
21584,50
21584,1080
21584,6711
21584,296
21584,7323
21584,1270
21584,293
21584,858
21584,1961
21584,92259
130496,527
130496,1307
130496,356
130496,1393
130496,2571
130496,2959
130496,150
130496,3948
130496,1089
130496,480
79555,48394
79555,4226
79555,1197
79555,4878
79555,2858
79555,34405
79555,954
79555,916
79555,2502
79555,8784
54739,35957
54739,53996
54739,56152
54739,33679
54739,41566
54739,41569
54739,48774
54739,8970
54739,51662
54739,30707
40411,3578
40411,356
40411,2858
40411,1721
40411,4226
40411,3408
40411,47
40411,1682
40411,480
40411,49272
28778,3147
28778,293
28778,79132
28778,1193
28778,109487
28778,111
28778,112556
28778,106782
28778,74458
28778,780
61033,6874
61033,82459
61033,91529
61033,55820
61033,89492
61033,85774
61033,4963
61033,1089
61033,858
61033,72011
59326,2858
59326,296
59326,3949
59326,2997
59326,1206
59326,4973
59326,1196
59326,4226
59326,59387
59326,5952
122124,1136
122124,1
122124,38038
122124,2791
122124,3552
122124,4306
122124,34162
122124,3253
122124,104
122124,1663
41988,3147
41988,58559
41988,56367
41988,46578
41988,3578
41988,48516
41988,84152
41988,109374
41988,5903
41988,8784
97779,33794
97779,778
97779,32587
97779,55765
97779,6
97779,56782
97779,31410
97779,1682
97779,44191
97779,6870
93273,7361
93273,4226
93273,3949
93273,7438
93273,1464
93273,4973
93273,6016
93273,1921
93273,2076
93273,2329
36506,8874
36506,6502
36506,4878
36506,2959
36506,4734
36506,3617
36506,2329
36506,6188
36506,2502
36506,5283
7671,4886
7671,364
7671,58559
7671,1584
7671,10
7671,2959
7671,33004
7671,60684
7671,1265
7671,31658
51172,1198
51172,858
51172,589
51172,2571
51172,1258
51172,356
51172,1208
51172,1387
51172,32
51172,4226
63101,33794
63101,2329
63101,4993
63101,4226
63101,296
63101,2858
63101,356
63101,7361
63101,48394
63101,4011
79285,30707
79285,55276
79285,50872
79285,40815
79285,44555
79285,46578
79285,44199
79285,47629
79285,30749
79285,33154
55040,608
55040,2762
55040,1197
55040,380
55040,1617
55040,4306
55040,7361
55040,1580
55040,1136
55040,6331
30631,30707
30631,49530
30631,40819
30631,7254
30631,37731
30631,63082
30631,44195
30631,8873
30631,55820
30631,48304
96433,2762
96433,318
96433,2858
96433,1193
96433,527
96433,924
96433,296
96433,1214
96433,1183
96433,1079
75225,1704
75225,1198
75225,5418
75225,588
75225,150
75225,2571
75225,780
75225,6333
75225,3578
75225,5989
108507,79132
108507,2329
108507,31658
108507,2858
108507,778
108507,7361
108507,46578
108507,8873
108507,63082
108507,76093
131947,594
131947,3977
131947,2
131947,355
131947,153
131947,317
131947,3248
131947,32296
131947,1197
131947,6503
63494,318
63494,1089
63494,1214
63494,70286
63494,3578
63494,60069
63494,1732
63494,1206
63494,38061
63494,5445
40033,296
40033,64614
40033,110
40033,8961
40033,1704
40033,6377
40033,2571
40033,2762
40033,50872
40033,72641
8391,45517
8391,41566
8391,45722
8391,56775
8391,56152
8391,51698
8391,38038
8391,8916
8391,34150
8391,40815
82265,318
82265,48516
82265,2858
82265,55269
82265,51255
82265,56367
82265,8641
82265,47
82265,4878
82265,356
17274,4963
17274,3578
17274,46976
17274,2329
17274,593
17274,1265
17274,4027
17274,7147
17274,34162
17274,4886
131988,3451
131988,1029
131988,8970
131988,1127
131988,6565
131988,3147
131988,2080
131988,1265
131988,1272
131988,8492
105426,8961
105426,608
105426,1265
105426,919
105426,1198
105426,3996
105426,50
105426,898
105426,951
105426,6377
81115,593
81115,47
81115,1721
81115,527
81115,4995
81115,4963
81115,6016
81115,60069
81115,6377
81115,3147
132152,2959
132152,1089
132152,50
132152,750
132152,5618
132152,2599
132152,6620
132152,2858
132152,2692
132152,3996
47206,2959
47206,2908
47206,7361
47206,2858
47206,3911
47206,4641
47206,4878
47206,6711
47206,56333
47206,5225
115275,97304
115275,68954
115275,89492
115275,86332
115275,64614
115275,91630
115275,102125
115275,7445
115275,88744
115275,88163
137022,1961
137022,1210
137022,1221
137022,2628
137022,364
137022,50
137022,1527
137022,1580
137022,8360
137022,541
44989,296
44989,1
44989,2
44989,2291
44989,2114
44989,337
44989,8169
44989,33085
44989,586
44989,1974
16085,47
16085,74458
16085,81788
16085,110
16085,6059
16085,90439
16085,104841
16085,73321
16085,6378
16085,84954
4660,750
4660,52328
4660,27831
4660,5418
4660,40583
4660,40278
4660,38061
4660,7502
4660,63072
4660,32
27459,2858
27459,7151
27459,3083
27459,3408
27459,2329
27459,8622
27459,8981
27459,527
27459,30812
27459,49286
70314,54286
70314,6365
70314,99114
70314,6934
70314,110
70314,8665
70314,527
70314,1610
70314,4995
70314,6874
94961,47
94961,2762
94961,60069
94961,1258
94961,904
94961,79132
94961,908
94961,4973
94961,7361
94961,1213
79980,47
79980,260
79980,1270
79980,4886
79980,2858
79980,33794
79980,608
79980,4226
79980,5349
79980,364
104247,593
104247,6377
104247,4027
104247,8961
104247,2959
104247,1784
104247,1270
104247,1089
104247,1307
104247,3448
132595,59784
132595,91500
132595,480
132595,53125
132595,3114
132595,78499
132595,1136
132595,58559
132595,8360
132595,91529
11509,7034
11509,4741
11509,27803
11509,7323
11509,5878
11509,8973
11509,4973
11509,3967
11509,8014
11509,6016
11250,356
11250,2997
11250,2571
11250,1584
11250,109374
11250,4995
11250,92259
11250,68358
11250,33004
11250,97752
125794,59315
125794,60647
125794,63082
125794,73323
125794,65642
125794,47423
125794,96655
125794,91542
125794,38061
125794,40732
114772,5952
114772,7153
114772,4993
114772,48516
114772,318
114772,81845
114772,63082
114772,110
114772,78499
114772,91529
118134,6539
118134,2858
118134,1653
118134,165
118134,1584
118134,648
118134,2467
118134,3081
118134,5872
118134,3578
49553,60069
49553,73017
49553,5816
49553,49649
49553,6754
49553,45499
49553,31696
49553,53996
49553,6534
49553,51662
37336,1210
37336,4366
37336,3114
37336,5952
37336,2687
37336,2355
37336,33493
37336,1
37336,7153
37336,4993
10627,2935
10627,2511
10627,3022
10627,903
10627,2160
10627,3424
10627,7072
10627,1251
10627,1407
10627,16
119013,37729
119013,34405
119013,40815
119013,46578
119013,31878
119013,31658
119013,44191
119013,37741
119013,45722
119013,36401
85314,2858
85314,53125
85314,356
85314,7153
85314,7090
85314,4011
85314,253
85314,8984
85314,5418
85314,7147
22287,593
22287,750
22287,2858
22287,1206
22287,541
22287,912
22287,923
22287,50
22287,1230
22287,4226
98286,1240
98286,296
98286,1208
98286,4306
98286,527
98286,1206
98286,293
98286,1225
98286,5995
98286,1193
37468,47
37468,4226
37468,2762
37468,260
37468,1198
37468,110
37468,364
37468,5952
37468,1196
37468,1580
130796,6874
130796,5995
130796,1258
130796,593
130796,47
130796,1208
130796,1213
130796,4226
130796,81845
130796,55820
80501,3949
80501,5608
80501,3499
80501,1227
80501,8950
80501,608
80501,1201
80501,49530
80501,5349
80501,6214
58975,5952
58975,593
58975,58559
58975,33794
58975,47
58975,4226
58975,527
58975,1200
58975,904
58975,48516
37941,60069
37941,8961
37941,595
37941,39
37941,56367
37941,364
37941,1257
37941,1278
37941,56152
37941,919
119761,6539
119761,1580
119761,296
119761,5445
119761,47
119761,733
119761,527
119761,44191
119761,3948
119761,4306
11506,34
11506,1721
11506,364
11506,62
11506,60069
11506,608
11506,333
11506,2529
11506,1225
11506,553
12251,44191
12251,7361
12251,44195
12251,32587
12251,46976
12251,593
12251,5618
12251,4011
12251,2762
12251,4993
58000,2858
58000,50
58000,1732
58000,293
58000,2997
58000,4963
58000,48780
58000,1682
58000,44191
58000,32
60469,1
60469,4993
60469,7153
60469,5952
60469,6333
60469,1610
60469,4963
60469,2571
60469,50
60469,2000
106762,1961
106762,1247
106762,5995
106762,318
106762,50
106762,912
106762,7361
106762,2067
106762,904
106762,1203
6897,1198
6897,589
6897,32587
6897,2571
6897,33794
6897,260
6897,8961
6897,7153
6897,318
6897,1210
74693,597
74693,500
74693,7153
74693,5952
74693,480
74693,4993
74693,2571
74693,1210
74693,1196
74693,912
67031,260
67031,1210
67031,780
67031,1
67031,593
67031,1270
67031,380
67031,1721
67031,3578
67031,1580
75270,296
75270,5445
75270,104841
75270,6711
75270,3285
75270,54286
75270,4901
75270,2762
75270,41997
75270,541
78747,41571
78747,46578
78747,7451
78747,8533
78747,7669
78747,63082
78747,7361
78747,916
78747,262
78747,902
36349,1221
36349,527
36349,74458
36349,858
36349,7153
36349,4993
36349,2858
36349,48780
36349,5952
36349,4973
121385,593
121385,5952
121385,2959
121385,6016
121385,318
121385,2858
121385,1270
121385,541
121385,527
121385,50
104500,1961
104500,597
104500,593
104500,2000
104500,858
104500,357
104500,1036
104500,1198
104500,1183
104500,592
45518,2028
45518,590
45518,1198
45518,1214
45518,1221
45518,1387
45518,1127
45518,2985
45518,1233
45518,2858
36609,5952
36609,296
36609,1200
36609,2959
36609,1208
36609,541
36609,1288
36609,32
36609,1732
36609,778
125173,1291
125173,1704
125173,480
125173,2858
125173,589
125173,1721
125173,527
125173,1196
125173,457
125173,597
85105,6711
85105,4027
85105,50
85105,1923
85105,21
85105,4881
85105,6016
85105,231
85105,34437
85105,1729
9327,4306
9327,356
9327,49530
9327,58295
9327,44665
9327,7445
9327,500
9327,54736
9327,53972
9327,4963
84615,58559
84615,6539
84615,1198
84615,1
84615,78499
84615,3671
84615,59315
84615,1210
84615,750
84615,3421
34047,50872
34047,59784
34047,1196
34047,1197
34047,6539
34047,8644
34047,49272
34047,78499
34047,3114
34047,8984
110847,30707
110847,3699
110847,4855
110847,2108
110847,6297
110847,2355
110847,56367
110847,4545
110847,4623
110847,3551
120645,4306
120645,500
120645,56367
120645,46578
120645,7361
120645,2321
120645,35836
120645,1923
120645,3186
120645,4890
12632,56174
12632,364
12632,47610
12632,45499
12632,110
12632,5816
12632,5618
12632,8961
12632,70286
12632,780
108787,1198
108787,6350
108787,1210
108787,7090
108787,7153
108787,1214
108787,68358
108787,5971
108787,31658
108787,70286
118979,1221
118979,4226
118979,110
118979,1704
118979,8961
118979,4963
118979,5010
118979,6539
118979,457
118979,2918
8456,8368
8456,110
8456,520
8456,2918
8456,2028
8456,33493
8456,2115
8456,1036
8456,318
8456,919
7247,47
7247,5952
7247,48780
7247,48394
7247,7153
7247,296
7247,4226
7247,48516
7247,356
7247,70286
13142,5445
13142,33794
13142,608
13142,32
13142,1617
13142,4973
13142,63082
13142,4995
13142,5418
13142,541
112909,39183
112909,926
112909,1035
112909,7619
112909,920
112909,954
112909,919
112909,26116
112909,910
112909,924
137371,68157
137371,69122
137371,89745
137371,71535
137371,59369
137371,48516
137371,91529
137371,2959
137371,68358
137371,44665
130031,1198
130031,5418
130031,1291
130031,1704
130031,2329
130031,47
130031,4963
130031,1240
130031,316
130031,1584
32074,7438
32074,6874
32074,110
32074,356
32074,2762
32074,1036
32074,1234
32074,8961
32074,2959
32074,1240
55726,36529
55726,33679
55726,32587
55726,41285
55726,45499
55726,44665
55726,44195
55726,41566
55726,40278
55726,47044
136,7153
136,318
136,2571
136,4896
136,364
136,72998
136,77561
136,95510
136,2918
136,97913
16261,1073
16261,260
16261,2193
16261,41566
16261,253
16261,2987
16261,2143
16261,1027
16261,3996
16261,3397
59527,110
59527,356
59527,111
59527,55820
59527,30749
59527,4995
59527,3198
59527,6787
59527,1208
59527,3578
23762,922
23762,923
23762,858
23762,2973
23762,3911
23762,3424
23762,909
23762,2289
23762,1278
23762,903
84824,4128
84824,4246
84824,2329
84824,47
84824,2858
84824,4993
84824,5679
84824,5816
84824,7153
84824,3052
52258,3300
52258,2167
52258,1527
52258,51662
52258,170
52258,2701
52258,8361
52258,6365
52258,1831
52258,733
123484,593
123484,778
123484,7361
123484,296
123484,1089
123484,44555
123484,4226
123484,1193
123484,79132
123484,47
84801,4027
84801,1136
84801,2997
84801,2502
84801,7361
84801,551
84801,4993
84801,2324
84801,2918
84801,4979
110212,4963
110212,1307
110212,6539
110212,39
110212,1197
110212,40815
110212,81845
110212,69757
110212,586
110212,1073
77514,33794
77514,55820
77514,35836
77514,8949
77514,56367
77514,44195
77514,40583
77514,34162
77514,82459
77514,79132
34275,293
34275,56367
34275,69640
34275,47
34275,2329
34275,296
34275,48516
34275,44191
34275,72011
34275,4011
65256,6539
65256,60069
65256,79091
65256,88163
65256,81537
65256,104211
65256,95441
65256,6874
65256,76293
65256,7438
62604,63082
62604,356
62604,2329
62604,50
62604,1213
62604,1089
62604,7361
62604,47
62604,527
62604,55820
98529,55820
98529,3949
98529,5952
98529,1258
98529,778
98529,1240
98529,1214
98529,2329
98529,293
98529,1197
21355,1215
21355,541
21355,4467
21355,4085
21355,4572
21355,2174
21355,2117
21355,2791
21355,54286
21355,1225
43683,46578
43683,3949
43683,71535
43683,61240
43683,56367
43683,79702
43683,72226
43683,74458
43683,296
43683,48385
80677,1219
80677,111
80677,318
80677,1923
80677,2640
80677,555
80677,1221
80677,1097
80677,553
80677,2115
48604,60069
48604,97304
48604,76093
48604,99114
48604,46578
48604,2108
48604,955
48604,91529
48604,89745
48604,7361
68188,539
68188,4246
68188,4308
68188,595
68188,1968
68188,2572
68188,1035
68188,35836
68188,500
68188,356
99488,318
99488,5952
99488,7153
99488,4993
99488,4973
99488,2692
99488,260
99488,1196
99488,4306
99488,1136
11528,1136
11528,356
11528,2997
11528,38038
11528,4979
11528,1
11528,3751
11528,3897
11528,4027
11528,2571
82323,4975
82323,1892
82323,480
82323,1552
82323,4023
82323,8798
82323,454
82323,2763
82323,1961
82323,6281
105565,31658
105565,2959
105565,4973
105565,6377
105565,4993
105565,4720
105565,81591
105565,5445
105565,2762
105565,5218
39962,2006
39962,5299
39962,440
39962,339
39962,780
39962,832
39962,1597
39962,1552
39962,3255
39962,457
6776,79132
6776,47
6776,1213
6776,50
6776,70286
6776,111
6776,1732
6776,4011
6776,48516
6776,318
44438,780
44438,44191
44438,2617
44438,1206
44438,353
44438,2115
44438,33794
44438,111
44438,1208
44438,69122
18152,48780
18152,6502
18152,7361
18152,2858
18152,48043
18152,8914
18152,6774
18152,5881
18152,48394
18152,57669
48842,150
48842,50
48842,590
48842,3147
48842,5445
48842,110
48842,81845
48842,780
48842,48780
48842,59315
9272,4306
9272,368
9272,356
9272,3717
9272,1059
9272,1619
9272,253
9272,4448
9272,23
9272,6377
127626,2028
127626,1961
127626,49530
127626,1246
127626,1265
127626,5902
127626,48738
127626,1089
127626,6
127626,4720
44539,47
44539,2028
44539,296
44539,1961
44539,318
44539,2762
44539,3147
44539,4993
44539,7153
44539,4306
82644,260
82644,6016
82644,1222
82644,7438
82644,924
82644,1208
82644,3949
82644,4993
82644,1193
82644,46578
54406,1704
54406,4226
54406,1214
54406,1222
54406,50
54406,55820
54406,48516
54406,16
54406,1206
54406,61240
103186,48774
103186,5952
103186,7153
103186,356
103186,778
103186,56367
103186,5995
103186,4848
103186,527
103186,51540
83063,318
83063,4226
83063,2692
83063,4878
83063,1059
83063,1148
83063,608
83063,1732
83063,2396
83063,2324
127572,106487
127572,106072
127572,91500
127572,1196
127572,88125
127572,86332
127572,97913
127572,7153
127572,1198
127572,2571
36932,2762
36932,2502
36932,593
36932,1968
36932,6796
36932,231
36932,4011
36932,2571
36932,2716
36932,3147
79376,60069
79376,4226
79376,44191
79376,79132
79376,70286
79376,74458
79376,2571
79376,5903
79376,7361
79376,68358
136485,1210
136485,3147
136485,2959
136485,293
136485,2987
136485,19
136485,648
136485,1587
136485,1682
136485,1377
11016,296
11016,47
11016,50
11016,1732
11016,223
11016,750
11016,4011
11016,2997
11016,1210
11016,1089
41545,2858
41545,1527
41545,1136
41545,51662
41545,2918
41545,6377
41545,6539
41545,50
41545,4886
41545,364
459,96079
459,296
459,7153
459,2571
459,89864
459,55820
459,32587
459,92259
459,82459
459,1291
49486,293
49486,2329
49486,110
49486,2706
49486,1625
49486,5377
49486,2542
49486,223
49486,648
49486,4022
54594,2762
54594,1197
54594,2858
54594,6863
54594,3033
54594,4878
54594,2329
54594,3147
54594,34162
54594,2716
120670,150
120670,89492
120670,1198
120670,88125
120670,4995
120670,1302
120670,1270
120670,454
120670,3147
120670,72641
119608,593
119608,318
119608,2762
119608,1682
119608,5618
119608,1079
119608,7361
119608,356
119608,5952
119608,4993
14008,1198
14008,541
14008,5952
14008,318
14008,7153
14008,589
14008,7361
14008,527
14008,4878
14008,6016
37231,48394
37231,44191
37231,4878
37231,4226
37231,2571
37231,32587
37231,592
37231,47
37231,3000
37231,4886
38077,32
38077,2762
38077,150
38077,593
38077,1580
38077,110
38077,2959
38077,2028
38077,4306
38077,1136
54798,58559
54798,2858
54798,1206
54798,5971
54798,293
54798,6350
54798,1921
54798,1197
54798,59387
54798,593
114623,6016
114623,6711
114623,46578
114623,30749
114623,2542
114623,356
114623,6870
114623,48738
114623,1704
114623,69481
12421,7153
12421,58559
12421,5952
12421,1580
12421,1036
12421,4993
12421,1198
12421,5989
12421,6539
12421,1682
119532,1732
119532,1197
119532,1206
119532,296
119532,4973
119532,30810
119532,5618
119532,55269
119532,1175
119532,2692
77676,457
77676,1291
77676,1258
77676,593
77676,48516
77676,30707
77676,1
77676,1721
77676,1617
77676,1393
7267,1704
7267,1961
7267,296
7267,2028
7267,2797
7267,1270
7267,2918
7267,110
7267,1784
7267,1259
97320,2997
97320,4973
97320,4226
97320,1206
97320,2076
97320,1175
97320,6711
97320,2959
97320,1193
97320,924
113212,2858
113212,2762
113212,4993
113212,4963
113212,6377
113212,318
113212,260
113212,5989
113212,1196
113212,3147
98426,3578
98426,5218
98426,1721
98426,50872
98426,2324
98426,4995
98426,2745
98426,8533
98426,59784
98426,2959
33848,4995
33848,3578
33848,50
33848,593
33848,527
33848,4306
33848,6874
33848,1089
33848,2028
33848,7361
125892,1288
125892,4816
125892,2502
125892,58559
125892,70286
125892,49396
125892,4886
125892,8961
125892,8376
125892,6539
114268,2959
114268,356
114268,58559
114268,79132
114268,58047
114268,56367
114268,88405
114268,69122
114268,58998
114268,8784
17808,1265
17808,1089
17808,76251
17808,79132
17808,5952
17808,7153
17808,4993
17808,3481
17808,293
17808,4011
32016,2959
32016,56367
32016,58559
32016,318
32016,60069
32016,48394
32016,364
32016,588
32016,8961
32016,2762
108561,2762
108561,1704
108561,55820
108561,750
108561,48774
108561,593
108561,1193
108561,44191
108561,68157
108561,5445
122891,4886
122891,1
122891,6377
122891,2762
122891,1198
122891,2918
122891,296
122891,1291
122891,3578
122891,1240
63312,4306
63312,1610
63312,1704
63312,1036
63312,6539
63312,1580
63312,3114
63312,4085
63312,1197
63312,2268
105270,51662
105270,58559
105270,2959
105270,318
105270,356
105270,33794
105270,4886
105270,6539
105270,780
105270,8961
103575,1198
103575,110
103575,8368
103575,500
103575,364
103575,648
103575,8665
103575,587
103575,2125
103575,318
6364,858
6364,2028
6364,1210
6364,1036
6364,555
6364,4306
6364,110
6364,32587
6364,1617
6364,1387
40863,1265
40863,608
40863,318
40863,1206
40863,4973
40863,2571
40863,1213
40863,1732
40863,2329
40863,1136
94864,63131
94864,69122
94864,318
94864,73266
94864,78209
94864,296
94864,1704
94864,81562
94864,79702
94864,62155
110578,7254
110578,2762
110578,4995
110578,1721
110578,44191
110578,5989
110578,2329
110578,63082
110578,6874
110578,8533
74356,4085
74356,1704
74356,527
74356,1682
74356,1288
74356,1732
74356,6662
74356,4963
74356,2797
74356,1210
126716,296
126716,5952
126716,2571
126716,2028
126716,318
126716,5989
126716,527
126716,858
126716,2959
126716,593
3132,480
3132,780
3132,165
3132,2000
3132,2002
3132,1580
3132,316
3132,2167
3132,1954
3132,110
4097,356
4097,231
4097,4963
4097,2028
4097,2716
4097,1517
4097,3578
4097,1291
4097,733
4097,1270
1141,7361
1141,4973
1141,1721
1141,4993
1141,44191
1141,1240
1141,2529
1141,1214
1141,1253
1141,7153
81648,1527
81648,1265
81648,8874
81648,51255
81648,2700
81648,58998
81648,356
81648,60161
81648,60069
81648,2716
76540,3683
76540,608
76540,1254
76540,296
76540,7981
76540,6643
76540,6987
76540,4334
76540,8797
76540,3996
30911,4306
30911,4896
30911,5816
30911,1907
30911,4014
30911,6539
30911,41571
30911,2762
30911,1721
30911,56367
8680,356
8680,318
8680,3793
8680,8961
8680,296
8680,10
8680,442
8680,6333
8680,344
8680,3275
10279,5952
10279,1214
10279,1210
10279,2959
10279,1223
10279,3793
10279,1580
10279,2528
10279,1197
10279,750
105343,2115
105343,7438
105343,1080
105343,2716
105343,2959
105343,296
105343,32
105343,4886
105343,6807
105343,3000
53245,1197
53245,858
53245,1704
53245,3006
53245,1732
53245,2997
53245,1222
53245,8949
53245,5464
53245,16
49785,44191
49785,4973
49785,296
49785,48516
49785,46578
49785,50
49785,1258
49785,30749
49785,1704
49785,1682
37619,63082
37619,5952
37619,4993
37619,6016
37619,57669
37619,1213
37619,356
37619,4878
37619,38061
37619,73017
66663,2858
66663,2762
66663,4993
66663,356
66663,318
66663,589
66663,1196
66663,527
66663,1136
66663,260
128594,318
128594,2858
128594,356
128594,1
128594,55820
128594,47
128594,4011
128594,50
128594,32
128594,4027
34187,4226
34187,318
34187,6287
34187,48516
34187,1682
34187,2231
34187,2762
34187,48385
34187,7367
34187,6957
31675,5995
31675,1183
31675,6377
31675,2324
31675,457
31675,587
31675,780
31675,1213
31675,4973
31675,1206
71263,2858
71263,4896
71263,2762
71263,4963
71263,2959
71263,593
71263,3578
71263,2571
71263,8961
71263,527
3944,1206
3944,608
3944,2762
3944,1265
3944,2502
3944,150
3944,6807
3944,1079
3944,8961
3944,1704
125695,1193
125695,1222
125695,1704
125695,55820
125695,68157
125695,1221
125695,6016
125695,527
125695,4226
125695,2762
96792,3996
96792,8961
96792,4016
96792,356
96792,3624
96792,6350
96792,480
96792,73017
96792,1580
96792,1204
98525,231
98525,344
98525,2571
98525,1270
98525,589
98525,480
98525,104
98525,33794
98525,2028
98525,6539
129195,2571
129195,58559
129195,2028
129195,1704
129195,4963
129195,48516
129195,1466
129195,4995
129195,4226
129195,858
92231,541
92231,5952
92231,858
92231,1203
92231,48780
92231,44191
92231,4878
92231,2324
92231,1682
92231,6016
2065,58559
2065,2571
2065,296
2065,527
2065,1271
2065,2762
2065,1961
2065,4226
2065,4993
2065,47
90626,318
90626,35836
90626,2694
90626,231
90626,2502
90626,34162
90626,54503
90626,2571
90626,8641
90626,7293
120270,33794
120270,47
120270,50
120270,4226
120270,44665
120270,51935
120270,6378
120270,5989
120270,53322
120270,51662
78490,260
78490,81834
78490,51662
78490,4896
78490,318
78490,73017
78490,72998
78490,7143
78490,59369
78490,3793
78066,7361
78066,541
78066,923
78066,750
78066,1198
78066,924
78066,1270
78066,4226
78066,7327
78066,904
124102,54503
124102,44191
124102,8464
124102,6942
124102,59315
124102,48780
124102,4896
124102,33794
124102,54272
124102,33166
48581,47
48581,5418
48581,7153
48581,2028
48581,2959
48581,2858
48581,5464
48581,8636
48581,1097
48581,1242
13700,1214
13700,858
13700,1198
13700,589
13700,4993
13700,1036
13700,48516
13700,2502
13700,2921
13700,293
23543,41566
23543,356
23543,30793
23543,1
23543,2571
23543,33830
23543,5349
23543,44191
23543,364
23543,40581
100556,25828
100556,25856
100556,7619
100556,8958
100556,6870
100556,33166
100556,8337
100556,8464
100556,55276
100556,5601
3571,5952
3571,3825
3571,50802
3571,4369
3571,54259
3571,54286
3571,6377
3571,37386
3571,4447
3571,4069
22988,47
22988,356
22988,1
22988,2683
22988,33794
22988,2329
22988,1240
22988,1517
22988,6874
22988,50
122662,541
122662,778
122662,356
122662,2028
122662,733
122662,6539
122662,3996
122662,2542
122662,1206
122662,4720
131115,356
131115,318
131115,5971
131115,2948
131115,2949
131115,1291
131115,2959
131115,912
131115,1204
131115,31658
72572,4027
72572,6440
72572,1193
72572,1136
72572,5902
72572,2019
72572,101
72572,2762
72572,1617
72572,3578
89045,2571
89045,1196
89045,5349
89045,4993
89045,5952
89045,5418
89045,8368
89045,3578
89045,1210
89045,6377
99224,1387
99224,27773
99224,1350
99224,2455
99224,2716
99224,1214
99224,2003
99224,1241
99224,7387
99224,1732
33769,858
33769,2329
33769,4226
33769,318
33769,364
33769,50
33769,6377
33769,608
33769,1
33769,778
78274,356
78274,296
78274,6711
78274,4963
78274,50
78274,1073
78274,2329
78274,1682
78274,32
78274,608
127361,54286
127361,8644
127361,40815
127361,68319
127361,60072
127361,69526
127361,8961
127361,60074
127361,58559
127361,33794
19695,4226
19695,4973
19695,1291
19695,47
19695,5445
19695,2858
19695,253
19695,6874
19695,6377
19695,2692
104051,5971
104051,1197
104051,2571
104051,3000
104051,260
104051,48394
104051,1136
104051,2141
104051,3578
104051,4886
71713,4306
71713,2858
71713,58559
71713,337
71713,1197
71713,2081
71713,79132
71713,4973
71713,2959
71713,7260
132763,1089
132763,1213
132763,858
132763,2858
132763,110
132763,260
132763,541
132763,7502
132763,2028
132763,1225
53861,2959
53861,4226
53861,593
53861,4973
53861,1208
53861,307
53861,750
53861,912
53861,2571
53861,2324
130559,2997
130559,6296
130559,3911
130559,7361
130559,4973
130559,2324
130559,3424
130559,46578
130559,1449
130559,4226
5788,318
5788,2571
5788,58559
5788,54286
5788,32
5788,49272
5788,2329
5788,1036
5788,296
5788,26614
93706,296
93706,1136
93706,1449
93706,4979
93706,223
93706,3911
93706,4499
93706,2797
93706,6296
93706,4002
39238,858
39238,5952
39238,1198
39238,356
39238,593
39238,63082
39238,30749
39238,2329
39238,912
39238,3147
19098,1240
19098,1036
19098,858
19098,7153
19098,593
19098,33794
19098,6539
19098,1617
19098,293
19098,1610
89527,4963
89527,1036
89527,780
89527,1704
89527,3578
89527,296
89527,50
89527,70286
89527,72998
89527,165
122423,4226
122423,44191
122423,5952
122423,2329
122423,858
122423,318
122423,47
122423,1136
122423,1221
122423,2858
94290,4226
94290,2959
94290,6539
94290,4306
94290,32587
94290,3793
94290,110
94290,4011
94290,33493
94290,318
124354,480
124354,3578
124354,648
124354,1917
124354,3717
124354,4018
124354,1552
124354,6378
124354,318
124354,2671
17122,7438
17122,6874
17122,2706
17122,32587
17122,4306
17122,1517
17122,1580
17122,79132
17122,51255
17122,5872
119569,79132
119569,1208
119569,1291
119569,2997
119569,1089
119569,68954
119569,4979
119569,6711
119569,1136
119569,56367
26335,1198
26335,480
26335,8961
26335,2762
26335,3793
26335,2028
26335,6377
26335,4306
26335,780
26335,593
67825,35836
67825,3535
67825,62
67825,2081
67825,3608
67825,2133
67825,2700
67825,1721
67825,1235
67825,48394
92523,33794
92523,5952
92523,7153
92523,4993
92523,318
92523,2959
92523,1198
92523,44191
92523,48516
92523,6539
73329,5445
73329,50
73329,296
73329,1527
73329,1198
73329,2628
73329,1270
73329,4995
73329,6
73329,1961
532,4878
532,5971
532,48394
532,3000
532,2291
532,8874
532,6350
532,44191
532,7361
532,7099
16813,3949
16813,2542
16813,48780
16813,296
16813,356
16813,5608
16813,88125
16813,98809
16813,318
16813,8957
27007,38061
27007,26350
27007,49272
27007,8949
27007,60069
27007,8154
27007,57669
27007,42418
27007,922
27007,48696
124944,4993
124944,7153
124944,356
124944,318
124944,2571
124944,6377
124944,33794
124944,8961
124944,2762
124944,593
83959,110
83959,1036
83959,4226
83959,1208
83959,260
83959,3578
83959,1291
83959,593
83959,2194
83959,4963
135420,4973
135420,2028
135420,2329
135420,1193
135420,165
135420,648
135420,4993
135420,1208
135420,2997
135420,912
93953,1089
93953,527
93953,1193
93953,778
93953,4973
93953,6016
93953,2997
93953,541
93953,858
93953,4995
45756,1210
45756,1580
45756,150
45756,1196
45756,527
45756,4306
45756,1584
45756,593
45756,6377
45756,1704
104479,1246
104479,3471
104479,1210
104479,2291
104479,1580
104479,4246
104479,1073
104479,2683
104479,509
104479,17
32723,2762
32723,1197
32723,110
32723,4886
32723,1196
32723,6377
32723,3578
32723,1957
32723,4993
32723,34
49280,150
49280,1610
49280,1961
49280,457
49280,6979
49280,318
49280,5418
49280,1231
49280,3578
49280,1234
131730,32587
131730,3578
131730,50
131730,1089
131730,6711
131730,6874
131730,778
131730,924
131730,2115
131730,7438
128671,2176
128671,1252
128671,97913
128671,260
128671,5349
128671,25750
128671,2202
128671,3022
128671,920
128671,6987
7129,2762
7129,593
7129,296
7129,2959
7129,7438
7129,6874
7129,2502
7129,8961
7129,4886
7129,4878
44070,1291
44070,40815
44070,8633
44070,586
44070,93363
44070,3087
44070,1356
44070,78499
44070,2628
44070,4941
97027,1208
97027,1089
97027,750
97027,7361
97027,1198
97027,1196
97027,4226
97027,1206
97027,541
97027,32
29837,1270
29837,356
29837,1240
29837,480
29837,780
29837,2028
29837,110
29837,2959
29837,608
29837,858
15445,1198
15445,7153
15445,318
15445,2571
15445,68954
15445,76093
15445,356
15445,4993
15445,5952
15445,110
39343,2858
39343,79132
39343,2571
39343,6377
39343,1089
39343,1222
39343,68954
39343,2028
39343,1704
39343,4226
6472,1196
6472,69122
6472,5816
6472,88125
6472,364
6472,54001
6472,72998
6472,60069
6472,480
6472,4963
76821,4995
76821,589
76821,2571
76821,593
76821,2067
76821,8360
76821,2269
76821,6377
76821,588
76821,7153
104599,4306
104599,318
104599,2959
104599,46578
104599,56367
104599,2858
104599,4878
104599,2324
104599,4993
104599,364
37126,318
37126,32
37126,858
37126,55820
37126,4878
37126,2997
37126,608
37126,2858
37126,908
37126,1199
132586,31410
132586,44694
132586,44191
132586,33794
132586,36517
132586,41569
132586,41285
132586,40819
132586,50872
132586,34542
33746,27773
33746,2571
33746,2329
33746,50
33746,318
33746,6016
33746,7099
33746,293
33746,7090
33746,6350
11851,60069
11851,1136
11851,2028
11851,3578
11851,2959
11851,4306
11851,356
11851,2542
11851,1201
11851,59315
21486,3578
21486,1527
21486,356
21486,58559
21486,5445
21486,110
21486,4963
21486,1240
21486,541
21486,6539
112516,69757
112516,33794
112516,2918
112516,364
112516,79132
112516,4226
112516,46578
112516,68358
112516,76251
112516,1682
39823,4306
39823,2762
39823,904
39823,3996
39823,4993
39823,593
39823,2716
39823,588
39823,1265
39823,4226
58191,2571
58191,2329
58191,4226
58191,4848
58191,3992
58191,56782
58191,2324
58191,81845
58191,1208
58191,30749
114835,2571
114835,7153
114835,4993
114835,1196
114835,364
114835,1721
114835,586
114835,356
114835,2918
114835,1968
55197,4226
55197,2324
55197,2858
55197,7361
55197,6016
55197,6953
55197,4878
55197,53123
55197,5878
55197,318
90169,1682
90169,1748
90169,44195
90169,48774
90169,8784
90169,2997
90169,1527
90169,5418
90169,1265
90169,318
48498,95510
48498,88810
48498,50872
48498,1097
48498,920
48498,1569
48498,49274
48498,4447
48498,2581
48498,318
136276,1198
136276,2918
136276,2762
136276,8961
136276,1242
136276,4306
136276,6377
136276,1097
136276,3039
136276,1036
107030,6350
107030,2571
107030,1196
107030,260
107030,750
107030,4993
107030,7099
107030,68954
107030,7766
107030,58559
90938,1682
90938,68157
90938,8874
90938,99114
90938,59315
90938,97304
90938,4973
90938,541
90938,5669
90938,1617
80080,4973
80080,58559
80080,79132
80080,97921
80080,40819
80080,30749
80080,72998
80080,45720
80080,1035
80080,356
25389,2858
25389,2329
25389,81788
25389,84152
25389,91658
25389,1617
25389,91529
25389,2353
25389,1036
25389,2542
80015,741
80015,7099
80015,1199
80015,858
80015,4973
80015,27773
80015,2959
80015,1258
80015,296
80015,26776
3146,48780
3146,5218
3146,56775
3146,5349
3146,58347
3146,48982
3146,50601
3146,1270
3146,53993
3146,46948
106893,296
106893,1721
106893,356
106893,39183
106893,46578
106893,5147
106893,2997
106893,7323
106893,318
106893,48696
77760,589
77760,1573
77760,110
77760,1923
77760,318
77760,4993
77760,7153
77760,5952
77760,2858
77760,3527
27482,30707
27482,78574
27482,55290
27482,4326
27482,63113
27482,45210
27482,47629
27482,81845
27482,98961
27482,3246
71299,4226
71299,5952
71299,4993
71299,2959
71299,32587
71299,4011
71299,5445
71299,1527
71299,1748
71299,1198
50722,2858
50722,6711
50722,4878
50722,750
50722,2997
50722,912
50722,1206
50722,48780
50722,48394
50722,2571
110725,1580
110725,1265
110725,377
110725,2571
110725,1291
110725,150
110725,733
110725,648
110725,31685
110725,316
135595,4993
135595,356
135595,587
135595,88125
135595,500
135595,2571
135595,5952
135595,6874
135595,2724
135595,4306
37999,60069
37999,33794
37999,39183
37999,55276
37999,49272
37999,79132
37999,6711
37999,44195
37999,33166
37999,8464
102595,296
102595,778
102595,2692
102595,6711
102595,2858
102595,1175
102595,3556
102595,2571
102595,5225
102595,4993
24921,5989
24921,3253
24921,6807
24921,318
24921,4306
24921,337
24921,4973
24921,1136
24921,46578
24921,1721
7219,17
7219,5991
7219,49272
7219,6942
7219,838
7219,54997
7219,49961
7219,5989
7219,40819
7219,51662
63366,1089
63366,541
63366,318
63366,1198
63366,3996
63366,4973
63366,4027
63366,4993
63366,1193
63366,47
106817,1036
106817,4011
106817,1580
106817,1639
106817,2115
106817,6539
106817,3052
106817,2302
106817,32587
106817,5349
72942,4878
72942,55363
72942,1258
72942,33166
72942,2028
72942,7981
72942,91630
72942,1036
72942,98961
72942,4235
26497,111
26497,4262
26497,47
26497,527
26497,1961
26497,32587
26497,1270
26497,2951
26497,208
26497,541
115506,1704
115506,4993
115506,4306
115506,8961
115506,2762
115506,2959
115506,47
115506,5989
115506,4973
115506,33794
34359,47
34359,79132
34359,1036
34359,6016
34359,593
34359,2329
34359,4226
34359,44555
34359,26614
34359,99114
50586,356
50586,608
50586,1080
50586,47
50586,1073
50586,111
50586,1148
50586,7153
50586,2762
50586,4993
37198,2762
37198,2028
37198,47
37198,110
37198,64614
37198,48780
37198,54286
37198,593
37198,5418
37198,1198
37805,163
37805,1240
37805,3527
37805,1198
37805,32587
37805,58559
37805,2617
37805,3300
37805,3793
37805,7090
105055,1198
105055,1200
105055,1214
105055,4306
105055,2028
105055,296
105055,110
105055,1090
105055,1208
105055,1089
36391,4007
36391,1193
36391,1721
36391,1208
36391,2352
36391,2455
36391,1093
36391,1240
36391,1952
36391,4280
9253,56152
9253,6266
9253,39
9253,2080
9253,33615
9253,34162
9253,80860
9253,88163
9253,2059
9253,8641
9912,2571
9912,50
9912,4226
9912,54503
9912,2858
9912,4011
9912,34162
9912,68358
9912,5816
9912,6188
50168,377
50168,4995
50168,2028
50168,4776
50168,7445
50168,2858
50168,6952
50168,8644
50168,7360
50168,2232
29805,2959
29805,318
29805,1196
29805,296
29805,2762
29805,2028
29805,2716
29805,527
29805,3147
29805,3703
86319,56949
86319,5620
86319,1005
86319,6383
86319,6155
86319,44193
86319,1702
86319,2572
86319,44004
86319,50792
87079,551
87079,3996
87079,541
87079,1136
87079,2502
87079,7090
87079,4105
87079,8961
87079,7438
87079,1206
99592,1
99592,1704
99592,4306
99592,1380
99592,367
99592,318
99592,593
99592,4886
99592,1246
99592,3147
118474,593
118474,4306
118474,1704
118474,318
118474,1968
118474,1
118474,1393
118474,2797
118474,4886
118474,1777
26173,58559
26173,2858
26173,2542
26173,4011
26173,57669
26173,4878
26173,34405
26173,48780
26173,76093
26173,750
29929,296
29929,318
29929,50
29929,7325
29929,2858
29929,2571
29929,4161
29929,8528
29929,3253
29929,2542
5509,1270
5509,50872
5509,5349
5509,260
5509,4973
5509,2762
5509,6539
5509,1250
5509,2019
5509,48774
79199,32
79199,4226
79199,47
79199,50
79199,1208
79199,318
79199,2571
79199,2329
79199,593
79199,16
73809,1198
73809,2858
73809,2329
73809,4993
73809,3996
73809,2028
73809,50
73809,2762
73809,778
73809,1206
123398,4226
123398,1704
123398,593
123398,5418
123398,2918
123398,1610
123398,454
123398,6708
123398,6979
123398,1500
136934,50
136934,55820
136934,4262
136934,7438
136934,6874
136934,4011
136934,1206
136934,1266
136934,1193
136934,7153
129452,50
129452,1198
129452,1961
129452,1221
129452,590
129452,2571
129452,1193
129452,356
129452,912
129452,1225
132448,8874
132448,5110
132448,44199
132448,32587
132448,2502
132448,6188
132448,44191
132448,6539
132448,8807
132448,36529
129084,2858
129084,2762
129084,63992
129084,8360
129084,2671
129084,58559
129084,37729
129084,597
129084,4886
129084,44022
125735,593
125735,4226
125735,7361
125735,1193
125735,1206
125735,1222
125735,6711
125735,50
125735,32
125735,1208
112453,44191
112453,296
112453,7153
112453,2762
112453,4878
112453,5952
112453,4993
112453,2329
112453,33166
112453,30749
138422,1291
138422,1198
138422,1580
138422,1270
138422,58559
138422,48516
138422,8961
138422,4022
138422,858
138422,2918
115363,47
115363,8665
115363,4993
115363,2571
115363,4963
115363,2959
115363,593
115363,150
115363,1961
115363,1246
92703,924
92703,1527
92703,1206
92703,2959
92703,288
92703,541
92703,1175
92703,750
92703,1580
92703,1214
70193,33166
70193,44694
70193,63082
70193,6870
70193,3083
70193,4235
70193,55820
70193,64622
70193,30707
70193,4226
18126,356
18126,4226
18126,2028
18126,296
18126,2329
18126,1197
18126,589
18126,1213
18126,5418
18126,32587
23352,4886
23352,3147
23352,356
23352,8961
23352,4011
23352,6365
23352,49272
23352,527
23352,7254
23352,44665
76868,4886
76868,1
76868,2959
76868,4306
76868,4226
76868,47
76868,2571
76868,60069
76868,364
76868,1704
106145,509
106145,7023
106145,3418
106145,6791
106145,5812
106145,6786
106145,515
106145,1296
106145,4021
106145,4361
16740,318
16740,5952
16740,5618
16740,81845
16740,48394
16740,58559
16740,94959
16740,527
16740,81591
16740,60069
15544,1732
15544,2115
15544,1288
15544,608
15544,104
15544,2997
15544,7438
15544,4085
15544,457
15544,2502
42942,6333
42942,593
42942,68358
42942,1580
42942,58559
42942,589
42942,4963
42942,592
42942,377
42942,2028
94815,32
94815,1089
94815,4226
94815,593
94815,1136
94815,5971
94815,356
94815,50
94815,778
94815,6016
7697,4226
7697,2571
7697,318
7697,47
7697,1206
7697,48516
7697,74458
7697,50
7697,3147
7697,1222
81657,50
81657,4886
81657,33794
81657,2716
81657,47
81657,260
81657,4011
81657,6502
81657,364
81657,150
62188,1136
62188,318
62188,593
62188,1580
62188,7361
62188,68157
62188,6539
62188,8636
62188,5349
62188,8874
58239,41571
58239,45720
58239,40819
58239,30749
58239,44694
58239,8873
58239,44199
58239,47629
58239,40826
58239,39414
44866,45722
44866,356
44866,2959
44866,5952
44866,5349
44866,2762
44866,2858
44866,1291
44866,5218
44866,8644
29051,81847
29051,59315
29051,59784
29051,87232
29051,60069
29051,318
29051,73017
29051,4886
29051,77561
29051,356
60782,2571
60782,48774
60782,1089
60782,6016
60782,2959
60782,4973
60782,48516
60782,858
60782,593
60782,1206
111853,1270
111853,318
111853,2716
111853,2174
111853,1682
111853,32
111853,4226
111853,480
111853,7361
111853,5989
99764,50
99764,1196
99764,32587
99764,1089
99764,1265
99764,1617
99764,5445
99764,4973
99764,1136
99764,8961
18943,1208
18943,1213
18943,296
18943,1198
18943,1663
18943,1222
18943,1193
18943,48516
18943,1266
18943,4011
66983,50
66983,70286
66983,56367
66983,2959
66983,48516
66983,2571
66983,4239
66983,48774
66983,38061
66983,7445
85909,37733
85909,40629
85909,38061
85909,30898
85909,34528
85909,39414
85909,44191
85909,8638
85909,8981
85909,46578
1876,7361
1876,2502
1876,1213
1876,1036
1876,4963
1876,1617
1876,4886
1876,3147
1876,33660
1876,6870
1311,1688
1311,595
1311,2085
1311,2572
1311,3751
1311,39
1311,4993
1311,551
1311,356
1311,63082
64944,2959
64944,1196
64944,5618
64944,58559
64944,4878
64944,32
64944,48774
64944,60069
64944,70286
64944,7361
72774,7361
72774,8957
72774,6
72774,356
72774,2858
72774,49272
72774,589
72774,111
72774,1193
72774,6378
16555,46578
16555,5445
16555,72998
16555,48394
16555,91529
16555,4370
16555,59315
16555,3000
16555,6377
16555,5618
60496,32
60496,2959
60496,1210
60496,597
60496,733
60496,508
60496,539
60496,1721
60496,1682
60496,1127
17638,750
17638,778
17638,2997
17638,1206
17638,296
17638,3556
17638,608
17638,1222
17638,4973
17638,30810
22646,1089
22646,50
22646,79132
22646,296
22646,49272
22646,2959
22646,2542
22646,293
22646,4011
22646,59315
65688,2716
65688,1198
65688,2571
65688,356
65688,2959
65688,3114
65688,2918
65688,50
65688,1270
65688,3996
104753,318
104753,63082
104753,1193
104753,5377
104753,7361
104753,357
104753,3418
104753,80463
104753,4306
104753,106782
56761,1265
56761,4886
56761,260
56761,2858
56761,480
56761,4963
56761,2502
56761,1580
56761,68954
56761,500
67329,1198
67329,5418
67329,50
67329,587
67329,2997
67329,7438
67329,2329
67329,500
67329,2716
67329,858
56451,33493
56451,56367
56451,27660
56451,27611
56451,71535
56451,8368
56451,53125
56451,91542
56451,48774
56451,97913
125141,32587
125141,4226
125141,53125
125141,47
125141,356
125141,4973
125141,4995
125141,33794
125141,858
125141,44191
84558,62155
84558,70286
84558,67087
84558,71535
84558,62434
84558,66097
84558,73017
84558,43460
84558,86882
84558,60684
12437,2231
12437,1207
12437,1265
12437,1617
12437,480
12437,3386
12437,33794
12437,6874
12437,923
12437,1219
133749,7153
133749,356
133749,4306
133749,50
133749,318
133749,5952
133749,1
133749,4034
133749,2762
133749,3996
48723,293
48723,480
48723,1704
48723,3147
48723,1527
48723,7153
48723,2997
48723,6539
48723,50
48723,7438
43661,4246
43661,94959
43661,78039
43661,750
43661,85438
43661,109374
43661,73015
43661,4014
43661,66665
43661,27803
128423,318
128423,1222
128423,47
128423,4973
128423,2997
128423,5669
128423,1682
128423,293
128423,2762
128423,1136
128078,46723
128078,527
128078,1682
128078,1201
128078,49272
128078,48774
128078,1213
128078,903
128078,32587
128078,260
97195,1271
97195,1258
97195,3448
97195,46578
97195,337
97195,1682
97195,2161
97195,3408
97195,5218
97195,1291
114344,858
114344,5952
114344,1240
114344,4993
114344,7153
114344,58559
114344,293
114344,1270
114344,78499
114344,50
110411,1198
110411,296
110411,1265
110411,592
110411,377
110411,356
110411,750
110411,541
110411,1019
110411,590
111354,7153
111354,8360
111354,2762
111354,551
111354,595
111354,1580
111354,2987
111354,5952
111354,3793
111354,4963
43604,31658
43604,1198
43604,1197
43604,1210
43604,5952
43604,7153
43604,2571
43604,2762
43604,541
43604,32
115081,33794
115081,2959
115081,110
115081,2716
115081,5952
115081,8636
115081,780
115081,1291
115081,589
115081,1097
81161,97304
81161,78499
81161,58559
81161,59315
81161,79132
81161,50872
81161,45517
81161,47610
81161,8961
81161,91529
124766,7486
124766,1464
124766,27773
124766,3949
124766,3910
124766,1206
124766,4642
124766,7327
124766,5902
124766,741
124411,589
124411,260
124411,1196
124411,2571
124411,6539
124411,1610
124411,5010
124411,5064
124411,2000
124411,4901
27896,1
27896,1210
27896,5952
27896,33794
27896,588
27896,72998
27896,89745
27896,4886
27896,34405
27896,364
39625,1214
39625,8641
39625,53000
39625,2699
39625,2072
39625,48304
39625,1208
39625,5009
39625,110
39625,19
106155,260
106155,589
106155,1036
106155,1196
106155,1240
106155,2628
106155,296
106155,541
106155,1387
106155,4963
96185,50
96185,318
96185,4878
96185,2571
96185,1682
96185,2762
96185,68237
96185,293
96185,92259
96185,3949
57775,4973
57775,597
57775,60069
57775,1653
57775,1682
57775,44191
57775,4995
57775,4246
57775,81591
57775,293
57170,1198
57170,2762
57170,1208
57170,750
57170,55820
57170,3160
57170,3897
57170,3253
57170,8376
57170,2716
7466,2858
7466,2571
7466,4011
7466,7153
7466,296
7466,4306
7466,778
7466,4239
7466,48394
7466,4995
18977,72998
18977,98809
18977,55820
18977,48774
18977,49530
18977,45499
18977,33004
18977,54272
18977,27773
18977,8798
30256,3949
30256,47
30256,44665
30256,2329
30256,50
30256,16
30256,1089
30256,2959
30256,6
30256,49530
83901,2997
83901,2858
83901,6377
83901,8970
83901,4641
83901,4308
83901,7438
83901,1682
83901,2959
83901,337
66115,2571
66115,70286
66115,8874
66115,1080
66115,71535
66115,318
66115,3033
66115,2792
66115,51255
66115,2542
124952,45722
124952,2959
124952,49272
124952,110
124952,6377
124952,2028
124952,3147
124952,47
124952,4886
124952,8961
92551,1035
92551,1247
92551,920
92551,1304
92551,750
92551,904
92551,912
92551,1244
92551,2068
92551,1282
8319,53996
8319,260
8319,51255
8319,2762
8319,1196
8319,3826
8319,47610
8319,1210
8319,48394
8319,4370
126526,59784
126526,6539
126526,4993
126526,7153
126526,54272
126526,32
126526,33615
126526,3147
126526,5952
126526,68954
79833,46578
79833,41569
79833,48394
79833,55820
79833,8983
79833,8784
79833,33794
79833,6666
79833,7090
79833,26349
46465,1240
46465,1089
46465,1265
46465,2997
46465,1036
46465,68157
46465,2762
46465,7147
46465,5989
46465,3578
129307,750
129307,608
129307,942
129307,2206
129307,911
129307,593
129307,1079
129307,2178
129307,906
129307,1254
88057,4022
88057,1917
88057,1
88057,527
88057,6377
88057,586
88057,1265
88057,4306
88057,2054
88057,1968
58110,150
58110,1265
58110,4235
58110,590
58110,293
58110,3949
58110,1721
58110,1262
58110,1247
58110,1080
41821,50
41821,318
41821,293
41821,593
41821,2858
41821,541
41821,1206
41821,253
41821,778
41821,1961
23923,59369
23923,1198
23923,356
23923,33493
23923,77561
23923,59315
23923,98809
23923,6537
23923,91542
23923,102125
29835,356
29835,595
29835,5618
29835,4306
29835,1196
29835,48394
29835,44191
29835,1198
29835,1028
29835,33794
22488,4226
22488,2858
22488,79132
22488,48780
22488,2959
22488,4878
22488,2291
22488,44191
22488,4973
22488,1748
54880,8961
54880,2571
54880,60069
54880,6539
54880,49272
54880,68358
54880,1291
54880,59315
54880,150
54880,8665
60121,6539
60121,33794
60121,7153
60121,4306
60121,2028
60121,47
60121,356
60121,858
60121,6874
60121,589
125490,4306
125490,318
125490,2762
125490,2858
125490,3897
125490,1210
125490,6539
125490,3948
125490,7361
125490,1
74894,318
74894,4973
74894,2762
74894,5218
74894,60069
74894,2571
74894,79132
74894,4975
74894,47
74894,4011
123482,924
123482,3578
123482,1036
123482,4226
123482,34405
123482,2959
123482,32587
123482,377
123482,6874
123482,3959
24639,68157
24639,47
24639,318
24639,2329
24639,58559
24639,7438
24639,1213
24639,293
24639,778
24639,32
20596,3578
20596,51662
20596,27660
20596,589
20596,37380
20596,2762
20596,1240
20596,2700
20596,47
20596,31696
133708,1214
133708,2959
133708,296
133708,2028
133708,1222
133708,1089
133708,1208
133708,1198
133708,1466
133708,5952
82307,6378
82307,5349
82307,47610
82307,110
82307,8132
82307,2353
82307,4995
82307,457
82307,2058
82307,59315
118436,318
118436,58559
118436,68954
118436,50872
118436,30707
118436,64620
118436,30749
118436,46578
118436,6377
118436,8665
46290,63082
46290,4011
46290,50
46290,6539
46290,778
46290,1089
46290,356
46290,33794
46290,47
46290,27831
125804,318
125804,4306
125804,2858
125804,2959
125804,364
125804,50912
125804,60069
125804,55442
125804,69757
125804,8873
23061,48516
23061,55280
23061,69122
23061,95088
23061,27831
23061,4298
23061,56152
23061,69481
23061,71535
23061,87306
68936,2762
68936,1198
68936,48516
68936,2028
68936,318
68936,1214
68936,55820
68936,3578
68936,1617
68936,750
105044,2571
105044,1265
105044,47
105044,920
105044,910
105044,1961
105044,541
105044,1089
105044,586
105044,2762
31375,3793
31375,1580
31375,50
31375,1968
31375,2174
31375,4226
31375,648
31375,1259
31375,364
31375,6539
21374,8784
21374,2329
21374,593
21374,2502
21374,4011
21374,47
21374,1060
21374,1732
21374,3897
21374,858
29848,3543
29848,6380
29848,1247
29848,922
29848,906
29848,1296
29848,1230
29848,6612
29848,4211
29848,3359
69113,858
69113,356
69113,296
69113,2329
69113,527
69113,110
69113,593
69113,1222
69113,47
69113,55820
35299,32587
35299,1387
35299,8874
35299,8961
35299,7438
35299,50
35299,7360
35299,4027
35299,4963
35299,1358
81846,6016
81846,5618
81846,7361
81846,64839
81846,71033
81846,1212
81846,342
81846,6953
81846,1333
81846,913
74890,356
74890,8973
74890,4973
74890,2291
74890,6711
74890,4308
74890,4014
74890,7361
74890,5878
74890,3160
125209,59315
125209,296
125209,2571
125209,2028
125209,48516
125209,69122
125209,79091
125209,68954
125209,60069
125209,110
81134,1270
81134,3578
81134,296
81134,2028
81134,2918
81134,2959
81134,231
81134,527
81134,1
81134,480
111955,780
111955,356
111955,8636
111955,3916
111955,500
111955,6863
111955,2918
111955,5989
111955,1097
111955,58559
37917,318
37917,7153
37917,50
37917,5690
37917,3030
37917,924
37917,1247
37917,608
37917,2858
37917,1230
126642,7361
126642,2762
126642,527
126642,2959
126642,2571
126642,592
126642,457
126642,4993
126642,4973
126642,1240
26529,2571
26529,8961
26529,1
26529,6539
26529,33794
26529,6377
26529,98809
26529,69122
26529,1291
26529,4306
114453,4223
114453,33004
114453,318
114453,1206
114453,4128
114453,353
114453,1220
114453,3984
114453,32587
114453,3793
67275,5445
67275,1136
67275,1196
67275,296
67275,1580
67275,1676
67275,1220
67275,1222
67275,6283
67275,1089
98738,2762
98738,47
98738,296
98738,480
98738,55820
98738,1089
98738,1222
98738,527
98738,4963
98738,1704
45811,1097
45811,6874
45811,920
45811,1247
45811,6870
45811,1183
45811,6953
45811,750
45811,1682
45811,2076
93127,539
93127,150
93127,4995
93127,1721
93127,1393
93127,1101
93127,4069
93127,364
93127,4886
93127,597
134245,608
134245,1234
134245,898
134245,2959
134245,1198
134245,1250
134245,969
134245,58559
134245,2762
134245,1207
88868,2571
88868,4886
88868,7361
88868,2959
88868,6539
88868,1270
88868,6874
88868,1193
88868,5952
88868,7153
99863,2858
99863,47
99863,8874
99863,1345
99863,2710
99863,1350
99863,5679
99863,2160
99863,2329
99863,1994
109757,44199
109757,2571
109757,49272
109757,51662
109757,110
109757,7458
109757,63113
109757,60072
109757,58295
109757,318
45874,1
45874,318
45874,2959
45874,81845
45874,5418
45874,78499
45874,69844
45874,59369
45874,457
45874,85414
84964,40815
84964,2657
84964,8784
84964,4642
84964,55280
84964,3786
84964,8366
84964,4979
84964,35836
84964,48394
29421,33794
29421,5952
29421,3578
29421,59315
29421,4993
29421,1210
29421,2028
29421,54503
29421,48516
29421,5445
114173,480
114173,648
114173,780
114173,4995
114173,6378
114173,33166
114173,6934
114173,8798
114173,1625
114173,4370
79564,4878
79564,904
79564,4973
79564,307
79564,6711
79564,1193
79564,3019
79564,6787
79564,858
79564,1617
44497,7099
44497,6985
44497,5971
44497,26776
44497,3503
44497,31364
44497,680
44497,1281
44497,26840
44497,27317
5319,88125
5319,2571
5319,81834
5319,60069
5319,73017
5319,50872
5319,4886
5319,33794
5319,5989
5319,87232
285,72998
285,8368
285,1270
285,364
285,1
285,1356
285,3793
285,1374
285,1371
285,6539
80706,47
80706,296
80706,4226
80706,2571
80706,2762
80706,1198
80706,4963
80706,3578
80706,1961
80706,1265
50102,1198
50102,356
50102,4306
50102,1210
50102,1196
50102,4993
50102,1580
50102,2028
50102,10
50102,8961
112298,2762
112298,110
112298,527
112298,4226
112298,1196
112298,1208
112298,3578
112298,5995
112298,111
112298,32
829,58559
829,1270
829,76093
829,7361
829,4246
829,3578
829,33493
829,86882
829,597
829,69757
17090,7361
17090,1199
17090,1222
17090,32
17090,48394
17090,55820
17090,608
17090,923
17090,111
17090,2858
42639,750
42639,924
42639,2010
42639,912
42639,1219
42639,1196
42639,7820
42639,908
42639,7939
42639,1251
16883,260
16883,7153
16883,5952
16883,2329
16883,7361
16883,2858
16883,4878
16883,1196
16883,293
16883,49272
103088,1610
103088,527
103088,590
103088,2858
103088,3300
103088,8340
103088,1909
103088,3262
103088,49272
103088,5254
38420,8644
38420,780
38420,58559
38420,33794
38420,35836
38420,19
38420,1923
38420,2
38420,500
38420,586
121016,1
121016,2355
121016,1214
121016,924
121016,4886
121016,474
121016,380
121016,2571
121016,1527
121016,1240
54845,480
54845,356
54845,6377
54845,64969
54845,3793
54845,56174
54845,48516
54845,53996
54845,63859
54845,67295
24087,33794
24087,593
24087,3147
24087,5952
24087,7153
24087,2329
24087,5669
24087,44191
24087,1682
24087,5445
74196,69844
74196,5459
74196,60684
74196,51662
74196,58559
74196,59315
74196,54001
74196,2959
74196,88744
74196,62956
123754,91630
123754,1252
123754,66509
123754,46578
123754,73344
123754,73017
123754,38886
123754,67087
123754,3424
123754,67734
95424,344
95424,6502
95424,3535
95424,588
95424,2791
95424,1327
95424,2329
95424,3897
95424,1345
95424,3421
61947,527
61947,6874
61947,48780
61947,4886
61947,2291
61947,3996
61947,4027
61947,38061
61947,1080
61947,7438
131633,1198
131633,593
131633,5291
131633,1217
131633,1252
131633,7153
131633,2858
131633,50
131633,1193
131633,1214
16436,608
16436,1197
16436,527
16436,296
16436,4973
16436,55820
16436,48394
16436,5618
16436,541
16436,1193
87012,5989
87012,8784
87012,1208
87012,30707
87012,54286
87012,8665
87012,1265
87012,7143
87012,2401
87012,480
81263,356
81263,858
81263,2028
81263,527
81263,593
81263,32587
81263,551
81263,590
81263,2291
81263,1387
31785,2571
31785,260
31785,1196
31785,296
31785,7153
31785,4993
31785,1210
31785,1220
31785,2959
31785,1198
24754,480
24754,296
24754,2858
24754,1210
24754,356
24754,5445
24754,260
24754,47
24754,4306
24754,593
1261,1265
1261,1291
1261,1240
1261,3578
1261,1617
1261,1580
1261,1197
1261,364
1261,2716
1261,1721
50811,2424
50811,916
50811,597
50811,6155
50811,3827
50811,150
50811,2115
50811,1198
50811,4369
50811,41566
86916,2329
86916,3147
86916,4886
86916,47
86916,4963
86916,8636
86916,318
86916,4720
86916,2291
86916,589
125015,1258
125015,50
125015,7438
125015,260
125015,541
125015,58559
125015,741
125015,750
125015,4027
125015,1208
134315,1196
134315,2762
134315,1270
134315,1580
134315,6874
134315,70286
134315,32
134315,50
134315,1291
134315,260
109956,342
109956,296
109956,7361
109956,6377
109956,4226
109956,593
109956,1148
109956,6711
109956,1094
109956,5952
119676,1198
119676,593
119676,47
119676,50
119676,1136
119676,2858
119676,4878
119676,260
119676,356
119676,44191
129527,1210
129527,457
129527,1207
129527,52435
129527,2028
129527,58559
129527,1291
129527,953
129527,26528
129527,2080
132339,541
132339,81591
132339,79132
132339,32
132339,293
132339,48516
132339,1248
132339,4914
132339,1284
132339,306
121177,2959
121177,356
121177,1246
121177,6539
121177,2571
121177,2174
121177,919
121177,7361
121177,2396
121177,1073
13117,1704
13117,2571
13117,2959
13117,296
13117,58559
13117,79132
13117,4226
13117,5989
13117,1213
13117,48516
61664,1247
61664,8949
61664,6620
61664,6711
61664,1208
61664,1252
61664,8873
61664,608
61664,111
61664,1267
34202,2329
34202,80489
34202,55765
34202,55118
34202,69481
34202,96610
34202,6016
34202,5349
34202,27773
34202,1193
111053,7438
111053,2858
111053,6874
111053,53125
111053,55247
111053,6365
111053,50872
111053,4370
111053,53322
111053,70286
135973,4993
135973,1240
135973,2959
135973,7153
135973,5952
135973,32
135973,500
135973,1097
135973,593
135973,1721
123260,260
123260,47
123260,1994
123260,96610
123260,91529
123260,58559
123260,1097
123260,4226
123260,106782
123260,1210
104013,91529
104013,59369
104013,4226
104013,7153
104013,3578
104013,85414
104013,111362
104013,111759
104013,44191
104013,48780
77322,1704
77322,296
77322,318
77322,79132
77322,44195
77322,1089
77322,1207
77322,56367
77322,2571
77322,5989
97193,4995
97193,736
97193,6378
97193,733
97193,1485
97193,457
97193,2617
97193,44191
97193,7458
97193,377
137075,58559
137075,53996
137075,5952
137075,4993
137075,59615
137075,59315
137075,58025
137075,7153
137075,8361
137075,5254
111175,33794
111175,49272
111175,2571
111175,32
111175,541
111175,1208
111175,32587
111175,44191
111175,2542
111175,48738
127017,1923
127017,70286
127017,3578
127017,7153
127017,54272
127017,1213
127017,6863
127017,44191
127017,4878
127017,60126
45214,47
45214,4226
45214,7153
45214,3578
45214,32587
45214,260
45214,1214
45214,2762
45214,293
45214,32
48198,55820
48198,3949
48198,48516
48198,5954
48198,858
48198,778
48198,2997
48198,79132
48198,3897
48198,4878
120974,2858
120974,318
120974,48780
120974,68237
120974,81591
120974,5618
120974,741
120974,778
120974,3578
120974,1732
45346,296
45346,2959
45346,71535
45346,79132
45346,81591
45346,64614
45346,7361
45346,73321
45346,72998
45346,80489
8971,1704
8971,593
8971,296
8971,953
8971,3147
8971,457
8971,2858
8971,1221
8971,2871
8971,1304
81641,1097
81641,260
81641,1272
81641,594
81641,1207
81641,2804
81641,3471
81641,6539
81641,1961
81641,58559
113911,733
113911,1573
113911,70
113911,34319
113911,2353
113911,2858
113911,296
113911,4369
113911,3052
113911,316
26148,2746
26148,410
26148,1206
26148,3081
26148,1527
26148,33004
26148,2571
26148,7361
26148,2987
26148,1073
44230,8368
44230,112852
44230,49272
44230,54286
44230,72998
44230,76093
44230,6539
44230,4896
44230,91542
44230,6333
114023,595
114023,296
114023,2762
114023,39
114023,912
114023,1682
114023,4886
114023,2174
114023,587
114023,2987
61657,1266
61657,111
61657,5291
61657,924
61657,1233
61657,1212
61657,923
61657,3730
61657,1228
61657,1221
28332,6787
28332,2018
28332,1608
28332,3359
28332,2352
28332,3421
28332,1220
28332,3801
28332,1276
28332,1208
10759,46578
10759,45175
10759,57243
10759,58295
10759,8951
10759,32025
10759,30749
10759,56607
10759,55276
10759,55442
36281,91529
36281,95167
36281,108932
36281,51255
36281,2959
36281,76251
36281,3033
36281,103341
36281,6874
36281,1682
90279,1721
90279,4995
90279,1393
90279,3147
90279,1961
90279,2762
90279,2571
90279,3916
90279,5989
90279,30749
64501,293
64501,318
64501,2959
64501,296
64501,1221
64501,27773
64501,48516
64501,1617
64501,3578
64501,2858
90195,4226
90195,1748
90195,2959
90195,4993
90195,32587
90195,296
90195,5903
90195,1274
90195,52328
90195,47
45312,1097
45312,2716
45312,1221
45312,1259
45312,2683
45312,1961
45312,480
45312,1704
45312,3147
45312,780
1588,4019
1588,6942
1588,4995
1588,2501
1588,1203
1588,59315
1588,55290
1588,2396
1588,33166
1588,72011
126584,2858
126584,5618
126584,5679
126584,7147
126584,2762
126584,7438
126584,1258
126584,2081
126584,4226
126584,7160
18215,106782
18215,72998
18215,91529
18215,4963
18215,2571
18215,96610
18215,58559
18215,81229
18215,53972
18215,2959
28636,318
28636,3793
28636,356
28636,1240
28636,1580
28636,1198
28636,2028
28636,99114
28636,70286
28636,1721
83125,1704
83125,4973
83125,2959
83125,318
83125,509
83125,2336
83125,527
83125,1188
83125,1210
83125,1961
123707,5952
123707,7153
123707,7361
123707,50
123707,1089
123707,4995
123707,293
123707,64957
123707,2628
123707,81834
69638,5952
69638,76093
69638,68954
69638,6377
69638,4993
69638,7153
69638,81847
69638,81845
69638,318
69638,4973
84241,6539
84241,6377
84241,110
84241,318
84241,2028
84241,1036
84241,6874
84241,7438
84241,32587
84241,457
110685,1732
110685,1784
110685,52973
110685,3552
110685,590
110685,1704
110685,2997
110685,4979
110685,4011
110685,2762
33423,48516
33423,50
33423,356
33423,858
33423,6874
33423,56367
33423,2762
33423,47
33423,33493
33423,593
12992,58559
12992,608
12992,47
12992,32
12992,1206
12992,4011
12992,76251
12992,3949
12992,16
12992,2502
127534,260
127534,1200
127534,8874
127534,51255
127534,1215
127534,5021
127534,592
127534,1275
127534,3671
127534,1089
17313,68157
17313,72998
17313,51662
17313,49530
17313,33794
17313,3578
17313,44665
17313,318
17313,49272
17313,73017
63544,593
63544,50
63544,2858
63544,296
63544,1221
63544,111
63544,318
63544,480
63544,55820
63544,47
100216,55052
100216,48394
100216,55805
100216,59315
100216,39183
100216,55765
100216,68157
100216,69481
100216,54997
100216,34048
125930,51662
125930,44555
125930,6942
125930,55820
125930,63082
125930,1080
125930,4973
125930,54272
125930,49530
125930,8970
130612,1961
130612,2858
130612,5418
130612,1197
130612,2959
130612,33794
130612,2683
130612,6539
130612,500
130612,55820
40430,1036
40430,5952
40430,4993
40430,648
40430,480
40430,58559
40430,3578
40430,1213
40430,593
40430,1
85926,56367
85926,35836
85926,44199
85926,46578
85926,33166
85926,40819
85926,49530
85926,30749
85926,48394
85926,68954
136000,56152
136000,50872
136000,6942
136000,2671
136000,4246
136000,37729
136000,2080
136000,6539
136000,41566
136000,8970
48684,1265
48684,608
48684,32
48684,2502
48684,344
48684,1527
48684,55820
48684,1270
48684,56367
48684,480
123272,5349
123272,5418
123272,1580
123272,1291
123272,1240
123272,2762
123272,480
123272,5989
123272,44191
123272,364
71180,48780
71180,296
71180,63082
71180,49530
71180,4011
71180,72998
71180,8961
71180,110
71180,59784
71180,55765
103961,2959
103961,1136
103961,904
103961,2997
103961,953
103961,2762
103961,1225
103961,1258
103961,1222
103961,3897
66192,58559
66192,527
66192,1193
66192,1196
66192,296
66192,541
66192,2858
66192,1197
66192,44191
66192,31658
37640,1089
37640,6016
37640,1732
37640,2858
37640,356
37640,4979
37640,64839
37640,46578
37640,48774
37640,49272
14132,1197
14132,4878
14132,2997
14132,2918
14132,908
14132,527
14132,4995
14132,1387
14132,1961
14132,1732
67584,2959
67584,2843
67584,778
67584,2997
67584,27846
67584,3949
67584,4848
67584,296
67584,2542
67584,2076
15948,78499
15948,72998
15948,76093
15948,86332
15948,69406
15948,59315
15948,81847
15948,112852
15948,79091
15948,96821
79752,318
79752,6796
79752,36
79752,3246
79752,47099
79752,527
79752,30749
79752,3252
79752,2959
79752,2329
34396,364
34396,7361
34396,4886
34396,2959
34396,2571
34396,527
34396,593
34396,1136
34396,4226
34396,8961
83348,32587
83348,356
83348,50
83348,4993
83348,48516
83348,5418
83348,49530
83348,69122
83348,3275
83348,73017
132411,1968
132411,1704
132411,1961
132411,1265
132411,2918
132411,265
132411,46578
132411,79132
132411,608
132411,3471
72846,1258
72846,3949
72846,63082
72846,54503
72846,4226
72846,88163
72846,4014
72846,1721
72846,6539
72846,5989
92349,6539
92349,593
92349,2762
92349,1
92349,6377
92349,1136
92349,1242
92349,2571
92349,750
92349,3578
42868,4226
42868,318
42868,2571
42868,1923
42868,7361
42868,296
42868,2959
42868,6874
42868,1
42868,4034
62430,3996
62430,293
62430,223
62430,31878
62430,4226
62430,3253
62430,1278
62430,61132
62430,32587
62430,5971
16356,77455
16356,60766
16356,750
16356,6440
16356,6993
16356,5059
16356,26003
16356,7934
16356,1221
16356,924
11750,33794
11750,70286
11750,44191
11750,48774
11750,60069
11750,7438
11750,6711
11750,68157
11750,48385
11750,63082
38747,586
38747,597
38747,595
38747,3408
38747,919
38747,2918
38747,3255
38747,364
38747,1197
38747,2302
56042,8961
56042,4306
56042,60069
56042,1
56042,4886
56042,1073
56042,1580
56042,58559
56042,356
56042,551
72477,318
72477,3147
72477,1704
72477,527
72477,593
72477,2762
72477,590
72477,1207
72477,1097
72477,1962
45494,1136
45494,1198
45494,1
45494,50
45494,592
45494,2959
45494,1580
45494,4886
45494,3114
45494,4973
86169,59315
86169,102125
86169,32587
86169,44191
86169,34405
86169,45499
86169,86332
86169,60684
86169,37386
86169,72998
35178,858
35178,2762
35178,318
35178,2959
35178,48516
35178,1240
35178,6539
35178,364
35178,1036
35178,55820
117329,55820
117329,4226
117329,8798
117329,1036
117329,2571
117329,1234
117329,1231
117329,82459
117329,6870
117329,7445
109740,733
109740,3052
109740,260
109740,4963
109740,8368
109740,3578
109740,6365
109740,3275
109740,45499
109740,5064
132970,1653
132970,329
132970,8665
132970,3994
132970,8783
132970,6378
132970,41566
132970,3745
132970,1376
132970,1265
59197,5989
59197,2291
59197,2918
59197,4878
59197,4979
59197,2329
59197,2321
59197,4014
59197,593
59197,33166
65460,2918
65460,216
65460,1206
65460,55820
65460,1073
65460,2762
65460,6016
65460,223
65460,1197
65460,68157
50258,2959
50258,68157
50258,356
50258,63082
50258,69757
50258,2858
50258,7323
50258,5989
50258,4995
50258,53123
62015,40815
62015,1
62015,53996
62015,8957
62015,69526
62015,63082
62015,51662
62015,4886
62015,48877
62015,46972
33493,45722
33493,6942
33493,56367
33493,318
33493,2683
33493,4447
33493,593
33493,1291
33493,35836
33493,4886
71653,1246
71653,1291
71653,1197
71653,3479
71653,249
71653,1198
71653,7153
71653,1210
71653,6377
71653,3793
32631,48516
32631,1214
32631,5952
32631,1200
32631,293
32631,527
32631,1193
32631,55282
32631,59315
32631,3535
12324,1625
12324,2706
12324,32
12324,4226
12324,30707
12324,8798
12324,457
12324,33166
12324,733
12324,608
49295,3147
49295,3897
49295,2959
49295,5989
49295,30707
49295,4776
49295,5954
49295,4022
49295,1784
49295,4011
42617,81834
42617,356
42617,4306
42617,73017
42617,79132
42617,8368
42617,364
42617,4896
42617,2396
42617,8961
130784,4973
130784,296
130784,72998
130784,2571
130784,260
130784,356
130784,318
130784,6370
130784,293
130784,1682
124540,1136
124540,1214
124540,50
124540,541
124540,4973
124540,4226
124540,924
124540,750
124540,858
124540,1206
13397,4878
13397,6502
13397,1261
13397,31658
13397,48394
13397,2571
13397,2455
13397,56145
13397,71535
13397,4226
34915,2716
34915,648
34915,4963
34915,780
34915,3793
34915,2959
34915,480
34915,4034
34915,364
34915,1961
55068,4306
55068,103141
55068,3977
55068,1907
55068,4973
55068,318
55068,8983
55068,593
55068,1270
55068,54001
16398,45722
16398,30793
16398,8961
16398,48516
16398,34162
16398,8970
16398,1028
16398,35836
16398,8984
16398,33166
121382,33794
121382,87232
121382,72998
121382,1580
121382,589
121382,3793
121382,102445
121382,98809
121382,51662
121382,48780
106386,32
106386,2959
106386,79132
106386,1200
106386,1527
106386,541
106386,2288
106386,72998
106386,48774
106386,293
33003,46578
33003,81562
33003,70286
33003,55820
33003,63082
33003,58559
33003,71535
33003,27773
33003,50872
33003,64614
54819,318
54819,1027
54819,2028
54819,5445
54819,54259
54819,7143
54819,2762
54819,595
54819,81845
54819,47610
33220,1136
33220,1089
33220,1206
33220,2951
33220,593
33220,7153
33220,5952
33220,4226
33220,1210
33220,5618
23852,32587
23852,2858
23852,58559
23852,56367
23852,2291
23852,46976
23852,6711
23852,6539
23852,8784
23852,48082
61837,8644
61837,3300
61837,34150
61837,8371
61837,1580
61837,3793
61837,5254
61837,170
61837,45499
61837,69526
82312,2959
82312,318
82312,32
82312,593
82312,296
82312,293
82312,151
82312,1653
82312,4973
82312,3176
129059,2858
129059,2502
129059,6539
129059,4226
129059,2542
129059,2706
129059,1080
129059,4878
129059,3052
129059,8874
123145,2571
123145,68157
123145,79132
123145,4226
123145,69122
123145,5989
123145,5952
123145,4993
123145,44191
123145,527
114001,50
114001,4226
114001,1196
114001,47
114001,356
114001,858
114001,7438
114001,2329
114001,2858
114001,163
91620,56949
91620,2144
91620,2145
91620,588
91620,59501
91620,2724
91620,50601
91620,56176
91620,2572
91620,7293
120838,1580
120838,648
120838,356
120838,318
120838,1101
120838,589
120838,110
120838,1198
120838,500
120838,1240
46331,4226
46331,110
46331,4973
46331,44555
46331,356
46331,150
46331,590
46331,3578
46331,1
46331,1961
135277,5952
135277,111362
135277,70286
135277,2571
135277,66934
135277,58559
135277,60069
135277,34405
135277,79091
135277,4306
77597,1265
77597,1208
77597,2571
77597,1175
77597,593
77597,4878
77597,318
77597,6377
77597,5618
77597,2291
86324,750
86324,7361
86324,593
86324,296
86324,79132
86324,4226
86324,1212
86324,2329
86324,904
86324,1617
72373,1580
72373,356
72373,595
72373,4886
72373,2571
72373,19
72373,1
72373,500
72373,58559
72373,1073
50497,6874
50497,1219
50497,3949
50497,318
50497,6539
50497,1466
50497,26680
50497,4878
50497,30793
50497,3556
109779,55820
109779,2502
109779,70286
109779,5010
109779,3147
109779,6377
109779,260
109779,4226
109779,4022
109779,44665
15607,4995
15607,44555
15607,4973
15607,3578
15607,356
15607,58559
15607,79132
15607,858
15607,2858
15607,48394
122172,4878
122172,527
122172,3897
122172,3949
122172,3481
122172,1208
122172,1230
122172,5995
122172,6620
122172,2599
11521,260
11521,6377
11521,1527
11521,1136
11521,5971
11521,48780
11521,3996
11521,5989
11521,4226
11521,5349
79401,6539
79401,150
79401,1025
79401,1197
79401,2617
79401,4226
79401,3489
79401,2640
79401,2012
79401,3809
11772,8636
11772,5349
11772,1917
11772,356
11772,1721
11772,2273
11772,110
11772,648
11772,3717
11772,3623
41091,48780
41091,3578
41091,1136
41091,32587
41091,34405
41091,47518
41091,48394
41091,8961
41091,1213
41091,46578
113135,3000
113135,296
113135,1274
113135,750
113135,1732
113135,1136
113135,541
113135,741
113135,4878
113135,2997
129718,318
129718,58559
129718,63992
129718,8957
129718,2762
129718,47
129718,2329
129718,3798
129718,52604
129718,60074
82896,7143
82896,8798
82896,4226
82896,7147
82896,8784
82896,7153
82896,7090
82896,30749
82896,6378
82896,4776
68545,480
68545,47
68545,4623
68545,377
68545,3253
68545,2268
68545,50
68545,35836
68545,2794
68545,4226
79028,6874
79028,2762
79028,780
79028,1527
79028,480
79028,32587
79028,1917
79028,36529
79028,44665
79028,7438
52116,2329
52116,1263
52116,1252
52116,1209
52116,3499
52116,551
52116,4973
52116,6870
52116,2467
52116,1339
76916,33794
76916,527
76916,260
76916,1196
76916,3000
76916,47
76916,318
76916,1210
76916,293
76916,858
137427,7438
137427,296
137427,30793
137427,3083
137427,2959
137427,46723
137427,6874
137427,56367
137427,4235
137427,4979
3061,589
3061,44191
3061,54286
3061,4878
3061,56174
3061,34405
3061,5445
3061,49272
3061,48774
3061,480
127522,1136
127522,296
127522,750
127522,1348
127522,7387
127522,1732
127522,924
127522,223
127522,8874
127522,2959
65285,318
65285,58559
65285,4226
65285,2571
65285,2959
65285,4973
65285,296
65285,4995
65285,356
65285,47
103454,5952
103454,4993
103454,1210
103454,4878
103454,68954
103454,7438
103454,2019
103454,51255
103454,1214
103454,1270
68649,1213
68649,593
68649,2858
68649,608
68649,79132
68649,750
68649,1200
68649,858
68649,589
68649,68157
6731,150
6731,4993
6731,2028
6731,2012
6731,1573
6731,4874
6731,4886
6731,8360
6731,1291
6731,2011
20139,5989
20139,33166
20139,4226
20139,110
20139,44665
20139,47
20139,2028
20139,2858
20139,44195
20139,2542
92952,480
92952,356
92952,44195
92952,70286
92952,3052
92952,1653
92952,316
92952,8622
92952,1396
92952,780
100535,527
100535,590
100535,454
100535,62
100535,1
100535,1721
100535,858
100535,2396
100535,2858
100535,1197
43050,50872
43050,34072
43050,51084
43050,86882
43050,88810
43050,90866
43050,80463
43050,50160
43050,37475
43050,30749
15016,1307
15016,4306
15016,454
15016,50
15016,377
15016,500
15016,1
15016,4993
15016,150
15016,1265
132421,778
132421,2762
132421,1221
132421,1198
132421,48516
132421,2028
132421,608
132421,1196
132421,81845
132421,1209
39707,26662
39707,4886
39707,3996
39707,260
39707,8961
39707,356
39707,32
39707,1580
39707,6377
39707,2959
100661,5989
100661,54286
100661,50
100661,44199
100661,8798
100661,260
100661,1200
100661,1221
100661,3751
100661,1196
12509,1198
12509,2329
12509,1089
12509,4226
12509,3949
12509,68954
12509,858
12509,27773
12509,1175
12509,1199
104139,2019
104139,904
104139,930
104139,296
104139,307
104139,2959
104139,527
104139,593
104139,5147
104139,1206
29886,2959
29886,7361
29886,46578
29886,60069
29886,81845
29886,50872
29886,78499
29886,56367
29886,59315
29886,48780
132629,912
132629,17
132629,40629
132629,5418
132629,4014
132629,2803
132629,8961
132629,2268
132629,5064
132629,11
114881,1240
114881,56367
114881,1198
114881,48774
114881,45517
114881,364
114881,52973
114881,356
114881,4226
114881,780
10253,33794
10253,32587
10253,4011
10253,6378
10253,51662
10253,1274
10253,170
10253,7090
10253,68358
10253,53972
58859,4963
58859,357
58859,110
58859,2571
58859,2028
58859,3257
58859,4014
58859,2324
58859,1307
58859,3408
31903,49272
31903,68157
31903,1729
31903,55276
31903,40583
31903,80463
31903,41997
31903,1208
31903,36529
31903,48774
34855,6863
34855,5991
34855,1073
34855,7451
34855,4306
34855,5299
34855,5014
34855,1777
34855,4995
34855,3948
64487,32587
64487,296
64487,1198
64487,1393
64487,1089
64487,1968
64487,1517
64487,51255
64487,4886
64487,68157
11884,6365
11884,46976
11884,4306
11884,4878
11884,47
11884,35836
11884,33493
11884,4027
11884,2858
11884,45722
3596,2502
3596,3897
3596,296
3596,356
3596,1393
3596,1784
3596,1265
3596,48516
3596,608
3596,500
36603,1193
36603,4235
36603,48394
36603,2959
36603,40819
36603,37240
36603,7256
36603,33660
36603,858
36603,6953
44843,5418
44843,30707
44843,1222
44843,457
44843,5349
44843,32
44843,8636
44843,4034
44843,41569
44843,4886
64918,46723
64918,39183
64918,48516
64918,55820
64918,8464
64918,8917
64918,35836
64918,34437
64918,30812
64918,30707
100602,54286
100602,7153
100602,5418
100602,356
100602,4011
100602,44191
100602,50
100602,8665
100602,1210
100602,5989
37577,2959
37577,8874
37577,2858
37577,2571
37577,2997
37577,2968
37577,1923
37577,3253
37577,6711
37577,1321
34472,4011
34472,2542
34472,2571
34472,318
34472,3578
34472,48516
34472,1193
34472,1263
34472,4034
34472,27831
45300,4886
45300,44191
45300,8665
45300,356
45300,589
45300,4306
45300,51662
45300,1
45300,1240
45300,33493
135669,1961
135669,597
135669,318
135669,500
135669,589
135669,3448
135669,2858
135669,1641
135669,47
135669,1597
22917,527
22917,60069
22917,4973
22917,2571
22917,318
22917,3578
22917,4995
22917,68954
22917,356
22917,91529
86942,110
86942,1221
86942,2762
86942,356
86942,858
86942,1213
86942,296
86942,778
86942,32587
86942,527
19886,6016
19886,2959
19886,296
19886,750
19886,527
19886,778
19886,1206
19886,55820
19886,4878
19886,3996
44377,480
44377,44195
44377,7153
44377,4993
44377,2329
44377,2502
44377,64614
44377,1213
44377,4306
44377,69481
86867,5349
86867,1270
86867,72998
86867,2571
86867,480
86867,150
86867,1580
86867,51662
86867,6377
86867,780
107991,50
107991,33493
107991,49272
107991,1198
107991,1721
107991,1240
107991,648
107991,55765
107991,8665
107991,1036
6302,4306
6302,4878
6302,296
6302,7361
6302,2858
6302,4226
6302,1721
6302,3911
6302,39
6302,1265
127446,58559
127446,87232
127446,79132
127446,69844
127446,91542
127446,106487
127446,97938
127446,6539
127446,60069
127446,50872
52755,32
52755,593
52755,778
52755,750
52755,5902
52755,1617
52755,3160
52755,1222
52755,1258
52755,2692
117007,64969
117007,69122
117007,79091
117007,91630
117007,95441
117007,64983
117007,106920
117007,77561
117007,78209
117007,88163
74027,904
74027,7116
74027,2186
74027,8042
74027,2726
74027,930
74027,7215
74027,4426
74027,903
74027,1230
62446,1089
62446,3020
62446,3994
62446,3147
62446,4262
62446,32
62446,2288
62446,4995
62446,1200
62446,5903
77368,1721
77368,1240
77368,48516
77368,63082
77368,58559
77368,293
77368,8644
77368,5418
77368,318
77368,2542
26161,150
26161,1
26161,1198
26161,593
26161,480
26161,1270
26161,1265
26161,527
26161,4306
26161,457
32867,3578
32867,3996
32867,2997
32867,4878
32867,6377
32867,1265
32867,7438
32867,1721
32867,1584
32867,1517
120356,5952
120356,4993
120356,4306
120356,8961
120356,3996
120356,44195
120356,1584
120356,45950
120356,33004
120356,60069
83024,7748
83024,86320
83024,2076
83024,96832
83024,86898
83024,78039
83024,94959
83024,8738
83024,1230
83024,7043
68248,2716
68248,4306
68248,318
68248,1265
68248,1073
68248,2028
68248,6539
68248,3996
68248,4973
68248,6377
2276,296
2276,2706
2276,4718
2276,2959
2276,344
2276,47200
2276,5574
2276,231
2276,5785
2276,3948
64110,103539
64110,88235
64110,102819
64110,106916
64110,103980
64110,104913
64110,102993
64110,90888
64110,96110
64110,105197
73960,32
73960,30749
73960,50
73960,4226
73960,1961
73960,1213
73960,1884
73960,858
73960,1246
73960,8784
110528,318
110528,296
110528,7361
110528,6502
110528,1206
110528,50
110528,2571
110528,968
110528,1193
110528,2762
40144,50
40144,1278
40144,1219
40144,908
40144,1394
40144,1197
40144,924
40144,5060
40144,1221
40144,3359
40397,79132
40397,63082
40397,7153
40397,2762
40397,4995
40397,88125
40397,2571
40397,2324
40397,953
40397,4973
114581,733
114581,527
114581,50
114581,8665
114581,48516
114581,2028
114581,593
114581,2762
114581,165
114581,1270
119683,589
119683,780
119683,318
119683,49530
119683,44665
119683,33660
119683,49272
119683,7445
119683,4963
119683,1917
25364,1961
25364,356
25364,150
25364,500
25364,357
25364,1307
25364,296
25364,1293
25364,1246
25364,1527
68365,5952
68365,593
68365,1704
68365,3911
68365,2918
68365,5669
68365,2858
68365,1265
68365,2997
68365,4027
135780,3869
135780,356
135780,480
135780,364
135780,1036
135780,97913
135780,91630
135780,91485
135780,110
135780,3147
105606,4226
105606,4896
105606,1580
105606,356
105606,527
105606,3081
105606,1136
105606,260
105606,4963
105606,1214
85711,56782
85711,1258
85711,2571
85711,1244
85711,1225
85711,3730
85711,1263
85711,1199
85711,6620
85711,44555
66077,7502
66077,79132
66077,5418
66077,110
66077,73321
66077,51662
66077,77561
66077,296
66077,34405
66077,48780
16396,2762
16396,6016
16396,47
16396,7438
16396,3996
16396,50
16396,4993
16396,7153
16396,1089
16396,7090
50134,2959
50134,50
50134,750
50134,4226
50134,296
50134,2858
50134,6016
50134,111
50134,2329
50134,858
28864,4226
28864,1193
28864,8957
28864,356
28864,81591
28864,296
28864,3949
28864,4720
28864,79132
28864,61240
24374,2329
24374,296
24374,78499
24374,69757
24374,6539
24374,2572
24374,7451
24374,67087
24374,2657
24374,6863
30306,4018
30306,110
30306,4995
30306,4993
30306,587
30306,318
30306,1961
30306,2396
30306,5989
30306,4306
98541,33660
98541,8958
98541,40819
98541,49530
98541,7445
98541,53996
98541,39183
98541,45431
98541,8949
98541,30822
48517,4878
48517,296
48517,2959
48517,4226
48517,7361
48517,4973
48517,3949
48517,7438
48517,2692
48517,5902
4284,70286
4284,3033
4284,380
4284,34405
4284,5445
4284,1136
4284,1517
4284,2762
4284,71106
4284,61024
7064,111362
7064,49272
7064,89745
7064,68157
7064,4776
7064,7254
7064,30707
7064,91630
7064,92259
7064,5956
134590,2959
134590,6539
134590,1210
134590,5952
134590,3147
134590,91529
134590,296
134590,5445
134590,3527
134590,44191
75773,3114
75773,5445
75773,858
75773,1265
75773,32
75773,47
75773,1580
75773,1961
75773,1222
75773,457
4488,2959
4488,44191
4488,72998
4488,356
4488,2571
4488,60069
4488,48394
4488,60684
4488,99114
4488,6350
112895,593
112895,4226
112895,6016
112895,608
112895,111
112895,2858
112895,1208
112895,7361
112895,541
112895,2997
107473,2762
107473,7153
107473,318
107473,356
107473,1097
107473,588
107473,2011
107473,1527
107473,1
107473,47
69274,33794
69274,7153
69274,68358
69274,44191
69274,6377
69274,2959
69274,3081
69274,253
69274,32587
69274,4886
58851,4246
58851,1307
58851,1197
58851,4014
58851,318
58851,35836
58851,6863
58851,2918
58851,3087
58851,1784
121768,2858
121768,5952
121768,541
121768,4226
121768,1198
121768,33794
121768,49272
121768,68157
121768,55820
121768,1213
124134,5816
124134,5952
124134,7153
124134,3052
124134,4246
124134,6942
124134,6539
124134,5377
124134,4014
124134,2571
116095,31658
116095,8961
116095,8983
116095,5971
116095,65261
116095,33162
116095,63082
116095,59315
116095,76093
116095,7090
35993,2858
35993,5952
35993,1200
35993,1213
35993,296
35993,1089
35993,2959
35993,7361
35993,913
35993,1222
129042,1961
129042,593
129042,1923
129042,780
129042,1784
129042,4995
129042,4022
129042,527
129042,31
129042,48516
51056,480
51056,1721
51056,1196
51056,1527
51056,1198
51056,454
51056,1961
51056,3793
51056,457
51056,2011
23650,49278
23650,2959
23650,377
23650,48516
23650,7254
23650,318
23650,457
23650,5989
23650,2706
23650,1717
81109,260
81109,593
81109,111362
81109,112852
81109,318
81109,6016
81109,2329
81109,1136
81109,904
81109,105844
67166,5445
67166,589
67166,33794
67166,68157
67166,2000
67166,1101
67166,4886
67166,3147
67166,367
67166,72998
16845,3578
16845,145
16845,1036
16845,733
16845,6539
16845,1580
16845,4018
16845,4963
16845,5418
16845,1101
47563,2762
47563,1198
47563,5952
47563,356
47563,1
47563,4361
47563,1193
47563,8961
47563,3072
47563,858
38294,4226
38294,5902
38294,1258
38294,3949
38294,608
38294,37741
38294,1230
38294,8910
38294,4027
38294,48394
47063,1
47063,68157
47063,5952
47063,2571
47063,3578
47063,2762
47063,89745
47063,81845
47063,97921
47063,81847
99119,46578
99119,44555
99119,6993
99119,44694
99119,48394
99119,8228
99119,38038
99119,48516
99119,48696
99119,6987
117620,47
117620,74458
117620,318
117620,2762
117620,356
117620,1682
117620,60069
117620,595
117620,68954
117620,4886
67224,5954
67224,7347
67224,33166
67224,8781
67224,2841
67224,4148
67224,6187
67224,3176
67224,8908
67224,3717
80888,593
80888,32587
80888,4226
80888,2571
80888,1221
80888,318
80888,541
80888,356
80888,1291
80888,60069
85947,4993
85947,4306
85947,7153
85947,7323
85947,5135
85947,4995
85947,4246
85947,5952
85947,5991
85947,7151
38846,1961
38846,4226
38846,1097
38846,2918
38846,608
38846,457
38846,2716
38846,1197
38846,2502
38846,1240
114084,595
114084,2125
114084,339
114084,2797
114084,1721
114084,364
114084,261
114084,356
114084,1028
114084,588
115372,47
115372,4993
115372,527
115372,3949
115372,1222
115372,4848
115372,4011
115372,253
115372,70
115372,50
31958,68237
31958,7387
31958,2921
31958,8874
31958,1200
31958,1214
31958,32
31958,2288
31958,1222
31958,296
55245,2006
55245,5349
55245,4993
55245,329
55245,2571
55245,33493
55245,1
55245,8636
55245,4896
55245,1580
19716,150
19716,1
19716,2028
19716,1923
19716,4011
19716,457
19716,1097
19716,1270
19716,1393
19716,7160
54347,588
54347,59315
54347,79132
54347,2959
54347,8360
54347,59784
54347,296
54347,52722
54347,110
54347,5816
112832,32596
112832,33493
112832,33437
112832,35957
112832,42738
112832,8958
112832,37727
112832,8968
112832,37741
112832,40614
126667,4226
126667,3949
126667,2959
126667,356
126667,90430
126667,7147
126667,97921
126667,63082
126667,6016
126667,103980
59209,33085
59209,593
59209,57274
59209,7153
59209,4993
59209,55577
59209,74750
59209,30894
59209,253
59209,5952
36973,527
36973,4226
36973,1213
36973,33794
36973,44191
36973,3147
36973,1704
36973,4262
36973,6
36973,3275
74239,356
74239,33794
74239,1291
74239,2700
74239,593
74239,44191
74239,5378
74239,3578
74239,520
74239,8360
53884,1704
53884,1089
53884,2502
53884,44195
53884,1193
53884,4878
53884,2571
53884,527
53884,32587
53884,2324
22656,33794
22656,1210
22656,3578
22656,2959
22656,4011
22656,1923
22656,2716
22656,150
22656,592
22656,1213
105524,44191
105524,32587
105524,33166
105524,48516
105524,34319
105524,30707
105524,41569
105524,48780
105524,45499
105524,8957
70537,593
70537,4973
70537,527
70537,953
70537,1198
70537,904
70537,63082
70537,356
70537,1207
70537,4993
919,8970
919,5995
919,2858
919,296
919,41285
919,36517
919,5377
919,2571
919,41997
919,43396
46091,48
46091,595
46091,2571
46091,4995
46091,1
46091,1907
46091,4963
46091,7147
46091,1080
46091,45722
127301,59315
127301,40815
127301,32031
127301,53121
127301,31685
127301,48414
127301,54286
127301,34332
127301,54259
127301,102445
16717,500
16717,8970
16717,4226
16717,6377
16717,587
16717,1923
16717,1097
16717,5989
16717,1721
16717,2355
130908,364
130908,1214
130908,920
130908,858
130908,1201
130908,5618
130908,31658
130908,2078
130908,2010
130908,3000
129924,4993
129924,2762
129924,5445
129924,44199
129924,4995
129924,48780
129924,5989
129924,780
129924,44191
129924,35836
99371,8644
99371,33004
99371,8949
99371,4874
99371,32587
99371,2009
99371,1584
99371,6003
99371,44191
99371,5418
98353,4878
98353,2502
98353,2959
98353,32587
98353,6874
98353,1732
98353,44191
98353,1198
98353,223
98353,8874
52987,4226
52987,2329
52987,6874
52987,1682
52987,5679
52987,7254
52987,5952
52987,7153
52987,4993
52987,3578
100385,99114
100385,6874
100385,104211
100385,86911
100385,51662
100385,344
100385,2959
100385,79132
100385,74750
100385,74458
42353,1255
42353,3503
42353,2551
42353,2455
42353,2600
42353,3949
42353,680
42353,7206
42353,1094
42353,3019
69460,6016
69460,50
69460,2762
69460,4226
69460,593
69460,778
69460,6953
69460,1246
69460,58559
69460,30749
90705,6539
90705,260
90705,29
90705,1265
90705,32
90705,1199
90705,1243
90705,3996
90705,2762
90705,1274
25203,2028
25203,2762
25203,318
25203,356
25203,50
25203,2571
25203,480
25203,2797
25203,1961
25203,377
48642,59315
48642,89745
48642,88125
48642,4993
48642,58559
48642,6333
48642,102445
48642,1527
48642,1210
48642,7153
51560,1198
51560,2000
51560,1101
51560,1270
51560,2268
51560,6539
51560,1196
51560,260
51560,4085
51560,110
38082,55765
38082,85414
38082,91500
38082,33794
38082,36529
38082,106487
38082,88744
38082,68358
38082,47099
38082,44199
1265,1073
1265,1
1265,4896
1265,4720
1265,39
1265,5218
1265,588
1265,595
1265,2710
1265,593
26023,1208
26023,3578
26023,4993
26023,318
26023,1214
26023,1200
26023,7438
26023,2571
26023,541
26023,6808
61112,356
61112,50872
61112,3462
61112,1193
61112,2355
61112,2324
61112,1270
61112,5618
61112,1380
61112,588
57479,7438
57479,165
57479,6378
57479,8984
57479,50
57479,54286
57479,2028
57479,4226
57479,1923
57479,2706
21792,44191
21792,7361
21792,33493
21792,2762
21792,6377
21792,364
21792,4878
21792,6874
21792,5995
21792,527
8905,2762
8905,96079
8905,81845
8905,3147
8905,5418
8905,88125
8905,2028
8905,54286
8905,4973
8905,5995
19043,1210
19043,1196
19043,457
19043,1198
19043,26614
19043,8665
19043,3578
19043,5064
19043,110
19043,318
120222,47
120222,1206
120222,318
120222,55820
120222,1732
120222,608
120222,1617
120222,4235
120222,1222
120222,44555
29755,296
29755,4226
29755,3793
29755,4878
29755,2959
29755,2571
29755,1639
29755,8961
29755,6874
29755,6539
70790,2959
70790,4973
70790,2858
70790,750
70790,318
70790,6711
70790,593
70790,527
70790,39292
70790,1252
114645,4878
114645,5989
114645,4995
114645,56367
114645,3578
114645,527
114645,2542
114645,1089
114645,6539
114645,48780
37689,2762
37689,356
37689,480
37689,1580
37689,597
37689,2571
37689,380
37689,912
37689,1097
37689,1291
23271,5952
23271,58559
23271,593
23271,2858
23271,79132
23271,110
23271,608
23271,1036
23271,7153
23271,2716
62190,318
62190,55820
62190,778
62190,2571
62190,2959
62190,58559
62190,4011
62190,111
62190,1136
62190,527
100945,1210
100945,2858
100945,1213
100945,593
100945,858
100945,64614
100945,356
100945,527
100945,4011
100945,89745
92137,1230
92137,48516
92137,1704
92137,1208
92137,30749
92137,1222
92137,1221
92137,4995
92137,5902
92137,68157
108803,2959
108803,7438
108803,2716
108803,5349
108803,8368
108803,2710
108803,968
108803,1321
108803,32
108803,4226
71300,3793
71300,2683
71300,1527
71300,7438
71300,6539
71300,1580
71300,79702
71300,71535
71300,2987
71300,231
51285,1036
51285,2959
51285,1240
51285,5618
51285,4993
51285,58559
51285,593
51285,60069
51285,296
51285,32
127776,593
127776,356
127776,2959
127776,4886
127776,44191
127776,2692
127776,1059
127776,2396
127776,7323
127776,4308
62335,2288
62335,7360
62335,1198
62335,260
62335,101739
62335,33834
62335,53468
62335,296
62335,8225
62335,2959
4728,296
4728,46578
4728,4973
4728,55444
4728,58559
4728,48394
4728,44191
4728,6711
4728,7323
4728,8784
118106,91658
118106,79132
118106,40819
118106,98154
118106,56788
118106,89904
118106,104841
118106,54286
118106,72998
118106,106782
56867,6378
56867,2671
56867,377
56867,4025
56867,53322
56867,1580
56867,60397
56867,539
56867,356
56867,8972
4276,2289
4276,7713
4276,2243
4276,946
4276,2920
4276,2066
4276,7883
4276,6666
4276,45335
4276,3932
50774,2395
50774,5673
50774,441
50774,2580
50774,5666
50774,1732
50774,8622
50774,555
50774,1261
50774,2459
59256,7153
59256,5952
59256,1234
59256,318
59256,912
59256,2028
59256,1073
59256,923
59256,50
59256,592
56730,39183
56730,55820
56730,81591
56730,56367
56730,111
56730,55069
56730,3556
56730,6711
56730,71108
56730,1244
137918,1210
137918,2762
137918,110
137918,5952
137918,4993
137918,7153
137918,1197
137918,1259
137918,150
137918,1617
115334,2858
115334,44191
115334,356
115334,4993
115334,2329
115334,4963
115334,6333
115334,1270
115334,1580
115334,51662
120765,4886
120765,4022
120765,1917
120765,4270
120765,527
120765,2291
120765,6754
120765,1597
120765,153
120765,7324
60522,2571
60522,296
60522,6874
60522,2918
60522,56367
60522,3949
60522,1193
60522,2762
60522,778
60522,1527
129877,4226
129877,3578
129877,527
129877,2028
129877,150
129877,1721
129877,590
129877,733
129877,377
129877,1961
127001,56367
127001,2959
127001,364
127001,356
127001,69122
127001,1968
127001,597
127001,296
127001,63082
127001,79132
68613,6874
68613,33794
68613,527
68613,2762
68613,5349
68613,858
68613,1200
68613,1580
68613,4306
68613,1036
25930,318
25930,778
25930,6874
25930,4226
25930,1213
25930,1193
25930,2700
25930,6711
25930,5445
25930,1036
56921,48
56921,8636
56921,356
56921,5349
56921,1688
56921,4720
56921,2571
56921,253
56921,4366
56921,2617
110665,593
110665,2028
110665,8636
110665,1210
110665,6539
110665,2502
110665,1136
110665,5989
110665,1265
110665,2858
112944,1265
112944,2762
112944,1704
112944,1721
112944,1097
112944,919
112944,1784
112944,500
112944,2797
112944,3578
115442,60069
115442,296
115442,2858
115442,593
115442,31658
115442,1200
115442,47
115442,7361
115442,318
115442,6874
31175,2028
31175,7361
31175,296
31175,3435
31175,260
31175,2858
31175,6711
31175,2571
31175,46578
31175,5147
105313,6539
105313,1198
105313,1278
105313,8970
105313,1079
105313,1235
105313,6867
105313,1293
105313,17
105313,969
20905,296
20905,51255
20905,33794
20905,8874
20905,79702
20905,76251
20905,71535
20905,1517
20905,6874
20905,1265
112199,6377
112199,33615
112199,5218
112199,356
112199,1907
112199,296
112199,2959
112199,44022
112199,79132
112199,527
17503,56782
17503,34437
17503,34542
17503,38886
17503,26172
17503,30810
17503,55276
17503,56286
17503,33794
17503,50872
61671,33794
61671,110
61671,55820
61671,4878
61671,1089
61671,1213
61671,30749
61671,48738
61671,293
61671,1222
55304,40819
55304,64614
55304,73017
55304,47610
55304,52975
55304,44709
55304,64622
55304,56782
55304,78499
55304,38886
116574,46578
116574,39292
116574,64614
116574,6724
116574,30749
116574,48738
116574,72011
116574,318
116574,1193
116574,40819
37022,4226
37022,1265
37022,1580
37022,4306
37022,2762
37022,780
37022,480
37022,356
37022,10
37022,1
130475,6377
130475,2858
130475,4246
130475,3996
130475,6539
130475,7153
130475,4306
130475,296
130475,50
130475,318
111373,56367
111373,145
111373,73017
111373,68954
111373,33794
111373,6378
111373,4011
111373,33679
111373,49530
111373,110
74561,1333
74561,2291
74561,2076
74561,1136
74561,2692
74561,27317
74561,2318
74561,6016
74561,562
74561,1214
28895,2123
28895,19
28895,1127
28895,2018
28895,1270
28895,3671
28895,53953
28895,8169
28895,5810
28895,1257
46776,7361
46776,1968
46776,6942
46776,40819
46776,39183
46776,527
46776,2959
46776,1073
46776,1777
46776,40629
95301,7311
95301,6791
95301,6650
95301,3095
95301,1935
95301,928
95301,2927
95301,1097
95301,5291
95301,6669
103090,56367
103090,50872
103090,923
103090,46578
103090,1212
103090,39292
103090,3089
103090,2692
103090,48780
103090,48774
97738,1210
97738,8376
97738,356
97738,7153
97738,3578
97738,608
97738,56782
97738,1220
97738,35836
97738,3275
126955,4226
126955,33794
126955,7438
126955,165
126955,5418
126955,2991
126955,1206
126955,2951
126955,51662
126955,60069
99096,69122
99096,35836
99096,48516
99096,78499
99096,54503
99096,53972
99096,49530
99096,55765
99096,63131
99096,49272
134402,480
134402,3793
134402,2700
134402,44191
134402,2947
134402,59315
134402,1073
134402,2291
134402,1240
134402,7438
16231,7153
16231,4886
16231,260
16231,1210
16231,5952
16231,4993
16231,745
16231,4973
16231,1197
16231,1265
12133,50
12133,44555
12133,4973
12133,1237
12133,4226
12133,296
12133,26131
12133,48394
12133,541
12133,1089
95784,6377
95784,8961
95784,4886
95784,4896
95784,8665
95784,5377
95784,6333
95784,5816
95784,5299
95784,6942
52223,48394
52223,593
52223,4720
52223,3081
52223,56339
52223,8783
52223,6874
52223,85788
52223,1219
52223,296
90171,1653
90171,48780
90171,1527
90171,32
90171,5445
90171,5952
90171,8961
90171,54286
90171,4226
90171,2762
34194,1193
34194,2858
34194,5878
34194,39183
34194,1206
34194,4979
34194,33166
34194,1219
34194,1258
34194,1732
23495,2959
23495,2762
23495,56367
23495,48774
23495,30749
23495,7361
23495,4886
23495,48516
23495,4226
23495,1270
66844,593
66844,1210
66844,2716
66844,4973
66844,1240
66844,2762
66844,1527
66844,1080
66844,4993
66844,1682
63614,33679
63614,8368
63614,7438
63614,34162
63614,8966
63614,27821
63614,30749
63614,30898
63614,35836
63614,7143
121280,86882
121280,88163
121280,1307
121280,6942
121280,8533
121280,89492
121280,33660
121280,91077
121280,858
121280,89864
80216,7438
80216,3578
80216,47
80216,593
80216,110
80216,5952
80216,7153
80216,4993
80216,50
80216,5349
12574,3685
12574,1252
12574,909
12574,1952
12574,922
12574,969
12574,1212
12574,911
12574,608
12574,2919
104702,81845
104702,4973
104702,1
104702,64622
104702,6874
104702,1682
104702,44191
104702,5989
104702,74458
104702,5378
40728,3793
40728,4993
40728,2959
40728,1265
40728,593
40728,1196
40728,32587
40728,4896
40728,589
40728,592
128164,924
128164,4973
128164,1214
128164,32
128164,1225
128164,2683
128164,1517
128164,3967
128164,27660
128164,51662
72939,1198
72939,59315
72939,51662
72939,480
72939,1200
72939,34405
72939,3578
72939,5903
72939,44191
72939,27611
113439,1952
113439,1199
113439,1228
113439,4467
113439,3521
113439,541
113439,1276
113439,750
113439,3703
113439,1273
18252,47
18252,58559
18252,2571
18252,48516
18252,55820
18252,1197
18252,4011
18252,608
18252,1208
18252,6016
6679,380
6679,457
6679,318
6679,5989
6679,150
6679,1704
6679,2028
6679,2716
6679,480
6679,1721
62217,3793
62217,296
62217,8874
62217,3052
62217,58559
62217,44195
62217,260
62217,39
62217,5952
62217,7153
6978,41997
6978,31878
6978,44199
6978,33493
6978,32587
6978,37733
6978,46530
6978,30793
6978,45499
6978,45728
24186,58559
24186,4011
24186,47
24186,1240
24186,457
24186,50
24186,1732
24186,293
24186,5445
24186,780
72659,2919
72659,6786
72659,6993
72659,1238
72659,4361
72659,7478
72659,3543
72659,8610
72659,162
72659,2929
129073,4022
129073,1580
129073,2918
129073,1302
129073,349
129073,1947
129073,508
129073,44709
129073,3114
129073,6863
60035,8636
60035,7090
60035,76251
60035,6539
60035,2924
60035,1196
60035,8528
60035,33493
60035,1210
60035,7022
27402,5418
27402,8961
27402,2571
27402,33794
27402,1270
27402,26776
27402,1148
27402,6539
27402,59784
27402,5349
118047,296
118047,2858
118047,4993
118047,858
118047,260
118047,593
118047,2959
118047,356
118047,2712
118047,648
134850,1089
134850,1291
134850,50
134850,1206
134850,1198
134850,1682
134850,3578
134850,318
134850,1214
134850,6539
130014,260
130014,1
130014,1196
130014,1036
130014,4306
130014,1210
130014,457
130014,3448
130014,1240
130014,8961
40100,81834
40100,78499
40100,6377
40100,912
40100,4857
40100,595
40100,79132
40100,1947
40100,2115
40100,6539
69360,541
69360,457
69360,2571
69360,1193
69360,296
69360,318
69360,3578
69360,1240
69360,1036
69360,1136
89352,48516
89352,1580
89352,2959
89352,1265
89352,4226
89352,2762
89352,3578
89352,49272
89352,1291
89352,1036
92407,1193
92407,778
92407,527
92407,1704
92407,2028
92407,3578
92407,4878
92407,1258
92407,30707
92407,3949
95256,7371
95256,308
95256,3083
95256,5995
95256,27803
95256,2324
95256,7937
95256,7361
95256,30803
95256,2692
14458,7153
14458,1197
14458,5418
14458,33794
14458,1270
14458,4014
14458,8970
14458,1136
14458,2115
14458,41566
64269,3198
64269,4327
64269,1198
64269,1270
64269,3147
64269,1193
64269,3507
64269,8207
64269,1291
64269,2947
41323,5418
41323,593
41323,2502
41323,8961
41323,356
41323,912
41323,4878
41323,8784
41323,47
41323,6539
13583,4306
13583,1270
13583,2858
13583,593
13583,47
13583,318
13583,1089
13583,457
13583,1291
13583,858
133376,2959
133376,3897
133376,1285
133376,2997
133376,1197
133376,8464
133376,3481
133376,551
133376,778
133376,2395
79347,923
79347,1247
79347,8042
79347,2729
79347,4914
79347,750
79347,47423
79347,4226
79347,593
79347,951
116436,7444
116436,2081
116436,588
116436,2080
116436,8961
116436,6377
116436,1013
116436,1620
116436,4306
116436,4025
24842,541
24842,55820
24842,2959
24842,7361
24842,29
24842,48780
24842,551
24842,593
24842,608
24842,1921
105068,1291
105068,2918
105068,2502
105068,356
105068,1198
105068,110
105068,1270
105068,2858
105068,2028
105068,924
130477,47
130477,1320
130477,1625
130477,7007
130477,2001
130477,94864
130477,32
130477,1061
130477,165
130477,59315
137689,47
137689,593
137689,2858
137689,318
137689,2959
137689,4226
137689,50
137689,5989
137689,1393
137689,4995
31550,593
31550,2804
31550,45722
31550,73017
31550,59315
31550,41566
31550,1270
31550,1
31550,54503
31550,56757
104763,4011
104763,1206
104763,4878
104763,3949
104763,2542
104763,1732
104763,858
104763,48516
104763,47
104763,55247
101001,60069
101001,4973
101001,593
101001,63082
101001,1089
101001,2502
101001,608
101001,6016
101001,68157
101001,2324
55430,63876
55430,56367
55430,45950
55430,34072
55430,45447
55430,8958
55430,49272
55430,8970
55430,27846
55430,56174
5580,2918
5580,6539
5580,3578
5580,2858
5580,480
5580,150
5580,1961
5580,46578
5580,4963
5580,5349
58696,858
58696,6787
58696,296
58696,4855
58696,318
58696,1959
58696,1193
58696,923
58696,1747
58696,912
67583,1270
67583,1961
67583,858
67583,1198
67583,457
67583,4963
67583,260
67583,6377
67583,592
67583,3996
121329,4993
121329,68358
121329,58559
121329,2028
121329,68954
121329,44191
121329,63082
121329,5952
121329,85414
121329,68157
105610,480
105610,457
105610,593
105610,1307
105610,1
105610,318
105610,2716
105610,1196
105610,1197
105610,1240
39871,3198
39871,3551
39871,6724
39871,1252
39871,969
39871,6787
39871,1387
39871,912
39871,318
39871,910
120812,7361
120812,5952
120812,296
120812,4993
120812,7153
120812,50
120812,2959
120812,33794
120812,99114
120812,48780
97398,69122
97398,70286
97398,69481
97398,76251
97398,46578
97398,55118
97398,51255
97398,54272
97398,56782
97398,80463
66489,1196
66489,527
66489,58559
66489,79132
66489,318
66489,50
66489,6016
66489,4973
66489,356
66489,1201
35227,67087
35227,63082
35227,56587
35227,79091
35227,97923
35227,60069
35227,112852
35227,88810
35227,88140
35227,81564
58784,1198
58784,2959
58784,2918
58784,260
58784,4878
58784,1196
58784,1206
58784,356
58784,318
58784,750
137301,58559
137301,71535
137301,2959
137301,1485
137301,104211
137301,589
137301,59369
137301,733
137301,8957
137301,106489
105161,47610
105161,33493
105161,41285
105161,48738
105161,64614
105161,72998
105161,46976
105161,41569
105161,33679
105161,31410
1969,50
1969,903
1969,1234
1969,4963
1969,6539
1969,3996
1969,1208
1969,380
1969,1527
1969,32
103344,3793
103344,150
103344,110
103344,2762
103344,589
103344,1374
103344,34405
103344,1136
103344,1240
103344,4306
2803,79132
2803,58559
2803,7361
2803,50872
2803,71535
2803,551
2803,1
2803,81834
2803,76093
2803,65261
3925,1136
3925,2858
3925,589
3925,5618
3925,33794
3925,1732
3925,480
3925,1196
3925,344
3925,52281
65076,1198
65076,947
65076,2716
65076,1196
65076,260
65076,904
65076,2935
65076,1269
65076,3421
65076,1197
123351,50
123351,2858
123351,356
123351,30749
123351,1208
123351,5995
123351,608
123351,4226
123351,1221
123351,48516
84542,69122
84542,68157
84542,2959
84542,1721
84542,72011
84542,595
84542,63082
84542,6539
84542,81845
84542,588
21517,1089
21517,1136
21517,5445
21517,3578
21517,6874
21517,6016
21517,1208
21517,54286
21517,7438
21517,1222
29196,1214
29196,1198
29196,1580
29196,3114
29196,4886
29196,5349
29196,2716
29196,541
29196,260
29196,1196
54514,969
54514,2571
54514,318
54514,1198
54514,68358
54514,1291
54514,1225
54514,110
54514,1293
54514,34405
35657,88125
35657,99114
35657,7153
35657,81845
35657,97921
35657,93510
35657,2858
35657,1196
35657,1197
35657,89904
71407,4878
71407,318
71407,608
71407,32
71407,48516
71407,293
71407,4262
71407,99114
71407,57669
71407,4973
119917,4226
119917,4993
119917,5445
119917,1196
119917,260
119917,44191
119917,5690
119917,56174
119917,32587
119917,3147
129379,6016
129379,2329
129379,50
129379,1258
129379,1136
129379,58559
129379,68157
129379,2997
129379,32
129379,1732
58315,2997
58315,356
58315,2959
58315,2858
58315,5218
58315,4226
58315,44555
58315,3160
58315,1732
58315,288
21058,2959
21058,924
21058,1199
21058,593
21058,7361
21058,750
21058,1258
21058,1175
21058,2324
21058,2117
25028,858
25028,2571
25028,318
25028,4306
25028,2762
25028,8961
25028,2858
25028,7153
25028,7361
25028,356
114270,1580
114270,4370
114270,1682
114270,3175
114270,50
114270,59315
114270,5388
114270,27904
114270,3408
114270,2539
127258,68358
127258,5989
127258,2716
127258,88140
127258,3753
127258,110
127258,87232
127258,1036
127258,35836
127258,5110
67850,2762
67850,589
67850,3578
67850,110
67850,2028
67850,1240
67850,150
67850,457
67850,1721
67850,780
116666,32
116666,2997
116666,123
116666,924
116666,4848
116666,4914
116666,5618
116666,296
116666,2858
116666,904
69499,8665
69499,4995
69499,4018
69499,6942
69499,3408
69499,4963
69499,2858
69499,5299
69499,7361
69499,2671
19302,4306
19302,58559
19302,7361
19302,2571
19302,2858
19302,68954
19302,79132
19302,68157
19302,99114
19302,318
62137,7153
62137,5952
62137,79702
62137,4993
62137,4963
62137,71535
62137,595
62137,44191
62137,68157
62137,500
53722,4896
53722,1
53722,5349
53722,1270
53722,364
53722,5445
53722,593
53722,2501
53722,2959
53722,1580
18071,480
18071,356
18071,4226
18071,1527
18071,1073
18071,1198
18071,318
18071,2762
18071,2329
18071,1732
115462,8961
115462,2657
115462,3081
115462,4720
115462,293
115462,1175
115462,1961
115462,2005
115462,2003
115462,3910
42429,96821
42429,33166
42429,6331
42429,44195
42429,44974
42429,2572
42429,62155
42429,48696
42429,1247
42429,912
18516,296
18516,7361
18516,318
18516,356
18516,589
18516,60069
18516,59315
18516,32
18516,2571
18516,3481
16691,588
16691,480
16691,3052
16691,32
16691,653
16691,356
16691,1291
16691,33004
16691,7254
16691,296
105571,51662
105571,45722
105571,34048
105571,5464
105571,3147
105571,2407
105571,1673
105571,4327
105571,3081
105571,3671
119518,593
119518,318
119518,2858
119518,2918
119518,1213
119518,858
119518,1198
119518,2959
119518,4226
119518,2716
30360,1089
30360,924
30360,48394
30360,60069
30360,1240
30360,1274
30360,480
30360,5690
30360,318
30360,7361
130407,5952
130407,7153
130407,4993
130407,33794
130407,4963
130407,3623
130407,780
130407,8961
130407,8983
130407,4270
55715,4993
55715,1197
55715,1225
55715,904
55715,908
55715,1269
55715,4995
55715,7153
55715,3996
55715,953
440,2716
440,780
440,924
440,2916
440,5378
440,33493
440,587
440,597
440,1721
440,6934
916,5952
916,2329
916,7153
916,4993
916,110
916,1136
916,1291
916,293
916,7361
916,608
15776,356
15776,2959
15776,47
15776,84152
15776,81788
15776,84601
15776,3147
15776,4720
15776,593
15776,84392
55333,6874
55333,3578
55333,2762
55333,6016
55333,50
55333,2571
55333,590
55333,7361
55333,4262
55333,1617
83113,527
83113,1197
83113,1198
83113,1136
83113,7153
83113,2571
83113,593
83113,296
83113,48394
83113,48516
100983,1291
100983,480
100983,2018
100983,2085
100983,33493
100983,76093
100983,8961
100983,6539
100983,4886
100983,72998
43911,56367
43911,356
43911,527
43911,2858
43911,33166
43911,1704
43911,4226
43911,593
43911,5995
43911,2959
89812,2762
89812,1197
89812,2571
89812,3996
89812,1411
89812,6539
89812,318
89812,1198
89812,1967
89812,2137
15974,296
15974,7361
15974,1073
15974,2997
15974,750
15974,1206
15974,2174
15974,3253
15974,4226
15974,2502
109185,2329
109185,58559
109185,48394
109185,4105
109185,68157
109185,1258
109185,47
109185,4973
109185,593
109185,8874
96462,1036
96462,2858
96462,296
96462,527
96462,231
96462,111
96462,2028
96462,1208
96462,165
96462,592
94339,4995
94339,56367
94339,34072
94339,8784
94339,4886
94339,4027
94339,4993
94339,5952
94339,30793
94339,5446
122498,1247
122498,1207
122498,1953
122498,5060
122498,923
122498,750
122498,969
122498,1233
122498,1213
122498,1230
46880,39183
46880,40583
46880,49272
46880,41285
46880,8917
46880,37733
46880,38038
46880,8961
46880,33004
46880,34271
78283,6711
78283,33794
78283,8464
78283,1198
78283,8961
78283,8949
78283,5349
78283,5377
78283,5989
78283,608
46179,60069
46179,4306
46179,4886
46179,2571
46179,6377
46179,33794
46179,8368
46179,50872
46179,5349
46179,1278
53217,48516
53217,51935
53217,6539
53217,4995
53217,81562
53217,47099
53217,356
53217,593
53217,46723
53217,48304
87219,7153
87219,527
87219,588
87219,1073
87219,1197
87219,4886
87219,63082
87219,56367
87219,1968
87219,150
90086,7153
90086,53322
90086,318
90086,33794
90086,48516
90086,5952
90086,4993
90086,2571
90086,44199
90086,527
13637,2959
13637,593
13637,1193
13637,296
13637,2329
13637,7938
13637,318
13637,858
13637,6016
13637,7327
115212,7360
115212,32587
115212,4896
115212,6378
115212,4993
115212,648
115212,4310
115212,40815
115212,2716
115212,8360
126574,920
126574,47
126574,6377
126574,32
126574,4995
126574,1214
126574,3418
126574,1210
126574,858
126574,2291
53078,4878
53078,912
53078,50872
53078,3114
53078,6377
53078,4995
53078,1617
53078,78499
53078,293
53078,953
106859,2002
106859,1270
106859,780
106859,480
106859,260
106859,2000
106859,457
106859,150
106859,2605
106859,1580
90463,2858
90463,318
90463,27773
90463,2692
90463,44665
90463,57669
90463,5319
90463,111
90463,4262
90463,858
103499,4226
103499,2959
103499,50
103499,2329
103499,3897
103499,4995
103499,2918
103499,1197
103499,2268
103499,5377
52542,33493
52542,1291
52542,1210
52542,33794
52542,58559
52542,367
52542,4995
52542,1198
52542,648
52542,5218
121658,6539
121658,4306
121658,4886
121658,5349
121658,91500
121658,52722
121658,78499
121658,3793
121658,8360
121658,88125
39666,2571
39666,356
39666,46578
39666,63082
39666,3949
39666,778
39666,68157
39666,81845
39666,60069
39666,5618
106041,4306
106041,2329
106041,48780
106041,7438
106041,45722
106041,2291
106041,4308
106041,45880
106041,5956
106041,33794
40182,59784
40182,50872
40182,46578
40182,81564
40182,5218
40182,81804
40182,1704
40182,55247
40182,7361
40182,67087
135897,50
135897,8784
135897,356
135897,2502
135897,4226
135897,7361
135897,1625
135897,2997
135897,2329
135897,48516
71326,1097
71326,4995
71326,1089
71326,293
71326,2959
71326,5995
71326,55765
71326,49530
71326,1580
71326,4963
101566,4226
101566,2762
101566,4963
101566,296
101566,1036
101566,1527
101566,2858
101566,1580
101566,6365
101566,51255
2865,4226
2865,48516
2865,63082
2865,56367
2865,4973
2865,50912
2865,79132
2865,68954
2865,44191
2865,5989
8085,1196
8085,1261
8085,2762
8085,1193
8085,555
8085,1219
8085,4011
8085,778
8085,3949
8085,1639
49661,296
49661,4306
49661,2571
49661,110
49661,50
49661,2028
49661,2858
49661,4993
49661,58559
49661,2918
76231,4306
76231,6377
76231,356
76231,2671
76231,1639
76231,4014
76231,1784
76231,5218
76231,5299
76231,2858
103495,2571
103495,3578
103495,5952
103495,1198
103495,4993
103495,356
103495,7153
103495,527
103495,1246
103495,480
30010,1240
30010,1291
30010,589
30010,2762
30010,1270
30010,1196
30010,2028
30010,1214
30010,3147
30010,79132
123886,4226
123886,593
123886,2324
123886,296
123886,3949
123886,1258
123886,6711
123886,2762
123886,527
123886,2329
102623,71535
102623,2571
102623,4306
102623,69122
102623,2706
102623,60074
102623,480
102623,70336
102623,1210
102623,318
95349,2028
95349,356
95349,5989
95349,4226
95349,1265
95349,2396
95349,912
95349,1244
95349,25
95349,1270
119017,3527
119017,4848
119017,1202
119017,82459
119017,3168
119017,3362
119017,39381
119017,77800
119017,4754
119017,1220
76118,41569
76118,34405
76118,59315
76118,33794
76118,34332
76118,51698
76118,33679
76118,8644
76118,47124
76118,40851
75421,1210
75421,2762
75421,589
75421,480
75421,1214
75421,1198
75421,296
75421,593
75421,2916
75421,750
14268,480
14268,4963
14268,356
14268,1580
14268,33794
14268,3578
14268,68157
14268,48516
14268,51662
14268,3793
71618,8966
71618,40819
71618,34338
71618,7160
71618,4857
71618,39183
71618,2788
71618,4642
71618,8827
71618,26084
101732,7063
101732,3741
101732,1673
101732,593
101732,2395
101732,912
101732,541
101732,3168
101732,1214
101732,1247
11117,1198
11117,2716
11117,110
11117,954
11117,780
11117,1291
11117,480
11117,1262
11117,1304
11117,1234
96795,778
96795,1196
96795,6539
96795,1201
96795,318
96795,31410
96795,110
96795,1258
96795,3751
96795,7360
86701,56367
86701,7147
86701,2396
86701,63082
86701,5952
86701,4993
86701,69757
86701,902
86701,1196
86701,916
35055,1222
35055,1527
35055,296
35055,32587
35055,541
35055,8370
35055,750
35055,110
35055,316
35055,70286
84151,1283
84151,3735
84151,3362
84151,3733
84151,8207
84151,318
84151,4995
84151,1958
84151,3467
84151,920
50454,76093
50454,48394
50454,318
50454,2959
50454,56367
50454,356
50454,60069
50454,5971
50454,1
50454,78499
116498,36517
116498,3100
116498,1124
116498,39292
116498,3967
116498,2871
116498,3359
116498,45950
116498,2406
116498,39183
6378,1274
6378,2959
6378,1198
6378,8874
6378,31878
6378,1291
6378,5903
6378,2288
6378,7090
6378,480
5932,296
5932,60069
5932,4226
5932,76093
5932,79132
5932,356
5932,74458
5932,2329
5932,44191
5932,50
77196,296
77196,50
77196,58559
77196,2329
77196,4226
77196,74458
77196,81562
77196,77455
77196,55765
77196,2858
70854,47629
70854,68237
70854,51540
70854,54997
70854,37741
70854,48780
70854,72998
70854,56757
70854,50685
70854,38886
86593,17
86593,6539
86593,81845
86593,69757
86593,1197
86593,41566
86593,63082
86593,8533
86593,356
86593,6218
108373,59315
108373,34319
108373,5445
108373,1240
108373,780
108373,1527
108373,5219
108373,6537
108373,44191
108373,34405
68484,4973
68484,306
68484,296
68484,1354
68484,3083
68484,4144
68484,6953
68484,41285
68484,527
68484,308
40693,2858
40693,2324
40693,1131
40693,3897
40693,6331
40693,3996
40693,2997
40693,357
40693,1183
40693,1449
74223,79132
74223,2959
74223,4993
74223,68358
74223,70286
74223,356
74223,5952
74223,1196
74223,260
74223,68954
45841,2762
45841,296
45841,4226
45841,1198
45841,356
45841,608
45841,1682
45841,527
45841,1258
45841,50
20824,5349
20824,8961
20824,4022
20824,597
20824,593
20824,5377
20824,2858
20824,2340
20824,46976
20824,7445
121799,5971
121799,7153
121799,4226
121799,32587
121799,48774
121799,60069
121799,6283
121799,34405
121799,1200
121799,27611
89288,2692
89288,32
89288,1206
89288,47
89288,1193
89288,2019
89288,551
89288,593
89288,50
89288,6711
61673,318
61673,3000
61673,58559
61673,2329
61673,2571
61673,741
61673,1884
61673,1222
61673,48774
61673,1214
72527,5878
72527,7361
72527,2858
72527,4848
72527,1295
72527,6711
72527,3160
72527,296
72527,5617
72527,509
14157,318
14157,356
14157,4306
14157,589
14157,1517
14157,51662
14157,2858
14157,2762
14157,49272
14157,480
128301,1580
128301,4306
128301,112852
128301,6942
128301,5952
128301,7153
128301,318
128301,260
128301,3793
128301,6539
45628,1721
45628,1270
45628,780
45628,2174
45628,6539
45628,318
45628,1080
45628,3081
45628,3147
45628,1320
110907,7361
110907,1089
110907,356
110907,1732
110907,110
110907,4776
110907,593
110907,46578
110907,2918
110907,56367
136716,1248
136716,2019
136716,899
136716,3504
136716,296
136716,2010
136716,162
136716,1260
136716,7013
136716,5618
117232,318
117232,68157
117232,2628
117232,6711
117232,2858
117232,8961
117232,5989
117232,2997
117232,4963
117232,3949
3531,1198
3531,32
3531,593
3531,1196
3531,1080
3531,2858
3531,1136
3531,260
3531,47
3531,589
96482,1198
96482,3081
96482,2571
96482,27773
96482,4720
96482,968
96482,6242
96482,1320
96482,2692
96482,5956
135412,2571
135412,2858
135412,30749
135412,593
135412,4995
135412,5418
135412,73017
135412,33166
135412,3949
135412,54286
10069,4973
10069,8961
10069,32
10069,1198
10069,541
10069,4886
10069,4306
10069,3996
10069,5418
10069,1136
34880,1240
34880,1387
34880,2959
34880,8368
34880,1704
34880,4262
34880,1214
34880,1961
34880,7387
34880,1213
121924,3578
121924,1270
121924,2959
121924,4306
121924,296
121924,318
121924,5445
121924,356
121924,648
121924,8360
51050,2080
51050,45722
51050,3751
51050,364
51050,1032
51050,33615
51050,7045
51050,2291
51050,51255
51050,59784
137851,5147
137851,2959
137851,4226
137851,2858
137851,6666
137851,6016
137851,1230
137851,2571
137851,1206
137851,1732
123882,318
123882,60069
123882,1197
123882,68954
123882,4226
123882,1198
123882,1288
123882,50
123882,2858
123882,5618
23394,296
23394,111
23394,318
23394,32
23394,1270
23394,1089
23394,7387
23394,1220
23394,1258
23394,593
104587,4878
104587,356
104587,318
104587,364
104587,1089
104587,1258
104587,608
104587,2571
104587,480
104587,2174
59675,318
59675,1219
59675,2324
59675,527
59675,296
59675,6377
59675,4226
59675,293
59675,58559
59675,8957
5703,1196
5703,1291
5703,260
5703,593
5703,4306
5703,364
5703,1197
5703,1210
5703,1270
5703,3996
23155,89745
23155,68954
23155,59315
23155,4993
23155,3793
23155,8961
23155,3578
23155,8644
23155,109487
23155,72998
111356,8961
111356,356
111356,4306
111356,3793
111356,1291
111356,110
111356,4886
111356,3578
111356,1580
111356,2762
5517,1196
5517,47
5517,1527
5517,2571
5517,589
5517,5445
5517,2858
5517,260
5517,1748
5517,48774
13815,1089
13815,1136
13815,593
13815,4226
13815,2571
13815,858
13815,541
13815,4878
13815,111
13815,6016
12034,1207
12034,150
12034,918
12034,905
12034,7386
12034,17
12034,2081
12034,1951
12034,356
12034,50872
129637,4226
129637,4886
129637,50
129637,4973
129637,8961
129637,1197
129637,593
129637,2571
129637,1198
129637,2502
97017,110
97017,912
97017,913
97017,1210
97017,1950
97017,4327
97017,1193
97017,2571
97017,7153
97017,1213
93413,8914
93413,60684
93413,34405
93413,480
93413,3793
93413,4553
93413,3959
93413,2985
93413,1129
93413,316
56685,3256
56685,2763
56685,457
56685,377
56685,2991
56685,7004
56685,2028
56685,480
56685,4018
56685,1
26684,33794
26684,32587
26684,3948
26684,35836
26684,5283
26684,33679
26684,45499
26684,6365
26684,2959
26684,44191
117280,33794
117280,6502
117280,4306
117280,3793
117280,8376
117280,48394
117280,45722
117280,4979
117280,1884
117280,4886
40384,1721
40384,318
40384,1961
40384,54286
40384,2002
40384,8665
40384,539
40384,56587
40384,47
40384,3256
129889,1278
129889,1376
129889,2529
129889,919
129889,2946
129889,3927
129889,5060
129889,1073
129889,3996
129889,2947
19382,46976
19382,2291
19382,5349
19382,52458
19382,44191
19382,8641
19382,57368
19382,33794
19382,48394
19382,7254
121606,6711
121606,61323
121606,4979
121606,55830
121606,2502
121606,33880
121606,2731
121606,1073
121606,56715
121606,44761
59629,2571
59629,50
59629,318
59629,2959
59629,55820
59629,2858
59629,2329
59629,593
59629,1221
59629,1208
57484,4306
57484,51662
57484,8360
57484,6373
57484,49278
57484,6377
57484,6539
57484,59315
57484,47610
57484,53996
24562,50
24562,1258
24562,7361
24562,47
24562,111
24562,2329
24562,4878
24562,1968
24562,3949
24562,778
56953,6377
56953,110
56953,48516
56953,1721
56953,1682
56953,6373
56953,367
56953,593
56953,33794
56953,5445
82000,5952
82000,7153
82000,2571
82000,1270
82000,46578
82000,8961
82000,480
82000,5349
82000,608
82000,5989
72679,47610
72679,4306
72679,1198
72679,1196
72679,86882
72679,46976
72679,2502
72679,50
72679,45720
72679,72011
23975,344
23975,47
23975,2571
23975,8957
23975,367
23975,2858
23975,8874
23975,1080
23975,3785
23975,58559
114300,3949
114300,593
114300,208
114300,4022
114300,223
114300,1222
114300,1127
114300,73017
114300,2617
114300,5418
54560,89745
54560,56775
54560,6378
54560,91630
54560,165
54560,3753
54560,1372
54560,4855
54560,1387
54560,1371
120701,589
120701,480
120701,593
120701,1258
120701,3578
120701,47
120701,1214
120701,2329
120701,1270
120701,1200
57995,68358
57995,44191
57995,49272
57995,47610
57995,53125
57995,60074
57995,51255
57995,59369
57995,34319
57995,45722
29877,6711
29877,4226
29877,1089
29877,1193
29877,1394
29877,32
29877,1199
29877,541
29877,4878
29877,2571
91673,7766
91673,2905
91673,3091
91673,7925
91673,1237
91673,31410
91673,1209
91673,5971
91673,26662
91673,56251
36911,1136
36911,1265
36911,1296
36911,1300
36911,1225
36911,28
36911,356
36911,3996
36911,265
36911,1080
49701,1136
49701,2858
49701,1258
49701,2997
49701,551
49701,778
49701,1732
49701,1080
49701,5902
49701,2174
43292,60069
43292,5618
43292,2329
43292,356
43292,79132
43292,68358
43292,34405
43292,44191
43292,66934
43292,48780
75760,5952
75760,7153
75760,4226
75760,3793
75760,4973
75760,2028
75760,457
75760,318
75760,1213
75760,356
10014,356
10014,2997
10014,527
10014,4226
10014,6539
10014,1961
10014,3481
10014,1222
10014,457
10014,858
97972,5902
97972,5673
97972,1206
97972,2599
97972,318
97972,4973
97972,50
97972,2959
97972,39183
97972,4027
2558,32
2558,6377
2558,2959
2558,2997
2558,3949
2558,527
2558,1208
2558,59315
2558,1729
2558,64614
71264,5989
71264,608
71264,1732
71264,1089
71264,457
71264,7502
71264,4239
71264,5010
71264,733
71264,7361
68491,32
68491,1136
68491,2571
68491,1270
68491,541
68491,47
68491,1240
68491,293
68491,296
68491,4973
9163,1923
9163,318
9163,1961
9163,7153
9163,5952
9163,4993
9163,1732
9163,1704
9163,48385
9163,5418
76046,4993
76046,7153
76046,59315
76046,7361
76046,33166
76046,44195
76046,2762
76046,5952
76046,70286
76046,68358
110858,55052
110858,66665
110858,71579
110858,71745
110858,27904
110858,84772
110858,56757
110858,56286
110858,87306
110858,69122
68758,6016
68758,60069
68758,5690
68758,58559
68758,48394
68758,7090
68758,52885
68758,66371
68758,1274
68758,26903
107661,593
107661,1
107661,2858
107661,6539
107661,4886
107661,4995
107661,4973
107661,527
107661,3578
107661,4963
123811,587
123811,2012
123811,150
123811,2997
123811,1653
123811,1208
123811,293
123811,1222
123811,1387
123811,223
88738,27904
88738,102445
88738,71535
88738,103341
88738,85414
88738,56367
88738,62434
88738,1748
88738,32587
88738,1199
77148,59315
77148,4993
77148,5952
77148,7153
77148,8368
77148,4896
77148,68358
77148,1527
77148,5445
77148,3793
109543,4878
109543,60069
109543,6377
109543,3000
109543,4886
109543,6711
109543,58559
109543,593
109543,2762
109543,1265
131162,7438
131162,6874
131162,4995
131162,318
131162,48516
131162,110
131162,2762
131162,1136
131162,593
131162,2329
78352,2762
78352,608
78352,296
78352,1207
78352,2028
78352,904
78352,1962
78352,30749
78352,1674
78352,1197
42485,7153
42485,4993
42485,593
42485,4973
42485,2997
42485,1210
42485,3996
42485,1089
42485,2329
42485,1921
44299,2028
44299,593
44299,5618
44299,47
44299,3996
44299,6539
44299,4720
44299,2288
44299,296
44299,356
83067,70286
83067,33794
83067,5952
83067,4993
83067,1210
83067,110
83067,69481
83067,3578
83067,1291
83067,69122
101194,1250
101194,1252
101194,608
101194,1203
101194,923
101194,1196
101194,6787
101194,6331
101194,1197
101194,4034
19289,33794
19289,33166
19289,50
19289,4226
19289,8665
19289,8784
19289,49530
19289,150
19289,1197
19289,1732
94154,48394
94154,4886
94154,4973
94154,32587
94154,33794
94154,7361
94154,46976
94154,50872
94154,356
94154,5418
45510,1721
45510,2762
45510,32
45510,318
45510,2692
45510,4306
45510,60950
45510,1682
45510,86882
45510,81845
995,4993
995,8961
995,5952
995,33004
995,3793
995,32
995,4446
995,7153
995,7090
995,6539
22269,296
22269,593
22269,1193
22269,1258
22269,2858
22269,1219
22269,1288
22269,1213
22269,1208
22269,1952
110866,7361
110866,296
110866,4973
110866,1206
110866,2959
110866,1089
110866,6711
110866,593
110866,4226
110866,6291
81095,4993
81095,527
81095,858
81095,4973
81095,6711
81095,7153
81095,5952
81095,1208
81095,6016
81095,2762
83448,4973
83448,293
83448,32
83448,2959
83448,57669
83448,55820
83448,58559
83448,27773
83448,2997
83448,48516
102563,4963
102563,53972
102563,51662
102563,33794
102563,50
102563,2028
102563,36529
102563,49278
102563,110
102563,589
11257,5952
11257,2762
11257,2571
11257,1527
11257,337
11257,32587
11257,7153
11257,7361
11257,288
11257,858
52153,47
52153,2959
52153,2858
52153,608
52153,5995
52153,64614
52153,2329
52153,44555
52153,50068
52153,49530
135071,51255
135071,81564
135071,35836
135071,4306
135071,30810
135071,31658
135071,2078
135071,1682
135071,1704
135071,1333
10515,4993
10515,79132
10515,4963
10515,47
10515,6874
10515,2858
10515,1097
10515,586
10515,4995
10515,527
89061,1291
89061,7153
89061,4993
89061,79132
89061,589
89061,59315
89061,5952
89061,2761
89061,44191
89061,2959
42723,1197
42723,260
42723,1270
42723,1196
42723,150
42723,590
42723,2858
42723,1210
42723,1961
42723,1721
36793,33794
36793,480
36793,4306
36793,2571
36793,5349
36793,608
36793,1265
36793,1682
36793,4993
36793,8784
54447,1732
54447,1625
54447,5878
54447,5989
54447,33903
54447,27721
54447,110
54447,1729
54447,44195
54447,8638
106110,8961
106110,2762
106110,589
106110,457
106110,480
106110,110
106110,6377
106110,2028
106110,3578
106110,1036
112141,7153
112141,4896
112141,49272
112141,33794
112141,3578
112141,5010
112141,3256
112141,49530
112141,7143
112141,2058
127735,1610
127735,34405
127735,3671
127735,260
127735,2918
127735,3552
127735,1136
127735,1270
127735,1663
127735,3421
79041,590
79041,457
79041,4993
79041,1961
79041,356
79041,1197
79041,1207
79041,1196
79041,260
79041,3578
26164,953
26164,597
26164,3578
26164,480
26164,590
26164,1580
26164,780
26164,2115
26164,6377
26164,110
130512,260
130512,4886
130512,364
130512,1258
130512,1210
130512,1206
130512,2161
130512,1333
130512,1270
130512,2291
15092,7438
15092,1219
15092,750
15092,541
15092,1572
15092,2997
15092,2010
15092,7327
15092,1252
15092,34437
22239,593
22239,4226
22239,541
22239,8961
22239,608
22239,904
22239,1617
22239,5952
22239,318
22239,32
115115,44199
115115,56174
115115,33679
115115,51935
115115,49530
115115,8972
115115,55820
115115,45499
115115,54736
115115,26464
79512,316
79512,1240
79512,1527
79512,1198
79512,780
79512,2716
79512,1320
79512,296
79512,356
79512,3527
70740,8970
70740,34405
70740,46530
70740,50872
70740,51662
70740,7132
70740,51255
70740,38038
70740,54286
70740,7569
4223,4306
4223,6539
4223,457
4223,356
4223,2502
4223,1270
4223,4963
4223,49272
4223,59315
4223,1136
8852,1982
8852,1970
8852,33834
8852,1270
8852,593
8852,6502
8852,3016
8852,52281
8852,5323
8852,366
68252,296
68252,2858
68252,2329
68252,4973
68252,2542
68252,4239
68252,2706
68252,3948
68252,2571
68252,318
111498,3949
111498,55820
111498,593
111498,7361
111498,2762
111498,1221
111498,5995
111498,55290
111498,64839
111498,5989
89033,32
89033,2959
89033,1136
89033,296
89033,1356
89033,1517
89033,4571
89033,1288
89033,2683
89033,6188
56155,5445
56155,593
56155,150
56155,3578
56155,1961
56155,1721
56155,3793
56155,1580
56155,8961
56155,2858
11559,58559
11559,2571
11559,296
11559,2000
11559,91529
11559,89745
11559,589
11559,1036
11559,2959
11559,85414
108856,608
108856,1207
108856,3735
108856,923
108856,8207
108856,111
108856,64614
108856,3006
108856,3365
108856,48394
68293,2268
68293,1387
68293,300
68293,4886
68293,1682
68293,5902
68293,3176
68293,6502
68293,1653
68293,3481
3054,8961
3054,480
3054,1
3054,4306
3054,4896
3054,3578
3054,58559
3054,367
3054,4963
3054,1198
38199,1580
38199,1197
38199,60069
38199,6377
38199,1198
38199,1136
38199,44191
38199,1
38199,3175
38199,7153
105922,527
105922,7361
105922,1089
105922,47
105922,2959
105922,2291
105922,778
105922,32
105922,32587
105922,4993
44825,293
44825,356
44825,858
44825,2762
44825,5445
44825,527
44825,509
44825,1206
44825,307
44825,3578
40544,33794
40544,922
40544,858
40544,46578
40544,55118
40544,49272
40544,3365
40544,51255
40544,34405
40544,27773
117180,1376
117180,2916
117180,6377
117180,1097
117180,592
117180,2000
117180,1265
117180,2355
117180,1291
117180,5349
59307,4226
59307,527
59307,593
59307,318
59307,1259
59307,2324
59307,2858
59307,3147
59307,63082
59307,31
57020,589
57020,1210
57020,2268
57020,2858
57020,2959
57020,553
57020,1060
57020,1090
57020,1089
57020,223
22140,356
22140,588
22140,595
22140,1097
22140,1994
22140,1387
22140,1196
22140,1210
22140,260
22140,377
34613,2571
34613,1222
34613,32
34613,1732
34613,3362
34613,1221
34613,8950
34613,750
34613,4022
34613,3435
4965,7293
4965,47099
4965,33679
4965,45517
4965,54286
4965,45447
4965,8984
4965,8961
4965,79132
4965,58559
17965,2329
17965,318
17965,480
17965,551
17965,2571
17965,3578
17965,4306
17965,1073
17965,1
17965,47
38877,6377
38877,5952
38877,7153
38877,2762
38877,6365
38877,1527
38877,58559
38877,33794
38877,648
38877,6539
68594,356
68594,1206
68594,750
68594,589
68594,58559
68594,32
68594,6711
68594,2019
68594,47
68594,2997
75974,4226
75974,2997
75974,162
75974,111
75974,2858
75974,4848
75974,1223
75974,27773
75974,750
75974,608
2085,76093
2085,3000
2085,4306
2085,72737
2085,50872
2085,4366
2085,551
2085,260
2085,68358
2085,1282
28398,44191
28398,33493
28398,37733
28398,33834
28398,39446
28398,34162
28398,48774
28398,51255
28398,38061
28398,8957
79836,8874
79836,4128
79836,4105
79836,4533
79836,1214
79836,968
79836,1080
79836,4754
79836,1198
79836,7757
82251,648
82251,8961
82251,1210
82251,1196
82251,260
82251,1704
82251,44191
82251,357
82251,3408
82251,2716
5072,593
5072,1721
5072,586
5072,736
5072,1073
5072,3948
5072,595
5072,1704
5072,1580
5072,7293
3752,589
3752,2762
3752,4993
3752,2959
3752,4306
3752,2918
3752,858
3752,2987
3752,7153
3752,47
128665,539
128665,261
128665,6942
128665,527
128665,1923
128665,1246
128665,1784
128665,337
128665,4995
128665,4308
133968,6365
133968,780
133968,1036
133968,7153
133968,1580
133968,8636
133968,5349
133968,165
133968,318
133968,4993
258,6377
258,780
258,364
258,7143
258,3717
258,33679
258,5218
258,4958
258,480
258,58025
45929,59315
45929,6283
45929,2105
45929,8633
45929,1214
45929,3702
45929,4886
45929,316
45929,1291
45929,4571
133848,4886
133848,1580
133848,5418
133848,54286
133848,56174
133848,6754
133848,8361
133848,780
133848,58025
133848,1196
12322,4963
12322,8644
12322,5418
12322,6333
12322,58559
12322,7438
12322,8360
12322,5349
12322,60069
12322,72998
82981,1
82981,32587
82981,4027
82981,1302
82981,1242
82981,349
82981,3471
82981,1101
82981,60069
82981,592
32640,36517
32640,49530
32640,55820
32640,54286
32640,34072
32640,40819
32640,30707
32640,54997
32640,33166
32640,44199
116594,74458
116594,318
116594,58559
116594,593
116594,72998
116594,91529
116594,48516
116594,69122
116594,32587
116594,6377
42470,951
42470,40815
42470,1226
42470,34162
42470,969
42470,1234
42470,912
42470,4802
42470,54286
42470,8961
45355,4993
45355,2028
45355,1263
45355,16
45355,50
45355,5952
45355,3578
45355,110
45355,1617
45355,2194
48621,8961
48621,1210
48621,3578
48621,4995
48621,6539
48621,1242
48621,4993
48621,5952
48621,5989
48621,2194
111485,8360
111485,110
111485,2671
111485,58559
111485,72998
111485,33679
111485,8636
111485,1088
111485,45722
111485,2497
17255,1198
17255,2028
17255,33794
17255,4963
17255,50
17255,1036
17255,480
17255,7438
17255,589
17255,1240
111619,1210
111619,480
111619,4878
111619,33794
111619,2762
111619,3578
111619,1196
111619,68157
111619,32587
111619,6934
35183,4848
35183,96832
35183,6890
35183,60333
35183,6214
35183,3949
35183,55069
35183,2959
35183,2858
35183,1464
6832,2858
6832,593
6832,1210
6832,1274
6832,356
6832,58559
6832,6874
6832,4226
6832,223
6832,6016
69119,2028
69119,1617
69119,1682
69119,4886
69119,4963
69119,1136
69119,1036
69119,7361
69119,2194
69119,1208
66348,2762
66348,318
66348,1036
66348,3552
66348,3448
66348,457
66348,1259
66348,5989
66348,3421
66348,2797
81858,2502
81858,55820
81858,2028
81858,47
81858,4963
81858,33794
81858,7361
81858,3949
81858,480
81858,32587
4360,1089
4360,750
4360,7153
4360,4226
4360,1221
4360,7361
4360,904
4360,47
4360,527
4360,1136
13099,296
13099,2329
13099,3949
13099,6874
13099,778
13099,4878
13099,32587
13099,6502
13099,1222
13099,1089
93388,7153
93388,2858
93388,32
93388,2959
93388,1210
93388,527
93388,2762
93388,1198
93388,4306
93388,1270
129445,6539
129445,72998
129445,54286
129445,5418
129445,63082
129445,58559
129445,76093
129445,356
129445,838
129445,4306
29096,4886
29096,1028
29096,68954
29096,500
29096,5377
29096,1035
29096,1955
29096,904
29096,4896
29096,72641
10453,4995
10453,1266
10453,1302
10453,4022
10453,3552
10453,1246
10453,593
10453,349
10453,2018
10453,4321
63653,260
63653,6539
63653,2571
63653,49272
63653,3996
63653,1527
63653,1291
63653,4306
63653,1036
63653,110
44564,4878
44564,47
44564,2858
44564,56367
44564,3578
44564,356
44564,318
44564,46578
44564,778
44564,48394
131177,6377
131177,4896
131177,588
131177,296
131177,1073
131177,4226
131177,2762
131177,2804
131177,527
131177,720
15188,48780
15188,6539
15188,4011
15188,2716
15188,48394
15188,76251
15188,5445
15188,32587
15188,68358
15188,1
138005,58
138005,1097
138005,1079
138005,1246
138005,1961
138005,1271
138005,1225
138005,1962
138005,17
138005,1643
70940,89745
70940,104841
70940,81847
70940,103772
70940,110102
70940,90249
70940,33679
70940,100163
70940,103253
70940,52722
100624,2762
100624,47
100624,4306
100624,2959
100624,4993
100624,293
100624,56339
100624,4720
100624,356
100624,48394
33860,8961
33860,4306
33860,1028
33860,1198
33860,2087
33860,1907
33860,2081
33860,68358
33860,1291
33860,2080
55624,1569
55624,7361
55624,3481
55624,4022
55624,5349
55624,318
55624,527
55624,4226
55624,3578
55624,648
19555,932
19555,2398
19555,2028
19555,31116
19555,7303
19555,356
19555,110
19555,33660
19555,915
19555,916
37732,1210
37732,260
37732,1196
37732,49272
37732,53125
37732,914
37732,1291
37732,6333
37732,58559
37732,2115
79791,356
79791,1213
79791,593
79791,318
79791,2858
79791,2997
79791,27773
79791,55820
79791,1884
79791,541
96608,33166
96608,45950
96608,44195
96608,31410
96608,8949
96608,34542
96608,56367
96608,56782
96608,30707
96608,51540
91329,7361
91329,4226
91329,33166
91329,1258
91329,1968
91329,150
91329,40819
91329,2918
91329,36
91329,3114
10863,41566
10863,4973
10863,40815
10863,49272
10863,8368
10863,88125
10863,63082
10863,45722
10863,96079
10863,56367
53931,2329
53931,2959
53931,1222
53931,3578
53931,47
53931,2028
53931,593
53931,2858
53931,6947
53931,4226
52331,912
52331,2571
52331,750
52331,1197
52331,260
52331,1225
52331,318
52331,1204
52331,969
52331,27611
105124,4973
105124,2762
105124,1258
105124,8636
105124,7147
105124,6333
105124,904
105124,919
105124,32587
105124,5349
82115,296
82115,2571
82115,4886
82115,68954
82115,4226
82115,63082
82115,79132
82115,48516
82115,47
82115,4995
77489,541
77489,58559
77489,79132
77489,99114
77489,6016
77489,1704
77489,5995
77489,48394
77489,109374
77489,32587
121169,50
121169,1089
121169,541
121169,68237
121169,260
121169,858
121169,356
121169,1682
121169,1196
121169,7153
4594,8368
4594,2023
4594,3081
4594,3481
4594,3147
4594,253
4594,1407
4594,5995
4594,587
4594,1320
49912,46578
49912,48516
49912,778
49912,356
49912,4993
49912,1136
49912,1196
49912,1682
49912,44191
49912,5952
8443,4886
8443,1270
8443,344
8443,595
8443,1265
8443,7444
8443,6942
8443,4993
8443,64969
8443,3450
36128,44191
36128,34319
36128,7254
36128,33004
36128,6365
36128,47610
36128,51662
36128,91529
36128,1921
36128,53125
11097,2329
11097,4878
11097,2959
11097,70286
11097,50872
11097,3949
11097,4979
11097,1921
11097,36529
11097,6377
38925,592
38925,2858
38925,7153
38925,2997
38925,8874
38925,47
38925,1732
38925,4306
38925,1089
38925,110
53435,4993
53435,79132
53435,47
53435,318
53435,908
53435,589
53435,1291
53435,5952
53435,7153
53435,293
21289,5952
21289,7153
21289,2324
21289,2858
21289,293
21289,2019
21289,7361
21289,8370
21289,6618
21289,2924
129162,1580
129162,110
129162,5349
129162,1
129162,1291
129162,648
129162,912
129162,8636
129162,1704
129162,1029
8047,7153
8047,2571
8047,2858
8047,1196
8047,1265
8047,6377
8047,593
8047,1198
8047,318
8047,4886
90303,1214
90303,1210
90303,1148
90303,2571
90303,1196
90303,908
90303,589
90303,3175
90303,1527
90303,1199
134751,7361
134751,2571
134751,2918
134751,2858
134751,6942
134751,912
134751,356
134751,1136
134751,79132
134751,1704
58680,78499
58680,76093
58680,87232
58680,91500
58680,68358
58680,79132
58680,77561
58680,96079
58680,91630
58680,5418
23028,318
23028,4993
23028,50
23028,293
23028,99114
23028,5952
23028,4011
23028,1200
23028,58559
23028,47
1387,356
1387,2762
1387,318
1387,1
1387,5989
1387,5418
1387,7147
1387,593
1387,527
1387,5445
8144,6377
8144,5445
8144,3556
8144,1653
8144,4034
8144,4720
8144,8949
8144,1584
8144,1265
8144,6016
77890,1291
77890,3578
77890,2571
77890,47
77890,3147
77890,4995
77890,2396
77890,1704
77890,1136
77890,1721
92892,318
92892,2762
92892,1036
92892,1527
92892,8644
92892,1291
92892,500
92892,1625
92892,47
92892,26614
75245,63082
75245,588
75245,2918
75245,78499
75245,4306
75245,79132
75245,56367
75245,595
75245,318
75245,919
38233,4928
38233,7116
38233,8477
38233,903
38233,3075
38233,4422
38233,1237
38233,5147
38233,3676
38233,923
42688,46578
42688,40819
42688,8949
42688,81845
42688,33166
42688,8958
42688,6377
42688,4025
42688,6942
42688,8337
112224,356
112224,47
112224,7153
112224,778
112224,1089
112224,68157
112224,1219
112224,1203
112224,541
112224,50
90665,2762
90665,58559
90665,1198
90665,2028
90665,780
90665,48516
90665,1196
90665,608
90665,4226
90665,68157
78568,6365
78568,1270
78568,6874
78568,6377
78568,8961
78568,2028
78568,1136
78568,7438
78568,110
78568,44191
37062,593
37062,2762
37062,318
37062,1265
37062,1197
37062,2959
37062,1682
37062,7361
37062,2571
37062,1968
73266,1517
73266,2762
73266,2959
73266,2571
73266,500
73266,4963
73266,45722
73266,104
73266,1220
73266,5349
98225,2571
98225,296
98225,7361
98225,58559
98225,56174
98225,3949
98225,53000
98225,48774
98225,55247
98225,4226
38278,4011
38278,165
38278,48516
38278,6188
38278,4993
38278,6539
38278,2502
38278,3717
38278,6365
38278,69
113334,4226
113334,296
113334,4306
113334,356
113334,2959
113334,1036
113334,8961
113334,733
113334,457
113334,1704
109888,32587
109888,45499
109888,51662
109888,59315
109888,70286
109888,48394
109888,56174
109888,60684
109888,72998
109888,4370
25041,296
25041,2571
25041,2959
25041,466
25041,1653
25041,551
25041,3052
25041,337
25041,653
25041,784
17996,1203
17996,608
17996,1248
17996,1281
17996,750
17996,1199
17996,910
17996,1288
17996,2313
17996,1212
84086,3717
84086,1210
84086,7143
84086,5459
84086,1275
84086,7153
84086,34405
84086,293
84086,5952
84086,5445
99525,68157
99525,79132
99525,80463
99525,1954
99525,2716
99525,48385
99525,89492
99525,3421
99525,35836
99525,2502
5171,48516
5171,2028
5171,356
5171,110
5171,3578
5171,8665
5171,54286
5171,49530
5171,33660
5171,6539
64843,8961
64843,82169
64843,66097
64843,98809
64843,87306
64843,102445
64843,45499
64843,55999
64843,48414
64843,103141
104063,6539
104063,2528
104063,2617
104063,1282
104063,916
104063,953
104063,2105
104063,2529
104063,951
104063,8228
24043,48780
24043,4226
24043,356
24043,2858
24043,296
24043,527
24043,58559
24043,4011
24043,50872
24043,4963
48152,608
48152,858
48152,2858
48152,1089
48152,112556
48152,68157
48152,1213
48152,1193
48152,7361
48152,55820
119561,733
119561,3256
119561,780
119561,648
119561,3635
119561,377
119561,3654
119561,1608
119561,110
119561,6539
28044,1213
28044,47
28044,31364
28044,500
28044,8665
28044,2692
28044,3897
28044,36529
28044,8981
28044,4239
135343,2762
135343,3753
135343,2529
135343,150
135343,7318
135343,1580
135343,1674
135343,923
135343,3471
135343,364
74185,34162
74185,5991
74185,6539
74185,8528
74185,30793
74185,6377
74185,1485
74185,6155
74185,31685
74185,4246
50253,49272
50253,1089
50253,4993
50253,1206
50253,51255
50253,8874
50253,32587
50253,4011
50253,2502
50253,48385
11424,1196
11424,899
11424,2137
11424,1220
11424,1234
11424,2797
11424,3175
11424,2394
11424,2096
11424,4995
98511,1136
98511,1198
98511,1219
98511,904
98511,1197
98511,1148
98511,7361
98511,318
98511,1278
98511,5952
108575,1219
108575,1214
108575,1200
108575,1212
108575,1260
108575,25771
108575,903
108575,1208
108575,7013
108575,922
29049,1302
29049,2918
29049,5349
29049,1580
29049,8636
29049,2683
29049,6863
29049,1278
29049,5989
29049,110
18936,1210
18936,593
18936,2019
18936,3996
18936,32
18936,1198
18936,6016
18936,30749
18936,47
18936,741
52594,47
52594,3578
52594,4995
52594,110
52594,2329
52594,50
52594,92259
52594,1193
52594,1213
52594,5995
44995,2991
44995,3984
44995,1275
44995,353
44995,2000
44995,1080
44995,6539
44995,2716
44995,2985
44995,1220
23301,2502
23301,1270
23301,33794
23301,6874
23301,1222
23301,7361
23301,1682
23301,4027
23301,6711
23301,7438
1272,1262
1272,110
1272,76093
1272,1213
1272,8961
1272,3508
1272,589
1272,1240
1272,356
1272,1222
94914,2571
94914,4979
94914,2858
94914,7361
94914,778
94914,1682
94914,3481
94914,2997
94914,5902
94914,4848
128426,51255
128426,1080
128426,2858
128426,48780
128426,6539
128426,44191
128426,5903
128426,8644
128426,2706
128426,6373
2487,364
2487,318
2487,2571
2487,8665
2487,54286
2487,4995
2487,500
2487,1968
2487,2762
2487,6377
73062,79132
73062,6539
73062,2571
73062,745
73062,356
73062,1198
73062,58559
73062,81847
73062,1197
73062,78499
82442,1214
82442,318
82442,296
82442,1213
82442,593
82442,541
82442,1089
82442,1276
82442,50
82442,111
58641,733
58641,4226
58641,7147
58641,34319
58641,780
58641,1080
58641,4878
58641,33493
58641,2628
58641,2692
7572,51255
7572,1221
7572,1222
7572,7361
7572,4011
7572,5989
7572,1208
7572,541
7572,5445
7572,3949
6171,76251
6171,527
6171,3578
6171,1208
6171,49272
6171,4226
6171,48780
6171,1090
6171,4011
6171,3527
15483,858
15483,1270
15483,593
15483,1198
15483,2858
15483,2571
15483,527
15483,6377
15483,780
15483,2028
47304,150
47304,2762
47304,733
47304,4993
47304,318
47304,2959
47304,1270
47304,380
47304,3639
47304,32
118806,4886
118806,3654
118806,2099
118806,904
118806,1032
118806,1242
118806,98243
118806,1272
118806,1955
118806,34
105757,1240
105757,6539
105757,1196
105757,356
105757,2470
105757,1101
105757,589
105757,1265
105757,2797
105757,1246
1374,593
1374,1732
1374,50
1374,48516
1374,1193
1374,1222
1374,44195
1374,223
1374,1221
1374,3578
125909,48516
125909,47
125909,2959
125909,50
125909,4226
125909,54286
125909,2858
125909,56782
125909,3578
125909,7361
47775,110
47775,356
47775,1997
47775,1036
47775,3147
47775,1291
47775,1210
47775,2542
47775,1961
47775,3578
52786,318
52786,2571
52786,527
52786,541
52786,858
52786,31410
52786,1222
52786,1221
52786,1214
52786,80906
22221,68157
22221,71535
22221,56367
22221,51255
22221,8874
22221,4979
22221,68954
22221,8641
22221,296
22221,76251
9976,59369
9976,99114
9976,2959
9976,72998
9976,6377
9976,4226
9976,296
9976,356
9976,69481
9976,59784
58225,8961
58225,5418
58225,5989
58225,54286
58225,55820
58225,7361
58225,3897
58225,8665
58225,48385
58225,2987
84682,111362
84682,1036
84682,5349
84682,480
84682,5971
84682,318
84682,2028
84682,7143
84682,88744
84682,1682
137870,1214
137870,1210
137870,1517
137870,3052
137870,7438
137870,2115
137870,6874
137870,32587
137870,1639
137870,53972
39507,31658
39507,1200
39507,4754
39507,3000
39507,1219
39507,926
39507,541
39507,7001
39507,27773
39507,750
118209,4886
118209,44191
118209,48516
118209,2571
118209,6377
118209,3578
118209,46578
118209,593
118209,364
118209,2706
131616,2959
131616,51662
131616,318
131616,2571
131616,593
131616,1221
131616,59315
131616,1198
131616,296
131616,50
86794,2571
86794,1089
86794,6188
86794,5110
86794,4878
86794,2858
86794,2502
86794,223
86794,50
86794,2706
42003,1193
42003,2858
42003,5952
42003,1080
42003,778
42003,1682
42003,4995
42003,5618
42003,81845
42003,6874
122572,1207
122572,904
122572,1307
122572,1246
122572,508
122572,1962
122572,593
122572,2762
122572,919
122572,2599
17231,4963
17231,260
17231,296
17231,2959
17231,7153
17231,47
17231,4011
17231,1196
17231,50
17231,5418
66190,60684
66190,72998
66190,2571
66190,68358
66190,53996
66190,66171
66190,45081
66190,55282
66190,34150
66190,59369
33841,1219
33841,3578
33841,1617
33841,2502
33841,296
33841,2115
33841,2194
33841,4085
33841,733
33841,34162
13778,2329
13778,1208
13778,750
13778,1089
13778,1258
13778,4878
13778,47
13778,2871
13778,6016
13778,541
134430,44191
134430,49272
134430,33794
134430,2571
134430,48774
134430,2502
134430,72998
134430,50
134430,4878
134430,1270
104060,1580
104060,260
104060,457
104060,1196
104060,1198
104060,380
104060,2571
104060,1240
104060,1036
104060,1527
32748,79132
32748,2571
32748,57669
32748,1
32748,51255
32748,593
32748,3751
32748,4886
32748,2329
32748,48780
28184,89745
28184,84152
28184,4226
28184,296
28184,73017
28184,1036
28184,91542
28184,32
28184,5349
28184,68157
17133,1197
17133,1136
17133,2571
17133,858
17133,54503
17133,50872
17133,3421
17133,541
17133,68358
17133,48394
79340,4995
79340,4993
79340,4963
79340,5418
79340,8970
79340,6377
79340,5989
79340,33794
79340,4306
79340,8529
43208,1258
43208,593
43208,5349
43208,2288
43208,1387
43208,32587
43208,4105
43208,2502
43208,4226
43208,54503
116282,780
116282,4995
116282,296
116282,2959
116282,318
116282,480
116282,1197
116282,33166
116282,1704
116282,4262
77816,4993
77816,1097
77816,3253
77816,7153
77816,5952
77816,2011
77816,1345
77816,4226
77816,1641
77816,5989
15554,8961
15554,50872
15554,2324
15554,2959
15554,7153
15554,6942
15554,1682
15554,5989
15554,2571
15554,919
57727,44191
57727,54259
57727,49530
57727,85414
57727,48738
57727,1265
57727,49272
57727,73017
57727,778
57727,81788
16122,5903
16122,44191
16122,1527
16122,32587
16122,1206
16122,318
16122,48516
16122,5952
16122,7153
16122,4993
47475,1213
47475,527
47475,4226
47475,318
47475,296
47475,1193
47475,923
47475,1276
47475,5971
47475,1221
70166,7153
70166,4993
70166,2959
70166,76093
70166,6377
70166,58559
70166,66097
70166,5218
70166,356
70166,63082
45378,1036
45378,1221
45378,903
45378,1291
45378,527
45378,356
45378,1212
45378,1196
45378,2028
45378,1270
49381,44191
49381,7361
49381,54001
49381,33794
49381,46578
49381,527
49381,2959
49381,44555
49381,30749
49381,48516
2242,1704
2242,1500
2242,4014
2242,318
2242,1079
2242,380
2242,1101
2242,3072
2242,480
2242,3317
98736,4226
98736,46578
98736,2908
98736,1213
98736,1732
98736,48516
98736,1704
98736,32
98736,2797
98736,2318
26423,364
26423,71535
26423,1917
26423,1682
26423,7438
26423,2791
26423,51662
26423,8961
26423,5989
26423,47
108544,608
108544,593
108544,1222
108544,2959
108544,48780
108544,8874
108544,260
108544,5418
108544,1210
108544,59315
62953,3105
62953,1962
62953,1957
62953,72641
62953,81845
62953,1955
62953,1299
62953,1721
62953,150
62953,508
125846,33794
125846,58559
125846,5816
125846,3793
125846,480
125846,592
125846,2762
125846,45720
125846,2572
125846,296
122906,2762
122906,44191
122906,4306
122906,2329
122906,4973
122906,318
122906,6874
122906,5903
122906,7254
122906,76093
11517,91529
11517,50
11517,7090
11517,2115
11517,7153
11517,741
11517,2278
11517,6664
11517,31878
11517,2019
6282,527
6282,4226
6282,1136
6282,1148
6282,1288
6282,908
6282,1225
6282,608
6282,296
6282,457
97826,8533
97826,49910
97826,56941
97826,32598
97826,53996
97826,58490
97826,87306
97826,31433
97826,98809
97826,71579
31468,527
31468,4448
31468,2329
31468,111
31468,593
31468,778
31468,4901
31468,4973
31468,293
31468,5952
31012,7361
31012,1210
31012,527
31012,296
31012,2858
31012,49272
31012,4226
31012,2762
31012,8961
31012,858
122412,832
122412,158
122412,3753
122412,168
122412,3147
122412,356
122412,1552
122412,318
122412,1586
122412,163
113871,2959
113871,1198
113871,318
113871,2762
113871,70286
113871,7361
113871,1527
113871,2916
113871,1
113871,6502
35489,4973
35489,4995
35489,318
35489,70599
35489,56941
35489,104374
35489,4992
35489,2959
35489,96821
35489,5066
8059,2502
8059,3578
8059,8636
8059,2571
8059,1
8059,1136
8059,1517
8059,231
8059,2683
8059,150
122151,1527
122151,6874
122151,527
122151,608
122151,4878
122151,5225
122151,4963
122151,1197
122151,3578
122151,2028
51935,3793
51935,2762
51935,1610
51935,6377
51935,50
51935,4963
51935,2396
51935,480
51935,8360
51935,745
103515,3793
103515,1580
103515,750
103515,4226
103515,6333
103515,356
103515,1203
103515,61132
103515,1732
103515,48385
69644,2959
69644,58559
69644,2571
69644,72998
69644,356
69644,56174
69644,68358
69644,60040
69644,51662
69644,68554
5797,8961
5797,60069
5797,69122
5797,33794
5797,5349
5797,6377
5797,78499
5797,4306
5797,63859
5797,49530
43086,5418
43086,2329
43086,733
43086,4776
43086,7445
43086,47
43086,1089
43086,4262
43086,318
43086,104
18007,30793
18007,38038
18007,39292
18007,8961
18007,31878
18007,3000
18007,34405
18007,40815
18007,34338
18007,34072
115251,912
115251,904
115251,1206
115251,924
115251,1136
115251,903
115251,296
115251,1244
115251,1258
115251,2019
9819,858
9819,1219
9819,1198
9819,2692
9819,7387
9819,903
9819,1089
9819,47
9819,3362
9819,318
1503,68157
1503,4011
1503,2571
1503,4226
1503,8961
1503,293
1503,6016
1503,48516
1503,32
1503,593
80099,37741
80099,40819
80099,34072
80099,47610
80099,30707
80099,42018
80099,48738
80099,42004
80099,51884
80099,39292
7837,3793
7837,318
7837,5445
7837,3147
7837,110
7837,593
7837,8665
7837,480
7837,2353
7837,4963
127334,33794
127334,593
127334,47
127334,2916
127334,2716
127334,208
127334,26776
127334,6350
127334,1206
127334,4226
21730,969
21730,914
21730,2028
21730,1961
21730,912
21730,858
21730,1028
21730,1962
21730,1193
21730,903
119369,1210
119369,50
119369,6016
119369,2858
119369,608
119369,1997
119369,541
119369,3578
119369,6711
119369,1721
119079,46578
119079,2571
119079,296
119079,4878
119079,58559
119079,48780
119079,2858
119079,69757
119079,5971
119079,48516
8920,2571
8920,318
8920,50
8920,46578
8920,48516
8920,47
8920,44555
8920,2997
8920,1260
8920,1203
43481,2571
43481,2762
43481,318
43481,1197
43481,79132
43481,48394
43481,1136
43481,356
43481,5952
43481,1089
112953,3578
112953,527
112953,47
112953,8961
112953,2762
112953,3793
112953,1
112953,260
112953,1196
112953,1193
114901,318
114901,500
114901,63082
114901,6377
114901,8368
114901,79132
114901,58559
114901,3897
114901,50872
114901,60069
15203,1060
15203,2918
15203,2762
15203,3360
15203,1617
15203,2194
15203,3104
15203,2268
15203,2420
15203,44199
122143,2329
122143,3147
122143,1262
122143,4226
122143,5464
122143,1997
122143,16
122143,1206
122143,4262
122143,1288
76460,589
76460,110
76460,527
76460,2959
76460,2028
76460,1270
76460,1193
76460,648
76460,592
76460,1201
114260,76093
114260,70286
114260,60069
114260,1
114260,68358
114260,1198
114260,1291
114260,8874
114260,112852
114260,2716
27121,110
27121,356
27121,1
27121,60069
27121,1676
27121,5903
27121,8961
27121,4963
27121,68157
27121,6377
52366,1198
52366,1089
52366,1968
52366,2700
52366,1682
52366,1214
52366,1210
52366,541
52366,6502
52366,48774
8036,55820
8036,750
8036,7153
8036,33794
8036,8874
8036,27611
8036,77658
8036,5690
8036,5971
8036,778
120748,356
120748,55908
120748,68237
120748,1653
120748,109487
120748,5618
120748,58559
120748,293
120748,69757
120748,70286
106637,1252
106637,904
106637,8961
106637,1198
106637,4226
106637,1258
106637,1262
106637,4878
106637,1203
106637,912
95053,1213
95053,1258
95053,318
95053,1193
95053,1136
95053,541
95053,924
95053,1732
95053,4993
95053,589
88260,1732
88260,33794
88260,68157
88260,4878
88260,527
88260,593
88260,59315
88260,51662
88260,1961
88260,3793
113958,899
113958,4306
113958,595
113958,1278
113958,2657
113958,2081
113958,1022
113958,6539
113958,1207
113958,8961
17183,5218
17183,5480
17183,586
17183,45208
17183,3157
17183,30793
17183,1367
17183,1
17183,2355
17183,3977
23937,2571
23937,1097
23937,2858
23937,1291
23937,3578
23937,3147
23937,1393
23937,50
23937,1610
23937,2115
30931,260
30931,44191
30931,6539
30931,5418
30931,47
30931,296
30931,79132
30931,3275
30931,44665
30931,4226
17986,1704
17986,1073
17986,1721
17986,69122
17986,8961
17986,80463
17986,72641
17986,30749
17986,72998
17986,2762
31936,593
31936,1196
31936,1148
31936,5952
31936,318
31936,541
31936,3471
31936,7153
31936,1197
31936,1291
112343,1197
112343,541
112343,593
112343,2959
112343,260
112343,1198
112343,904
112343,913
112343,1196
112343,1214
51503,1028
51503,1012
51503,6785
51503,7303
51503,920
51503,2398
51503,7614
51503,3296
51503,2078
51503,899
82260,2762
82260,5418
82260,2329
82260,296
82260,6016
82260,72998
82260,593
82260,4306
82260,4995
82260,33794
101261,5816
101261,40815
101261,5418
101261,2918
101261,4886
101261,588
101261,364
101261,356
101261,33493
101261,45722
20055,2329
20055,3000
20055,296
20055,1580
20055,1240
20055,527
20055,1265
20055,1584
20055,6874
20055,1136
6485,5902
6485,46723
6485,55052
6485,55765
6485,3897
6485,150
6485,6953
6485,4973
6485,1208
6485,6016
68060,6378
68060,51662
68060,3624
68060,3578
68060,51255
68060,5110
68060,69122
68060,780
68060,6365
68060,480
72629,48780
72629,4306
72629,3578
72629,79132
72629,318
72629,72998
72629,8636
72629,74458
72629,110
72629,4886
119649,1296
119649,527
119649,593
119649,2858
119649,4973
119649,44555
119649,5013
119649,3077
119649,5816
119649,608
9495,8961
9495,356
9495,318
9495,551
9495,6539
9495,4306
9495,7361
9495,1089
9495,48385
9495,59315
134165,7361
134165,1285
134165,5902
134165,1199
134165,48516
134165,2395
134165,2076
134165,2959
134165,2890
134165,1288
80172,2858
80172,2959
80172,5952
80172,4993
80172,7153
80172,5218
80172,2291
80172,27815
80172,1721
80172,63082
93840,318
93840,4993
93840,2918
93840,1
93840,7361
93840,356
93840,1197
93840,8636
93840,1291
93840,33794
126274,318
126274,296
126274,480
126274,593
126274,54503
126274,7153
126274,5952
126274,2706
126274,1270
126274,2028
10624,1704
10624,527
10624,593
10624,1307
10624,597
10624,590
10624,1092
10624,236
10624,1101
10624,2336
62078,4014
62078,1441
62078,3186
62078,6218
62078,1968
62078,3418
62078,356
62078,2144
62078,2114
62078,8970
21505,1197
21505,2791
21505,2502
21505,1
21505,7361
21505,1073
21505,4973
21505,1207
21505,1136
21505,35836
24330,7153
24330,58559
24330,4993
24330,48394
24330,4027
24330,356
24330,2997
24330,2762
24330,1206
24330,33794
126379,1270
126379,4226
126379,7147
126379,47
126379,318
126379,2858
126379,46578
126379,3949
126379,2997
126379,1198
36270,1028
36270,1246
36270,357
36270,318
36270,3996
36270,1674
36270,1569
36270,5377
36270,3448
36270,4995
61152,1221
61152,48516
61152,50
61152,908
61152,2858
61152,4973
61152,1252
61152,2329
61152,47
61152,2571
92528,6377
92528,3793
92528,1270
92528,5445
92528,4011
92528,6711
92528,1610
92528,527
92528,4027
92528,1240
75525,5989
75525,30749
75525,4993
75525,4995
75525,48780
75525,33794
75525,8961
75525,3916
75525,46976
75525,4963
130096,3578
130096,2959
130096,1198
130096,858
130096,541
130096,480
130096,1221
130096,91529
130096,904
130096,4226
36823,500
36823,6942
36823,69757
36823,2762
36823,4886
36823,318
36823,586
36823,2424
36823,56949
36823,1270
24310,42632
24310,5909
24310,33896
24310,541
24310,608
24310,858
24310,1252
24310,1219
24310,4334
24310,65261
113832,1270
113832,858
113832,318
113832,2858
113832,509
113832,25
113832,288
113832,1193
113832,1198
113832,150
34579,919
34579,1907
34579,4306
34579,1265
34579,4016
34579,1207
34579,2791
34579,1025
34579,2355
34579,8961
121939,480
121939,1198
121939,4226
121939,5349
121939,2762
121939,589
121939,4886
121939,2028
121939,150
121939,1197
133049,1961
133049,6539
133049,2028
133049,500
133049,2571
133049,7254
133049,1704
133049,4022
133049,1097
133049,4963
55575,1200
55575,2762
55575,47
55575,1215
55575,4878
55575,1690
55575,5952
55575,8169
55575,55282
55575,3081
37535,2858
37535,296
37535,1198
37535,4226
37535,1136
37535,2959
37535,2762
37535,2692
37535,527
37535,5618
113651,4995
113651,7153
113651,318
113651,6016
113651,5952
113651,8360
113651,8368
113651,6539
113651,1704
113651,1961
77098,1
77098,2571
77098,2959
77098,78499
77098,68157
77098,63082
77098,2858
77098,50872
77098,1246
77098,858
111435,919
111435,4306
111435,4886
111435,1032
111435,5952
111435,4993
111435,1029
111435,588
111435,2137
111435,595
128095,1258
128095,71535
128095,32587
128095,48780
128095,1617
128095,1673
128095,69481
128095,923
128095,81845
128095,2488
83191,60069
83191,65261
83191,81847
83191,57504
83191,5971
83191,1
83191,6377
83191,4886
83191,2139
83191,66934
55093,3578
55093,1270
55093,2762
55093,1196
55093,260
55093,58559
55093,6539
55093,33794
55093,2918
55093,457
112975,47
112975,68157
112975,2571
112975,6874
112975,4027
112975,32
112975,1682
112975,7147
112975,56367
112975,8784
46151,858
46151,1206
46151,1197
46151,1089
46151,1193
46151,1
46151,1291
46151,2858
46151,919
46151,2716
124742,480
124742,48516
124742,79132
124742,1704
124742,4306
124742,1961
124742,589
124742,1200
124742,55820
124742,150
134773,40583
134773,91500
134773,64614
134773,91542
134773,48774
134773,69122
134773,60072
134773,82461
134773,60684
134773,90866
112742,32
112742,48780
112742,318
112742,55290
112742,68157
112742,1732
112742,8798
112742,555
112742,4878
112742,64614
90208,3527
90208,3578
90208,4973
90208,8360
90208,648
90208,1645
90208,3081
90208,527
90208,1270
90208,208
19940,5952
19940,33794
19940,4993
19940,32
19940,6539
19940,6377
19940,45722
19940,6934
19940,1136
19940,1210
50641,6874
50641,2858
50641,50
50641,3578
50641,2571
50641,858
50641,32
50641,2329
50641,4963
50641,1222
27119,1527
27119,32
27119,48394
27119,4878
27119,588
27119,293
27119,1573
27119,1777
27119,6539
27119,648
52043,858
52043,593
52043,7361
52043,1732
52043,79132
52043,68157
52043,2997
52043,64839
52043,2502
52043,1221
96409,4886
96409,6539
96409,110
96409,4226
96409,858
96409,2858
96409,2959
96409,49272
96409,527
96409,457
121870,2206
121870,25841
121870,8838
121870,7979
121870,6787
121870,2352
121870,2130
121870,2183
121870,1183
121870,1103
65553,3408
65553,1307
65553,1569
65553,4963
65553,356
65553,4069
65553,4025
65553,5377
65553,31685
65553,1961
41576,2687
41576,56941
41576,5943
41576,1569
41576,5444
41576,32031
41576,8533
41576,6539
41576,597
41576,46972
28383,1682
28383,593
28383,7361
28383,2329
28383,4878
28383,778
28383,47
28383,2700
28383,1270
28383,3949
8939,1580
8939,1089
8939,1036
8939,7153
8939,5952
8939,318
8939,593
8939,1653
8939,6711
8939,527
113434,527
113434,2858
113434,1208
113434,6711
113434,4103
113434,1299
113434,1961
113434,318
113434,593
113434,6867
75379,260
75379,1196
75379,1198
75379,1291
75379,2571
75379,1197
75379,318
75379,1704
75379,2467
75379,6942
30378,7153
30378,6377
30378,58559
30378,3578
30378,4963
30378,5349
30378,88140
30378,4993
30378,68358
30378,77561
10657,5971
10657,3000
10657,26662
10657,50872
10657,54001
10657,58559
10657,40815
10657,8368
10657,49286
10657,4700
77534,64614
77534,3147
77534,6708
77534,68157
77534,4878
77534,4776
77534,2028
77534,1968
77534,1258
77534,33794
9878,296
9878,48516
9878,2028
9878,527
9878,54997
9878,3578
9878,64614
9878,2959
9878,79132
9878,608
57495,58559
57495,56367
57495,4878
57495,48394
57495,44191
57495,56757
57495,35836
57495,46976
57495,2959
57495,34532
71132,4306
71132,52973
71132,2571
71132,356
71132,1923
71132,5349
71132,1270
71132,7153
71132,56367
71132,2502
68329,5418
68329,1210
68329,110
68329,260
68329,79132
68329,318
68329,44191
68329,3147
68329,8961
68329,1270
51411,50872
51411,51255
51411,54503
51411,38038
51411,33615
51411,44191
51411,47610
51411,54286
51411,8644
51411,41566
130756,33493
130756,7143
130756,8644
130756,58559
130756,5989
130756,5445
130756,99114
130756,68954
130756,98809
130756,45722
21129,1
21129,4995
21129,318
21129,3793
21129,733
21129,7361
21129,4034
21129,293
21129,5989
21129,1393
123791,527
123791,2858
123791,2762
123791,3578
123791,296
123791,2571
123791,32587
123791,8961
123791,6539
123791,4011
31536,7153
31536,4993
31536,2571
31536,72998
31536,74458
31536,2959
31536,5952
31536,49272
31536,1682
31536,2858
69635,1
69635,5989
69635,7361
69635,58559
69635,33794
69635,364
69635,1704
69635,4306
69635,912
69635,1035
1518,3578
1518,733
1518,68157
1518,91542
1518,2115
1518,2858
1518,2000
1518,2706
1518,1214
1518,48516
127955,50
127955,1193
127955,4973
127955,7361
127955,68157
127955,1222
127955,31658
127955,4011
127955,5971
127955,70286
80258,48516
80258,55820
80258,70286
80258,48774
80258,2959
80258,63082
80258,68237
80258,81932
80258,80463
80258,56367
61576,7361
61576,2329
61576,527
61576,608
61576,2571
61576,48394
61576,4973
61576,750
61576,30749
61576,52281
10645,1196
10645,260
10645,2028
10645,32
10645,1198
10645,296
10645,2762
10645,1210
10645,593
10645,1240
33382,356
33382,593
33382,2858
33382,7361
33382,32587
33382,589
33382,4011
33382,33794
33382,4034
33382,2028
50849,589
50849,1193
50849,1263
50849,4034
50849,2858
50849,1954
50849,590
50849,1961
50849,7502
50849,8798
7487,908
7487,50
7487,6331
7487,2176
7487,33154
7487,2208
7487,1254
7487,296
7487,954
7487,1231
104973,1225
104973,4795
104973,1234
104973,1682
104973,8970
104973,3244
104973,1269
104973,6422
104973,6448
104973,1265
95728,68237
95728,48516
95728,8798
95728,69481
95728,318
95728,2959
95728,1274
95728,50
95728,89753
95728,89745
54305,2427
54305,2952
54305,3730
54305,501
54305,3741
54305,1245
54305,6301
54305,1178
54305,7063
54305,2890
87450,1193
87450,4011
87450,44555
87450,6016
87450,2858
87450,64614
87450,30749
87450,3147
87450,2762
87450,2571
106826,1203
106826,1193
106826,912
106826,923
106826,1221
106826,3730
106826,1208
106826,1201
106826,903
106826,1212
131768,780
131768,50
131768,2028
131768,1270
131768,457
131768,3578
131768,356
131768,1580
131768,296
131768,33794
102252,32587
102252,8949
102252,40819
102252,54272
102252,38038
102252,48780
102252,8464
102252,33166
102252,7361
102252,51255
101653,2174
101653,7022
101653,2762
101653,47
101653,1136
101653,1241
101653,4720
101653,6807
101653,53953
101653,74458
125509,2329
125509,32587
125509,27831
125509,44191
125509,48780
125509,51662
125509,44195
125509,33166
125509,40614
125509,54286
106405,2858
106405,356
106405,7323
106405,4973
106405,750
106405,1136
106405,55442
106405,44555
106405,1206
106405,2571
100492,1270
100492,2329
100492,48516
100492,1265
100492,1197
100492,1639
100492,1198
100492,4848
100492,8914
100492,1258
137717,50
137717,1732
137717,750
137717,68954
137717,6708
137717,4027
137717,46578
137717,97306
137717,8961
137717,6003
66206,5952
66206,1089
66206,4011
66206,44191
66206,780
66206,6539
66206,293
66206,1265
66206,2324
66206,1961
15950,2949
15950,58559
15950,3638
15950,73017
15950,4963
15950,72998
15950,8984
15950,2571
15950,53125
15950,45722
127414,59315
127414,87232
127414,89864
127414,858
127414,76251
127414,51662
127414,7361
127414,2329
127414,4973
127414,6016
15204,296
15204,2858
15204,2959
15204,1291
15204,1961
15204,7361
15204,6711
15204,2329
15204,356
15204,4308
131068,71535
131068,7438
131068,56757
131068,76251
131068,364
131068,31658
131068,593
131068,3275
131068,588
131068,3147
68645,1252
68645,1234
68645,969
68645,905
68645,3196
68645,1221
68645,922
68645,1262
68645,4187
68645,1225
67959,1
67959,2291
67959,48394
67959,5225
67959,40815
67959,4306
67959,8961
67959,8973
67959,4886
67959,1198
137030,4226
137030,5952
137030,7153
137030,296
137030,4973
137030,356
137030,32
137030,293
137030,4995
137030,110
312,858
312,49272
312,593
312,2376
312,50
312,648
312,3638
312,318
312,4226
312,5418
134030,8360
134030,1073
134030,1682
134030,1307
134030,4306
134030,41566
134030,586
134030,2797
134030,1197
134030,6942
60064,296
60064,551
60064,44191
60064,2858
60064,778
60064,31658
60064,44195
60064,94959
60064,1682
60064,79132
19350,2502
19350,296
19350,2268
19350,150
19350,1213
19350,1923
19350,1704
19350,1
19350,4963
19350,3360
135103,1213
135103,1193
135103,924
135103,6787
135103,32
135103,2791
135103,50
135103,1230
135103,1304
135103,7104
85829,33004
85829,6539
85829,2502
85829,5952
85829,6365
85829,3578
85829,2959
85829,8360
85829,2700
85829,8636
4030,4226
4030,4973
4030,1219
4030,32
4030,2571
4030,1225
4030,903
4030,4027
4030,2313
4030,923
65409,2028
65409,6539
65409,527
65409,1036
65409,57669
65409,6870
65409,54286
65409,85414
65409,33166
65409,5218
8100,32
8100,110
8100,1196
8100,2959
8100,527
8100,1262
8100,4226
8100,2762
8100,2028
8100,3578
98785,50
98785,1246
98785,8961
98785,6539
98785,1266
98785,7153
98785,1387
98785,1090
98785,553
98785,1307
88392,1193
88392,2788
88392,6711
88392,6539
88392,6377
88392,2336
88392,1333
88392,8183
88392,2692
88392,2657
112187,6953
112187,8464
112187,2571
112187,3996
112187,2959
112187,30707
112187,6773
112187,2762
112187,1
112187,4886
50436,1527
50436,296
50436,101864
50436,34319
50436,94864
50436,110
50436,47610
50436,102903
50436,103253
50436,79293
18319,608
18319,2087
18319,551
18319,1333
18319,1283
18319,1201
18319,2115
18319,3089
18319,1032
18319,7438
65708,2959
65708,4973
65708,1089
65708,858
65708,6874
65708,1193
65708,1208
65708,47
65708,7234
65708,2858
2488,608
2488,296
2488,593
2488,50
2488,2502
2488,1517
2488,457
2488,2109
2488,4226
2488,356
126073,919
126073,1028
126073,2150
126073,1250
126073,1373
126073,6979
126073,6350
126073,2533
126073,2080
126073,1356
38430,64614
38430,47099
38430,80463
38430,69481
38430,64620
38430,72011
38430,37741
38430,63062
38430,81591
38430,68157
132322,37741
132322,30707
132322,8949
132322,30793
132322,80463
132322,42002
132322,52975
132322,40819
132322,56367
132322,48780
763,2028
763,2628
763,480
763,1214
763,5349
763,2959
763,150
763,1270
763,32587
763,2762
1919,6711
1919,150
1919,1270
1919,5989
1919,1674
1919,1641
1919,1235
1919,1304
1919,50
1919,1962
103871,750
103871,1136
103871,1080
103871,1220
103871,1125
103871,32
103871,7569
103871,2949
103871,1196
103871,8874
89080,1704
89080,593
89080,3147
89080,4011
89080,589
89080,293
89080,3578
89080,110
89080,32
89080,7153
26329,2762
26329,2571
26329,3081
26329,2329
26329,288
26329,2174
26329,1206
26329,1645
26329,2076
26329,7438
116896,8636
116896,6333
116896,5349
116896,6539
116896,356
116896,1917
116896,44191
116896,6365
116896,45499
116896,4995
70998,2997
70998,6440
70998,1206
70998,1094
70998,1300
70998,1079
70998,1225
70998,6867
70998,2020
70998,1199
125953,1258
125953,1197
125953,3996
125953,4886
125953,527
125953,1307
125953,2329
125953,3408
125953,1923
125953,1198
21613,47
21613,1196
21613,356
21613,1291
21613,1
21613,50
21613,527
21613,81845
21613,1721
21613,457
39736,6016
39736,110
39736,1196
39736,50
39736,1222
39736,72998
39736,4011
39736,527
39736,55820
39736,54286
17399,110
17399,2762
17399,318
17399,1214
17399,4027
17399,1193
17399,48394
17399,2716
17399,48516
17399,1617
82377,593
82377,318
82377,7361
82377,2959
82377,2329
82377,1219
82377,79132
82377,55820
82377,527
82377,1186
13390,2959
13390,50
13390,2028
13390,2762
13390,593
13390,47
13390,2918
13390,1270
13390,3147
13390,260
68175,344
68175,52973
68175,3052
68175,34162
68175,4447
68175,1126
68175,1265
68175,2959
68175,3301
68175,6863
49548,1136
49548,593
49548,2959
49548,858
49548,296
49548,2571
49548,527
49548,356
49548,1291
49548,1197
7194,1259
7194,318
7194,47
7194,2762
7194,3481
7194,1466
7194,858
7194,2692
7194,5952
7194,1617
83363,293
83363,4973
83363,58559
83363,1222
83363,3949
83363,593
83363,1732
83363,57669
83363,4262
83363,527
102681,608
102681,2396
102681,6650
102681,2858
102681,926
102681,923
102681,4246
102681,81845
102681,750
102681,2997
3924,4995
3924,5995
3924,527
3924,4993
3924,1225
3924,2028
3924,3949
3924,8961
3924,1288
3924,1617
135391,48394
135391,2329
135391,6874
135391,1258
135391,7022
135391,296
135391,8874
135391,47
135391,2858
135391,1136
41526,1580
41526,1136
41526,589
41526,1
41526,4995
41526,1527
41526,590
41526,58559
41526,1246
41526,1610
59949,1089
59949,47
59949,6874
59949,1580
59949,356
59949,4226
59949,6539
59949,1222
59949,1193
59949,1097
21422,5971
21422,3000
21422,8961
21422,50872
21422,33794
21422,60069
21422,8983
21422,30749
21422,31878
21422,3996
43739,2858
43739,4226
43739,6711
43739,6502
43739,3949
43739,58559
43739,111
43739,1270
43739,356
43739,55820
108106,2762
108106,608
108106,2959
108106,377
108106,1196
108106,356
108106,858
108106,48516
108106,1214
108106,527
28749,915
28749,497
28749,902
28749,904
28749,1
28749,4886
28749,6942
28749,6539
28749,2324
28749,6218
78308,7044
78308,4878
78308,59315
78308,33794
78308,68358
78308,1285
78308,714
78308,3706
78308,4011
78308,7022
59223,8961
59223,595
59223,4886
59223,4973
59223,4014
59223,5952
59223,7153
59223,8970
59223,6942
59223,2398
1620,1704
1620,6377
1620,3578
1620,2916
1620,541
1620,7438
1620,6874
1620,150
1620,527
1620,780
99800,5989
99800,1028
99800,3082
99800,1
99800,3408
99800,2571
99800,5418
99800,1022
99800,5952
99800,7153
86975,47
86975,296
86975,2959
86975,356
86975,5995
86975,1221
86975,5989
86975,1961
86975,1210
86975,1196
39015,33794
39015,1221
39015,110
39015,47
39015,2329
39015,33166
39015,6874
39015,733
39015,5952
39015,2762
77539,593
77539,4226
77539,47
77539,2028
77539,3578
77539,1136
77539,110
77539,1961
77539,733
77539,527
48881,110
48881,1608
48881,150
48881,1610
48881,2028
48881,161
48881,318
48881,3578
48881,3753
48881,4310
62111,58559
62111,260
62111,48394
62111,4306
62111,4027
62111,1704
62111,8784
62111,4979
62111,2762
62111,593
57145,2571
57145,1206
57145,1097
57145,1784
57145,1968
57145,2174
57145,589
57145,2762
57145,2987
57145,3578
96148,71535
96148,2571
96148,4226
96148,1732
96148,48516
96148,4993
96148,33794
96148,1089
96148,6502
96148,51662
43988,1219
43988,1617
43988,1222
43988,1954
43988,318
43988,2716
43988,3265
43988,2640
43988,858
43988,2804
124001,1198
124001,1204
124001,6711
124001,4027
124001,1193
124001,7361
124001,3168
124001,1293
124001,3897
124001,1278
128551,1212
128551,2858
128551,3089
128551,924
128551,4973
128551,2959
128551,2997
128551,2360
128551,608
128551,908
83717,318
83717,1073
83717,7361
83717,2762
83717,1198
83717,63082
83717,3911
83717,3481
83717,1288
83717,2716
73296,50872
73296,4016
73296,6377
73296,5444
73296,1032
73296,72737
73296,1025
73296,58559
73296,65261
73296,6539
30043,1210
30043,2762
30043,1729
30043,1186
30043,1094
30043,457
30043,1674
30043,1246
30043,1057
30043,4979
1251,50
1251,30749
1251,44555
1251,46578
1251,296
1251,58
1251,593
1251,1193
1251,4235
1251,8376
127442,838
127442,6218
127442,26528
127442,1680
127442,2396
127442,914
127442,8970
127442,5380
127442,902
127442,3079
117685,905
117685,908
117685,1276
117685,923
117685,913
117685,527
117685,914
117685,1267
117685,919
117685,1269
136160,1704
136160,1097
136160,50
136160,589
136160,318
136160,608
136160,1193
136160,4027
136160,1682
136160,2396
39166,296
39166,527
39166,780
39166,260
39166,1580
39166,4963
39166,1210
39166,8360
39166,5349
39166,6333
74688,4128
74688,364
74688,1198
74688,296
74688,3253
74688,1220
74688,1923
74688,3114
74688,4896
74688,3210
117856,32
117856,1240
117856,924
117856,1580
117856,541
117856,2916
117856,1097
117856,2716
117856,1214
117856,750
59324,2571
59324,593
59324,1198
59324,1252
59324,1258
59324,2997
59324,50
59324,2329
59324,32
59324,923
99712,33794
99712,3996
99712,54286
99712,58559
99712,2997
99712,5445
99712,6874
99712,3578
99712,4995
99712,356
71901,4993
71901,235
71901,589
71901,919
71901,2761
71901,4878
71901,4262
71901,1265
71901,1282
71901,1997
132886,8961
132886,58559
132886,40815
132886,6934
132886,4306
132886,380
132886,1
132886,5418
132886,5445
132886,45499
50052,47
50052,2329
50052,1193
50052,1682
50052,2571
50052,5669
50052,3949
50052,1246
50052,7361
50052,5995
70874,48516
70874,1270
70874,356
70874,3578
70874,8961
70874,3793
70874,480
70874,3996
70874,56367
70874,49272
103622,593
103622,2997
103622,6502
103622,2706
103622,5679
103622,2294
103622,1089
103622,2232
103622,2459
103622,1097
100922,79132
100922,60069
100922,78499
100922,106696
100922,105504
100922,356
100922,80463
100922,6377
100922,92259
100922,50872
1475,2997
1475,50
1475,6711
1475,3983
1475,2360
1475,39183
1475,6380
1475,5013
1475,38886
1475,8949
95216,6662
95216,2313
95216,2791
95216,4754
95216,7063
95216,1953
95216,4993
95216,318
95216,1394
95216,2455
93338,3578
93338,1270
93338,7153
93338,3527
93338,1136
93338,32
93338,55820
93338,1732
93338,4878
93338,3949
54259,33004
54259,37741
54259,42002
54259,27821
54259,44191
54259,37727
54259,33166
54259,52973
54259,8917
54259,7569
110064,50
110064,1
110064,7361
110064,1196
110064,260
110064,4878
110064,68237
110064,109374
110064,1704
110064,4973
15812,3793
15812,3996
15812,3081
15812,110
15812,1214
15812,353
15812,592
15812,1215
15812,6711
15812,5541
58888,1527
58888,32
58888,4226
58888,648
58888,48780
58888,527
58888,50
58888,296
58888,733
58888,6365
32676,741
32676,8950
32676,5952
32676,32
32676,5618
32676,110
32676,32587
32676,356
32676,1228
32676,1617
19962,4878
19962,1210
19962,1196
19962,44191
19962,260
19962,1197
19962,356
19962,364
19962,46578
19962,1136
26464,260
26464,8961
26464,527
26464,1272
26464,356
26464,6539
26464,2762
26464,4306
26464,858
26464,1210
46628,64957
46628,57669
46628,44199
46628,5989
46628,56339
46628,1527
46628,4874
46628,4720
46628,1222
46628,49272
52942,318
52942,527
52942,480
52942,356
52942,1200
52942,260
52942,3578
52942,58559
52942,1527
52942,3147
41264,2571
41264,260
41264,58559
41264,31658
41264,3255
41264,2918
41264,1961
41264,1193
41264,8961
41264,1225
65189,1036
65189,3494
65189,1201
65189,318
65189,5952
65189,7153
65189,4993
65189,54997
65189,1387
65189,25866
117939,4993
117939,47
117939,3578
117939,608
117939,527
117939,48516
117939,110
117939,2997
117939,3897
117939,5445
105281,50
105281,4878
105281,48394
105281,3949
105281,1203
105281,1198
105281,6016
105281,80489
105281,750
105281,608
2333,2858
2333,47610
2333,44665
2333,1527
2333,1036
2333,80489
2333,1214
2333,2231
2333,89774
2333,1089
78134,590
78134,1961
78134,4306
78134,318
78134,2028
78134,500
78134,150
78134,1193
78134,3147
78134,4993
105506,76093
105506,81564
105506,45672
105506,6297
105506,6936
105506,8529
105506,1
105506,45431
105506,112852
105506,91529
101767,68954
101767,1682
101767,60069
101767,3033
101767,4878
101767,296
101767,59315
101767,49272
101767,1653
101767,1036
105293,5952
105293,356
105293,296
105293,48516
105293,2571
105293,593
105293,110
105293,91529
105293,3578
105293,68157
40776,1
40776,1527
40776,296
40776,593
40776,318
40776,32
40776,1197
40776,380
40776,208
40776,2858
91149,2571
91149,356
91149,55247
91149,1246
91149,364
91149,58559
91149,337
91149,595
91149,17
91149,37729
67104,648
67104,318
67104,5445
67104,110
67104,377
67104,733
67104,44191
67104,2012
67104,2858
67104,8665
8768,6377
8768,2762
8768,527
8768,5446
8768,593
8768,8961
8768,6385
8768,2571
8768,4995
8768,1148
21587,541
21587,2628
21587,593
21587,1214
21587,1258
21587,32
21587,4226
21587,858
21587,165
21587,19
49563,1580
49563,527
49563,457
49563,1270
49563,780
49563,318
49563,50
49563,8622
49563,1213
49563,1198
28224,527
28224,50
28224,593
28224,318
28224,1193
28224,7361
28224,858
28224,1200
28224,2997
28224,2959
124397,593
124397,47
124397,32
124397,50
124397,1206
124397,3000
124397,2329
124397,1136
124397,5971
124397,79132
101636,3578
101636,7153
101636,2571
101636,1704
101636,593
101636,296
101636,608
101636,6377
101636,457
101636,1198
63883,79132
63883,58559
63883,4226
63883,296
63883,2571
63883,2762
63883,2329
63883,50
63883,356
63883,48780
57700,1197
57700,1136
57700,916
57700,60069
57700,902
57700,318
57700,1198
57700,33493
57700,1028
57700,8970
33323,44555
33323,63082
33323,64620
33323,31410
33323,3654
33323,52042
33323,60069
33323,73681
33323,45210
33323,36529
91845,223
91845,589
91845,608
91845,1200
91845,1275
91845,2174
91845,5060
91845,1394
91845,50
91845,8961
70462,80463
70462,2329
70462,3949
70462,58559
70462,2571
70462,4995
70462,4011
70462,6874
70462,74458
70462,6016
107387,318
107387,2997
107387,2571
107387,6711
107387,2858
107387,4973
107387,778
107387,7361
107387,6807
107387,4878
107384,32
107384,1089
107384,50
107384,110
107384,356
107384,2858
107384,4886
107384,1682
107384,32587
107384,3996
120071,296
120071,1274
120071,2571
120071,3578
120071,4226
120071,31658
120071,110
120071,58559
120071,50
120071,32
88248,52973
88248,356
88248,595
88248,79702
88248,3949
88248,3556
88248,68157
88248,7147
88248,35836
88248,296
98617,296
98617,2858
98617,2959
98617,593
98617,480
98617,6377
98617,527
98617,500
98617,1073
98617,5349
39373,1580
39373,4306
39373,2028
39373,648
39373,1527
39373,44195
39373,288
39373,1466
39373,44191
39373,1729
81644,45722
81644,41566
81644,58559
81644,87232
81644,91500
81644,77561
81644,4306
81644,53996
81644,106489
81644,60040
17197,1210
17197,1136
17197,541
17197,741
17197,2571
17197,1653
17197,1274
17197,5618
17197,1198
17197,7153
48338,56367
48338,46578
48338,928
48338,2186
48338,33880
48338,6711
48338,52767
48338,59118
48338,2858
48338,2395
61857,1270
61857,608
61857,1200
61857,32
61857,457
61857,260
61857,1198
61857,50
61857,5952
61857,110
3239,1196
3239,1214
3239,3996
3239,2010
3239,2959
3239,31658
3239,2762
3239,1206
3239,2716
3239,1
110651,79132
110651,27773
110651,593
110651,50
110651,356
110651,4011
110651,4226
110651,49530
110651,104069
110651,44555
26239,50
26239,68157
26239,48516
26239,7153
26239,318
26239,296
26239,3949
26239,110
26239,4878
26239,64614
69029,7361
69029,46578
69029,2858
69029,6711
69029,4226
69029,88129
69029,1732
69029,1079
69029,7153
69029,745
138380,99114
138380,103228
138380,101864
138380,76093
138380,59315
138380,104841
138380,96610
138380,87232
138380,33794
138380,108932
92830,2858
92830,2997
92830,541
92830,1527
92830,1193
92830,1653
92830,2010
92830,3503
92830,2529
92830,172
5665,4993
5665,7153
5665,110
5665,356
5665,527
5665,1
5665,296
5665,1270
5665,1198
5665,50
74469,5349
74469,356
74469,480
74469,648
74469,6377
74469,1270
74469,5816
74469,3578
74469,2762
74469,58559
92743,4226
92743,2692
92743,2011
92743,3578
92743,6377
92743,47
92743,377
92743,2324
92743,1625
92743,8360
359,36517
359,48394
359,31658
359,44665
359,47610
359,64614
359,60069
359,27788
359,68358
359,38061
63497,2918
63497,1197
63497,260
63497,541
63497,608
63497,1291
63497,1231
63497,527
63497,7502
63497,58559
63061,63082
63061,1732
63061,4226
63061,79132
63061,44191
63061,2329
63061,593
63061,48516
63061,32587
63061,64614
14637,5418
14637,4963
14637,50
14637,7361
14637,4226
14637,3275
14637,356
14637,5445
14637,8798
14637,40278
89213,527
89213,7153
89213,1193
89213,50
89213,1136
89213,1221
89213,1262
89213,1204
89213,2019
89213,1197
42829,1214
42829,2716
42829,32
42829,7153
42829,1291
42829,356
42829,3996
42829,1265
42829,778
42829,592
26764,49272
26764,6874
26764,3578
26764,46578
26764,48774
26764,48385
26764,1580
26764,44191
26764,4995
26764,7438
81404,1732
81404,858
81404,55276
81404,4979
81404,111
81404,300
81404,1307
81404,1089
81404,778
81404,1784
25926,1580
25926,457
25926,2858
25926,1097
25926,2762
25926,858
25926,2918
25926,4306
25926,1197
25926,1784
71534,1210
71534,2028
71534,356
71534,2502
71534,2959
71534,30707
71534,2858
71534,4995
71534,110
71534,3578
80337,54001
80337,47610
80337,72998
80337,50872
80337,46976
80337,89745
80337,8961
80337,44195
80337,41569
80337,96610
119119,7153
119119,110
119119,1291
119119,608
119119,356
119119,527
119119,1200
119119,2706
119119,780
119119,165
130934,71282
130934,33166
130934,58
130934,4235
130934,6016
130934,1704
130934,80185
130934,6400
130934,26524
130934,27846
94457,2329
94457,2858
94457,4226
94457,8961
94457,2762
94457,1196
94457,3949
94457,778
94457,4011
94457,2692
122589,44191
122589,48516
122589,1206
122589,1222
122589,55820
122589,32587
122589,356
122589,7438
122589,1258
122589,2762
8297,318
8297,79132
8297,58559
8297,1721
8297,3147
8297,5989
8297,54286
8297,6539
8297,8961
8297,4993
20641,2019
20641,110
20641,7438
20641,6874
20641,1732
20641,1250
20641,27773
20641,1036
20641,1304
20641,923
68019,5952
68019,2571
68019,7438
68019,7147
68019,63082
68019,55820
68019,1089
68019,2291
68019,527
68019,5816
134219,356
134219,590
134219,1962
134219,39307
134219,1291
134219,4535
134219,457
134219,4995
134219,41566
134219,74324
57287,32587
57287,7458
57287,8968
57287,7293
57287,8784
57287,30812
57287,7153
57287,8807
57287,7361
57287,30810
94820,3897
94820,3253
94820,342
94820,2144
94820,2918
94820,1285
94820,2858
94820,3261
94820,5377
94820,1060
8807,57910
8807,2321
8807,56715
8807,79702
8807,4878
8807,1639
8807,1580
8807,316
8807,2916
8807,4367
8265,590
8265,3578
8265,2858
8265,1617
8265,589
8265,1136
8265,1221
8265,1291
8265,165
8265,161
113392,1221
113392,1213
113392,7361
113392,1209
113392,2028
113392,527
113392,1266
113392,32587
113392,2571
113392,1090
96063,6377
96063,1196
96063,1580
96063,1097
96063,4246
96063,1307
96063,40815
96063,4886
96063,539
96063,1721
30421,608
30421,4226
30421,858
30421,1270
30421,1222
30421,50
30421,7153
30421,457
30421,588
30421,1213
109389,910
109389,318
109389,1197
109389,912
109389,1207
109389,969
109389,81845
109389,898
109389,1198
109389,1247
31902,6377
31902,4973
31902,4901
31902,2028
31902,356
31902,32
31902,541
31902,1036
31902,590
31902,1240
8289,31410
8289,7323
8289,6016
8289,2028
8289,5995
8289,318
8289,81845
8289,48516
8289,2571
8289,4973
85455,912
85455,4995
85455,81845
85455,899
85455,3198
85455,919
85455,911
85455,1291
85455,1203
85455,3363
102536,7153
102536,44191
102536,2959
102536,4886
102536,924
102536,5445
102536,1291
102536,5952
102536,34405
102536,1682
63584,4306
63584,6942
63584,8961
63584,7361
63584,5989
63584,6218
63584,914
63584,2918
63584,1704
63584,356
113182,2858
113182,47
113182,7361
113182,74458
113182,44665
113182,3949
113182,60684
113182,91658
113182,1682
113182,5989
55142,1193
55142,1206
55142,1278
55142,608
55142,1250
55142,1225
55142,1270
55142,1265
55142,1234
55142,1263
81833,3801
81833,8491
81833,2186
81833,2066
81833,942
81833,1086
81833,3435
81833,3551
81833,7013
81833,40583
1291,26150
1291,6016
1291,32892
1291,5147
1291,2858
1291,44555
1291,7939
1291,4973
1291,7327
1291,2959
133394,7153
133394,5952
133394,4993
133394,356
133394,3578
133394,1291
133394,480
133394,1274
133394,32
133394,47
17409,1258
17409,4973
17409,6711
17409,750
17409,6874
17409,2997
17409,2959
17409,1214
17409,1208
17409,2858
22550,1748
22550,59315
22550,5989
22550,73017
22550,48780
22550,33794
22550,77561
22550,5349
22550,79132
22550,2011
10527,1704
10527,318
10527,377
10527,2571
10527,5299
10527,3408
10527,2396
10527,110
10527,5989
10527,4995
86482,4022
86482,4963
86482,3578
86482,110
86482,30707
86482,2571
86482,31685
86482,527
86482,457
86482,49272
25176,58295
25176,318
25176,1552
25176,292
25176,185
25176,8798
25176,6378
25176,4344
25176,8781
25176,145
130459,1589
130459,51540
130459,4007
130459,4498
130459,4410
130459,7028
130459,4661
130459,3068
130459,4464
130459,5464
98741,4878
98741,4973
98741,32587
98741,31658
98741,5971
98741,3949
98741,1884
98741,1274
98741,741
98741,6874
46355,42004
46355,40815
46355,35836
46355,30820
46355,34164
46355,40826
46355,8970
46355,33880
46355,7572
46355,5222
65188,110
65188,3578
65188,4973
65188,593
65188,2571
65188,7361
65188,527
65188,4963
65188,858
65188,56367
113921,1291
113921,356
113921,3578
113921,4995
113921,1198
113921,1196
113921,527
113921,2991
113921,2989
113921,2918
74401,318
74401,480
74401,778
74401,5902
74401,1080
74401,37733
74401,1729
74401,2278
74401,8961
74401,5673
137533,1197
137533,1210
137533,296
137533,150
137533,59315
137533,588
137533,50
137533,5349
137533,1721
137533,6377
124263,593
124263,6016
124263,5902
124263,2858
124263,778
124263,1246
124263,3910
124263,44555
124263,1258
124263,55247
42867,1136
42867,858
42867,47
42867,2858
42867,5445
42867,2959
42867,2997
42867,356
42867,260
42867,1291
135952,750
135952,1265
135952,3435
135952,1270
135952,2716
135952,1247
135952,1307
135952,909
135952,6711
135952,912
4519,1210
4519,589
4519,1
4519,4878
4519,1527
4519,32587
4519,541
4519,1258
4519,2716
4519,6539
124221,593
124221,480
124221,5952
124221,1265
124221,6377
124221,296
124221,50
124221,4963
124221,1240
124221,4995
28731,588
28731,5952
28731,4993
28731,33794
28731,8360
28731,6539
28731,31878
28731,3793
28731,5219
28731,7143
37652,1089
37652,296
37652,2959
37652,47
37652,32587
37652,2858
37652,353
37652,293
37652,4226
37652,589
35925,5679
35925,1198
35925,296
35925,1994
35925,1347
35925,1345
35925,2959
35925,1097
35925,71379
35925,367
74849,30825
74849,33615
74849,8965
74849,7293
74849,41566
74849,6373
74849,35836
74849,7173
74849,39446
74849,3869
19591,2542
19591,2329
19591,1266
19591,5464
19591,3203
19591,6863
19591,1339
19591,4034
19591,1215
19591,1261
33838,2329
33838,110
33838,64614
33838,48516
33838,49530
33838,72998
33838,69122
33838,2959
33838,5989
33838,1704
87848,318
87848,778
87848,47
87848,48516
87848,7361
87848,1258
87848,1228
87848,4878
87848,58559
87848,293
49001,253
49001,110
49001,2000
49001,112
49001,2762
49001,1222
49001,593
49001,33493
49001,70
49001,6618
15260,356
15260,2959
15260,318
15260,4306
15260,6377
15260,4226
15260,4973
15260,364
15260,78499
15260,58559
61512,5952
61512,356
61512,2858
61512,3578
61512,3996
61512,1580
61512,1225
61512,8961
61512,4886
61512,8360
17319,3949
17319,61323
17319,55805
17319,36529
17319,55280
17319,80463
17319,527
17319,2571
17319,68157
17319,55094
75140,1210
75140,260
75140,457
75140,1198
75140,59315
75140,150
75140,48516
75140,4995
75140,527
75140,6377
21728,30749
21728,1272
21728,1197
21728,2944
21728,48738
21728,3654
21728,1080
21728,150
21728,43396
21728,58559
30181,1625
30181,2959
30181,6377
30181,7143
30181,527
30181,6874
30181,5995
30181,5418
30181,7254
30181,2329
98510,4886
98510,6377
98510,3949
98510,2858
98510,2959
98510,3147
98510,593
98510,56367
98510,44191
98510,2502
104304,1704
104304,7361
104304,356
104304,2028
104304,457
104304,2858
104304,46578
104304,480
104304,3578
104304,1721
105028,4226
105028,32587
105028,50
105028,1732
105028,2959
105028,3052
105028,293
105028,778
105028,296
105028,4878
118465,1252
118465,296
118465,7327
118465,44555
118465,1212
118465,26131
118465,3362
118465,6001
118465,1219
118465,593
110511,2959
110511,4306
110511,356
110511,4995
110511,99114
110511,3578
110511,6539
110511,2762
110511,527
110511,364
49212,40819
49212,39183
49212,33166
49212,44191
49212,33679
49212,41566
49212,44195
49212,41997
49212,40629
49212,33794
40612,4226
40612,2571
40612,356
40612,47
40612,296
40612,318
40612,1036
40612,457
40612,592
40612,1240
98029,858
98029,111
98029,1213
98029,8949
98029,16
98029,4262
98029,2706
98029,46578
98029,2302
98029,1120
88980,63082
88980,58559
88980,48516
88980,47
88980,4973
88980,2571
88980,1263
88980,64614
88980,1617
88980,3949
21818,2959
21818,48516
21818,8641
21818,49272
21818,44191
21818,33794
21818,35836
21818,3275
21818,7153
21818,5418
38587,60069
38587,8360
38587,1198
38587,1291
38587,1022
38587,1197
38587,480
38587,1270
38587,2080
38587,1029
72285,1240
72285,2571
72285,48394
72285,3996
72285,7361
72285,48516
72285,59315
72285,1527
72285,50
72285,5418
45009,79132
45009,49272
45009,1089
45009,296
45009,1206
45009,68157
45009,52281
45009,58559
45009,7445
45009,59369
116736,3359
116736,858
116736,2186
116736,1272
116736,5060
116736,1278
116736,750
116736,1231
116736,5008
116736,2871
102369,1291
102369,356
102369,527
102369,293
102369,2959
102369,4973
102369,4963
102369,2947
102369,1079
102369,1208
72150,5679
72150,110
72150,7147
72150,7361
72150,27706
72150,2502
72150,1197
72150,1
72150,588
72150,364
65279,47
65279,2959
65279,364
65279,110
65279,1682
65279,597
65279,2028
65279,2329
65279,253
65279,1291
38484,2858
38484,1704
38484,356
38484,296
38484,2706
38484,912
38484,2692
38484,4447
38484,318
38484,2502
37219,1036
37219,2762
37219,858
37219,527
37219,364
37219,1270
37219,1240
37219,2716
37219,2858
37219,1527
75506,356
75506,1089
75506,79132
75506,1682
75506,70286
75506,260
75506,593
75506,59315
75506,1080
75506,5110
104641,150
104641,1240
104641,457
104641,589
104641,1210
104641,608
104641,2858
104641,4993
104641,1089
104641,780
25286,2076
25286,4027
25286,1732
25286,1500
25286,1219
25286,235
25286,162
25286,551
25286,1257
25286,2692
12245,920
12245,953
12245,899
12245,1204
12245,1704
12245,527
12245,2918
12245,2762
12245,910
12245,2028
73355,57669
73355,48516
73355,44191
73355,40583
73355,93721
73355,41997
73355,88129
73355,5418
73355,7361
73355,60069
106215,4878
106215,2997
106215,1215
106215,2571
106215,3676
106215,1208
106215,1200
106215,6774
106215,6502
106215,4979
8397,1704
8397,4226
8397,1961
8397,50
8397,2959
8397,1136
8397,4306
8397,6807
8397,1220
8397,745
126024,1136
126024,50
126024,1291
126024,1198
126024,1080
126024,1240
126024,593
126024,1387
126024,318
126024,1036
5348,31658
5348,1333
5348,32
5348,1199
5348,1200
5348,2571
5348,2455
5348,2288
5348,1079
5348,47
45118,97921
45118,102800
45118,3949
45118,61240
45118,1230
45118,4226
45118,1968
45118,1247
45118,916
45118,100714
106515,6711
106515,1252
106515,858
106515,1230
106515,2858
106515,8154
106515,924
106515,1204
106515,4914
106515,4034
133188,1240
133188,3793
133188,2028
133188,1196
133188,356
133188,589
133188,33493
133188,165
133188,457
133188,648
86252,5445
86252,33794
86252,44665
86252,3996
86252,7090
86252,33679
86252,4878
86252,741
86252,49272
86252,7147
20696,2644
20696,2174
20696,589
20696,3088
20696,1580
20696,7832
20696,1240
20696,1219
20696,1198
20696,356
78617,32
78617,111
78617,7361
78617,2858
78617,1213
78617,50
78617,32587
78617,56782
78617,1221
78617,4262
28335,4306
28335,68157
28335,364
28335,593
28335,6377
28335,106920
28335,97921
28335,2291
28335,44191
28335,356
125928,109487
125928,4963
125928,5952
125928,2959
125928,72998
125928,6333
125928,8636
125928,6365
125928,1196
125928,5989
44477,457
44477,47629
44477,4187
44477,17
44477,1961
44477,2858
44477,5135
44477,1307
44477,3996
44477,912
62234,3793
62234,1270
62234,4226
62234,4886
62234,296
62234,6539
62234,364
62234,500
62234,1073
62234,48516
112230,47
112230,7361
112230,2571
112230,2329
112230,912
112230,4226
112230,99114
112230,1201
112230,48516
112230,6016
135879,58559
135879,47
135879,1214
135879,356
135879,1206
135879,318
135879,49272
135879,2791
135879,457
135879,1200
25104,1240
25104,1208
25104,1212
25104,1206
25104,1193
25104,1291
25104,6711
25104,4979
25104,1222
25104,924
112741,7361
112741,296
112741,2571
112741,50
112741,8961
112741,1500
112741,4993
112741,5952
112741,7153
112741,356
135798,527
135798,58559
135798,2571
135798,54286
135798,150
135798,318
135798,8665
135798,1242
135798,33794
135798,6539
127297,4993
127297,5952
127297,7153
127297,5989
127297,588
127297,1704
127297,2762
127297,2324
127297,5445
127297,1246
55888,2396
55888,1580
55888,2762
55888,6539
55888,8360
55888,50
55888,3793
55888,1265
55888,4973
55888,150
21208,2858
21208,6016
21208,2959
21208,1252
21208,109374
21208,908
21208,1089
21208,79132
21208,903
21208,7502
5983,6539
5983,4973
5983,2858
5983,318
5983,296
5983,3578
5983,527
5983,5418
5983,4995
5983,1196
3630,2762
3630,4226
3630,8961
3630,1270
3630,4993
3630,541
3630,1234
3630,1
3630,6377
3630,1704
79601,79132
79601,46976
79601,44555
79601,50872
79601,56788
79601,55820
79601,44199
79601,44694
79601,97304
79601,60069
65725,318
65725,60069
65725,81834
65725,5952
65725,7153
65725,86882
65725,66934
65725,7669
65725,76093
65725,59315
79950,50
79950,1262
79950,1196
79950,296
79950,1136
79950,608
79950,1276
79950,60069
79950,911
79950,1247
11871,5418
11871,47610
11871,58559
11871,597
11871,4995
11871,1234
11871,1721
11871,8665
11871,1961
11871,2617
20135,364
20135,5349
20135,110
20135,2959
20135,4014
20135,3578
20135,648
20135,41566
20135,4246
20135,588
33490,4963
33490,4973
33490,6539
33490,4306
33490,8360
33490,1721
33490,1240
33490,44191
33490,1291
33490,7361
99883,1262
99883,911
99883,933
99883,593
99883,2183
99883,1212
99883,3471
99883,913
99883,6650
99883,5995
29562,356
29562,480
29562,1291
29562,2716
29562,500
29562,1136
29562,541
29562,150
29562,780
29562,593
101739,296
101739,2959
101739,260
101739,1136
101739,1210
101739,79132
101739,58559
101739,1197
101739,1036
101739,4993
122354,778
122354,1193
122354,593
122354,2959
122354,1219
122354,527
122354,1225
122354,1178
122354,904
122354,903
5676,32
5676,593
5676,318
5676,296
5676,4993
5676,55820
5676,110
5676,59315
5676,858
5676,4878
20786,1247
20786,608
20786,1950
20786,55820
20786,296
20786,1952
20786,81845
20786,1252
20786,750
20786,858
114419,30793
114419,7022
114419,2011
114419,45722
114419,27801
114419,6618
114419,1517
114419,5349
114419,589
114419,6373
63717,318
63717,54503
63717,2706
63717,6539
63717,4262
63717,2571
63717,7254
63717,673
63717,5418
63717,51662
11083,296
11083,2959
11083,7156
11083,8961
11083,608
11083,2502
11083,1136
11083,1197
11083,1196
11083,5902
110367,99114
110367,318
110367,778
110367,1206
110367,6874
110367,92259
110367,3147
110367,1732
110367,58559
110367,32
105978,4993
105978,318
105978,1089
105978,356
105978,32
105978,778
105978,593
105978,7153
105978,5952
105978,3949
15486,1214
15486,1036
15486,58559
15486,7438
15486,49272
15486,31696
15486,2959
15486,2858
15486,1201
15486,79132
32022,6539
32022,4226
32022,68954
32022,37729
32022,45722
32022,86332
32022,6874
32022,4016
32022,112175
32022,8368
65742,7361
65742,2858
65742,4226
65742,3535
65742,54503
65742,1206
65742,6373
65742,2762
65742,4963
65742,4886
111949,8644
111949,106072
111949,2571
111949,52722
111949,6539
111949,4963
111949,53322
111949,8984
111949,2273
111949,1370
33221,593
33221,2355
33221,58559
33221,2174
33221,2000
33221,8961
33221,5989
33221,54997
33221,72998
33221,1307
56920,593
56920,89745
56920,58559
56920,2571
56920,899
56920,4226
56920,91529
56920,76093
56920,50
56920,7361
94424,4878
94424,2571
94424,780
94424,356
94424,551
94424,7361
94424,5618
94424,44191
94424,2291
94424,50
32403,1210
32403,1196
32403,4963
32403,296
32403,589
32403,3578
32403,2858
32403,597
32403,1197
32403,1580
18455,2762
18455,1136
18455,318
18455,50
18455,2716
18455,1097
18455,4306
18455,527
18455,6377
18455,48516
67389,260
67389,1198
67389,1196
67389,3578
67389,4306
67389,364
67389,6377
67389,6947
67389,33493
67389,1291
83418,111759
83418,91529
83418,109578
83418,79132
83418,106487
83418,92507
83418,89745
83418,92259
83418,109487
83418,97304
18979,1198
18979,49272
18979,50
18979,2959
18979,1732
18979,52973
18979,1673
18979,51662
18979,2700
18979,4963
89658,5418
89658,33794
89658,58559
89658,356
89658,73017
89658,60684
89658,53996
89658,1527
89658,76251
89658,88744
94439,6539
94439,79132
94439,588
94439,6377
94439,5618
94439,2291
94439,551
94439,2571
94439,3000
94439,4973
136903,364
136903,2571
136903,3578
136903,4995
136903,6016
136903,7143
136903,4886
136903,33166
136903,58559
136903,48516
58267,1580
58267,7438
58267,6874
58267,1527
58267,4886
58267,32
58267,70
58267,4963
58267,1
58267,1220
4224,480
4224,6539
4224,780
4224,2028
4224,4886
4224,733
4224,1240
4224,5418
4224,4226
4224,32587
123864,750
123864,4979
123864,5902
123864,1206
123864,1288
123864,2692
123864,37741
123864,36517
123864,527
123864,1265
64235,4963
64235,2858
64235,318
64235,50
64235,527
64235,597
64235,593
64235,47
64235,4995
64235,2571
60760,318
60760,48738
60760,30749
60760,44555
60760,296
60760,64620
60760,6016
60760,7361
60760,1193
60760,33166
35812,68319
35812,55232
35812,6333
35812,53996
35812,7153
35812,5254
35812,56156
35812,68791
35812,8371
35812,51662
132753,58998
132753,68954
132753,1197
132753,79702
132753,56367
132753,4886
132753,1
132753,2144
132753,2572
132753,4306
93882,8961
93882,4886
93882,1197
93882,1
93882,68954
93882,3114
93882,2571
93882,2193
93882,2762
93882,60069
19572,44191
19572,33794
19572,7438
19572,49272
19572,8665
19572,59369
19572,44665
19572,27831
19572,8874
19572,70286
35274,50
35274,593
35274,2762
35274,648
35274,1200
35274,3578
35274,1097
35274,49272
35274,608
35274,377
63032,47
63032,2959
63032,4993
63032,2571
63032,1258
63032,79132
63032,260
63032,318
63032,91529
63032,2762
127719,1219
127719,3075
127719,70286
127719,858
127719,74458
127719,81845
127719,2176
127719,7938
127719,1203
127719,1214
93162,2671
93162,6942
93162,2396
93162,1
93162,68269
93162,595
93162,27815
93162,261
93162,28
93162,515
131776,62511
131776,750
131776,924
131776,4422
131776,6123
131776,1232
131776,8195
131776,6023
131776,1206
131776,7820
90113,2700
90113,1258
90113,1370
90113,2716
90113,2003
90113,296
90113,1036
90113,589
90113,593
90113,2683
74410,457
74410,1291
74410,150
74410,1240
74410,858
74410,1136
74410,1307
74410,356
74410,1
74410,527
56281,7361
56281,2959
56281,910
56281,55442
56281,4027
56281,6807
56281,356
56281,8961
56281,60069
56281,68954
1966,30793
1966,8961
1966,30749
1966,7361
1966,3134
1966,39183
1966,41566
1966,1212
1966,48394
1966,30850
32275,4973
32275,3578
32275,2028
32275,1183
32275,5995
32275,150
32275,3996
32275,36517
32275,4993
32275,357
97784,2571
97784,46578
97784,3996
97784,2762
97784,2396
97784,4993
97784,4995
97784,7153
97784,4963
97784,3793
95835,68954
95835,1
95835,79091
95835,50872
95835,82169
95835,59501
95835,8808
95835,5952
95835,4993
95835,7153
45397,33166
45397,37741
45397,39381
45397,30810
45397,38061
45397,41569
45397,8914
45397,8949
45397,34048
45397,21
84343,4878
84343,5218
84343,593
84343,47
84343,2762
84343,48394
84343,1258
84343,4995
84343,4370
84343,5445
4411,4993
4411,48516
4411,2959
4411,91500
4411,69122
4411,5952
4411,73017
4411,88129
4411,89492
4411,3793
119524,1270
119524,1
119524,4306
119524,2762
119524,318
119524,2997
119524,1197
119524,480
119524,46578
119524,6874
6109,2716
6109,3996
6109,1653
6109,648
6109,5903
6109,4446
6109,733
6109,33493
6109,36529
6109,593
95030,2959
95030,593
95030,79132
95030,356
95030,2858
95030,58559
95030,2571
95030,296
95030,2291
95030,48394
64071,480
64071,1954
64071,1307
64071,1704
64071,1617
64071,1090
64071,1784
64071,2194
64071,1207
64071,2324
118435,2959
118435,111759
118435,4993
118435,5952
118435,7153
118435,79132
118435,4226
118435,112556
118435,50
118435,4973
136856,597
136856,4973
136856,7669
136856,4306
136856,356
136856,2081
136856,2324
136856,56367
136856,4886
136856,2396
113964,1089
113964,1
113964,318
113964,50
113964,2949
113964,3793
113964,293
113964,47
113964,912
113964,32
73576,1968
73576,2918
73576,2706
73576,6377
73576,4306
73576,1682
73576,54503
73576,52973
73576,367
73576,3578
120657,4226
120657,4878
120657,2959
120657,296
120657,7438
120657,6502
120657,1258
120657,318
120657,2571
120657,1206
90219,364
90219,1580
90219,33615
90219,58559
90219,81847
90219,1270
90219,367
90219,589
90219,51662
90219,44022
119701,1375
119701,1198
119701,750
119701,541
119701,2947
119701,1258
119701,1291
119701,32
119701,480
119701,1270
69776,356
69776,86882
69776,72011
69776,89492
69776,69757
69776,1307
69776,72641
69776,69122
69776,2145
69776,81932
20723,356
20723,6942
20723,4014
20723,1641
20723,2797
20723,915
20723,2918
20723,6377
20723,5991
20723,902
10634,1198
10634,2571
10634,750
10634,4973
10634,1
10634,1136
10634,318
10634,2997
10634,1270
10634,50
69974,4993
69974,4718
69974,5679
69974,145
69974,7153
69974,8636
69974,6754
69974,780
69974,5010
69974,33794
125258,593
125258,1206
125258,924
125258,4973
125258,1136
125258,318
125258,1175
125258,4027
125258,1080
125258,590
107779,4886
107779,480
107779,1270
107779,47
107779,3147
107779,1517
107779,110
107779,165
107779,648
107779,6539
69413,260
69413,1196
69413,318
69413,356
69413,7153
69413,33794
69413,3793
69413,2858
69413,480
69413,593
131180,2321
131180,2761
131180,457
131180,440
131180,2003
131180,356
131180,799
131180,6987
131180,2108
131180,1921
93588,2081
93588,7161
93588,2399
93588,2080
93588,2059
93588,1088
93588,2133
93588,691
93588,2014
93588,5620
78781,39292
78781,2186
78781,48774
78781,923
78781,37733
78781,6711
78781,2203
78781,1248
78781,909
78781,71464
38031,733
38031,1222
38031,1387
38031,150
38031,1206
38031,4027
38031,1673
38031,68157
38031,2542
38031,648
103650,59315
103650,4226
103650,2959
103650,34405
103650,7153
103650,68157
103650,79702
103650,5952
103650,33794
103650,99114
12080,8949
12080,48516
12080,49272
12080,8784
12080,40819
12080,8665
12080,54503
12080,32587
12080,33493
12080,44191
128800,8961
128800,69122
128800,79132
128800,318
128800,59315
128800,96079
128800,99114
128800,97921
128800,5418
128800,54503
45919,2571
45919,551
45919,4878
45919,57504
45919,48774
45919,71745
45919,2502
45919,60684
45919,66934
45919,81847
92364,111
92364,58559
92364,2028
92364,2571
92364,293
92364,4878
92364,32587
92364,1258
92364,6874
92364,8874
80711,318
80711,2571
80711,2959
80711,924
80711,1196
80711,1221
80711,541
80711,527
80711,2692
80711,1080
147,1210
147,1197
147,1080
147,2918
147,356
147,750
147,1291
147,589
147,1079
147,1682
12820,1270
12820,780
12820,6539
12820,2571
12820,2762
12820,356
12820,3578
12820,586
12820,70286
12820,500
78579,5995
78579,527
78579,50
78579,296
78579,1961
78579,3160
78579,1079
78579,1960
78579,593
78579,30749
9772,1370
9772,33794
9772,165
9772,8644
9772,39446
9772,1240
9772,32587
9772,145
9772,5679
9772,2011
38165,4995
38165,47099
38165,3916
38165,7263
38165,3360
38165,110
38165,524
38165,1246
38165,30707
38165,1203
22780,318
22780,5952
22780,47
22780,4993
22780,68157
22780,58559
22780,55247
22780,1196
22780,2858
22780,4226
49403,1214
49403,858
49403,2762
49403,527
49403,1265
49403,2571
49403,293
49403,1276
49403,2329
49403,3435
40469,6947
40469,471
40469,2997
40469,296
40469,4306
40469,4027
40469,2571
40469,2108
40469,1225
40469,593
27192,4896
27192,8368
27192,54001
27192,40815
27192,2193
27192,3489
27192,2125
27192,37729
27192,59501
27192,5816
65872,480
65872,2329
65872,79132
65872,1732
65872,589
65872,1036
65872,1527
65872,593
65872,3578
65872,48516
125007,7034
125007,26680
125007,5225
125007,4979
125007,44694
125007,1464
125007,5617
125007,5878
125007,27773
125007,25771
94676,1291
94676,1210
94676,1197
94676,2028
94676,6377
94676,4306
94676,4886
94676,1304
94676,110
94676,1
17842,1527
17842,6502
17842,364
17842,8464
17842,1097
17842,8798
17842,72011
17842,1266
17842,1136
17842,7099
134173,6383
134173,59315
134173,46335
134173,59369
134173,8531
134173,67923
134173,145
134173,53996
134173,2959
134173,4989
6206,58559
6206,356
6206,4973
6206,72998
6206,56367
6206,3949
6206,2762
6206,4886
6206,46578
6206,2329
133058,2424
133058,4306
133058,356
133058,4995
133058,36525
133058,56941
133058,40815
133058,54001
133058,2571
133058,6539
94541,37729
94541,48394
94541,42004
94541,7361
94541,37733
94541,7034
94541,6291
94541,1258
94541,593
94541,6016
123606,7984
123606,48394
123606,4902
123606,5570
123606,25793
123606,64620
123606,63082
123606,50872
123606,38061
123606,68536
56109,3996
56109,4306
56109,4973
56109,296
56109,8784
56109,4963
56109,593
56109,7147
56109,2762
56109,1639
53826,593
53826,110
53826,356
53826,4993
53826,49272
53826,2502
53826,4306
53826,6377
53826,912
53826,1240
128285,30810
128285,4027
128285,5418
128285,6
128285,1220
128285,39292
128285,81845
128285,46976
128285,2329
128285,32587
112217,1197
112217,1580
112217,318
112217,1584
112217,110
112217,2716
112217,2028
112217,590
112217,592
112217,954
48920,7438
48920,608
48920,4973
48920,2571
48920,111
48920,1228
48920,4011
48920,2997
48920,6711
48920,8622
19195,50
19195,2571
19195,593
19195,2329
19195,356
19195,2028
19195,1704
19195,3578
19195,3275
19195,1213
123125,1022
123125,2018
123125,1032
123125,1206
123125,1258
123125,2078
123125,3556
123125,858
123125,3418
123125,1219
120150,1265
120150,32
120150,923
120150,1252
120150,1198
120150,2571
120150,1206
120150,1199
120150,47
120150,1617
121143,2959
121143,68954
121143,7361
121143,1197
121143,4306
121143,4886
121143,46578
121143,3481
121143,4973
121143,2918
138011,6936
138011,8947
138011,8368
138011,2052
138011,333
138011,37720
138011,31427
138011,35836
138011,1517
138011,5449
15080,6711
15080,4878
15080,55269
15080,69757
15080,3481
15080,4226
15080,1732
15080,3949
15080,5673
15080,778
36951,1136
36951,2997
36951,21
36951,4027
36951,3911
36951,4034
36951,1060
36951,5902
36951,2716
36951,4963
52307,1387
52307,593
52307,296
52307,1193
52307,260
52307,904
52307,109487
52307,112852
52307,1136
52307,2959
47607,2863
47607,1212
47607,3153
47607,34542
47607,1136
47607,904
47607,1207
47607,1178
47607,4467
47607,6660
100750,4973
100750,2571
100750,2858
100750,1537
100750,1193
100750,7153
100750,6016
100750,1704
100750,2357
100750,44555
27165,4226
27165,85414
27165,72998
27165,32587
27165,48516
27165,87232
27165,59369
27165,38061
27165,2571
27165,3949
97987,1206
97987,1193
97987,44555
97987,68157
97987,110
97987,293
97987,4226
97987,2028
97987,81845
97987,55820
128566,296
128566,5349
128566,508
128566,1089
128566,7445
128566,33660
128566,64957
128566,89492
128566,91529
128566,1387
11108,5952
11108,4993
11108,8368
11108,6377
11108,4306
11108,364
11108,6539
11108,1873
11108,5064
11108,595
85363,46976
85363,48394
85363,44191
85363,8949
85363,46970
85363,40815
85363,38061
85363,48082
85363,48774
85363,33004
8206,1387
8206,1617
8206,1
8206,6377
8206,296
8206,474
8206,1954
8206,54286
8206,1293
8206,1276
58251,2716
58251,597
58251,736
58251,380
58251,260
58251,2858
58251,110
58251,377
58251,50
58251,7153
125828,79132
125828,57669
125828,80463
125828,44191
125828,541
125828,5952
125828,52328
125828,68358
125828,50
125828,7153
96541,2762
96541,2329
96541,4878
96541,4306
96541,7153
96541,7361
96541,4995
96541,1732
96541,1080
96541,48516
110432,44191
110432,44665
110432,54997
110432,63062
110432,7445
110432,4226
110432,49530
110432,1645
110432,6947
110432,1748
117834,2329
117834,7361
117834,1961
117834,1704
117834,1183
117834,2324
117834,1653
117834,1136
117834,1641
117834,110
22088,48780
22088,68157
22088,67087
22088,59315
22088,2502
22088,64614
22088,4226
22088,6188
22088,74458
22088,6377
81239,1527
81239,780
81239,364
81239,318
81239,296
81239,316
81239,1
81239,3578
81239,592
81239,6539
97341,53125
97341,1
97341,33794
97341,3000
97341,4446
97341,2700
97341,367
97341,30793
97341,2762
97341,3994
92603,4226
92603,296
92603,527
92603,2571
92603,356
92603,1704
92603,58559
92603,3949
92603,2502
92603,4011
13505,7153
13505,6874
13505,4993
13505,778
13505,4226
13505,1206
13505,5952
13505,1136
13505,30793
13505,1197
40865,457
40865,58559
40865,79132
40865,1704
40865,4022
40865,4226
40865,1206
40865,2710
40865,2997
40865,778
26888,45517
26888,33646
26888,39444
26888,43560
26888,40581
26888,36529
26888,42015
26888,34048
26888,48322
26888,37729
19519,318
19519,356
19519,51662
19519,44191
19519,33794
19519,110
19519,589
19519,3578
19519,1136
19519,5418
22533,3578
22533,904
22533,4993
22533,5952
22533,7153
22533,2858
22533,3996
22533,2194
22533,1208
22533,608
86267,8784
86267,8376
86267,33794
86267,30812
86267,8957
86267,34162
86267,27706
86267,8798
86267,8981
86267,40819
4641,3147
4641,318
4641,1214
4641,5010
4641,3160
4641,288
4641,1291
4641,1258
4641,6
4641,5995
110372,2571
110372,923
110372,293
110372,2599
110372,235
110372,2858
110372,1653
110372,1221
110372,1260
110372,6773
129285,260
129285,296
129285,480
129285,110
129285,4995
129285,35836
129285,8784
129285,44191
129285,5989
129285,47
129131,296
129131,46578
129131,56367
129131,4878
129131,3949
129131,5577
129131,68157
129131,7147
129131,6890
129131,2291
6299,4306
6299,4226
6299,2329
6299,555
6299,2028
6299,3578
6299,527
6299,293
6299,1580
6299,6377
88651,54286
88651,527
88651,6377
88651,56367
88651,1
88651,4979
88651,32
88651,44555
88651,4235
88651,32587
117111,356
117111,2571
117111,7153
117111,4886
117111,5618
117111,59315
117111,2700
117111,66934
117111,1517
117111,520
128943,5452
128943,3268
128943,1562
128943,485
128943,379
128943,519
128943,1862
128943,2054
128943,5323
128943,4502
27250,6539
27250,589
27250,48516
27250,318
27250,2959
27250,1196
27250,44665
27250,356
27250,457
27250,70286
34452,3545
34452,2337
34452,247
34452,4246
34452,3081
34452,40955
34452,1206
34452,3186
34452,8981
34452,54259
3318,34332
3318,44665
3318,34319
3318,32587
3318,32598
3318,34048
3318,33166
3318,42738
3318,33836
3318,44840
40594,58559
40594,2571
40594,6934
40594,45722
40594,4963
40594,33794
40594,6333
40594,1196
40594,1210
40594,49272
52225,46578
52225,35836
52225,48780
52225,47610
52225,51698
52225,32587
52225,41716
52225,36529
52225,39444
52225,39292
64055,2959
64055,47
64055,2571
64055,1704
64055,527
64055,590
64055,296
64055,500
64055,380
64055,1097
135500,110
135500,44191
135500,2028
135500,6016
135500,6378
135500,6377
135500,64614
135500,3948
135500,3147
135500,6373
123977,1240
123977,593
123977,318
123977,356
123977,3793
123977,1214
123977,527
123977,1136
123977,541
123977,7090
137968,58998
137968,71535
137968,5952
137968,2959
137968,3578
137968,68157
137968,54503
137968,47099
137968,47
137968,60069
120977,8961
120977,3147
120977,2268
120977,110
120977,6377
120977,2571
120977,33794
120977,50
120977,6333
120977,3360
12533,47
12533,7361
12533,74458
12533,2571
12533,1682
12533,2762
12533,4306
12533,58559
12533,70286
12533,33166
47507,3147
47507,5349
47507,2959
47507,3578
47507,2028
47507,2706
47507,1291
47507,5989
47507,1213
47507,5445
54633,4306
54633,2571
54633,47
54633,1729
54633,1208
54633,2997
54633,509
54633,3996
54633,594
54633,293
7306,58559
7306,5418
7306,80463
7306,318
7306,356
7306,48516
7306,5989
7306,30749
7306,6539
7306,79132
5049,1198
5049,2716
5049,1580
5049,1197
5049,356
5049,589
5049,377
5049,260
5049,2762
5049,3996
35865,593
35865,80463
35865,84954
35865,88129
35865,81591
35865,80489
35865,81537
35865,80906
35865,81562
35865,7502
1730,1198
1730,8961
1730,1307
1730,318
1730,2355
1730,1784
1730,2918
1730,527
1730,7153
1730,2398
1453,1921
1453,7361
1453,2076
1453,4262
1453,7147
1453,6502
1453,33166
1453,2700
1453,60684
1453,4239
101877,58559
101877,2329
101877,296
101877,4993
101877,43376
101877,48394
101877,527
101877,2571
101877,52952
101877,4878
131937,4025
131937,3247
131937,765
131937,1704
131937,158
131937,500
131937,2082
131937,50872
131937,3147
131937,8961
14058,2858
14058,608
14058,1247
14058,1252
14058,908
14058,1080
14058,4226
14058,1304
14058,7323
14058,593
2035,6539
2035,44191
2035,7361
2035,2959
2035,4306
2035,1
2035,4973
2035,3793
2035,6874
2035,2858
10940,6188
10940,1291
10940,3052
10940,223
10940,4002
10940,35836
10940,3175
10940,2133
10940,4545
10940,2706
20999,1240
20999,589
20999,7153
20999,5952
20999,7099
20999,1200
20999,1214
20999,1222
20999,31658
20999,6874
3729,1663
3729,50
3729,1210
3729,3552
3729,1197
3729,51255
3729,180
3729,60069
3729,1136
3729,2248
4137,3996
4137,3897
4137,2692
4137,8784
4137,3317
4137,5991
4137,5617
4137,6218
4137,1136
4137,4308
7922,1252
7922,4027
7922,25
7922,2571
7922,7327
7922,1729
7922,288
7922,7934
7922,2726
7922,7361
7974,527
7974,904
7974,1193
7974,50
7974,1207
7974,1283
7974,903
7974,4993
7974,7153
7974,296
133400,8961
133400,1291
133400,1580
133400,6377
133400,3671
133400,2918
133400,4886
133400,3033
133400,919
133400,2115
86893,296
86893,1198
86893,50
86893,318
86893,2571
86893,110
86893,68358
86893,33794
86893,48780
86893,260
69913,2248
69913,1197
69913,356
69913,4973
69913,3897
69913,1307
69913,1968
69913,63082
69913,6942
69913,5377
13820,111
13820,2762
13820,1193
13820,47
13820,7438
13820,608
13820,32
13820,46578
13820,56367
13820,1078
74973,1270
74973,2716
74973,2302
74973,2406
74973,150
74973,1374
74973,2657
74973,2321
74973,2100
74973,1580
114783,1240
114783,589
114783,1653
114783,4878
114783,32
114783,1200
114783,3959
114783,1527
114783,2959
114783,8914
152,3793
152,8961
152,2683
152,356
152,318
152,32587
152,2571
152,1265
152,1
152,45722
95764,316
95764,593
95764,1265
95764,1200
95764,47
95764,6539
95764,1923
95764,7361
95764,2167
95764,1214
119082,6934
119082,59315
119082,58559
119082,3578
119082,480
119082,7438
119082,1270
119082,32
119082,1240
119082,4306
104394,3081
104394,163
104394,2403
104394,3740
104394,4299
104394,1954
104394,3698
104394,2294
104394,8644
104394,59369
119735,2762
119735,62081
119735,377
119735,318
119735,5418
119735,4306
119735,60072
119735,2028
119735,55232
119735,61465
37200,1036
37200,1333
37200,2948
37200,8207
37200,904
37200,2819
37200,1092
37200,2194
37200,1370
37200,1084
97589,1527
97589,4995
97589,2115
97589,6539
97589,3996
97589,6711
97589,1209
97589,4034
97589,5989
97589,2194
16861,1580
16861,4246
16861,2174
16861,589
16861,1682
16861,364
16861,1527
16861,110
16861,296
16861,158
105457,8951
105457,6787
105457,46578
105457,3546
105457,1956
105457,5992
105457,2186
105457,64701
105457,7619
105457,71579
35175,2571
35175,6016
35175,1213
35175,2329
35175,4973
35175,318
35175,111
35175,2028
35175,79132
35175,44555
42462,58559
42462,296
42462,2959
42462,4306
42462,4963
42462,47
42462,1036
42462,4226
42462,8665
42462,4995
135592,1221
135592,1073
135592,110
135592,1923
135592,1387
135592,4226
135592,3578
135592,3147
135592,1196
135592,260
102017,7153
102017,5989
102017,597
102017,296
102017,2959
102017,3578
102017,6287
102017,6377
102017,4699
102017,5810
31662,356
31662,527
31662,47
31662,110
31662,4995
31662,1393
31662,5989
31662,1961
31662,1704
31662,4306
80042,88125
80042,356
80042,79132
80042,1136
80042,588
80042,63082
80042,2959
80042,2571
80042,3793
80042,5618
34798,4195
34798,53000
34798,7387
34798,1321
34798,41014
34798,4794
34798,6731
34798,5569
34798,4210
34798,51277
18421,541
18421,296
18421,4226
18421,1136
18421,32587
18421,60069
18421,4878
18421,1215
18421,68954
18421,318
25661,296
25661,4886
25661,2762
25661,60756
25661,593
25661,35836
25661,69644
25661,47
25661,63082
25661,2683
116399,63082
116399,91658
116399,2571
116399,84152
116399,81845
116399,99114
116399,80463
116399,54286
116399,89745
116399,69122
80046,55820
80046,608
80046,6016
80046,27773
80046,61240
80046,8874
80046,1748
80046,3476
80046,3535
80046,2160
46987,1200
46987,32
46987,1653
46987,1193
46987,778
46987,4226
46987,2529
46987,2712
46987,2232
46987,589
118605,587
118605,4306
118605,508
118605,858
118605,1259
118605,1291
118605,2268
118605,500
118605,33660
118605,1307
96529,50
96529,1196
96529,608
96529,296
96529,1079
96529,8961
96529,6711
96529,1210
96529,6385
96529,1240
28086,3897
28086,6539
28086,6377
28086,1270
28086,914
28086,141
28086,1968
28086,4963
28086,50
28086,5349
76689,780
76689,2959
76689,318
76689,6539
76689,356
76689,58559
76689,49272
76689,7254
76689,8533
76689,44665
28969,34437
28969,86882
28969,46578
28969,55269
28969,7323
28969,6711
28969,58559
28969,99114
28969,4973
28969,92259
84093,318
84093,293
84093,296
84093,2858
84093,2329
84093,47
84093,32
84093,589
84093,7153
84093,4993
126572,33794
126572,59315
126572,40815
126572,4963
126572,44191
126572,4306
126572,6377
126572,6942
126572,76251
126572,69122
7607,4306
7607,47
7607,4963
7607,293
7607,2324
7607,6711
7607,5989
7607,1732
7607,4262
7607,41285
48121,4226
48121,4437
48121,2959
48121,68237
48121,1241
48121,27773
48121,6975
48121,1994
48121,57274
48121,1089
63705,4022
63705,4308
63705,3083
63705,509
63705,3258
63705,1625
63705,5995
63705,1721
63705,3556
63705,1183
107888,1198
107888,1270
107888,296
107888,1704
107888,2762
107888,5952
107888,7153
107888,4993
107888,33794
107888,480
94357,4034
94357,2959
94357,3052
94357,1682
94357,1527
94357,589
94357,6539
94357,1466
94357,3386
94357,3020
127225,608
127225,7361
127225,296
127225,2858
127225,6016
127225,5902
127225,1223
127225,111
127225,1208
127225,4878
21315,48774
21315,318
21315,6016
21315,91529
21315,2329
21315,5952
21315,68157
21315,33794
21315,111759
21315,89745
52186,4306
52186,527
52186,1196
52186,2762
52186,4886
52186,608
52186,32
52186,6539
52186,3996
52186,592
87474,589
87474,648
87474,780
87474,2
87474,2706
87474,1721
87474,1270
87474,1
87474,2617
87474,597
67001,35836
67001,2683
67001,480
67001,1270
67001,6502
67001,7293
67001,7444
67001,1240
67001,2085
67001,3785
81510,4306
81510,47
81510,3499
81510,1097
81510,6242
81510,2571
81510,4226
81510,2657
81510,4886
81510,1240
32115,47
32115,80463
32115,593
32115,81845
32115,50872
32115,4886
32115,50
32115,1193
32115,76093
32115,778
76833,1136
76833,2762
76833,1265
76833,1704
76833,3578
76833,1222
76833,4995
76833,4034
76833,527
76833,33794
45461,40815
45461,57368
45461,55118
45461,44191
45461,91529
45461,55276
45461,54736
45461,27831
45461,68157
45461,51540
38098,46578
38098,8368
38098,1307
38098,2145
38098,1704
38098,2572
38098,1259
38098,597
38098,1207
38098,4979
7699,527
7699,1197
7699,2976
7699,247
7699,1282
7699,34
7699,799
7699,1025
7699,2085
7699,2324
61342,8239
61342,7013
61342,7063
61342,111
61342,858
61342,924
61342,1208
61342,25805
61342,8195
61342,2076
40112,1617
40112,2858
40112,593
40112,903
40112,1250
40112,356
40112,923
40112,111
40112,1214
40112,1225
47107,60069
47107,2762
47107,2858
47107,110
47107,296
47107,63082
47107,72998
47107,50
47107,1198
47107,2028
55100,5791
55100,4021
55100,4903
55100,33166
55100,608
55100,2329
55100,37741
55100,6218
55100,1961
55100,8464
126960,593
126960,68157
126960,2571
126960,58559
126960,47
126960,1210
126960,79702
126960,76251
126960,70286
126960,48780
18260,5650
18260,2571
18260,2502
18260,2700
18260,1197
18260,6807
18260,6539
18260,2993
18260,1732
18260,5418
10749,54286
10749,7153
10749,5816
10749,79132
10749,1036
10749,58559
10749,7263
10749,4019
10749,2571
10749,4963
61940,858
61940,4995
61940,3578
61940,318
61940,356
61940,2959
61940,4973
61940,527
61940,1246
61940,1704
38888,318
38888,68157
38888,5971
38888,296
38888,2329
38888,48516
38888,1089
38888,7153
38888,2858
38888,1206
51543,1036
51543,318
51543,1196
51543,2028
51543,58559
51543,1198
51543,1527
51543,1291
51543,2916
51543,2329
106604,593
106604,54286
106604,4995
106604,356
106604,110
106604,50
106604,296
106604,7502
106604,48780
106604,2762
32598,5418
32598,71535
32598,49272
32598,1732
32598,54503
32598,858
32598,1036
32598,318
32598,46578
32598,7361
122961,56174
122961,5459
122961,73017
122961,5151
122961,35836
122961,88125
122961,60684
122961,79132
122961,8861
122961,8985
8308,318
8308,1265
8308,60069
8308,589
8308,780
8308,377
8308,58559
8308,33794
8308,3578
8308,48780
18223,1196
18223,260
18223,4306
18223,110
18223,2762
18223,2959
18223,356
18223,780
18223,1193
18223,1198
110392,60069
110392,41997
110392,2700
110392,6870
110392,165
110392,3147
110392,3994
110392,1645
110392,5528
110392,51662
60780,6539
60780,8665
60780,3578
60780,51662
60780,45517
60780,5989
60780,1
60780,356
60780,33615
60780,3147
33095,1208
33095,1200
33095,3703
33095,150
33095,70286
33095,1266
33095,7560
33095,1291
33095,3959
33095,1371
88025,4226
88025,318
88025,7153
88025,6377
88025,260
88025,527
88025,1210
88025,50
88025,2762
88025,356
32574,4014
32574,3897
32574,2080
32574,2858
32574,551
32574,594
32574,7147
32574,5299
32574,1246
32574,296
6915,3949
6915,54997
6915,55118
6915,2329
6915,44199
6915,61240
6915,55290
6915,318
6915,56174
6915,5995
57365,5816
57365,1270
57365,296
57365,2797
57365,2959
57365,337
57365,39
57365,595
57365,1380
57365,587
120942,8208
120942,46578
120942,468
120942,38038
120942,50872
120942,56367
120942,50685
120942,5299
120942,26564
120942,49220
125976,733
125976,4306
125976,58559
125976,1544
125976,4643
125976,8961
125976,485
125976,8360
125976,145
125976,34150
61458,34072
61458,33660
61458,30707
61458,36517
61458,33166
61458,34405
61458,44191
61458,1234
61458,8958
61458,27790
99853,2716
99853,1265
99853,1213
99853,111
99853,4878
99853,2571
99853,1193
99853,1240
99853,1
99853,912
84751,648
84751,49530
84751,47
84751,318
84751,4995
84751,7153
84751,6016
84751,49272
84751,5989
84751,1923
131054,36529
131054,4085
131054,4963
131054,3578
131054,593
131054,38061
131054,1704
131054,96079
131054,4007
131054,60684
26831,4886
26831,8360
26831,1258
26831,5952
26831,3996
26831,1206
26831,364
26831,778
26831,4878
26831,3578
61334,4226
61334,586
61334,3897
61334,608
61334,2571
61334,7438
61334,6874
61334,1682
61334,1206
61334,1196
12596,1206
12596,2329
12596,1527
12596,541
12596,2858
12596,1291
12596,50
12596,2762
12596,110
12596,2997
105450,318
105450,70286
105450,296
105450,2959
105450,1258
105450,1270
105450,7361
105450,2329
105450,55820
105450,48385
14526,500
14526,1097
14526,587
14526,920
14526,457
14526,318
14526,17
14526,357
14526,527
14526,5299
31831,2329
31831,4226
31831,7438
31831,33794
31831,6874
31831,32
31831,1136
31831,293
31831,2997
31831,4027
92116,56367
92116,55280
92116,55269
92116,46578
92116,46976
92116,2318
92116,8950
92116,608
92116,8784
92116,61323
43569,1193
43569,858
43569,2571
43569,4226
43569,50
43569,1210
43569,2762
43569,912
43569,5902
43569,1208
92687,1704
92687,4014
92687,356
92687,2858
92687,2321
92687,4226
92687,3147
92687,1
92687,1136
92687,2692
85141,539
85141,1088
85141,2424
85141,6942
85141,5943
85141,1307
85141,4306
85141,4992
85141,66203
85141,2581
69951,33493
69951,70286
69951,1270
69951,32
69951,1253
69951,750
69951,1201
69951,1199
69951,5618
69951,110
132988,5618
132988,8961
132988,4306
132988,5952
132988,588
132988,2078
132988,40815
132988,2571
132988,2080
132988,5816
71768,48780
71768,49272
71768,8961
71768,72998
71768,41569
71768,8970
71768,66097
71768,79132
71768,33660
71768,64614
88468,48082
88468,1199
88468,8914
88468,4226
88468,66665
88468,62511
88468,2395
88468,2968
88468,32
88468,2858
72365,34405
72365,1291
72365,541
72365,480
72365,1199
72365,4878
72365,6539
72365,78499
72365,8253
72365,1200
100942,1206
100942,2571
100942,2959
100942,2692
100942,7361
100942,2329
100942,1080
100942,6016
100942,1089
100942,3160
58051,1136
58051,4226
58051,593
58051,4963
58051,1527
58051,1240
58051,1580
58051,3793
58051,2858
58051,2628
41364,2502
41364,7361
41364,6539
41364,4027
41364,1225
41364,6016
41364,2997
41364,1247
41364,356
41364,3996
107892,589
107892,3527
107892,4226
107892,4878
107892,3996
107892,1617
107892,1201
107892,4776
107892,1222
107892,4262
111960,48516
111960,81845
111960,593
111960,68237
111960,6016
111960,81562
111960,78499
111960,81932
111960,97923
111960,109374
75581,6934
75581,356
75581,4963
75581,45447
75581,8636
75581,49530
75581,8984
75581,5349
75581,47099
75581,318
14330,8623
14330,5250
14330,8610
14330,2797
14330,2463
14330,1297
14330,4499
14330,3087
14330,3361
14330,3421
95074,2959
95074,4973
95074,4979
95074,1784
95074,6711
95074,2918
95074,50
95074,1247
95074,7147
95074,1073
87834,1370
87834,2000
87834,1608
87834,7017
87834,2808
87834,5507
87834,6564
87834,8861
87834,60072
87834,1379
890,457
890,1197
890,6377
890,150
890,6539
890,7153
890,1580
890,1704
890,589
890,364
64920,1291
64920,2115
64920,1682
64920,3996
64920,3000
64920,34405
64920,7361
64920,4226
64920,50
64920,2918
76141,1721
76141,307
76141,2858
76141,903
76141,3578
76141,30707
76141,150
76141,3418
76141,7361
76141,1784
49258,296
49258,4226
49258,1270
49258,68358
49258,2028
49258,33794
49258,5445
49258,2762
49258,1240
49258,1653
32595,1148
32595,8874
32595,8961
32595,81564
32595,89745
32595,78499
32595,60069
32595,109374
32595,79702
32595,1200
23026,1204
23026,3471
23026,364
23026,4993
23026,7153
23026,5952
23026,1307
23026,3504
23026,6539
23026,3095
51854,4306
51854,59315
51854,73017
51854,70286
51854,59369
51854,53125
51854,68358
51854,4886
51854,74458
51854,36529
75804,1210
75804,5445
75804,5952
75804,1222
75804,2858
75804,318
75804,2916
75804,7143
75804,1961
75804,1291
43298,6377
43298,593
43298,51255
43298,260
43298,4226
43298,8961
43298,1225
43298,7323
43298,58559
43298,912
208,39183
208,7566
208,34542
208,60766
208,86882
208,89492
208,1189
208,64839
208,78574
208,8961
117938,7361
117938,46578
117938,924
117938,2997
117938,6711
117938,750
117938,4226
117938,30810
117938,608
117938,4878
87491,2858
87491,7153
87491,296
87491,58559
87491,6016
87491,3578
87491,4973
87491,2571
87491,4993
87491,4995
124098,56949
124098,5620
124098,32598
124098,33669
124098,5377
124098,35836
124098,55872
124098,45501
124098,39183
124098,2918
129167,1201
129167,541
129167,27773
129167,58559
129167,318
129167,296
129167,7022
129167,68954
129167,7981
129167,26776
117576,81834
117576,33794
117576,5349
117576,5618
117576,79702
117576,8961
117576,31658
117576,2571
117576,44191
117576,97913
91956,60069
91956,593
91956,4226
91956,1210
91956,3578
91956,50
91956,48516
91956,68358
91956,110
91956,750
21363,8874
21363,953
21363,902
21363,71535
21363,7147
21363,66097
21363,1235
21363,63082
21363,8464
21363,914
64976,7619
64976,1203
64976,912
64976,527
64976,1207
64976,3095
64976,1269
64976,858
64976,3507
64976,1253
8505,58559
8505,1214
8505,48774
8505,6539
8505,4878
8505,2858
8505,1258
8505,44195
8505,1036
8505,8949
135889,4963
135889,1610
135889,58559
135889,2858
135889,1527
135889,2329
135889,7361
135889,3996
135889,70286
135889,778
2891,47
2891,551
2891,48394
2891,2329
2891,4848
2891,2997
2891,50
2891,4979
2891,7147
2891,32
92637,67408
92637,55768
92637,80463
92637,73017
92637,61729
92637,53993
92637,66509
92637,65230
92637,87232
92637,89074
132381,1275
132381,318
132381,1291
132381,356
132381,7153
132381,589
132381,3578
132381,1270
132381,4896
132381,5349
95550,2762
95550,1203
95550,527
95550,2571
95550,1193
95550,2858
95550,457
95550,1234
95550,4011
95550,904
13325,70286
13325,68157
13325,1732
13325,32587
13325,293
13325,74458
13325,3949
13325,87232
13325,48780
13325,48394
61319,527
61319,41997
61319,1682
61319,2858
61319,5989
61319,293
61319,110
61319,6870
61319,2427
61319,88129
37851,5445
37851,2858
37851,260
37851,3793
37851,2762
37851,318
37851,356
37851,733
37851,1210
37851,592
10149,7361
10149,2858
10149,4995
10149,2028
10149,40819
10149,4226
10149,37741
10149,4326
10149,5995
10149,6708
127511,32587
127511,70286
127511,74458
127511,4963
127511,51662
127511,593
127511,7254
127511,4896
127511,4011
127511,44665
126674,1197
126674,3578
126674,6539
126674,364
126674,5952
126674,1
126674,6377
126674,2762
126674,318
126674,2028
19465,110
19465,1704
19465,527
19465,50
19465,2858
19465,4011
19465,778
19465,1222
19465,858
19465,1136
39169,6377
39169,5620
39169,4306
39169,6155
39169,2424
39169,2671
39169,597
39169,8529
39169,45720
39169,1721
34223,318
34223,296
34223,4226
34223,50
34223,54503
34223,59315
34223,55290
34223,2571
34223,4011
34223,56367
37224,6377
37224,1196
37224,3578
37224,5995
37224,54001
37224,4963
37224,5446
37224,50872
37224,745
37224,6565
55258,4993
55258,2028
55258,7153
55258,356
55258,5952
55258,1617
55258,33166
55258,1193
55258,30749
55258,3578
48110,1225
48110,527
48110,4973
48110,1207
48110,593
48110,3435
48110,8961
48110,2997
48110,2186
48110,6377
62716,48516
62716,47
62716,79132
62716,1288
62716,4027
62716,50
62716,858
62716,54503
62716,4973
62716,4963
44156,1208
44156,79132
44156,260
44156,2329
44156,4226
44156,318
44156,1198
44156,1136
44156,111
44156,2762
119639,260
119639,33493
119639,3300
119639,44191
119639,59315
119639,6365
119639,69526
119639,5378
119639,34405
119639,5944
48550,6874
48550,110
48550,318
48550,4226
48550,32
48550,7153
48550,50
48550,858
48550,4963
48550,2712
86564,2762
86564,3793
86564,50
86564,318
86564,527
86564,5952
86564,3996
86564,1704
86564,593
86564,4306
90730,1370
90730,480
90730,1208
90730,356
90730,4865
90730,1193
90730,4226
90730,316
90730,3868
90730,1645
76181,2571
76181,50
76181,1213
76181,296
76181,1193
76181,2762
76181,7361
76181,1
76181,4973
76181,47610
78792,318
78792,5445
78792,1198
78792,44191
78792,2571
78792,2329
78792,7438
78792,5418
78792,4226
78792,733
69566,47
69566,260
69566,296
69566,32
69566,44191
69566,541
69566,6350
69566,2329
69566,48516
69566,2028
125514,49530
125514,1101
125514,33166
125514,2542
125514,3147
125514,1682
125514,165
125514,4973
125514,70286
125514,1193
50169,2324
50169,2858
50169,4878
50169,7153
50169,3910
50169,593
50169,47
50169,551
50169,1206
50169,63082
15418,50658
15418,7256
15418,34405
15418,55820
15418,54286
15418,48774
15418,39292
15418,48394
15418,40819
15418,39381
125288,60069
125288,2858
125288,4226
125288,296
125288,3481
125288,7147
125288,2395
125288,1136
125288,608
125288,2571
66544,35836
66544,41566
66544,34332
66544,7293
66544,45499
66544,33166
66544,32019
66544,34319
66544,34048
66544,33004
37814,2571
37814,1387
37814,2797
37814,1258
37814,260
37814,1101
37814,2502
37814,1206
37814,2529
37814,2716
36255,7438
36255,3147
36255,50
36255,4993
36255,4226
36255,4963
36255,5989
36255,778
36255,3949
36255,1089
112211,50872
112211,58559
112211,81847
112211,5816
112211,8368
112211,364
112211,595
112211,3114
112211,76093
112211,919
40761,33166
40761,56367
40761,63082
40761,35836
40761,57669
40761,8949
40761,51884
40761,69481
40761,55820
40761,67087
137202,25940
137202,63876
137202,41997
137202,27721
137202,52281
137202,67087
137202,34153
137202,54997
137202,8740
137202,64839
17888,89745
17888,96610
17888,293
17888,2329
17888,1682
17888,47610
17888,1527
17888,38061
17888,6016
17888,31696
34160,480
34160,2571
34160,1136
34160,296
34160,318
34160,1265
34160,1291
34160,589
34160,1704
34160,1961
11761,1213
11761,922
11761,32587
11761,58559
11761,79132
11761,1263
11761,105844
11761,33166
11761,2571
11761,89118
33550,1210
33550,50
33550,2571
33550,68157
33550,60069
33550,68954
33550,1193
33550,4226
33550,3421
33550,1206
12796,1240
12796,589
12796,1089
12796,356
12796,44191
12796,2858
12796,1206
12796,1214
12796,1233
12796,7022
71409,4886
71409,1270
71409,6377
71409,648
71409,49272
71409,527
71409,8665
71409,2987
71409,150
71409,1258
94930,593
94930,1200
94930,1199
94930,1219
94930,1997
94930,296
94930,3471
94930,2959
94930,904
94930,1387
80127,4306
80127,36529
80127,3535
80127,5418
80127,2700
80127,1884
80127,288
80127,49272
80127,2997
80127,1466
34474,1210
34474,589
34474,2329
34474,733
34474,47
34474,33794
34474,2700
34474,4776
34474,1291
34474,1136
128398,457
128398,2716
128398,1285
128398,4246
128398,1265
128398,318
128398,1784
128398,339
128398,6942
128398,63082
105115,79132
105115,73017
105115,1527
105115,91542
105115,106487
105115,1270
105115,60684
105115,3578
105115,3996
105115,2324
99286,50
99286,7438
99286,356
99286,3949
99286,7361
99286,4011
99286,32587
99286,33794
99286,111
99286,6188
136649,47
136649,1210
136649,7361
136649,2959
136649,1259
136649,1220
136649,858
136649,1193
136649,8784
136649,4993
117708,5690
117708,3949
117708,1208
117708,4226
117708,32587
117708,61240
117708,1213
117708,6711
117708,1274
117708,68237
79321,608
79321,356
79321,4886
79321,4306
79321,539
79321,318
79321,440
79321,6539
79321,3481
79321,300
59849,32
59849,8961
59849,1036
59849,4973
59849,1270
59849,55820
59849,5989
59849,54286
59849,44195
59849,778
22379,34405
22379,48774
22379,48394
22379,8874
22379,1215
22379,1265
22379,3175
22379,1197
22379,2916
22379,47997
52623,296
52623,2959
52623,924
52623,1206
52623,750
52623,6711
52623,7387
52623,1222
52623,7438
52623,6502
131032,44191
131032,39292
131032,1704
131032,2791
131032,2918
131032,5989
131032,909
131032,8784
131032,44199
131032,3671
57067,8961
57067,46578
57067,8360
57067,5445
57067,2324
57067,48394
57067,2959
57067,63082
57067,356
57067,55442
109950,150
109950,1240
109950,110
109950,1704
109950,260
109950,165
109950,8961
109950,2115
109950,1222
109950,3147
98700,46976
98700,50
98700,2858
98700,2329
98700,56367
98700,7361
98700,1222
98700,57669
98700,63082
98700,593
58983,50
58983,2571
58983,1704
58983,2997
58983,5952
58983,1193
58983,1198
58983,1221
58983,1270
58983,2028
114720,1032
114720,64957
114720,2355
114720,8961
114720,50872
114720,1136
114720,5618
114720,5444
114720,69122
114720,59315
71248,1210
71248,1222
71248,1198
71248,296
71248,4011
71248,2329
71248,48516
71248,1270
71248,593
71248,1221
119295,6377
119295,1265
119295,2762
119295,318
119295,1246
119295,1580
119295,593
119295,6539
119295,17
119295,1527
119838,78499
119838,6539
119838,97913
119838,59784
119838,1291
119838,50872
119838,1
119838,106696
119838,91529
119838,3114
25449,33794
25449,5618
25449,293
25449,2858
25449,48394
25449,47
25449,2329
25449,74458
25449,60069
25449,7361
110827,6942
110827,72011
110827,44195
110827,89864
110827,318
110827,79242
110827,86882
110827,55269
110827,88810
110827,2959
90361,110
90361,4226
90361,1210
90361,2791
90361,919
90361,1215
90361,4886
90361,4306
90361,5349
90361,1219
79361,58559
79361,5989
79361,79132
79361,2858
79361,1193
79361,1221
79361,92259
79361,4973
79361,1610
79361,60069
31921,5481
31921,589
31921,54503
31921,344
31921,33794
31921,8874
31921,3785
31921,54272
31921,4886
31921,79702
50313,7361
50313,5971
50313,1197
50313,4973
50313,2571
50313,4993
50313,2959
50313,1682
50313,356
50313,7153
55957,2858
55957,1240
55957,527
55957,2329
55957,2959
55957,4011
55957,3578
55957,32
55957,44191
55957,4973
124788,44191
124788,7099
124788,2959
124788,1198
124788,4973
124788,34405
124788,1270
124788,1527
124788,4027
124788,2858
2826,6377
2826,364
2826,1721
2826,4226
2826,593
2826,1
2826,33794
2826,7147
2826,63082
2826,5989
44508,318
44508,778
44508,260
44508,2571
44508,1527
44508,527
44508,4973
44508,6711
44508,2762
44508,68157
113473,4306
113473,6539
113473,50872
113473,6377
113473,4995
113473,318
113473,56367
113473,40815
113473,8368
113473,1197
51009,6874
51009,1732
51009,1206
51009,48780
51009,7361
51009,44191
51009,7438
51009,74458
51009,5608
51009,288
67560,4226
67560,7438
67560,5952
67560,296
67560,4993
67560,318
67560,5971
67560,7361
67560,527
67560,4995
112035,2203
112035,2204
112035,908
112035,1212
112035,2066
112035,4226
112035,2208
112035,2202
112035,5544
112035,7013
42888,1022
42888,2080
42888,2125
42888,8368
42888,5816
42888,7451
42888,1721
42888,36525
42888,4896
42888,339
7754,3039
7754,71535
7754,2115
7754,2918
7754,112852
7754,102125
7754,108932
7754,3671
7754,296
7754,96079
113480,858
113480,1617
113480,750
113480,1732
113480,608
113480,296
113480,4027
113480,593
113480,1089
113480,32
126619,2571
126619,51662
126619,2959
126619,2028
126619,5010
126619,527
126619,53000
126619,36529
126619,296
126619,5903
123512,356
123512,527
123512,5952
123512,4993
123512,7153
123512,1213
123512,2858
123512,3147
123512,293
123512,1221
46293,356
46293,110
46293,1208
46293,7361
46293,32587
46293,3996
46293,1193
46293,3578
46293,750
46293,1265
106348,2606
106348,53000
106348,44828
106348,2012
106348,2028
106348,2174
106348,4878
106348,2011
106348,1240
106348,8641
135937,380
135937,1721
135937,2959
135937,318
135937,1485
135937,586
135937,34162
135937,3253
135937,7438
135937,6874
28429,3578
28429,4855
28429,858
28429,3753
28429,1266
28429,1272
28429,541
28429,1213
28429,1374
28429,2728
11096,1704
11096,1198
11096,2858
11096,1265
11096,3578
11096,590
11096,593
11096,165
11096,648
11096,1580
35298,5952
35298,4973
35298,953
35298,356
35298,2804
35298,2571
35298,4886
35298,6539
35298,2858
35298,2959
41215,56788
41215,49530
41215,48774
41215,89492
41215,81845
41215,74545
41215,64620
41215,43376
41215,81641
41215,52604
8540,5445
8540,293
8540,1213
8540,527
8540,32587
8540,10
8540,380
8540,1208
8540,8798
8540,608
111729,1089
111729,2762
111729,260
111729,50
111729,110
111729,4993
111729,2028
111729,1210
111729,3578
111729,6016
83331,6971
83331,25771
83331,32943
83331,8507
83331,6807
83331,6126
83331,25774
83331,7983
83331,7934
83331,49394
28559,858
28559,1222
28559,296
28559,1200
28559,1214
28559,1208
28559,1089
28559,1203
28559,8340
28559,5952
45386,47
45386,1961
45386,589
45386,3578
45386,480
45386,8961
45386,2959
45386,1246
45386,32
45386,597
58142,5445
58142,110
58142,2858
58142,2571
58142,2959
58142,454
58142,587
58142,4226
58142,8665
58142,5816
26779,1214
26779,858
26779,5445
26779,6711
26779,60069
26779,1198
26779,924
26779,6874
26779,40815
26779,44191
123870,1284
123870,1212
123870,7209
123870,1252
123870,910
123870,5291
123870,1247
123870,1230
123870,6650
123870,898
108429,2571
108429,2858
108429,2959
108429,47
108429,4226
108429,356
108429,165
108429,32
108429,8798
108429,33794
29217,4235
29217,1213
29217,2858
29217,912
29217,55820
29217,32
29217,1729
29217,3083
29217,1682
29217,71033
94042,33794
94042,58559
94042,1704
94042,3477
94042,44191
94042,2329
94042,47
94042,4963
94042,6539
94042,261
20790,2762
20790,1089
20790,2571
20790,4226
20790,111
20790,50
20790,32
20790,5954
20790,4720
20790,1258
130847,1617
130847,4226
130847,1961
130847,527
130847,593
130847,4011
130847,16
130847,2571
130847,5989
130847,6870
10422,296
10422,2028
10422,3578
10422,1198
10422,318
10422,2858
10422,4886
10422,1
10422,1270
10422,150
96386,1214
96386,1213
96386,1387
96386,1265
96386,296
96386,1193
96386,2028
96386,2918
96386,3147
96386,1221
136082,2858
136082,2762
136082,4886
136082,1517
136082,543
136082,1923
136082,1704
136082,2797
136082,542
136082,5265
94337,914
94337,955
94337,969
94337,899
94337,4027
94337,3996
94337,4886
94337,953
94337,908
94337,923
48807,50
48807,908
48807,1247
48807,1387
48807,1240
48807,2997
48807,1291
48807,1258
48807,1784
48807,7361
115511,778
115511,7361
115511,858
115511,308
115511,924
115511,1251
115511,4226
115511,923
115511,527
115511,593
57940,2959
57940,1
57940,318
57940,47
57940,5952
57940,4993
57940,2762
57940,3114
57940,7153
57940,59784
134209,150
134209,1222
134209,750
134209,592
134209,1210
134209,1704
134209,924
134209,7361
134209,1197
134209,4878
100102,5995
100102,2858
100102,4306
100102,3083
100102,5878
100102,8873
100102,1097
100102,1721
100102,2324
100102,1028
54214,2959
54214,79132
54214,2502
54214,112852
54214,1036
54214,4816
54214,48385
54214,1222
54214,4878
54214,56367
92787,1127
92787,1136
92787,1610
92787,5445
92787,2985
92787,2529
92787,2959
92787,1193
92787,912
92787,6874
25538,2329
25538,44191
25538,48516
25538,3578
25538,110
25538,2762
25538,3147
25538,4963
25538,3949
25538,1
136656,7153
136656,4993
136656,47
136656,50
136656,4963
136656,1961
136656,5989
136656,5952
136656,2329
136656,8665
4705,7444
4705,49286
4705,539
4705,7293
4705,4018
4705,36525
4705,31433
4705,4992
4705,5943
4705,2485
128099,79132
128099,2858
128099,1221
128099,778
128099,48516
128099,527
128099,4973
128099,32
128099,68157
128099,4235
88807,597
88807,6539
88807,4963
88807,2571
88807,34162
88807,2424
88807,31685
88807,4018
88807,8533
88807,49286
33182,49272
33182,44694
33182,30749
33182,33166
33182,8873
33182,40583
33182,41285
33182,30707
33182,45720
33182,27721
756,4973
756,2959
756,7361
756,46578
756,32587
756,8784
756,318
756,61323
756,2571
756,4011
46970,4993
46970,364
46970,1270
46970,7153
46970,6539
46970,5952
46970,1961
46970,2692
46970,1721
46970,50
99314,2571
99314,318
99314,2959
99314,49272
99314,54286
99314,58998
99314,356
99314,67087
99314,44665
99314,48516
134150,4025
134150,69406
134150,8360
134150,4896
134150,56152
134150,81834
134150,588
134150,1721
134150,69122
134150,72998
86639,32587
86639,55820
86639,2951
86639,6796
86639,1219
86639,1193
86639,48516
86639,2692
86639,750
86639,904
100699,4993
100699,4306
100699,8970
100699,356
100699,50872
100699,7153
100699,1
100699,64957
100699,86882
100699,5952
55556,3499
55556,1991
55556,589
55556,1476
55556,328
55556,366
55556,2120
55556,923
55556,1278
55556,22
85515,333
85515,5989
85515,858
85515,592
85515,2470
85515,2291
85515,1221
85515,293
85515,1079
85515,1276
21519,1997
21519,1198
21519,1994
21519,2571
21519,1136
21519,296
21519,1333
21519,1258
21519,1215
21519,7153
92092,70286
92092,80463
92092,1089
92092,2023
92092,2028
92092,5989
92092,5956
92092,81932
92092,44665
92092,3147
96370,8951
96370,27878
96370,37855
96370,8970
96370,6216
96370,25827
96370,942
96370,53894
96370,47423
96370,37240
69378,2916
69378,1285
69378,2761
69378,6333
69378,1394
69378,5291
69378,440
69378,1203
69378,1912
69378,2076
28781,2502
28781,1200
28781,4878
28781,1214
28781,55820
28781,608
28781,2858
28781,68157
28781,3275
28781,1198
91983,2959
91983,4973
91983,858
91983,8961
91983,50
91983,5349
91983,3996
91983,260
91983,7438
91983,608
107946,590
107946,380
107946,2858
107946,2716
107946,527
107946,6
107946,5952
107946,592
107946,25
107946,292
119685,61248
119685,68205
119685,4963
119685,51935
119685,67923
119685,54999
119685,33679
119685,145
119685,8984
119685,2571
110423,1197
110423,2571
110423,58559
110423,2762
110423,527
110423,7502
110423,89745
110423,63082
110423,1198
110423,296
117541,59315
117541,46976
117541,44195
117541,56367
117541,35836
117541,58559
117541,33166
117541,38061
117541,60069
117541,34405
122557,69604
122557,1206
122557,79132
122557,1258
122557,69951
122557,1884
122557,52952
122557,2858
122557,111
122557,82242
16835,1197
16835,1968
16835,34162
16835,2423
16835,2571
16835,1923
16835,104
16835,1101
16835,480
16835,1265
35153,4226
35153,99114
35153,2571
35153,318
35153,431
35153,32
35153,2542
35153,4011
35153,47
35153,1732
24272,1240
24272,1200
24272,4262
24272,1625
24272,1263
24272,1466
24272,1221
24272,1266
24272,56782
24272,1198
79226,4306
79226,49272
79226,8368
79226,2028
79226,8644
79226,6377
79226,33794
79226,364
79226,8665
79226,527
19566,99114
19566,55820
19566,53125
19566,33615
19566,78499
19566,69306
19566,527
19566,64614
19566,36529
19566,96079
82991,79132
82991,318
82991,111
82991,260
82991,1196
82991,1210
82991,5952
82991,1263
82991,4262
82991,6440
102599,86332
102599,91529
102599,51255
102599,48394
102599,96610
102599,54259
102599,33004
102599,91630
102599,106696
102599,95510
133041,2762
133041,858
133041,1240
133041,5952
133041,2571
133041,2858
133041,48516
133041,1222
133041,231
133041,2716
92819,91529
92819,589
92819,356
92819,3916
92819,69122
92819,165
92819,53996
92819,6539
92819,73017
92819,3275
46575,40815
46575,65261
46575,4896
46575,8961
46575,4306
46575,4886
46575,68954
46575,37729
46575,2959
46575,54001
107572,25940
107572,38061
107572,44199
107572,41569
107572,30793
107572,31878
107572,33166
107572,7215
107572,41285
107572,6920
45729,7361
45729,44191
45729,8784
45729,44199
45729,45728
45729,48385
45729,33166
45729,38061
45729,51255
45729,6708
20831,1374
20831,2716
20831,924
20831,1274
20831,1288
20831,592
20831,1215
20831,919
20831,1258
20831,5971
64917,4973
64917,912
64917,32587
64917,4226
64917,1704
64917,32
64917,223
64917,5989
64917,1527
64917,5618
138212,33794
138212,59315
138212,58559
138212,2571
138212,318
138212,51540
138212,32
138212,5903
138212,2329
138212,6502
38354,68358
38354,46578
38354,54503
38354,48780
38354,46976
38354,356
38354,2571
38354,51662
38354,76251
38354,53322
107136,7361
107136,2329
107136,4776
107136,99114
107136,293
107136,94959
107136,74458
107136,356
107136,6502
107136,44191
42539,356
42539,4226
42539,318
42539,6016
42539,1206
42539,1208
42539,3160
42539,3949
42539,50
42539,2762
88376,364
88376,1580
88376,8961
88376,41569
88376,1917
88376,3578
88376,5349
88376,6377
88376,2617
88376,356
22838,7153
22838,5952
22838,50
22838,1198
22838,110
22838,58559
22838,47
22838,344
22838,589
22838,1136
113624,4878
113624,2959
113624,2858
113624,7361
113624,1968
113624,5377
113624,318
113624,2918
113624,337
113624,296
90453,4226
90453,74458
90453,3949
90453,593
90453,63082
90453,318
90453,858
90453,6953
90453,48394
90453,4973
66922,587
66922,2571
66922,356
66922,480
66922,597
66922,45722
66922,2005
66922,2959
66922,1917
66922,5679
24519,1210
24519,110
24519,590
24519,1196
24519,1374
24519,2716
24519,480
24519,1101
24519,364
24519,2028
123444,4306
123444,8533
123444,2006
123444,49530
123444,3992
123444,4995
123444,48304
123444,5872
123444,858
123444,364
38125,4878
38125,79132
38125,7361
38125,63082
38125,88810
38125,106487
38125,4973
38125,44974
38125,69844
38125,40815
49798,59784
49798,60074
49798,8972
49798,64969
49798,50872
49798,56174
49798,58803
49798,46972
49798,49278
49798,63082
78284,6377
78284,5349
78284,2081
78284,1580
78284,4963
78284,1101
78284,2396
78284,500
78284,356
78284,1035
10083,1527
10083,1198
10083,3578
10083,1580
10083,6539
10083,1036
10083,1682
10083,1265
10083,2858
10083,2628
12440,47
12440,7153
12440,296
12440,4993
12440,2571
12440,7361
12440,32
12440,2329
12440,4878
12440,253
103470,47610
103470,53996
103470,42738
103470,36525
103470,46530
103470,56367
103470,49530
103470,44191
103470,80860
103470,80549
48236,1197
48236,1198
48236,1230
48236,2819
48236,3072
48236,2406
48236,1278
48236,2571
48236,898
48236,1291
85095,480
85095,6539
85095,47
85095,2571
85095,6378
85095,593
85095,8644
85095,6
85095,1608
85095,1210
121001,1527
121001,500
121001,7153
121001,5952
121001,4993
121001,1246
121001,2324
121001,1291
121001,2959
121001,337
31751,1219
31751,2762
31751,260
31751,7153
31751,293
31751,288
31751,48774
31751,589
31751,1210
31751,1291
13776,2571
13776,7153
13776,48516
13776,6874
13776,3578
13776,56367
13776,4011
13776,33166
13776,44195
13776,1089
75411,52435
75411,6539
75411,1
75411,68954
75411,59784
75411,4886
75411,1025
75411,2085
75411,5618
75411,56152
51791,2396
51791,50
51791,648
51791,593
51791,590
51791,8961
51791,2858
51791,8665
51791,60069
51791,527
26967,44665
26967,8957
26967,8950
26967,8981
26967,7254
26967,8784
26967,33437
26967,7360
26967,8836
26967,8970
6007,296
6007,3897
6007,2997
6007,7361
6007,1968
6007,39
6007,2959
6007,778
6007,6874
6007,356
4525,4306
4525,595
4525,1197
4525,4993
4525,5952
4525,588
4525,1
4525,5299
4525,356
4525,8368
106002,4226
106002,1193
106002,7361
106002,2858
106002,293
106002,68954
106002,99114
106002,47
106002,858
106002,593
67637,296
67637,4995
67637,593
67637,4226
67637,2959
67637,4878
67637,47
67637,7153
67637,1193
67637,110
63081,1089
63081,356
63081,58559
63081,79132
63081,47
63081,296
63081,3949
63081,1213
63081,110
63081,48516
39629,5459
39629,6564
39629,5313
39629,6058
39629,8985
39629,6377
39629,31696
39629,8907
39629,6754
39629,5507
13572,5954
13572,8950
13572,318
13572,6016
13572,55290
13572,1617
13572,1704
13572,96811
13572,49272
13572,4262
31606,68157
31606,356
31606,69122
31606,3147
31606,2571
31606,364
31606,593
31606,59315
31606,59369
31606,8957
60444,6377
60444,5445
60444,4720
60444,2762
60444,32
60444,2600
60444,2324
60444,4370
60444,2858
60444,6323
70527,3421
70527,344
70527,2124
70527,5810
70527,8641
70527,3897
70527,19
70527,32
70527,216
70527,1214
88805,68157
88805,81834
88805,26776
88805,66097
88805,63082
88805,32587
88805,64957
88805,7022
88805,7254
88805,72998
91884,2571
91884,2959
91884,2858
91884,1704
91884,6942
91884,4995
91884,5446
91884,7139
91884,3911
91884,2329
30126,356
30126,296
30126,58559
30126,4973
30126,2858
30126,2329
30126,60069
30126,318
30126,3578
30126,33794
39804,4993
39804,3949
39804,6016
39804,1196
39804,223
39804,1527
39804,1265
39804,3996
39804,6711
39804,480
138232,8961
138232,59315
138232,593
138232,6377
138232,2502
138232,1517
138232,4896
138232,1222
138232,50
138232,4011
59439,858
59439,356
59439,2028
59439,7153
59439,4993
59439,33794
59439,3039
59439,4963
59439,1704
59439,50
72330,47
72330,1270
72330,527
72330,2959
72330,3527
72330,32
72330,1240
72330,2455
72330,2762
72330,2329
66712,33834
66712,55820
66712,68358
66712,52281
66712,71535
66712,54995
66712,49272
66712,68237
66712,223
66712,5833
69256,4306
69256,2193
69256,1527
69256,1291
69256,6377
69256,1967
69256,30793
69256,356
69256,26662
69256,5816
66868,7361
66868,1193
66868,1196
66868,1278
66868,4886
66868,593
66868,1080
66868,2571
66868,4973
66868,1
99590,46578
99590,909
99590,1247
99590,955
99590,39292
99590,3481
99590,1252
99590,3317
99590,916
99590,903
57740,2858
57740,318
57740,296
57740,2959
57740,32
57740,253
57740,480
57740,2329
57740,3578
57740,4878
12036,1
12036,4886
12036,3751
12036,4016
12036,2059
12036,6377
12036,4306
12036,2687
12036,44022
12036,661
106705,79132
106705,2571
106705,2762
106705,903
106705,480
106705,593
106705,48516
106705,58559
106705,2028
106705,1625
9539,1
9539,5299
9539,1307
9539,4306
9539,364
9539,595
9539,2081
9539,1923
9539,4246
9539,2706
58688,2858
58688,47
58688,5952
58688,1210
58688,527
58688,3578
58688,1270
58688,1
58688,1291
58688,2716
63074,1029
63074,1032
63074,2085
63074,1282
63074,1035
63074,914
63074,5218
63074,5952
63074,7153
63074,4993
120675,89745
120675,76093
120675,593
120675,78499
120675,318
120675,68157
120675,1291
120675,7361
120675,59315
120675,48516
76229,1
76229,4226
76229,2762
76229,588
76229,4993
76229,6874
76229,608
76229,1265
76229,1240
76229,6539
14246,8961
14246,49530
14246,51662
14246,5218
14246,49272
14246,48780
14246,4022
14246,1
14246,44191
14246,5010
39142,3730
39142,1949
39142,1247
39142,858
39142,8228
39142,608
39142,3504
39142,899
39142,1221
39142,1189
115996,293
115996,1198
115996,1196
115996,260
115996,541
115996,5618
115996,1193
115996,2028
115996,27773
115996,7361
7989,541
7989,296
7989,1682
7989,356
7989,4226
7989,4027
7989,50
7989,2692
7989,2028
7989,551
24389,2858
24389,356
24389,2571
24389,1193
24389,858
24389,1704
24389,608
24389,150
24389,457
24389,1
15934,58559
15934,8874
15934,3421
15934,296
15934,2959
15934,2002
15934,4085
15934,2571
15934,2502
15934,2791
48715,26150
48715,8154
48715,7820
48715,26151
48715,44694
48715,7327
48715,41285
48715,33166
48715,3089
48715,8949
111787,6947
111787,3753
111787,8961
111787,364
111787,2420
111787,45517
111787,3827
111787,2078
111787,50872
111787,2716
16270,54286
16270,44199
16270,49278
16270,48780
16270,33166
16270,27821
16270,41285
16270,30749
16270,49772
16270,32029
96913,3418
96913,2329
96913,7438
96913,6953
96913,5418
96913,3176
96913,357
96913,5669
96913,541
96913,7090
2402,367
2402,6539
2402,6377
2402,6373
2402,4306
2402,8360
2402,5445
2402,5349
2402,5218
2402,5459
12943,51662
12943,4226
12943,1270
12943,318
12943,165
12943,44191
12943,2916
12943,55820
12943,50
12943,1258
39104,4306
39104,7482
39104,5349
39104,2959
39104,1036
39104,4011
39104,33493
39104,2918
39104,5445
39104,1197
88295,4963
88295,6539
88295,2572
88295,4995
88295,356
88295,480
88295,8533
88295,4896
88295,3578
88295,60069
100841,4306
100841,527
100841,50
100841,356
100841,2858
100841,4993
100841,6711
100841,1721
100841,5816
100841,7153
82585,2762
82585,457
82585,527
82585,3362
82585,1219
82585,4262
82585,1663
82585,110
82585,1265
82585,1079
65527,2918
65527,316
65527,56174
65527,3578
65527,2012
65527,3052
65527,1097
65527,592
65527,1073
65527,1320
120572,89470
120572,71535
120572,2395
120572,52281
120572,4886
120572,67087
120572,97913
120572,2762
120572,1214
120572,2580
115154,908
115154,608
115154,912
115154,1247
115154,858
115154,923
115154,1230
115154,2858
115154,1252
115154,903
37734,923
37734,4027
37734,2997
37734,750
37734,260
37734,1089
37734,1193
37734,527
37734,1221
37734,356
128901,356
128901,1387
128901,1225
128901,1333
128901,3471
128901,1183
128901,1097
128901,858
128901,912
128901,923
34343,1527
34343,3793
34343,1270
34343,8961
34343,47
34343,1196
34343,1036
34343,59315
34343,593
34343,2542
77474,1210
77474,2571
77474,318
77474,4973
77474,356
77474,48394
77474,2762
77474,81845
77474,70286
77474,110
82889,4226
82889,1527
82889,4848
82889,4027
82889,1653
82889,1247
82889,223
82889,7419
82889,858
82889,293
33981,1589
33981,48516
33981,590
33981,2474
33981,26242
33981,4008
33981,1127
33981,3386
33981,1222
33981,608
39156,1
39156,6016
39156,4973
39156,5618
39156,45183
39156,2571
39156,296
39156,55442
39156,31658
39156,60069
21805,2571
21805,4306
21805,1270
21805,3578
21805,4973
21805,296
21805,590
21805,1641
21805,3996
21805,32
57959,3505
57959,1228
57959,1625
57959,1396
57959,1682
57959,3386
57959,3868
57959,2539
57959,1321
57959,5349
92642,2918
92642,4306
92642,1387
92642,4963
92642,589
92642,1259
92642,454
92642,474
92642,1193
92642,2959
66209,1961
66209,6711
66209,288
66209,63082
66209,2692
66209,1704
66209,2011
66209,3147
66209,6874
66209,46578
13434,8961
13434,4963
13434,1270
13434,4306
13434,3897
13434,3948
13434,8376
13434,1673
13434,3671
13434,1036
30039,3986
30039,2762
30039,150
30039,1580
30039,733
30039,2716
30039,1196
30039,1198
30039,292
30039,110
10964,6711
10964,5618
10964,1193
10964,1206
10964,55820
10964,593
10964,7323
10964,48774
10964,56782
10964,8873
28030,1210
28030,1250
28030,593
28030,2858
28030,1945
28030,296
28030,1213
28030,924
28030,1207
28030,1240
14178,4025
14178,33815
14178,44193
14178,2572
14178,91104
14178,6155
14178,81847
14178,7380
14178,1022
14178,1367
79956,2648
79956,2728
79956,8337
79956,1340
79956,919
79956,2366
79956,2947
79956,903
79956,2398
79956,3062
102627,69757
102627,53123
102627,318
102627,3481
102627,5902
102627,46976
102627,8970
102627,899
102627,48394
102627,915
106822,8665
106822,5418
106822,165
106822,377
106822,2028
106822,589
106822,49272
106822,44665
106822,4886
106822,5445
86721,110
86721,6539
86721,33794
86721,8983
86721,3996
86721,1198
86721,6283
86721,1
86721,26662
86721,2959
127241,110
127241,1136
127241,3996
127241,4993
127241,1196
127241,33794
127241,4011
127241,50
127241,8874
127241,4306
26708,778
26708,48394
26708,48780
26708,2502
26708,551
26708,2918
26708,35836
26708,608
26708,51091
26708,1219
70788,4226
70788,2329
70788,2959
70788,3481
70788,3949
70788,1259
70788,2997
70788,4979
70788,778
70788,5669
65275,265
65275,345
65275,357
65275,2671
65275,2407
65275,5299
65275,1777
65275,2100
65275,105
65275,6711
76710,34405
76710,541
76710,29
76710,1199
76710,50
76710,27611
76710,4226
76710,58559
76710,1500
76710,2248
3381,6377
3381,4306
3381,39183
3381,2706
3381,4022
3381,318
3381,2396
3381,55052
3381,8665
3381,5418
94150,6377
94150,2115
94150,539
94150,3448
94150,2671
94150,509
94150,2692
94150,858
94150,4246
94150,1653
9077,63072
9077,56145
9077,57669
9077,8950
9077,1222
9077,6502
9077,48516
9077,296
9077,4226
9077,57274
85202,2571
85202,5377
85202,4993
85202,2396
85202,2081
85202,2762
85202,5952
85202,5299
85202,1246
85202,261
103874,4226
103874,1213
103874,48516
103874,527
103874,356
103874,1
103874,5989
103874,1097
103874,4022
103874,1387
95500,5952
95500,4993
95500,7153
95500,2571
95500,4896
95500,49272
95500,1270
95500,4886
95500,6377
95500,8961
100036,527
100036,4886
100036,4995
100036,318
100036,2324
100036,58559
100036,8961
100036,106782
100036,86882
100036,97304
80061,6539
80061,3578
80061,1262
80061,589
80061,4326
80061,1221
80061,750
80061,2918
80061,47
80061,2692
106067,1210
106067,2918
106067,593
106067,2762
106067,296
106067,47
106067,2858
106067,1136
106067,50
106067,903
50217,858
50217,1230
50217,7361
50217,1292
50217,3362
50217,1252
50217,908
50217,4973
50217,1207
50217,1203
87179,111
87179,593
87179,2291
87179,296
87179,1089
87179,4226
87179,551
87179,56367
87179,541
87179,7147
118482,1270
118482,356
118482,72998
118482,6539
118482,78499
118482,588
118482,60069
118482,68954
118482,1907
118482,3114
8441,2502
8441,1136
8441,377
8441,2321
8441,1608
8441,5299
8441,2763
8441,4011
8441,7438
8441,49272
80800,1213
80800,296
80800,110
80800,58559
80800,3578
80800,527
80800,1201
80800,68157
80800,2329
80800,59315
65368,4226
65368,293
65368,6539
65368,356
65368,4306
65368,2959
65368,1580
65368,47
65368,4973
65368,1214
136200,1953
136200,55820
136200,296
136200,8340
136200,55765
136200,4262
136200,1222
136200,1208
136200,49530
136200,527
87163,1197
87163,1208
87163,1265
87163,1220
87163,1097
87163,4027
87163,1193
87163,16
87163,3098
87163,1387
127607,47
127607,50
127607,318
127607,4226
127607,5377
127607,904
127607,1968
127607,2918
127607,593
127607,3897
82478,593
82478,318
82478,260
82478,2762
82478,3578
82478,780
82478,47
82478,3793
82478,8636
82478,4993
119430,2571
119430,27773
119430,608
119430,1260
119430,50
119430,3470
119430,318
119430,32
119430,5952
119430,7153
29690,48516
29690,48774
29690,4993
29690,55820
29690,3578
29690,1208
29690,6502
29690,6016
29690,5418
29690,7153
78922,3751
78922,31658
78922,1
78922,3114
78922,1210
78922,6539
78922,4306
78922,3000
78922,5952
78922,7090
111235,35836
111235,2502
111235,58998
111235,1210
111235,356
111235,1213
111235,2329
111235,50
111235,51255
111235,4226
2224,46578
2224,1221
2224,7361
2224,608
2224,296
2224,2997
2224,3949
2224,4993
2224,6711
2224,58559
83226,7502
83226,1207
83226,1197
83226,79132
83226,318
83226,919
83226,1210
83226,912
83226,356
83226,593
115219,4306
115219,1270
115219,3114
115219,2797
115219,1097
115219,1682
115219,480
115219,364
115219,356
115219,4973
40194,2571
40194,2706
40194,593
40194,231
40194,49530
40194,48516
40194,5989
40194,33166
40194,48385
40194,165
16635,4306
16635,8961
16635,7361
16635,7147
16635,49272
16635,7143
16635,8784
16635,47
16635,5618
16635,5445
84980,5952
84980,296
84980,260
84980,1196
84980,1221
84980,1197
84980,47
84980,356
84980,1089
84980,2502
136187,30749
136187,49530
136187,6870
136187,4226
136187,37741
136187,1617
136187,55276
136187,2858
136187,2762
136187,44199
128066,593
128066,356
128066,296
128066,42725
128066,2858
128066,110
128066,333
128066,48516
128066,4226
128066,51662
100999,1196
100999,64614
100999,3578
100999,1136
100999,110
100999,68358
100999,8961
100999,1210
100999,1242
100999,1262
64313,908
64313,1235
64313,3504
64313,1175
64313,922
64313,903
64313,7361
64313,1256
64313,25771
64313,2502
109025,2762
109025,480
109025,6377
109025,1136
109025,1210
109025,2858
109025,8636
109025,780
109025,7361
109025,2683
47088,1196
47088,1210
47088,260
47088,356
47088,318
47088,2944
47088,2028
47088,1207
47088,524
47088,4047
12867,59315
12867,5903
12867,6378
12867,91630
12867,48780
12867,1580
12867,72998
12867,47610
12867,296
12867,780
117705,54286
117705,44191
117705,318
117705,30749
117705,8644
117705,5064
117705,44199
117705,51080
117705,33166
117705,46530
54724,52328
54724,27611
54724,5944
54724,356
54724,5445
54724,6333
54724,6365
54724,68358
54724,60069
54724,91500
37697,58559
37697,5816
37697,2502
37697,34405
37697,1198
37697,260
37697,33679
37697,2959
37697,7153
37697,68358
43109,1270
43109,296
43109,1198
43109,1214
43109,1291
43109,4993
43109,356
43109,380
43109,2683
43109,4306
106321,6155
106321,1380
106321,356
106321,35836
106321,31685
106321,6377
106321,56367
106321,39
106321,60756
106321,6942
46777,68358
46777,86332
46777,260
46777,59315
46777,76251
46777,71535
46777,44191
46777,49272
46777,47200
46777,93838
85949,541
85949,260
85949,1136
85949,1196
85949,4878
85949,2571
85949,2959
85949,293
85949,296
85949,5291
6945,8961
6945,6539
6945,2716
6945,318
6945,4306
6945,356
6945,2797
6945,457
6945,1968
6945,150
70706,59315
70706,80549
70706,58047
70706,5903
70706,66934
70706,84152
70706,91500
70706,88163
70706,96610
70706,58998
56029,4306
56029,750
56029,2858
56029,356
56029,2078
56029,923
56029,111
56029,1193
56029,1258
56029,47
86517,4886
86517,6377
86517,1270
86517,1097
86517,377
86517,3578
86517,2628
86517,2028
86517,4022
86517,595
126246,59315
126246,1704
126246,1240
126246,356
126246,589
126246,48516
126246,6377
126246,78499
126246,2628
126246,72998
85335,32
85335,2336
85335,260
85335,1
85335,2762
85335,480
85335,5816
85335,5377
85335,1721
85335,780
68179,648
68179,2716
68179,1527
68179,59315
68179,68157
68179,4963
68179,5989
68179,367
68179,4878
68179,150
55018,480
55018,5952
55018,110
55018,592
55018,4993
55018,1210
55018,1213
55018,364
55018,4226
55018,2997
44522,54286
44522,8665
44522,4886
44522,78499
44522,2355
44522,356
44522,59369
44522,80463
44522,2953
44522,377
38773,1380
38773,3969
38773,4993
38773,508
38773,110
38773,3148
38773,7361
38773,3259
38773,5952
38773,58559
47785,60069
47785,68954
47785,79132
47785,59315
47785,8961
47785,79091
47785,81847
47785,72356
47785,77561
47785,79702
134203,32
134203,858
134203,296
134203,1247
134203,4235
134203,6711
134203,1206
134203,1617
134203,1089
134203,47
102907,1258
102907,1261
102907,1215
102907,1222
102907,1241
102907,1255
102907,4754
102907,1350
102907,7360
102907,589
102607,32587
102607,1136
102607,1206
102607,1200
102607,1080
102607,2174
102607,1198
102607,1196
102607,6874
102607,4878
20495,4993
20495,1240
20495,1682
20495,7361
20495,4226
20495,1210
20495,1580
20495,780
20495,208
20495,2858
83720,8961
83720,239
83720,37729
83720,2291
83720,158
83720,2142
83720,74789
83720,30793
83720,8368
83720,76093
1789,50
1789,5989
1789,33660
1789,539
1789,33166
1789,1246
1789,4886
1789,6377
1789,377
1789,590
82418,47894
82418,78517
82418,55052
82418,27373
82418,69757
82418,6400
82418,91542
82418,41716
82418,89864
82418,37733
45751,1270
45751,480
45751,2762
45751,2571
45751,4226
45751,4878
45751,47
45751,58559
45751,2072
45751,1197
20526,2329
20526,4878
20526,5971
20526,2959
20526,68157
20526,551
20526,6350
20526,2858
20526,2571
20526,1136
72561,4226
72561,150
72561,1198
72561,260
72561,50
72561,527
72561,356
72561,2329
72561,457
72561,1193
121942,32
121942,1208
121942,111
121942,318
121942,110
121942,56782
121942,2858
121942,589
121942,750
121942,2762
121445,316
121445,47
121445,33794
121445,648
121445,2028
121445,32587
121445,733
121445,2683
121445,1370
121445,593
95257,733
95257,2683
95257,2706
95257,165
95257,1552
95257,380
95257,10
95257,442
95257,344
95257,19
116203,1961
116203,1291
116203,1198
116203,2762
116203,527
116203,5952
116203,4306
116203,593
116203,1136
116203,1270
20675,4886
20675,4973
20675,593
20675,858
20675,597
20675,588
20675,1961
20675,32
20675,6539
20675,1
106154,593
106154,1210
106154,1196
106154,1198
106154,318
106154,589
106154,2571
106154,480
106154,8368
106154,1270
45931,2571
45931,318
45931,356
45931,2858
45931,260
45931,1198
45931,3897
45931,6502
45931,1196
45931,2572
20848,527
20848,99114
20848,1266
20848,593
20848,1221
20848,50
20848,1291
20848,68157
20848,91529
20848,2329
118723,33166
118723,6942
118723,38038
118723,8368
118723,8961
118723,8464
118723,37741
118723,30793
118723,38886
118723,4246
124719,79091
124719,103335
124719,4886
124719,104211
124719,2291
124719,54503
124719,91500
124719,99114
124719,68954
124719,56757
134380,1682
134380,1080
134380,3703
134380,6807
134380,353
134380,2700
134380,6502
134380,4011
134380,110
134380,4878
65254,8957
65254,37720
65254,6880
65254,6058
65254,44397
65254,39446
65254,7360
65254,3273
65254,33495
65254,1717
133305,5952
133305,1210
133305,3793
133305,296
133305,7361
133305,32587
133305,8961
133305,318
133305,4993
133305,7153
12154,55820
12154,59315
12154,858
12154,34048
12154,1221
12154,48774
12154,44191
12154,8644
12154,3147
12154,1291
91548,593
91548,4226
91548,5952
91548,4993
91548,7153
91548,296
91548,3578
91548,47
91548,356
91548,4011
124633,608
124633,7934
124633,2712
124633,47
124633,296
124633,2750
124633,2022
124633,4226
124633,5147
124633,3812
4032,25771
4032,364
4032,3949
4032,7327
4032,778
4032,1732
4032,32
4032,1282
4032,1221
4032,1281
96378,1254
96378,40819
96378,1272
96378,3168
96378,8958
96378,8494
96378,3196
96378,48738
96378,3801
96378,1952
98408,7361
98408,2858
98408,593
98408,296
98408,1208
98408,55820
98408,1953
98408,1136
98408,1245
98408,47
9068,4226
9068,1198
9068,1210
9068,68157
9068,7361
9068,4878
9068,50
9068,904
9068,8874
9068,2858
72149,527
72149,593
72149,318
72149,64614
72149,2028
72149,1036
72149,2571
72149,150
72149,79132
72149,58559
2684,8368
2684,48780
2684,8644
2684,2918
2684,2502
2684,10
2684,5989
2684,1136
2684,1073
2684,71535
116526,60069
116526,49272
116526,36529
116526,31696
116526,3752
116526,49530
116526,8957
116526,2706
116526,7143
116526,4874
50957,589
50957,33794
50957,44191
50957,91529
50957,68358
50957,7502
50957,34405
50957,2393
50957,1240
50957,89745
9820,356
9820,593
9820,6377
9820,1
9820,4226
9820,1721
9820,364
9820,1682
9820,5349
9820,7361
25029,480
25029,51662
25029,296
25029,2959
25029,2571
25029,2762
25029,6539
25029,4306
25029,33794
25029,69122
31884,4034
31884,32
31884,2959
31884,7361
31884,5995
31884,293
31884,5445
31884,7090
31884,6773
31884,8973
65327,50
65327,2324
65327,318
65327,5971
65327,778
65327,2858
65327,750
65327,293
65327,5690
65327,1206
112628,5459
112628,2762
112628,3578
112628,4993
112628,45722
112628,356
112628,6539
112628,8984
112628,57368
112628,33679
60979,858
60979,1101
60979,1954
60979,2410
60979,1213
60979,3256
60979,50
60979,2278
60979,1287
60979,1777
116287,32587
116287,1198
116287,2542
116287,54997
116287,1245
116287,41997
116287,7076
116287,2579
116287,2511
116287,260
15616,70286
15616,2571
15616,7022
15616,48394
15616,33794
15616,1274
15616,110
15616,44191
15616,48774
15616,2019
42419,4973
42419,1197
42419,750
42419,1221
42419,912
42419,2858
42419,608
42419,7153
42419,4993
42419,48394
134565,500
134565,6377
134565,2716
134565,8360
134565,8784
134565,2858
134565,2797
134565,480
134565,45722
134565,4995
58637,2858
58637,2028
58637,457
58637,356
58637,2762
58637,377
58637,1196
58637,8961
58637,3996
58637,1210
19124,356
19124,296
19124,70286
19124,608
19124,1682
19124,4995
19124,593
19124,68157
19124,44555
19124,4848
13412,4226
13412,318
13412,2329
13412,1089
13412,2997
13412,2502
13412,778
13412,750
13412,4979
13412,924
93102,54286
93102,4022
93102,1222
93102,5445
93102,593
93102,3793
93102,79592
93102,1198
93102,7502
93102,89864
45182,3415
45182,5618
45182,1193
45182,2843
45182,4973
45182,3462
45182,213
45182,912
45182,1237
45182,296
108381,70
108381,2993
108381,1220
108381,2115
108381,2700
108381,51255
108381,6807
108381,1080
108381,5679
108381,5952
45920,3793
45920,33794
45920,30793
45920,37729
45920,44191
45920,588
45920,6333
45920,2571
45920,2291
45920,48780
1165,750
1165,2959
1165,4027
1165,1260
1165,4226
1165,235
1165,3307
1165,910
1165,337
1165,1961
121706,68157
121706,2329
121706,2858
121706,318
121706,1193
121706,111
121706,47
121706,608
121706,55820
121706,593
16630,318
16630,1080
16630,2329
16630,50
16630,6807
16630,1527
16630,48394
16630,750
16630,293
16630,1464
10292,3917
10292,8644
10292,5478
10292,70
10292,1676
10292,5679
10292,3527
10292,2990
10292,3052
10292,33004
89869,6016
89869,99114
89869,55820
89869,44191
89869,48394
89869,2712
89869,2019
89869,106782
89869,595
89869,30707
126810,110
126810,33794
126810,79132
126810,2858
126810,49530
126810,54286
126810,64614
126810,858
126810,5989
126810,2542
6103,40815
6103,40629
6103,1198
6103,1291
6103,1136
6103,41566
6103,497
6103,838
6103,1035
6103,26084
5684,2571
5684,260
5684,6377
5684,48394
5684,49272
5684,8636
5684,1265
5684,6874
5684,5445
5684,32587
69971,3000
69971,8014
69971,52885
69971,27846
69971,31658
69971,924
69971,6773
69971,26776
69971,46578
69971,6016
8086,457
8086,2571
8086,2918
8086,1674
8086,2640
8086,539
8086,590
8086,1291
8086,110
8086,356
85381,318
85381,92259
85381,1203
85381,97938
85381,109374
85381,912
85381,6016
85381,96821
85381,608
85381,98154
63972,4963
63972,480
63972,6333
63972,33493
63972,7143
63972,1270
63972,6874
63972,8961
63972,356
63972,60069
19670,1266
19670,1197
19670,1945
19670,912
19670,260
19670,1248
19670,1136
19670,111
19670,1258
19670,81845
4126,1036
4126,778
4126,50
4126,4011
4126,1704
4126,1682
4126,55820
4126,110
4126,36529
4126,6
27809,33679
27809,5418
27809,1220
27809,2858
27809,4973
27809,8665
27809,3052
27809,1196
27809,2997
27809,44195
4655,1148
4655,4014
4655,3996
4655,4878
4655,8360
4655,3949
4655,356
4655,5669
4655,527
4655,4995
132020,1580
132020,185
132020,5349
132020,4720
132020,2
132020,2115
132020,2028
132020,3793
132020,2617
132020,5299
76660,5791
76660,4809
76660,1084
76660,7062
76660,4263
76660,45950
76660,3713
76660,3296
76660,6724
76660,4292
8356,79132
8356,5952
8356,76093
8356,78499
8356,31685
8356,8533
8356,72641
8356,81847
8356,69844
8356,68954
63756,2959
63756,527
63756,858
63756,2028
63756,2571
63756,593
63756,8533
63756,47
63756,2762
63756,64957
3758,2028
3758,45499
3758,2916
3758,1584
3758,1580
3758,4995
3758,33493
3758,380
3758,47
3758,589
89459,54286
89459,8665
89459,318
89459,8961
89459,1527
89459,44191
89459,4306
89459,316
89459,4226
89459,750
31444,165
31444,1201
31444,33794
31444,4306
31444,1265
31444,1220
31444,2959
31444,2542
31444,110
31444,1
33434,56367
33434,4878
33434,3481
33434,912
33434,79132
33434,1247
33434,903
33434,68954
33434,4226
33434,916
33525,5952
33525,7153
33525,2762
33525,1
33525,47
33525,110
33525,51662
33525,6378
33525,6874
33525,3793
39570,260
39570,924
39570,4886
39570,1197
39570,34405
39570,1301
39570,150
39570,2761
39570,750
39570,1234
56636,1197
56636,58559
56636,480
56636,1527
56636,1215
56636,33794
56636,1396
56636,4878
56636,54997
56636,3793
61841,500
61841,4306
61841,3408
61841,11
61841,5299
61841,2671
61841,595
61841,1197
61841,5418
61841,1704
104779,58559
104779,6539
104779,44191
104779,8366
104779,79702
104779,2596
104779,2858
104779,2012
104779,4993
104779,67734
49349,2762
49349,480
49349,1240
49349,593
49349,2115
49349,318
49349,356
49349,2959
49349,527
49349,2403
38435,356
38435,593
38435,1089
38435,2329
38435,33794
38435,1265
38435,3809
38435,592
38435,46578
38435,628
75461,45517
75461,4886
75461,1907
75461,364
75461,33615
75461,4016
75461,59784
75461,1688
75461,3483
75461,5952
91991,904
91991,6787
91991,954
91991,1950
91991,6777
91991,37741
91991,912
91991,1276
91991,6852
91991,1267
101940,1704
101940,527
101940,2028
101940,110
101940,3147
101940,2571
101940,4306
101940,6539
101940,5989
101940,92259
105821,2858
105821,589
105821,1240
105821,260
105821,1196
105821,1732
105821,1210
105821,1214
105821,4226
105821,1222
80829,1961
80829,1136
80829,7153
80829,3578
80829,111
80829,1036
80829,541
80829,4306
80829,1193
80829,150
5810,69122
5810,80463
5810,78499
5810,318
5810,6936
5810,96079
5810,81845
5810,356
5810,6377
5810,63082
66460,608
66460,4226
66460,56367
66460,2959
66460,356
66460,1
66460,60069
66460,63082
66460,2997
66460,2291
91968,539
91968,318
91968,2804
91968,1580
91968,1231
91968,78499
91968,587
91968,2406
91968,5267
91968,1608
20961,1732
20961,593
20961,2571
20961,7147
20961,1222
20961,60069
20961,4262
20961,49530
20961,8368
20961,1197
83465,7153
83465,110
83465,47
83465,3147
83465,4993
83465,51662
83465,2571
83465,3948
83465,6377
83465,1213
30894,296
30894,2959
30894,1732
30894,2502
30894,4878
30894,1136
30894,4226
30894,33794
30894,94864
30894,61024
87009,52973
87009,63131
87009,69757
87009,61024
87009,64839
87009,35836
87009,59126
87009,48780
87009,33794
87009,74458
36613,4878
36613,5445
36613,858
36613,5418
36613,1258
36613,1221
36613,1
36613,1682
36613,32587
36613,1210
73149,2762
73149,527
73149,2918
73149,5816
73149,5445
73149,4963
73149,1291
73149,4027
73149,8961
73149,1270
42439,588
42439,364
42439,4886
42439,4890
42439,6373
42439,5459
42439,231
42439,56949
42439,78499
42439,7444
22775,5418
22775,68358
22775,6539
22775,54286
22775,60069
22775,1196
22775,260
22775,45722
22775,63082
22775,5349
110496,1258
110496,541
110496,8961
110496,71535
110496,44191
110496,1270
110496,73017
110496,2700
110496,1580
110496,5903
1882,1089
1882,50
1882,4878
1882,2858
1882,4226
1882,318
1882,4993
1882,7153
1882,356
1882,32
137762,1296
137762,3079
137762,1035
137762,6218
137762,3967
137762,5377
137762,914
137762,4995
137762,1188
137762,4993
67056,4878
67056,2858
67056,79132
67056,2329
67056,3949
67056,96610
67056,81591
67056,88129
67056,6016
67056,6711
16380,296
16380,2571
16380,6377
16380,4306
16380,2959
16380,8360
16380,1270
16380,50872
16380,1291
16380,1198
34324,33166
34324,32587
34324,54503
34324,41569
34324,48385
34324,52973
34324,54272
34324,58559
34324,33493
34324,8622
119371,1961
119371,4973
119371,1213
119371,356
119371,4226
119371,318
119371,296
119371,908
119371,1617
119371,4262
127466,1274
127466,52885
127466,4973
127466,2291
127466,4993
127466,7147
127466,32587
127466,4016
127466,6283
127466,5952
52998,1210
52998,1198
52998,1196
52998,2959
52998,58559
52998,589
52998,2571
52998,60069
52998,34405
52998,32
18497,49272
18497,6874
18497,47
18497,2571
18497,51255
18497,3578
18497,59315
18497,48385
18497,7438
18497,1732
18784,5952
18784,2571
18784,110
18784,4306
18784,2858
18784,4973
18784,2959
18784,4963
18784,6539
18784,7361
39928,293
39928,38061
39928,1196
39928,750
39928,7361
39928,4306
39928,778
39928,5218
39928,541
39928,6711
103368,1036
103368,76093
103368,110
103368,1198
103368,58559
103368,4886
103368,50872
103368,2916
103368,1
103368,2012
70992,349
70992,62
70992,440
70992,377
70992,1784
70992,454
70992,1393
70992,919
70992,4008
70992,3526
62511,750
62511,296
62511,1221
62511,904
62511,3730
62511,1211
62511,1209
62511,8042
62511,6666
62511,7587
48930,480
48930,2959
48930,4993
48930,356
48930,1270
48930,32587
48930,661
48930,46530
48930,296
48930,34162
62505,54286
62505,44199
62505,33166
62505,5989
62505,40819
62505,4995
62505,81932
62505,7502
62505,49278
62505,50
93463,2716
93463,2502
93463,2797
93463,2918
93463,1097
93463,2268
93463,4306
93463,527
93463,2194
93463,1242
114266,5952
114266,7153
114266,4993
114266,551
114266,5618
114266,924
114266,3745
114266,8636
114266,2028
114266,527
130190,47
130190,7361
130190,2997
130190,1193
130190,2716
130190,4993
130190,6016
130190,8961
130190,165
130190,60069
95988,4993
95988,4226
95988,527
95988,47
95988,593
95988,1079
95988,1610
95988,6807
95988,1265
95988,1206
122222,1073
122222,1748
122222,7361
122222,1198
122222,1215
122222,1219
122222,4886
122222,34405
122222,1278
122222,671
50566,41997
50566,30707
50566,64575
50566,48738
50566,27878
50566,8533
50566,35836
50566,47629
50566,8958
50566,36517
72131,5445
72131,3578
72131,1210
72131,1089
72131,6333
72131,457
72131,527
72131,608
72131,1704
72131,1036
64442,2959
64442,1193
64442,1732
64442,3911
64442,50
64442,235
64442,5669
64442,6440
64442,1449
64442,527
32682,593
32682,1219
32682,296
32682,111
32682,1252
32682,7361
32682,1333
32682,2959
32682,56367
32682,1213
90112,4993
90112,5618
90112,1269
90112,898
90112,912
90112,955
90112,904
90112,914
90112,3396
90112,7132
119861,593
119861,6539
119861,59315
119861,8961
119861,32587
119861,457
119861,3793
119861,5349
119861,2762
119861,3275
124659,1197
124659,1265
124659,6539
124659,1230
124659,6711
124659,1079
124659,2194
124659,4306
124659,1259
124659,3361
87346,51255
87346,68157
87346,73017
87346,356
87346,4306
87346,4886
87346,78499
87346,296
87346,1580
87346,480
21677,3578
21677,4306
21677,4973
21677,3949
21677,7147
21677,2291
21677,1032
21677,551
21677,919
21677,1193
76120,2716
76120,1213
76120,318
76120,1270
76120,1968
76120,1222
76120,1961
76120,589
76120,1240
76120,3210
126076,356
126076,367
126076,539
126076,1307
126076,150
126076,1961
126076,4022
126076,2671
126076,318
126076,2571
6346,1089
6346,5418
6346,593
6346,2329
6346,356
6346,7361
6346,3996
6346,4226
6346,47
6346,6377
22309,34072
22309,529
22309,300
22309,8970
22309,587
22309,33794
22309,339
22309,30749
22309,1307
22309,33639
8732,6539
8732,79132
8732,589
8732,3578
8732,2028
8732,8961
8732,32587
8732,1198
8732,6365
8732,47
119458,4226
119458,47
119458,7361
119458,6942
119458,1265
119458,4973
119458,50
119458,2502
119458,56367
119458,4878
134250,68954
134250,8961
134250,2959
134250,1270
134250,500
134250,356
134250,586
134250,367
134250,4963
134250,2
466,4896
466,356
466,8360
466,2081
466,76093
466,5816
466,919
466,1270
466,54259
466,5618
52231,72998
52231,74458
52231,7451
52231,58998
52231,73017
52231,31685
52231,72641
52231,59315
52231,4993
52231,7153
100244,597
100244,1961
100244,318
100244,5952
100244,1270
100244,1198
100244,527
100244,2959
100244,349
100244,5445
48972,111
48972,593
48972,46578
48972,318
48972,2858
48972,58559
48972,4993
48972,1206
48972,32
48972,541
103999,6350
103999,2716
103999,4226
103999,1527
103999,68954
103999,541
103999,34405
103999,7099
103999,7361
103999,8644
23888,5952
23888,4993
23888,7153
23888,69844
23888,780
23888,40815
23888,2167
23888,145
23888,43679
23888,7254
85274,4027
85274,1245
85274,1080
85274,1639
85274,223
85274,1259
85274,7361
85274,5902
85274,2395
85274,3543
15440,33794
15440,480
15440,54001
15440,1198
15440,1197
15440,59315
15440,4306
15440,68358
15440,8360
15440,588
55414,2571
55414,44191
55414,4886
55414,33794
55414,99114
55414,81845
55414,92259
55414,364
55414,1961
55414,96079
45593,1073
45593,1580
45593,2746
45593,2987
45593,2078
45593,4896
45593,2115
45593,6539
45593,2716
45593,480
42610,1207
42610,70286
42610,588
42610,4027
42610,6874
42610,1097
42610,4995
42610,1080
42610,81845
42610,56367
34712,1291
34712,2406
34712,457
34712,380
34712,4085
34712,2640
34712,2716
34712,1270
34712,2268
34712,1198
97012,1380
97012,539
97012,4246
97012,1088
97012,4963
97012,4886
97012,590
97012,2396
97012,339
97012,1569
117424,2161
117424,4896
117424,2140
117424,1198
117424,2174
117424,40815
117424,1197
117424,1291
117424,7045
117424,4467
114467,6539
114467,1
114467,1240
114467,318
114467,6377
114467,356
114467,4306
114467,593
114467,1270
114467,5418
31724,2762
31724,1208
31724,1221
31724,110
31724,111
31724,1704
31724,1617
31724,46578
31724,4973
31724,3578
128170,1136
128170,6333
128170,1214
128170,165
128170,2716
128170,3793
128170,3996
128170,527
128170,1080
128170,7143
15933,48394
15933,8961
15933,2329
15933,4973
15933,33166
15933,44191
15933,4963
15933,5952
15933,7153
15933,4993
42957,588
42957,2959
42957,593
42957,5989
42957,48780
42957,296
42957,44191
42957,32
42957,4226
42957,91542
102678,2762
102678,2028
102678,50
102678,4226
102678,8950
102678,7147
102678,3147
102678,1704
102678,6870
102678,1466
33650,7438
33650,1210
33650,1196
33650,7361
33650,296
33650,60069
33650,7153
33650,2502
33650,6283
33650,5952
117356,5218
117356,8970
117356,2324
117356,4027
117356,46976
117356,30793
117356,6377
117356,3967
117356,72011
117356,4308
2528,50
2528,904
2528,1221
2528,2762
2528,908
2528,2028
2528,1207
2528,1208
2528,1250
2528,2858
132834,1213
132834,3334
132834,858
132834,1208
132834,1945
132834,1198
132834,1250
132834,1221
132834,1193
132834,969
121576,1608
121576,5952
121576,6539
121576,4022
121576,368
121576,2716
121576,1387
121576,5378
121576,2640
121576,151
133343,6378
133343,58803
133343,2231
133343,62792
133343,293
133343,55290
133343,6016
133343,37731
133343,1089
133343,2542
132395,1272
132395,2944
132395,2728
132395,1961
132395,2819
132395,3634
132395,7560
132395,3467
132395,8337
132395,3095
109088,5418
109088,2502
109088,2918
109088,44195
109088,1089
109088,2571
109088,1221
109088,48780
109088,3421
109088,1136
42478,318
42478,919
42478,2571
42478,1073
42478,1682
42478,3114
42478,1721
42478,2502
42478,4963
42478,2355
125985,1035
125985,4226
125985,356
125985,593
125985,2571
125985,318
125985,50
125985,4886
125985,910
125985,2959
109856,527
109856,2329
109856,475
109856,1263
109856,1960
109856,2858
109856,760
109856,1214
109856,1221
109856,1201
76263,56367
76263,40819
76263,45517
76263,47629
76263,8958
76263,63082
76263,39183
76263,27790
76263,48738
76263,37741
38150,34162
38150,2001
38150,6548
38150,45722
38150,1917
38150,733
38150,2273
38150,344
38150,6373
38150,8665
113500,63082
113500,58559
113500,4995
113500,318
113500,4963
113500,7143
113500,6539
113500,3578
113500,46578
113500,4993
124202,8368
124202,110
124202,3578
124202,5418
124202,40815
124202,589
124202,3793
124202,54259
124202,41566
124202,59315
89277,5291
89277,7941
89277,7234
89277,1178
89277,4914
89277,8154
89277,8684
89277,8195
89277,26094
89277,7043
25642,2858
25642,6377
25642,50
25642,3753
25642,4878
25642,6874
25642,7147
25642,5010
25642,7438
25642,5064
17785,8360
17785,5218
17785,318
17785,1580
17785,1196
17785,260
17785,49272
17785,608
17785,1233
17785,1097
75856,33794
75856,5349
75856,8961
75856,4896
75856,2716
75856,8644
75856,41566
75856,260
75856,45722
75856,1210
23435,2692
23435,44195
23435,4973
23435,56367
23435,44555
23435,68954
23435,7323
23435,2959
23435,33166
23435,2858
81380,2987
81380,60069
81380,1032
81380,1089
81380,33794
81380,592
81380,4262
81380,595
81380,4090
81380,1097
71615,588
71615,902
71615,4886
71615,2080
71615,1
71615,6539
71615,1207
71615,932
71615,2096
71615,2565
99924,34405
99924,260
99924,46578
99924,1136
99924,6377
99924,8874
99924,588
99924,40815
99924,480
99924,3000
24691,69122
24691,80489
24691,52973
24691,39292
24691,37741
24691,55118
24691,41997
24691,96079
24691,44761
24691,55805
4222,47629
4222,73854
4222,47610
4222,2366
4222,68793
4222,26111
4222,60487
4222,52435
4222,26133
4222,52281
81280,1580
81280,1
81280,2671
81280,4246
81280,357
81280,539
81280,377
81280,1923
81280,588
81280,1307
86138,32
86138,260
86138,1196
86138,4226
86138,541
86138,1210
86138,858
86138,1270
86138,356
86138,1208
83579,1653
83579,109487
83579,89745
83579,60684
83579,3793
83579,70286
83579,99114
83579,48394
83579,1214
83579,318
18098,2959
18098,7361
18098,4973
18098,4011
18098,778
18098,1732
18098,2858
18098,296
18098,8873
18098,4226
12008,38886
12008,40815
12008,40819
12008,39183
12008,33794
12008,27790
12008,3435
12008,39414
12008,1207
12008,1223
85428,1
85428,4226
85428,1721
85428,2858
85428,480
85428,2997
85428,1923
85428,6377
85428,32587
85428,32
112885,1580
112885,2028
112885,1
112885,44191
112885,356
112885,47
112885,4226
112885,2959
112885,32587
112885,480
36554,223
36554,50
36554,5952
36554,54503
36554,2542
36554,1265
36554,356
36554,858
36554,38061
36554,1210
113862,48516
113862,8042
113862,6016
113862,1196
113862,260
113862,1222
113862,1198
113862,7361
113862,6874
113862,1732
88312,91077
88312,50872
88312,86882
88312,72011
88312,90866
88312,68954
88312,72998
88312,94959
88312,78499
88312,8983
56144,318
56144,4995
56144,2997
56144,1270
56144,1
56144,1704
56144,2762
56144,1265
56144,2797
56144,6377
105500,1193
105500,33794
105500,4973
105500,593
105500,2571
105500,1732
105500,4034
105500,34437
105500,8784
105500,27773
111174,1580
111174,7143
111174,2959
111174,7090
111174,3793
111174,6377
111174,7438
111174,5618
111174,2012
111174,364
31225,5989
31225,541
31225,1036
31225,2858
31225,32587
31225,89745
31225,1193
31225,56367
31225,51255
31225,68237
16644,590
16644,2959
16644,1193
16644,1090
16644,1387
16644,1097
16644,539
16644,912
16644,2712
16644,1214
105138,4226
105138,4963
105138,2028
105138,62849
105138,79132
105138,7143
105138,527
105138,1213
105138,27773
105138,91658
70201,5291
70201,94959
70201,90866
70201,88129
70201,89492
70201,81845
70201,68347
70201,86142
70201,5464
70201,1097
125728,5618
125728,4973
125728,2959
125728,58559
125728,5971
125728,4226
125728,3000
125728,858
125728,1580
125728,1291
58956,1197
58956,47
58956,50
58956,58559
58956,480
58956,1214
58956,1200
58956,780
58956,1
58956,4226
137791,457
137791,1193
137791,1250
137791,1580
137791,1225
137791,1961
137791,111
137791,2692
137791,30793
137791,5995
34862,593
34862,608
34862,858
34862,318
34862,4011
34862,7361
34862,293
34862,99114
34862,68157
34862,48516
86131,1198
86131,480
86131,1
86131,60069
86131,318
86131,1203
86131,8961
86131,1265
86131,1907
86131,6377
101252,6377
101252,356
101252,1198
101252,8636
101252,2858
101252,1097
101252,1210
101252,586
101252,2797
101252,2028
27778,7361
27778,1210
27778,1222
27778,56782
27778,2997
27778,2959
27778,318
27778,1199
27778,1206
27778,5902
100799,47
100799,48516
100799,33794
100799,50
100799,2571
100799,54503
100799,55820
100799,1060
100799,55290
100799,2542
105958,3173
105958,51662
105958,6502
105958,4370
105958,3897
105958,69757
105958,1732
105958,2539
105958,6016
105958,592
96511,7438
96511,296
96511,2571
96511,32587
96511,778
96511,4993
96511,4878
96511,293
96511,5618
96511,7361
131511,1201
131511,1213
131511,3147
131511,4995
131511,296
131511,6870
131511,1704
131511,2762
131511,3408
131511,5989
70245,3114
70245,1291
70245,1704
70245,8961
70245,2797
70245,6863
70245,110
70245,4995
70245,2502
70245,1307
28381,7153
28381,480
28381,648
28381,377
28381,80463
28381,3994
28381,73017
28381,1653
28381,32587
28381,5989
28469,5349
28469,2959
28469,3578
28469,6539
28469,5952
28469,7153
28469,4993
28469,47
28469,1917
28469,33166
62600,61240
62600,5952
62600,4993
62600,7153
62600,919
62600,296
62600,541
62600,1348
62600,8874
62600,1193
44757,1198
44757,593
44757,318
44757,2019
44757,608
44757,1234
44757,1225
44757,1260
44757,7153
44757,4993
4132,1258
4132,1193
4132,111
4132,2395
4132,593
4132,3949
4132,1213
4132,34437
4132,4027
4132,55269
37692,44555
37692,50
37692,48780
37692,46578
37692,49530
37692,55820
37692,30707
37692,33166
37692,593
37692,55247
62172,1207
62172,596
62172,1213
62172,1252
62172,296
62172,594
62172,2858
62172,912
62172,1304
62172,1259
122544,733
122544,480
122544,349
122544,457
122544,72998
122544,5418
122544,150
122544,1610
122544,2762
122544,1393
95365,80463
95365,56367
95365,86882
95365,79702
95365,68157
95365,71535
95365,2858
95365,6377
95365,93840
95365,76251
123626,1213
123626,296
123626,1221
123626,318
123626,919
123626,30749
123626,111
123626,750
123626,1704
123626,356
67493,91529
67493,79702
67493,1391
67493,2571
67493,260
67493,5816
67493,76251
67493,34405
67493,480
67493,7373
28527,6773
28527,714
28527,7361
28527,32587
28527,6807
28527,1193
28527,541
28527,4878
28527,32
28527,7460
136897,4322
136897,3361
136897,1500
136897,144
136897,7624
136897,6974
136897,1060
136897,6796
136897,1185
136897,1147
70354,7153
70354,5952
70354,8961
70354,4993
70354,364
70354,6539
70354,68358
70354,5618
70354,78499
70354,593
5734,2762
5734,110
5734,2028
5734,1617
5734,55820
5734,1704
5734,2959
5734,4226
5734,56367
5734,1270
124913,260
124913,356
124913,1527
124913,3996
124913,318
124913,2858
124913,4306
124913,1196
124913,1580
124913,50
105813,6539
105813,8961
105813,1022
105813,595
105813,5952
105813,4993
105813,7153
105813,2087
105813,5218
105813,4896
97271,4226
97271,318
97271,47
97271,1206
97271,296
97271,2329
97271,6016
97271,2858
97271,7361
97271,1193
125351,66097
125351,661
125351,4306
125351,7153
125351,1022
125351,4878
125351,2918
125351,1028
125351,1015
125351,2142
7474,916
7474,1207
7474,1203
7474,904
7474,920
7474,912
7474,908
7474,1225
7474,7669
7474,1247
25622,1203
25622,2571
25622,3147
25622,589
25622,541
25622,1207
25622,1610
25622,1197
25622,969
25622,3198
125250,7361
125250,356
125250,48774
125250,74458
125250,2028
125250,6214
125250,2762
125250,48738
125250,96829
125250,64614
18687,37729
18687,45517
18687,48394
18687,8961
18687,33794
18687,44191
18687,45722
18687,6773
18687,31660
18687,33004
66474,32587
66474,4226
66474,541
66474,2959
66474,1921
66474,48774
66474,1748
66474,2858
66474,1089
66474,750
59979,86882
59979,100714
59979,1247
59979,96821
59979,96728
59979,2395
59979,905
59979,4979
59979,608
59979,2858
95611,6539
95611,4973
95611,4226
95611,2858
95611,2716
95611,47
95611,2918
95611,1968
95611,3052
95611,2174
54136,2502
54136,5617
54136,32587
54136,223
54136,4878
54136,1196
54136,2542
54136,6874
54136,7438
54136,1136
78085,1307
78085,364
78085,1270
78085,5299
78085,1036
78085,2716
78085,733
78085,2
78085,1777
78085,1517
60427,54286
60427,72998
60427,76251
60427,5319
60427,61323
60427,48394
60427,32587
60427,52281
60427,6618
60427,73017
117130,5952
117130,2571
117130,6874
117130,48516
117130,2762
117130,5349
117130,47
117130,2028
117130,1617
117130,588
60953,4993
60953,2762
60953,47
60953,2329
60953,2959
60953,2571
60953,296
60953,8961
60953,1291
60953,110
21679,2716
21679,1222
21679,2028
21679,1234
21679,480
21679,1080
21679,356
21679,4027
21679,1262
21679,165
22742,5445
22742,3275
22742,55765
22742,44195
22742,49530
22742,2502
22742,33166
22742,53000
22742,593
22742,293
101617,5502
101617,364
101617,8972
101617,6539
101617,1917
101617,4993
101617,7153
101617,8644
101617,150
101617,7161
69812,49272
69812,48780
69812,54259
69812,48394
69812,2959
69812,38061
69812,44665
69812,48774
69812,48516
69812,2571
31472,54286
31472,6539
31472,2571
31472,47
31472,4226
31472,356
31472,8665
31472,49530
31472,2329
31472,32587
100228,356
100228,2571
100228,593
100228,58998
100228,59369
100228,64614
100228,1196
100228,6539
100228,51662
100228,48780
114981,1136
114981,593
114981,1258
114981,2571
114981,2858
114981,1206
114981,5618
114981,2997
114981,1222
114981,7438
21047,1721
21047,2762
21047,593
21047,2959
21047,5995
21047,1961
21047,508
21047,7361
21047,1246
21047,4226
123290,51662
123290,59315
123290,356
123290,588
123290,59369
123290,79132
123290,72998
123290,44191
123290,6377
123290,2959
90085,608
90085,79132
90085,4226
90085,32
90085,44191
90085,1089
90085,5445
90085,56715
90085,1653
90085,72998
42416,6942
42416,30793
42416,356
42416,2959
42416,68954
42416,50872
42416,68157
42416,44022
42416,53125
42416,74458
89090,318
89090,2858
89090,356
89090,5989
89090,4973
89090,2762
89090,4995
89090,63082
89090,2571
89090,4014
1061,1240
1061,1270
1061,8636
1061,5445
1061,780
1061,6333
1061,6365
1061,1198
1061,33493
1061,2716
112293,1197
112293,4886
112293,2997
112293,6874
112293,66097
112293,2858
112293,4878
112293,356
112293,778
112293,106920
109098,1580
109098,2396
109098,904
109098,1198
109098,912
109098,1148
109098,6218
109098,8961
109098,31658
109098,457
13944,33004
13944,34405
13944,33794
13944,1777
13944,8961
13944,60069
13944,1485
13944,1580
13944,35836
13944,6373
110793,5418
110793,260
110793,296
110793,7153
110793,4226
110793,6377
110793,2959
110793,356
110793,47
110793,293
60975,588
60975,2959
60975,68157
60975,593
60975,1206
60975,1721
60975,2571
60975,594
60975,1089
60975,2081
51363,46578
51363,318
51363,1250
51363,904
51363,1233
51363,858
51363,593
51363,7361
51363,1961
51363,55276
56118,47
56118,3355
56118,593
56118,2571
56118,2336
56118,2291
56118,7347
56118,353
56118,4226
56118,6541
36948,3396
36948,4085
36948,3033
36948,2420
36948,3763
36948,6979
36948,2413
36948,4396
36948,8633
36948,8596
33708,1961
33708,457
33708,527
33708,1293
33708,1674
33708,914
33708,1198
33708,590
33708,920
33708,2762
45775,39183
45775,63876
45775,72226
45775,39292
45775,37741
45775,8910
45775,63082
45775,55442
45775,60069
45775,1235
73001,593
73001,2291
73001,8784
73001,4995
73001,58559
73001,1704
73001,55052
73001,3967
73001,5995
73001,2571
130866,356
130866,1721
130866,59315
130866,56367
130866,48780
130866,4963
130866,5418
130866,539
130866,50872
130866,48516
137649,6893
137649,6863
137649,5010
137649,3578
137649,4901
137649,7458
137649,6218
137649,2618
137649,34162
137649,8360
119466,858
119466,1343
119466,3246
119466,508
119466,1221
119466,1958
119466,608
119466,1955
119466,527
119466,2858
46730,457
46730,2716
46730,58559
46730,59315
46730,8961
46730,1214
46730,2762
46730,780
46730,32
46730,5418
11760,912
11760,593
11760,356
11760,1097
11760,1036
11760,923
11760,904
11760,1333
11760,1343
11760,480
134181,54272
134181,50872
134181,60069
134181,70286
134181,68358
134181,63082
134181,46976
134181,45722
134181,79132
134181,47610
132792,4306
132792,1527
132792,51662
132792,1682
132792,33166
132792,1206
132792,63082
132792,2683
132792,56367
132792,6711
111611,1617
111611,318
111611,589
111611,32
111611,592
111611,1240
111611,1682
111611,4027
111611,4262
111611,1732
101380,2959
101380,296
101380,7438
101380,527
101380,2571
101380,5995
101380,318
101380,4993
101380,50
101380,5618
97448,1961
97448,318
97448,2916
97448,5218
97448,2858
97448,1265
97448,3793
97448,4226
97448,32587
97448,2115
107477,1222
107477,2858
107477,5952
107477,6502
107477,8950
107477,36529
107477,1748
107477,64614
107477,1704
107477,5464
50874,5291
50874,1214
50874,3435
50874,50
50874,592
50874,4226
50874,2959
50874,1213
50874,923
50874,1089
94536,7153
94536,6539
94536,4993
94536,318
94536,3044
94536,34405
94536,457
94536,5952
94536,1500
94536,6942
2335,3793
2335,60069
2335,1270
2335,68319
2335,32213
2335,68791
2335,48943
2335,55908
2335,56174
2335,27482
85015,58559
85015,1136
85015,4878
85015,5971
85015,4226
85015,31658
85015,2997
85015,4993
85015,48774
85015,1214
20278,8961
20278,318
20278,6333
20278,110
20278,5445
20278,4226
20278,32587
20278,593
20278,2858
20278,296
103910,48780
103910,2918
103910,1246
103910,2762
103910,81591
103910,2502
103910,68157
103910,4226
103910,63082
103910,4973
92098,293
92098,2028
92098,110
92098,68157
92098,4995
92098,1270
92098,1036
92098,480
92098,55820
92098,63082
4999,55820
4999,2329
4999,32587
4999,3949
4999,3996
4999,318
4999,293
4999,4235
4999,2762
4999,2291
119971,2329
119971,2571
119971,551
119971,5618
119971,296
119971,4873
119971,593
119971,3000
119971,1653
119971,47
75815,318
75815,4886
75815,2959
75815,7153
75815,356
75815,5952
75815,110
75815,592
75815,3578
75815,367
120420,60069
120420,4886
120420,33794
120420,49272
120420,356
120420,56367
120420,2959
120420,5349
120420,2291
120420,1270
86159,47
86159,2959
86159,2858
86159,6870
86159,36517
86159,5954
86159,74458
86159,4011
86159,79132
86159,86882
107154,1580
107154,145
107154,434
107154,648
107154,293
107154,33794
107154,51662
107154,4011
107154,6378
107154,6934
57084,5816
57084,60069
57084,919
57084,68954
57084,1907
57084,261
57084,480
57084,30793
57084,33493
57084,2572
28837,1080
28837,1197
28837,32
28837,7361
28837,1198
28837,48774
28837,1682
28837,30810
28837,1291
28837,1206
106648,2858
106648,4226
106648,55820
106648,4973
106648,5995
106648,296
106648,79132
106648,924
106648,1206
106648,4878
31564,318
31564,527
31564,593
31564,37741
31564,2858
31564,1193
31564,7361
31564,30749
31564,8961
31564,356
44803,55820
44803,60069
44803,5618
44803,58559
44803,2858
44803,750
44803,1206
44803,1732
44803,1884
44803,356
16706,4226
16706,8961
16706,4886
16706,527
16706,1136
16706,7361
16706,2918
16706,1
16706,2571
16706,342
102736,89492
102736,2959
102736,88125
102736,64614
102736,80489
102736,76093
102736,63082
102736,49530
102736,81845
102736,7143
42311,590
42311,1270
42311,2916
42311,1653
42311,1214
42311,3471
42311,2762
42311,68237
42311,608
42311,4993
5447,96610
5447,1748
5447,1527
5447,8371
5447,70286
5447,34319
5447,72998
5447,85414
5447,7163
5447,90405
98939,8368
98939,68554
98939,8665
98939,58559
98939,5418
98939,49530
98939,4896
98939,2762
98939,2571
98939,69844
109180,4973
109180,2762
109180,1196
109180,1203
109180,750
109180,5618
109180,68157
109180,1247
109180,7502
109180,1276
23470,5952
23470,7153
23470,4993
23470,8961
23470,8360
23470,1
23470,1721
23470,2571
23470,60069
23470,3793
24207,588
24207,356
24207,58559
24207,6377
24207,2571
24207,3578
24207,3793
24207,8636
24207,318
24207,500
57969,47
57969,2959
57969,588
57969,594
57969,2087
57969,223
57969,180
57969,1032
57969,2858
57969,480
36579,296
36579,48516
36579,858
36579,1201
36579,55820
36579,1266
36579,1214
36579,79132
36579,111
36579,1221
128500,110
128500,1198
128500,2571
128500,2174
128500,58559
128500,1265
128500,2683
128500,919
128500,1073
128500,1097
72428,1970
72428,1347
72428,33683
72428,1983
72428,407
72428,1089
72428,2288
72428,2159
72428,5980
72428,2232
34584,54503
34584,55276
34584,59315
34584,8464
34584,60069
34584,8874
34584,51255
34584,30707
34584,2502
34584,7361
12914,4226
12914,858
12914,364
12914,457
12914,1198
12914,260
12914,3578
12914,64614
12914,63082
12914,50
125614,1193
125614,50
125614,608
125614,68157
125614,16
125614,2858
125614,2329
125614,318
125614,4226
125614,541
88740,1291
88740,2959
88740,1198
88740,6333
88740,1270
88740,3578
88740,49272
88740,780
88740,318
88740,296
23571,5989
23571,733
23571,288
23571,2000
23571,32
23571,3994
23571,7445
23571,7438
23571,2194
23571,1061
39790,7153
39790,4993
39790,593
39790,260
39790,2959
39790,79132
39790,1527
39790,4226
39790,480
39790,1210
45476,318
45476,2762
45476,296
45476,55820
45476,2291
45476,3897
45476,593
45476,1089
45476,2395
45476,4011
50677,110
50677,7153
50677,5445
50677,30810
50677,3897
50677,592
50677,104
50677,5989
50677,4901
50677,5782
24648,110
24648,6953
24648,3996
24648,5669
24648,4975
24648,3897
24648,4223
24648,6870
24648,7143
24648,5679
136995,1961
136995,4022
136995,7
136995,4963
136995,1777
136995,2571
136995,1721
136995,5349
136995,1022
136995,3255
74893,48516
74893,4011
74893,527
74893,3578
74893,109487
74893,293
74893,1527
74893,6502
74893,589
74893,2542
28671,589
28671,8644
28671,780
28671,356
28671,2959
28671,1573
28671,377
28671,1270
28671,6934
28671,1240
130192,1464
130192,2959
130192,741
130192,1274
130192,1219
130192,1193
130192,903
130192,4848
130192,8620
130192,235
40764,5952
40764,4993
40764,7153
40764,8644
40764,6378
40764,106487
40764,112852
40764,6365
40764,84152
40764,81845
93257,4306
93257,1196
93257,356
93257,480
93257,457
93257,2628
93257,5952
93257,150
93257,2762
93257,1291
85059,4306
85059,54286
85059,89745
85059,68954
85059,4963
85059,77561
85059,5952
85059,4993
85059,7153
85059,356
45912,4326
45912,4292
45912,6724
45912,8966
45912,2132
45912,4969
45912,5642
45912,3546
45912,6786
45912,3498
136437,589
136437,2762
136437,593
136437,457
136437,296
136437,733
136437,50
136437,858
136437,4995
136437,4993
58018,3793
58018,5952
58018,356
58018,2571
58018,33794
58018,5349
58018,3578
58018,8360
58018,480
58018,4886
43906,6377
43906,5952
43906,4993
43906,1089
43906,2028
43906,1240
43906,593
43906,1580
43906,1210
43906,1270
49736,8961
49736,4886
49736,50
49736,150
49736,527
49736,33166
49736,46578
49736,7361
49736,1198
49736,6333
1456,364
1456,1197
1456,2858
1456,2918
1456,588
1456,593
1456,6377
1456,1028
1456,3911
1456,3255
23866,86882
23866,90866
23866,30707
23866,94959
23866,37741
23866,44555
23866,49272
23866,69844
23866,33154
23866,42018
30446,1089
30446,47
30446,1208
30446,6016
30446,2858
30446,2997
30446,4226
30446,1213
30446,32
30446,527
92751,112852
92751,110102
92751,59315
92751,78499
92751,111759
92751,68157
92751,3578
92751,541
92751,76093
92751,27773
107099,4306
107099,110
107099,48516
107099,1580
107099,1221
107099,51662
107099,364
107099,2115
107099,1517
107099,231
24981,81591
24981,1968
24981,3578
24981,1784
24981,4995
24981,5445
24981,1193
24981,81845
24981,94959
24981,91077
114751,293
114751,318
114751,50
114751,44191
114751,4226
114751,593
114751,84152
114751,74458
114751,7438
114751,80463
117489,3578
117489,527
117489,2571
117489,296
117489,2858
117489,318
117489,1
117489,260
117489,4995
117489,1210
124175,2571
124175,356
124175,81845
124175,72998
124175,110
124175,58559
124175,7153
124175,4993
124175,99114
124175,7317
75301,480
75301,260
75301,1210
75301,1197
75301,1527
75301,50
75301,1136
75301,48774
75301,1580
75301,48780
32034,3177
32034,31427
32034,3821
32034,5679
32034,1569
32034,788
32034,2338
32034,1644
32034,5943
32034,22
44035,1210
44035,1196
44035,2411
44035,524
44035,51662
44035,780
44035,589
44035,356
44035,110
44035,1954
130204,1193
130204,64614
130204,858
130204,1732
130204,4226
130204,78499
130204,2858
130204,88129
130204,6874
130204,3949
69048,6440
69048,924
69048,246
69048,1288
69048,3521
69048,1449
69048,1252
69048,1952
69048,7063
69048,1292
86666,49272
86666,71535
86666,7502
86666,593
86666,858
86666,33794
86666,91500
86666,91658
86666,59315
86666,1198
106011,3147
106011,1682
106011,1961
106011,150
106011,2918
106011,1225
106011,924
106011,5952
106011,4993
106011,1270
87821,68358
87821,260
87821,2571
87821,4270
87821,110
87821,2762
87821,58559
87821,8636
87821,368
87821,2394
43248,4993
43248,296
43248,1136
43248,2918
43248,912
43248,4226
43248,79132
43248,44191
43248,4011
43248,34405
49650,63082
49650,72011
49650,39292
49650,63876
49650,86882
49650,71033
49650,60766
49650,60950
49650,68157
49650,8645
49913,5952
49913,4226
49913,7153
49913,4878
49913,8961
49913,4973
49913,7147
49913,1197
49913,3996
49913,2692
36677,79132
36677,1210
36677,6377
36677,1968
36677,6942
36677,296
36677,2396
36677,2858
36677,33794
36677,81845
53896,8985
53896,7143
53896,6537
53896,34162
53896,31685
53896,34048
53896,32596
53896,8528
53896,5481
53896,2167
29341,4226
29341,33794
29341,48516
29341,7438
29341,2997
29341,296
29341,2571
29341,8961
29341,2858
29341,6874
23999,50
23999,48516
23999,55820
23999,356
23999,593
23999,56367
23999,1193
23999,858
23999,4993
23999,7153
87036,58559
87036,1036
87036,4993
87036,2028
87036,2959
87036,1954
87036,6539
87036,49272
87036,6377
87036,2412
50914,50
50914,6539
50914,1206
50914,7438
50914,6874
50914,356
50914,4995
50914,150
50914,1193
50914,1968
71366,1198
71366,541
71366,50
71366,5952
71366,7153
71366,318
71366,2858
71366,858
71366,750
71366,1136
7370,1210
7370,1214
7370,1387
7370,1090
7370,1291
7370,1222
7370,353
7370,6
7370,2115
7370,2403
82562,1923
82562,3481
82562,1784
82562,2291
82562,5418
82562,1961
82562,4973
82562,253
82562,34162
82562,2396
80484,6377
80484,480
80484,2716
80484,4306
80484,1198
80484,1291
80484,1527
80484,2918
80484,2115
80484,296
74250,2997
74250,4306
74250,593
74250,2329
74250,296
74250,32587
74250,3147
74250,1682
74250,4235
74250,32
26181,2858
26181,44191
26181,80463
26181,46578
26181,2329
26181,72226
26181,296
26181,318
26181,6016
26181,80969
23101,2176
23101,88129
23101,1258
23101,904
23101,1203
23101,48394
23101,47
23101,61240
23101,318
23101,3435
102350,6874
102350,2571
102350,4963
102350,2959
102350,1210
102350,858
102350,7438
102350,778
102350,2692
102350,1961
103703,527
103703,2571
103703,2959
103703,2329
103703,4306
103703,4886
103703,2762
103703,4226
103703,588
103703,4235
17507,1089
17507,5445
17507,480
17507,2683
17507,32587
17507,110
17507,1291
17507,1036
17507,8961
17507,2502
86487,858
86487,750
86487,924
86487,111
86487,296
86487,1252
86487,903
86487,1219
86487,2959
86487,608
21074,1721
21074,5618
21074,589
21074,6711
21074,47
21074,4963
21074,5445
21074,1196
21074,3996
21074,1527
80726,2858
80726,318
80726,1485
80726,1101
80726,593
80726,2571
80726,7293
80726,5445
80726,6539
80726,2918
94502,2502
94502,1240
94502,2918
94502,318
94502,1222
94502,54286
94502,1396
94502,924
94502,2001
94502,1220
57168,7361
57168,2858
57168,4973
57168,5992
57168,2067
57168,926
57168,7151
57168,39183
57168,46578
57168,1104
90181,2858
90181,2571
90181,4226
90181,318
90181,68157
90181,32587
90181,79132
90181,593
90181,48516
90181,58559
108877,2329
108877,1136
108877,2858
108877,47
108877,2959
108877,260
108877,48516
108877,68954
108877,4226
108877,1358
27667,2762
27667,858
27667,4993
27667,296
27667,1193
27667,7153
27667,1198
27667,527
27667,1089
27667,99114
1036,55820
1036,4226
1036,3949
1036,296
1036,593
1036,71535
1036,778
1036,1213
1036,1206
1036,2542
96856,2959
96856,4776
96856,2700
96856,1089
96856,367
96856,4011
96856,6874
96856,733
96856,1573
96856,3752
82690,2762
82690,1097
82690,48394
82690,4226
82690,46578
82690,594
82690,4973
82690,1197
82690,56367
82690,1247
97570,6377
97570,648
97570,608
97570,1
97570,2716
97570,7153
97570,457
97570,1073
97570,3793
97570,551
12140,2232
12140,1089
12140,7361
12140,4226
12140,8874
12140,3751
12140,76251
12140,79132
12140,3429
12140,48385
99050,2959
99050,63082
99050,56367
99050,4720
99050,4973
99050,8533
99050,33166
99050,4878
99050,64957
99050,72998
33932,3147
33932,356
33932,5349
33932,3578
33932,4896
33932,48780
33932,59315
33932,858
33932,5989
33932,2028
94595,589
94595,2174
94595,253
94595,3499
94595,4720
94595,1377
94595,70
94595,592
94595,2959
94595,1
114758,1639
114758,2700
114758,223
114758,593
114758,2762
114758,3362
114758,8464
114758,4848
114758,3210
114758,260
25708,1196
25708,1371
25708,924
25708,2571
25708,2529
25708,1210
25708,150
25708,2716
25708,1214
25708,1270
78717,79132
78717,1270
78717,33794
78717,58559
78717,1617
78717,3175
78717,49272
78717,6874
78717,96079
78717,50
86529,80463
86529,45210
86529,33154
86529,68237
86529,60382
86529,78499
86529,60766
86529,3736
86529,37733
86529,72011
81785,2571
81785,4226
81785,296
81785,541
81785,1208
81785,1206
81785,50
81785,1213
81785,527
81785,32
137538,8961
137538,2959
137538,2571
137538,2174
137538,2987
137538,58559
137538,4027
137538,745
137538,318
137538,1196
34822,318
34822,7361
34822,79132
34822,1258
34822,4226
34822,50
34822,6016
34822,778
34822,2762
34822,2692
872,7153
872,2762
872,1035
872,58559
872,48516
872,586
872,4993
872,35836
872,480
872,3578
38492,4886
38492,110
38492,3578
38492,4995
38492,1196
38492,260
38492,1784
38492,3897
38492,2268
38492,6874
61752,32587
61752,5989
61752,88163
61752,57669
61752,8784
61752,69122
61752,68237
61752,1259
61752,44555
61752,98809
162,2959
162,1198
162,79132
162,5952
162,34405
162,3000
162,6874
162,44191
162,32
162,4011
15213,908
15213,950
15213,33794
15213,2183
15213,59315
15213,2762
15213,8711
15213,916
15213,911
15213,913
20456,6377
20456,53996
20456,5218
20456,589
20456,1527
20456,4367
20456,4886
20456,2
20456,3793
20456,6373
136196,2571
136196,32
136196,1198
136196,608
136196,1212
136196,1527
136196,1273
136196,4027
136196,2997
136196,1653
32643,8961
32643,2571
32643,1210
32643,8368
32643,260
32643,1196
32643,2706
32643,2858
32643,1073
32643,2762
116113,56367
116113,44191
116113,44195
116113,58559
116113,68157
116113,44199
116113,35836
116113,26131
116113,72011
116113,32587
16129,3362
16129,1247
16129,81932
16129,3467
16129,63082
16129,954
16129,82459
16129,969
16129,1939
16129,3363
80612,50
80612,4973
80612,296
80612,2997
80612,8368
80612,3578
80612,4995
80612,2762
80612,8949
80612,1213
31295,1136
31295,1265
31295,318
31295,2700
31295,7147
31295,2716
31295,1923
31295,3160
31295,4973
31295,5989
60421,904
60421,608
60421,912
60421,1221
60421,750
60421,1089
60421,1207
60421,79132
60421,1148
60421,1233
13925,527
13925,2762
13925,4886
13925,7153
13925,1
13925,4014
13925,3751
13925,8360
13925,7361
13925,8970
60578,58559
60578,33794
60578,49272
60578,2571
60578,1610
60578,79132
60578,5445
60578,318
60578,6378
60578,91630
77386,46578
77386,1704
77386,4973
77386,6942
77386,3897
77386,296
77386,63082
77386,2248
77386,4226
77386,356
36806,72998
36806,44191
36806,35836
36806,69844
36806,77561
36806,87232
36806,63131
36806,81834
36806,89864
36806,6539
116297,4993
116297,60069
116297,4886
116297,4306
116297,1
116297,44191
116297,59315
116297,78499
116297,260
116297,2502
81399,48780
81399,55442
81399,56367
81399,46578
81399,33166
81399,36517
81399,48738
81399,41285
81399,55247
81399,48516
84549,1200
84549,7438
84549,1291
84549,1198
84549,4027
84549,2997
84549,527
84549,3949
84549,6539
84549,356
107904,1732
107904,5956
107904,555
107904,6188
107904,44195
107904,1222
107904,223
107904,1089
107904,778
107904,54286
58217,5418
58217,37741
58217,40583
58217,30707
58217,6711
58217,6947
58217,5299
58217,7153
58217,7143
58217,5989
22525,45950
22525,2959
22525,8622
22525,2762
22525,3948
22525,1923
22525,48385
22525,34162
22525,296
22525,364
92933,1022
92933,56152
92933,7153
92933,49272
92933,2083
92933,1025
92933,5064
92933,3793
92933,1197
92933,5952
126395,39183
126395,39292
126395,33794
126395,33493
126395,34437
126395,8873
126395,6954
126395,44694
126395,41997
126395,41569
48333,110
48333,3753
48333,33679
48333,31225
48333,2058
48333,1917
48333,4306
48333,3147
48333,3948
48333,1704
41083,4973
41083,48394
41083,7361
41083,5618
41083,50872
41083,68358
41083,72998
41083,1196
41083,2959
41083,2571
39766,2065
39766,1084
39766,1240
39766,1293
39766,4932
39766,454
39766,1249
39766,2160
39766,105
39766,3788
69699,589
69699,593
69699,3812
69699,1350
69699,2065
69699,1345
69699,1994
69699,2750
69699,2712
69699,1343
73827,589
73827,1200
73827,296
73827,58559
73827,1199
73827,1080
73827,1136
73827,2762
73827,2997
73827,1206
102046,5816
102046,1907
102046,2355
102046,3948
102046,8529
102046,5299
102046,6936
102046,33615
102046,6373
102046,2762
93955,4306
93955,2329
93955,1682
93955,6953
93955,3083
93955,4995
93955,2291
93955,858
93955,527
93955,8360
128924,318
128924,592
128924,1580
128924,7438
128924,858
128924,1961
128924,32587
128924,5418
128924,4226
128924,3996
105481,4226
105481,924
105481,7361
105481,48774
105481,2117
105481,7001
105481,778
105481,1214
105481,1193
105481,1208
33555,593
33555,44191
33555,47
33555,318
33555,4973
33555,48774
33555,2762
33555,778
33555,3949
33555,50
3088,54503
3088,4226
3088,6377
3088,33794
3088,34162
3088,48385
3088,3578
3088,2542
3088,36529
3088,2028
138439,2858
138439,50
138439,356
138439,296
138439,480
138439,589
138439,2028
138439,48516
138439,4226
138439,32587
114757,32
114757,593
114757,356
114757,5903
114757,2329
114757,1527
114757,47
114757,32587
114757,1682
114757,2858
4651,2762
4651,858
4651,5010
4651,5418
4651,1610
4651,1193
4651,457
4651,50
4651,1208
4651,4855
8605,2571
8605,480
8605,6377
8605,4306
8605,6365
8605,1580
8605,6539
8605,589
8605,1
8605,2762
120596,66097
120596,55442
120596,46578
120596,50872
120596,78499
120596,30810
120596,77800
120596,1175
120596,6773
120596,5902
37530,46578
37530,40583
37530,44195
37530,55820
37530,56367
37530,41997
37530,8949
37530,31410
37530,40819
37530,34072
136240,60950
136240,46578
136240,72011
136240,72226
136240,69757
136240,608
136240,1265
136240,101
136240,89904
136240,1285
137460,593
137460,4226
137460,1197
137460,1196
137460,48516
137460,58559
137460,1210
137460,48394
137460,1221
137460,6874
75480,46578
75480,7361
75480,60069
75480,94959
75480,68954
75480,105355
75480,6377
75480,7153
75480,2291
75480,58559
132470,5989
132470,8665
132470,6942
132470,6378
132470,4963
132470,2571
132470,8636
132470,5349
132470,6333
132470,356
25715,69122
25715,79132
25715,6377
25715,480
25715,81834
25715,72998
25715,1580
25715,73017
25715,69844
25715,60069
60090,3364
60090,923
60090,1203
60090,1208
60090,26564
60090,750
60090,2203
60090,903
60090,3929
60090,3524
38762,2571
38762,79132
38762,260
38762,34405
38762,73017
38762,6333
38762,76093
38762,4306
38762,6377
38762,91542
47220,45950
47220,8464
47220,597
47220,46578
47220,508
47220,3255
47220,150
47220,1073
47220,3408
47220,1961
34571,32
34571,2571
34571,7254
34571,44665
34571,57669
34571,52604
34571,69122
34571,356
34571,33166
34571,67255
115769,318
115769,3578
115769,2858
115769,33794
115769,1210
115769,2329
115769,7361
115769,2762
115769,593
115769,1136
110097,3996
110097,296
110097,2959
110097,4878
110097,1148
110097,6333
110097,2692
110097,8636
110097,4886
110097,1527
72515,2571
72515,6731
72515,7360
72515,3052
72515,2329
72515,260
72515,5952
72515,1210
72515,1196
72515,47
104027,1380
104027,104
104027,2571
104027,1485
104027,1196
104027,260
104027,1210
104027,364
104027,2858
104027,1682
43587,2571
43587,47
43587,2959
43587,593
43587,356
43587,1645
43587,1625
43587,293
43587,589
43587,4226
36833,608
36833,593
36833,3147
36833,1193
36833,1198
36833,4262
36833,1961
36833,1263
36833,2858
36833,2762
126307,480
126307,356
126307,1682
126307,1270
126307,44191
126307,1193
126307,1198
126307,589
126307,1721
126307,51540
132092,76093
132092,296
132092,5952
132092,79702
132092,96821
132092,78499
132092,81591
132092,2329
132092,68157
132092,48394
75528,49961
75528,3105
75528,7572
75528,1193
75528,2858
75528,6870
75528,46578
75528,33166
75528,1704
75528,2739
51227,475
51227,527
51227,1305
51227,31410
51227,1729
51227,1211
51227,3471
51227,1120
51227,293
51227,2427
111649,1097
111649,8665
111649,2329
111649,919
111649,11
111649,2571
111649,47
111649,50
111649,4896
111649,30707
85672,527
85672,81591
85672,924
85672,7153
85672,5952
85672,3949
85672,47
85672,4306
85672,4993
85672,588
52527,2571
52527,44191
52527,70286
52527,34048
52527,52722
52527,33794
52527,68358
52527,2959
52527,72998
52527,1196
85244,71033
85244,103980
85244,72741
85244,104879
85244,90531
85244,60950
85244,55290
85244,4226
85244,59995
85244,74416
6624,1527
6624,32587
6624,356
6624,70
6624,1089
6624,1036
6624,293
6624,1198
6624,36529
6624,44191
77344,296
77344,5618
77344,260
77344,1196
77344,2959
77344,2571
77344,1527
77344,1198
77344,356
77344,318
137959,589
137959,3793
137959,260
137959,3552
137959,3039
137959,1663
137959,480
137959,8368
137959,3984
137959,41566
78328,5445
78328,6016
78328,1527
78328,110
78328,4034
78328,3996
78328,1682
78328,1961
78328,1704
78328,480
25405,4306
25405,48780
25405,4878
25405,4011
25405,1527
25405,36529
25405,4993
25405,6539
25405,380
25405,1206
51457,1213
51457,4011
51457,46578
51457,7361
51457,2858
51457,3949
51457,52973
51457,64614
51457,1704
51457,3275
72847,4226
72847,58559
72847,47
72847,296
72847,1196
72847,2858
72847,64839
72847,356
72847,1198
72847,64614
3629,7153
3629,33794
3629,33004
3629,4467
3629,3996
3629,2761
3629,2788
3629,4121
3629,5952
3629,4993
117603,44195
117603,1221
117603,1617
117603,2762
117603,3949
117603,589
117603,1704
117603,541
117603,527
117603,48385
51783,6016
51783,7438
51783,59315
51783,3578
51783,1193
51783,924
51783,912
51783,7147
51783,1198
51783,593
18064,26662
18064,7361
18064,1223
18064,6773
18064,4973
18064,8012
18064,924
18064,68954
18064,31658
18064,27773
49099,2324
49099,8873
49099,1246
49099,7361
49099,8970
49099,4973
49099,32587
49099,1682
49099,1921
49099,306
114667,1197
114667,1270
114667,35836
114667,1136
114667,46578
114667,588
114667,2918
114667,1265
114667,6377
114667,356
66362,37857
66362,724
66362,3081
66362,2291
66362,2143
66362,1268
66362,2867
66362,1198
66362,8366
66362,1994
52509,6874
52509,2329
52509,32
52509,7254
52509,4995
52509,293
52509,3949
52509,2692
52509,50
52509,527
17427,2329
17427,110
17427,3147
17427,4262
17427,6016
17427,6539
17427,6874
17427,1961
17427,1213
17427,7254
55237,48774
55237,48780
55237,31878
55237,32587
55237,33166
55237,61132
55237,68358
55237,60069
55237,46578
55237,7802
68290,593
68290,4226
68290,1
68290,527
68290,296
68290,380
68290,1221
68290,480
68290,4973
68290,364
117713,7153
117713,4993
117713,7361
117713,2858
117713,1732
117713,2762
117713,858
117713,1222
117713,3147
117713,5989
128151,780
128151,48516
128151,1036
128151,49530
128151,527
128151,44191
128151,1580
128151,296
128151,5989
128151,593
21582,2959
21582,44191
21582,858
21582,593
21582,8961
21582,8636
21582,110
21582,5349
21582,3793
21582,32
110061,7361
110061,4641
110061,33880
110061,8784
110061,48774
110061,79132
110061,8638
110061,30707
110061,3897
110061,7438
18311,60069
18311,73017
18311,2028
18311,165
18311,3793
18311,527
18311,1584
18311,49530
18311,293
18311,48780
116067,4896
116067,58559
116067,33493
116067,4016
116067,2761
116067,780
116067,59784
116067,73017
116067,3114
116067,2142
56425,5971
56425,1
56425,5218
56425,2959
56425,1566
56425,1682
56425,3751
56425,2355
56425,48394
56425,4878
14,1223
14,1907
14,4016
14,1198
14,1028
14,4857
14,1035
14,2424
14,4993
14,914
124492,58559
124492,733
124492,1089
124492,2916
124492,79132
124492,5952
124492,4993
124492,1136
124492,32587
124492,541
22687,7361
22687,68954
22687,8970
22687,8368
22687,2571
22687,68157
22687,44191
22687,8360
22687,8961
22687,1
37859,524
37859,953
37859,1784
37859,231
37859,4963
37859,4011
37859,33166
37859,33794
37859,35836
37859,1246
87490,58559
87490,56174
87490,73017
87490,79132
87490,33493
87490,33794
87490,69122
87490,6333
87490,2628
87490,4306
123758,47
123758,1089
123758,260
123758,4226
123758,296
123758,589
123758,50
123758,1270
123758,79132
123758,110
128807,32587
128807,318
128807,4011
128807,2762
128807,8665
128807,2858
128807,8784
128807,8528
128807,6378
128807,6879
44275,79132
44275,58559
44275,88163
44275,52973
44275,5816
44275,89745
44275,62155
44275,66934
44275,96821
44275,68954
26988,6942
26988,8961
26988,40815
26988,34048
26988,34405
26988,8784
26988,35836
26988,40629
26988,33004
26988,6539
64116,8360
64116,6539
64116,1291
64116,4306
64116,2762
64116,2571
64116,2115
64116,5349
64116,500
64116,914
119916,33679
119916,34162
119916,4085
119916,33646
119916,32596
119916,8968
119916,420
119916,260
119916,45722
119916,380
97747,5481
97747,8641
97747,35836
97747,1917
97747,6287
97747,410
97747,145
97747,3535
97747,3968
97747,47640
28744,45447
28744,51540
28744,48520
28744,39231
28744,48142
28744,48774
28744,55261
28744,51080
28744,52722
28744,30822
83417,1527
83417,79132
83417,1580
83417,72998
83417,1610
83417,1101
83417,780
83417,32
83417,2916
83417,3793
61586,1213
61586,50
61586,2858
61586,593
61586,608
61586,6711
61586,5291
61586,2959
61586,590
61586,6016
128368,1270
128368,1198
128368,1527
128368,733
128368,1240
128368,4963
128368,54286
128368,2028
128368,6539
128368,165
74965,1240
74965,2329
74965,8961
74965,5445
74965,1732
74965,8360
74965,527
74965,1917
74965,32587
74965,1617
137249,2959
137249,318
137249,923
137249,903
137249,27773
137249,1228
137249,8207
137249,3075
137249,908
137249,58559
74758,2124
74758,4734
74758,2291
74758,8874
74758,3081
74758,7438
74758,7153
74758,4993
74758,6058
74758,4148
17165,318
17165,6539
17165,7153
17165,356
17165,2959
17165,3623
17165,733
17165,527
17165,2028
17165,5445
136604,1198
136604,2762
136604,593
136604,7153
136604,5952
136604,4973
136604,318
136604,367
136604,2628
136604,6539
62876,1206
62876,27773
62876,55820
62876,1222
62876,47
62876,7361
62876,1274
62876,46578
62876,48774
62876,1193
56549,1136
56549,1968
56549,2571
56549,2918
56549,357
56549,1285
56549,345
56549,356
56549,2716
56549,1270
58885,2145
58885,5308
58885,1580
58885,2080
58885,480
58885,1380
58885,736
58885,500
58885,68954
58885,1923
85792,318
85792,1961
85792,7323
85792,2858
85792,2359
85792,296
85792,3408
85792,6942
85792,597
85792,357
104216,110
104216,2028
104216,318
104216,36
104216,3418
104216,8622
104216,4022
104216,508
104216,1393
104216,6870
99710,1210
99710,1291
99710,3793
99710,3578
99710,8961
99710,750
99710,1208
99710,2916
99710,593
99710,1201
11465,60069
11465,54286
11465,54997
11465,70286
11465,750
11465,318
11465,30749
11465,1266
11465,48780
11465,2571
127548,1975
127548,4128
127548,1997
127548,1970
127548,1983
127548,6502
127548,6731
127548,4105
127548,7387
127548,1976
137043,50
137043,1175
137043,296
137043,4973
137043,913
137043,1252
137043,1208
137043,904
137043,4226
137043,1284
102174,46578
102174,296
102174,593
102174,3949
102174,47
102174,6377
102174,6874
102174,480
102174,4995
102174,4226
92525,2028
92525,648
92525,1200
92525,3147
92525,1
92525,4226
92525,1610
92525,1682
92525,165
92525,1370
113641,4306
113641,1923
113641,2571
113641,47200
113641,6539
113641,4011
113641,69122
113641,8528
113641,2542
113641,52973
91078,1270
91078,47
91078,1080
91078,1961
91078,527
91078,2329
91078,541
91078,5952
91078,6711
91078,2716
51692,356
51692,296
51692,2959
51692,318
51692,5878
51692,6711
51692,4995
51692,7361
51692,5445
51692,4886
100119,3967
100119,4973
100119,1079
100119,4993
100119,2657
100119,2396
100119,1682
100119,7153
100119,68954
100119,4886
89924,1240
89924,33834
89924,1036
89924,6615
89924,2329
89924,6502
89924,1997
89924,110
89924,1983
89924,6755
17026,2762
17026,356
17026,110
17026,4995
17026,2268
17026,5418
17026,457
17026,527
17026,4963
17026,1961
61302,1527
61302,5952
61302,7153
61302,4993
61302,296
61302,1584
61302,4022
61302,457
61302,1258
61302,2640
83216,7361
83216,5618
83216,110
83216,318
83216,1197
83216,60069
83216,54286
83216,68358
83216,48394
83216,916
138259,8874
138259,7361
138259,1517
138259,8784
138259,7090
138259,6711
138259,7438
138259,5418
138259,8961
138259,4878
72347,2340
72347,4022
72347,832
72347,3489
72347,1792
72347,2353
72347,480
72347,733
72347,2431
72347,5378
19603,1214
19603,5349
19603,480
19603,4993
19603,3793
19603,527
19603,318
19603,541
19603,110
19603,32
65859,318
65859,1198
65859,364
65859,2571
65859,7153
65859,2918
65859,3578
65859,110
65859,2762
65859,1580
19979,4886
19979,593
19979,7153
19979,4878
19979,608
19979,1580
19979,1682
19979,1
19979,1196
19979,35836
131367,260
131367,1196
131367,1210
131367,2858
131367,2617
131367,318
131367,1265
131367,1573
131367,1923
131367,3408
91185,2324
91185,541
91185,2858
91185,1211
91185,4226
91185,2571
91185,527
91185,2692
91185,232
91185,1225
54261,4993
54261,318
54261,2858
54261,46578
54261,1682
54261,4027
54261,44191
54261,4878
54261,7153
54261,32587
26265,2571
26265,79132
26265,2858
26265,58559
26265,48394
26265,47
26265,1193
26265,6283
26265,27773
26265,1206
122925,74458
122925,2571
122925,79132
122925,5952
122925,1907
122925,92259
122925,58559
122925,60069
122925,76093
122925,1201
66648,2762
66648,5952
66648,47
66648,6016
66648,296
66648,1193
66648,380
66648,2028
66648,7153
66648,2858
72865,2959
72865,81845
72865,318
72865,5952
72865,356
72865,527
72865,260
72865,48780
72865,33794
72865,63082
13023,35836
13023,377
13023,1270
13023,2115
13023,1198
13023,5418
13023,49272
13023,2353
13023,1197
13023,1240
27740,2959
27740,6377
27740,6539
27740,588
27740,40815
27740,54001
27740,69844
27740,79132
27740,296
27740,593
4829,4993
4829,2541
4829,45720
4829,5989
4829,4720
4829,593
4829,80463
4829,318
4829,69122
4829,253
75434,750
75434,296
75434,3253
75434,48385
75434,2683
75434,1073
75434,7438
75434,1265
75434,1097
75434,2959
33583,111
33583,318
33583,4973
33583,750
33583,1252
33583,903
33583,1213
33583,908
33583,2571
33583,541
12026,4641
12026,2289
12026,5291
12026,6016
12026,3983
12026,26131
12026,46578
12026,1230
12026,39
12026,1617
125116,48516
125116,296
125116,858
125116,2858
125116,6016
125116,47
125116,49278
125116,7153
125116,4993
125116,110
66979,588
66979,4993
66979,1210
66979,1270
66979,110
66979,364
66979,318
66979,8961
66979,1196
66979,58559
23759,8961
23759,6377
23759,2716
23759,3114
23759,356
23759,1210
23759,1214
23759,296
23759,2959
23759,10
45164,914
45164,4857
45164,1947
45164,17
45164,68954
45164,1035
45164,4308
45164,902
45164,2565
45164,1188
58296,5418
58296,912
58296,457
58296,1610
58296,4306
58296,318
58296,1234
58296,4963
58296,904
58296,150
108742,593
108742,2959
108742,296
108742,50
108742,541
108742,858
108742,1610
108742,2762
108742,2194
108742,1222
44170,6377
44170,7153
44170,593
44170,3052
44170,589
44170,1653
44170,5445
44170,780
44170,6539
44170,150
15104,6016
15104,110
15104,527
15104,356
15104,1198
15104,1270
15104,541
15104,4878
15104,3578
15104,3949
124543,2858
124543,6539
124543,3578
124543,296
124543,1923
124543,593
124543,32587
124543,260
124543,1210
124543,318
26934,4091
26934,2248
26934,539
26934,6155
26934,85367
26934,372
26934,381
26934,7444
26934,44004
26934,84374
123076,6539
123076,1270
123076,2571
123076,1784
123076,8360
123076,5349
123076,919
123076,1265
123076,1101
123076,52973
111919,81845
111919,5952
111919,4886
111919,8368
111919,4306
111919,1270
111919,480
111919,59315
111919,76093
111919,2396
119574,356
119574,1682
119574,68954
119574,58559
119574,60069
119574,69757
119574,4226
119574,4995
119574,4973
119574,6942
67112,4963
67112,44555
67112,858
67112,48516
67112,7502
67112,49530
67112,3578
67112,4993
67112,6539
67112,42197
77606,480
77606,4973
77606,68157
77606,318
77606,2571
77606,2329
77606,6874
77606,4878
77606,7438
77606,1193
71055,5418
71055,1240
71055,54286
71055,44191
71055,68157
71055,1200
71055,64969
71055,68791
71055,3147
71055,68319
81261,6711
81261,4226
81261,2762
81261,1
81261,541
81261,2028
81261,1270
81261,908
81261,4027
81261,1580
129847,608
129847,110
129847,1198
129847,165
129847,648
129847,780
129847,527
129847,150
129847,733
129847,1291
114624,91630
114624,86882
114624,96079
114624,69122
114624,50068
114624,68157
114624,55253
114624,70286
114624,98154
114624,73017
54561,1291
54561,8368
54561,54259
54561,6942
54561,66934
54561,1265
54561,3052
54561,4027
54561,4299
54561,51255
99374,36529
99374,51662
99374,34319
99374,3578
99374,47200
99374,43921
99374,8860
99374,6874
99374,36519
99374,47044
83159,7361
83159,608
83159,2997
83159,480
83159,592
83159,1221
83159,1213
83159,260
83159,4848
83159,4993
6966,1784
6966,4226
6966,5445
6966,4963
6966,1961
6966,648
6966,2539
6966,457
6966,6
6966,1573
39337,4993
39337,4306
39337,5952
39337,2000
39337,2353
39337,5445
39337,5418
39337,1291
39337,457
39337,1036
36617,296
36617,587
36617,593
36617,2858
36617,1721
36617,3578
36617,2329
36617,1
36617,586
36617,377
88180,4993
88180,8636
88180,6541
88180,8644
88180,8371
88180,7373
88180,3623
88180,5507
88180,5463
88180,8361
75336,2762
75336,1240
75336,2571
75336,7153
75336,1198
75336,1200
75336,7438
75336,6874
75336,58559
75336,4993
43543,1210
43543,1198
43543,1196
43543,296
43543,589
43543,1732
43543,2716
43543,2571
43543,1220
43543,1036
117836,457
117836,2858
117836,1036
117836,2329
117836,356
117836,1610
117836,1090
117836,1270
117836,480
117836,8798
129479,2918
129479,1214
129479,608
129479,4011
129479,2329
129479,2502
129479,48394
129479,293
129479,527
129479,1258
87796,5418
87796,4223
87796,2329
87796,1704
87796,48516
87796,2762
87796,54286
87796,47
87796,3753
87796,4963
41372,541
41372,32
41372,1175
41372,2959
41372,29
41372,7361
41372,296
41372,1690
41372,1274
41372,4226
93644,2762
93644,480
93644,2028
93644,858
93644,457
93644,318
93644,356
93644,1291
93644,593
93644,2716
26871,50
26871,318
26871,2028
26871,593
26871,2915
26871,1393
26871,296
26871,6870
26871,1721
26871,733
65979,296
65979,3578
65979,5989
65979,593
65979,1704
65979,1784
65979,50
65979,2011
65979,2716
65979,527
10937,6711
10937,750
10937,1199
10937,1333
10937,6650
10937,541
10937,922
10937,2488
10937,38038
10937,1260
84518,1214
84518,858
84518,47
84518,1
84518,50
84518,733
84518,364
84518,55820
84518,4963
84518,1089
63797,260
63797,79132
63797,4226
63797,1198
63797,2997
63797,2706
63797,2858
63797,1704
63797,4022
63797,4306
88590,30707
88590,6016
88590,5418
88590,55820
88590,8961
88590,8983
88590,4973
88590,46578
88590,30749
88590,6953
105523,6539
105523,4239
105523,44199
105523,44665
105523,48516
105523,364
105523,7153
105523,5952
105523,4993
105523,36529
29748,58559
29748,72998
29748,1580
29748,44191
29748,1198
29748,73017
29748,33794
29748,34405
29748,5903
29748,296
18310,5669
18310,4973
18310,2997
18310,8949
18310,3897
18310,356
18310,46578
18310,923
18310,1206
18310,30749
13500,296
13500,89864
13500,81591
13500,5418
13500,40819
13500,2762
13500,5989
13500,58998
13500,1393
13500,2918
91979,2012
91979,344
91979,58559
91979,1265
91979,2959
91979,1210
91979,2762
91979,1721
91979,4963
91979,1198
112785,4973
112785,4226
112785,296
112785,64622
112785,32
112785,3793
112785,648
112785,60069
112785,68157
112785,6016
119094,7361
119094,50
119094,2858
119094,27846
119094,77455
119094,47
119094,2329
119094,356
119094,593
119094,58559
3529,2858
3529,920
3529,1296
3529,1307
3529,27815
3529,899
3529,86882
3529,89904
3529,3967
3529,1193
2772,1258
2772,5218
2772,3499
2772,1345
2772,1968
2772,1214
2772,2710
2772,724
2772,4571
2772,1645
65938,32
65938,4226
65938,44191
65938,356
65938,48774
65938,69122
65938,2762
65938,68954
65938,1258
65938,48516
14983,4963
14983,1210
14983,7090
14983,5952
14983,7153
14983,2571
14983,2542
14983,293
14983,32
14983,593
107402,296
107402,593
107402,2959
107402,63082
107402,5995
107402,4973
107402,6016
107402,6874
107402,1704
107402,6539
23333,39183
23333,48774
23333,89759
23333,89492
23333,41997
23333,44199
23333,88129
23333,72011
23333,98961
23333,95558
40848,4878
40848,1732
40848,1258
40848,8961
40848,46578
40848,48780
40848,44191
40848,608
40848,37729
40848,4226
63080,1101
63080,77561
63080,6537
63080,589
63080,6365
63080,79132
63080,5400
63080,73017
63080,59315
63080,59615
78564,4878
78564,1032
78564,5952
78564,4993
78564,81591
78564,4848
78564,593
78564,4896
78564,6890
78564,5816
126009,356
126009,2329
126009,2959
126009,4011
126009,3793
126009,1653
126009,5989
126009,3052
126009,1625
126009,293
94479,595
94479,356
94479,4306
94479,2858
94479,4308
94479,2081
94479,2321
94479,3897
94479,1721
94479,6874
94355,2571
94355,4226
94355,2542
94355,7361
94355,32587
94355,1732
94355,2502
94355,4878
94355,56367
94355,3911
100808,593
100808,4226
100808,318
100808,74458
100808,1213
100808,1193
100808,99114
100808,2571
100808,50
100808,778
15605,4993
15605,110
15605,7153
15605,1214
15605,2571
15605,5952
15605,1200
15605,7143
15605,59315
15605,58559
114143,1210
114143,2762
114143,2028
114143,2858
114143,4011
114143,1196
114143,1090
114143,608
114143,32
114143,4973
104950,344
104950,588
104950,4370
104950,6502
104950,1225
104950,2329
104950,1274
104950,1517
104950,2123
104950,2124
16271,6539
16271,3578
16271,8798
16271,51255
16271,48774
16271,2028
16271,32587
16271,7361
16271,110
16271,2571
19177,32
19177,4226
19177,47
19177,2762
19177,1198
19177,6874
19177,260
19177,457
19177,48516
19177,4963
24234,592
24234,1200
24234,1198
24234,260
24234,1219
24234,1196
24234,1258
24234,1291
24234,33794
24234,2716
5376,41566
5376,4886
5376,6377
5376,318
5376,1148
5376,4306
5376,1374
5376,6539
5376,5349
5376,5952
75971,1197
75971,8368
75971,2081
75971,2144
75971,40815
75971,914
75971,5103
75971,1947
75971,41566
75971,4025
78222,5620
78222,7173
78222,372
78222,2248
78222,3107
78222,36525
78222,662
78222,48520
78222,45501
78222,2505
20187,110
20187,593
20187,1196
20187,260
20187,356
20187,318
20187,4995
20187,1210
20187,527
20187,3578
27138,5952
27138,4993
27138,2291
27138,597
27138,1721
27138,587
27138,4246
27138,88125
27138,2762
27138,5989
98179,593
98179,1222
98179,4878
98179,541
98179,68157
98179,55820
98179,2329
98179,48516
98179,6502
98179,293
61939,1
61939,527
61939,4886
61939,4306
61939,6377
61939,4993
61939,1704
61939,364
61939,4963
61939,1961
113847,5952
113847,7153
113847,4993
113847,318
113847,60069
113847,1246
113847,2762
113847,1968
113847,150
113847,78499
92037,318
92037,32
92037,1210
92037,480
92037,47
92037,1
92037,2329
92037,7153
92037,4993
92037,2997
22666,3717
22666,60074
22666,58293
22666,170
22666,2694
22666,59315
22666,31685
22666,524
22666,1882
22666,2572
106140,91500
106140,46062
106140,500
106140,317
106140,4447
106140,63992
106140,3977
106140,4025
106140,6155
106140,58559
96024,46578
96024,48774
96024,54997
96024,31658
96024,44191
96024,48516
96024,54503
96024,33166
96024,34405
96024,30749
127229,2858
127229,50
127229,2571
127229,1196
127229,608
127229,778
127229,6016
127229,1219
127229,79132
127229,1232
71583,1210
71583,4878
71583,4226
71583,593
71583,4993
71583,7361
71583,70286
71583,60069
71583,54503
71583,1291
120349,76093
120349,66097
120349,54259
120349,81847
120349,8360
120349,5218
120349,79091
120349,79132
120349,71057
120349,3793
80064,2571
80064,1610
80064,380
80064,296
80064,6
80064,3082
80064,485
80064,5872
80064,2278
80064,1214
115066,48774
115066,79132
115066,58559
115066,68157
115066,73017
115066,2959
115066,51255
115066,57669
115066,59315
115066,70286
63605,1258
63605,1676
63605,5445
63605,1527
63605,6711
63605,2174
63605,4027
63605,3052
63605,2692
63605,316
89274,2424
89274,2572
89274,4823
89274,51084
89274,7375
89274,78316
89274,31433
89274,6377
89274,88405
89274,49286
91231,104841
91231,80463
91231,62511
91231,94959
91231,81845
91231,88129
91231,54286
91231,44195
91231,103980
91231,7361
43864,3742
43864,1265
43864,608
43864,599
43864,1348
43864,6711
43864,2985
43864,919
43864,4027
43864,3415
133903,356
133903,296
133903,48516
133903,4262
133903,2329
133903,47
133903,111
133903,593
133903,2858
133903,1201
66562,480
66562,1682
66562,1270
66562,1136
66562,1923
66562,3175
66562,1
66562,2918
66562,8874
66562,4571
104345,2467
104345,81591
104345,27773
104345,44191
104345,2313
104345,2288
104345,48780
104345,51540
104345,8983
104345,1748
84047,2858
84047,1201
84047,1198
84047,318
84047,5618
84047,541
84047,5971
84047,1193
84047,1233
84047,1200
62946,1080
62946,54995
62946,5952
62946,2571
62946,1222
62946,69784
62946,778
62946,1258
62946,51662
62946,58559
14081,74789
14081,55052
14081,4306
14081,7361
14081,2858
14081,4246
14081,2671
14081,27706
14081,8965
14081,64957
82651,96079
82651,102125
82651,5952
82651,33794
82651,7153
82651,4993
82651,6539
82651,73017
82651,88140
82651,86332
35060,4226
35060,60069
35060,2959
35060,541
35060,5445
35060,33794
35060,8983
35060,2949
35060,7361
35060,1198
122549,356
122549,4886
122549,7361
122549,2959
122549,2502
122549,2918
122549,750
122549,4226
122549,1193
122549,4963
44085,4993
44085,5459
44085,1917
44085,2701
44085,7153
44085,33679
44085,3717
44085,5952
44085,5349
44085,110
15301,32
15301,2858
15301,4226
15301,2959
15301,2762
15301,593
15301,7438
15301,4993
15301,7153
15301,480
136567,2858
136567,1
136567,8961
136567,527
136567,1197
136567,3275
136567,5418
136567,858
136567,4306
136567,4963
122796,6377
122796,356
122796,2706
122796,3996
122796,47
122796,2291
122796,7361
122796,2700
122796,344
122796,3147
8248,527
8248,1222
8248,6016
8248,7361
8248,1213
8248,593
8248,2571
8248,1206
8248,1221
8248,608
53692,318
53692,356
53692,2959
53692,2706
53692,3578
53692,6874
53692,377
53692,1704
53692,8665
53692,3897
15884,1270
15884,1580
15884,2028
15884,364
15884,87222
15884,648
15884,293
15884,69644
15884,33794
15884,59369
112423,7460
112423,2997
112423,32587
112423,2692
112423,3949
112423,4848
112423,68157
112423,4878
112423,32
112423,4027
129605,79132
129605,1580
129605,33794
129605,316
129605,6350
129605,3793
129605,4995
129605,293
129605,4878
129605,1246
739,64839
739,63062
739,57669
739,6711
739,1617
739,733
739,55820
739,1961
739,592
739,5952
115733,356
115733,4993
115733,480
115733,33794
115733,59315
115733,1210
115733,2628
115733,60069
115733,7153
115733,5445
23468,89745
23468,2959
23468,50872
23468,78499
23468,356
23468,56367
23468,76093
23468,69122
23468,91529
23468,97913
53190,6539
53190,6874
53190,741
53190,5418
53190,27660
53190,44195
53190,32
53190,6377
53190,318
53190,1136
128514,587
128514,2762
128514,1097
128514,2571
128514,2028
128514,110
128514,527
128514,349
128514,1704
128514,296
39558,527
39558,260
39558,32
39558,318
39558,2959
39558,2997
39558,1213
39558,2028
39558,1210
39558,1265
117982,2716
117982,1240
117982,110
117982,2959
117982,1201
117982,527
117982,1580
117982,364
117982,2028
117982,1374
132159,914
132159,7669
132159,920
132159,261
132159,4993
132159,1721
132159,916
132159,2125
132159,2572
132159,6942
80688,318
80688,1278
80688,5618
80688,2571
80688,7153
80688,1200
80688,593
80688,3000
80688,1206
80688,912
119356,5418
119356,2028
119356,318
119356,5989
119356,7153
119356,480
119356,64614
119356,2329
119356,69481
119356,5010
126131,2571
126131,1291
126131,6377
126131,150
126131,6539
126131,1270
126131,480
126131,364
126131,6333
126131,45722
134557,2858
134557,2959
134557,50
134557,1617
134557,49272
134557,480
134557,750
134557,2997
134557,5418
134557,7361
8941,2858
8941,1136
8941,3000
8941,541
8941,296
8941,32587
8941,3996
8941,4973
8941,5971
8941,26776
12106,6539
12106,4306
12106,2194
12106,8961
12106,1
12106,589
12106,33794
12106,457
12106,1198
12106,318
29796,6539
29796,4306
29796,81834
29796,778
29796,44191
29796,7502
29796,5995
29796,1175
29796,1097
29796,7090
69916,8528
69916,42738
69916,33646
69916,6287
69916,68319
69916,60040
69916,7445
69916,5219
69916,30793
69916,5418
17042,923
17042,356
17042,608
17042,3471
17042,3996
17042,4993
17042,7062
17042,260
17042,908
17042,1246
119445,48516
119445,68157
119445,57368
119445,73017
119445,33004
119445,53996
119445,34319
119445,69122
119445,42718
119445,60072
79437,1136
79437,1196
79437,1663
79437,1288
79437,2571
79437,2005
79437,2580
79437,1965
79437,34405
79437,6333
8212,318
8212,356
8212,44191
8212,2959
8212,33493
8212,33794
8212,6711
8212,6377
8212,8961
8212,4226
33927,2762
33927,457
33927,110
33927,1240
33927,1265
33927,1210
33927,593
33927,260
33927,1196
33927,8961
116400,47
116400,7361
116400,296
116400,2858
116400,778
116400,293
116400,1136
116400,2329
116400,2683
116400,1196
25344,1193
25344,48738
25344,6016
25344,4022
25344,6539
25344,2762
25344,1641
25344,46578
25344,1625
25344,508
91462,4995
91462,33660
91462,318
91462,59315
91462,6377
91462,356
91462,7153
91462,49272
91462,2329
91462,2571
113980,6331
113980,6711
113980,7361
113980,4144
113980,1889
113980,5618
113980,27266
113980,6299
113980,2357
113980,2599
109616,4973
109616,1210
109616,30749
109616,1704
109616,590
109616,6539
109616,1
109616,1208
109616,33493
109616,33794
74811,34437
74811,1230
74811,296
74811,5902
74811,924
74811,2858
74811,6440
74811,4973
74811,1208
74811,46578
115585,2502
115585,1270
115585,2918
115585,1101
115585,1036
115585,4896
115585,48516
115585,858
115585,1954
115585,1608
51332,1270
51332,58559
51332,1
51332,296
51332,364
51332,527
51332,4886
51332,3578
51332,589
51332,2028
100366,73268
100366,56174
100366,8957
100366,8874
100366,46965
100366,60040
100366,8961
100366,78266
100366,65126
100366,31878
107017,33794
107017,110
107017,356
107017,2329
107017,54286
107017,1036
107017,5445
107017,6016
107017,7438
107017,59315
95037,50
95037,2858
95037,1196
95037,7153
95037,4011
95037,1527
95037,1729
95037,4878
95037,2291
95037,1464
109737,1270
109737,72011
109737,6502
109737,1221
109737,71462
109737,85414
109737,8464
109737,44665
109737,67255
109737,44195
27342,260
27342,2762
27342,1270
27342,48516
27342,1213
27342,2791
27342,8784
27342,223
27342,1682
27342,4973
30610,55280
30610,48516
30610,296
30610,54503
30610,56782
30610,56757
30610,57669
30610,58998
30610,2858
30610,40819
38118,4993
38118,150
38118,2571
38118,2959
38118,32587
38118,2858
38118,2762
38118,593
38118,527
38118,6377
79086,81847
79086,85397
79086,74530
79086,78772
79086,91104
79086,60069
79086,74789
79086,73017
79086,45722
79086,88140
29656,3266
29656,97
29656,1653
29656,6016
29656,1199
29656,1241
29656,55442
29656,1080
29656,32
29656,8477
88116,2987
88116,4993
88116,60069
88116,1200
88116,480
88116,1265
88116,551
88116,3114
88116,5971
88116,720
27875,4886
27875,6377
27875,63082
27875,318
27875,1073
27875,780
27875,1015
27875,30749
27875,68954
27875,2571
96399,3147
96399,58559
96399,2393
96399,1222
96399,2028
96399,541
96399,2502
96399,7361
96399,1198
96399,68358
113785,7361
113785,58559
113785,68954
113785,4973
113785,3897
113785,364
113785,47
113785,2762
113785,2572
113785,4878
40263,1240
40263,589
40263,1527
40263,5378
40263,4886
40263,6377
40263,4993
40263,7153
40263,329
40263,6539
88820,106438
88820,34072
88820,47999
88820,64839
88820,44788
88820,44199
88820,64701
88820,102194
88820,74458
88820,26524
61608,2797
61608,3578
61608,1036
61608,3253
61608,1961
61608,5952
61608,457
61608,2762
61608,5445
61608,592
72800,4306
72800,150
72800,8961
72800,5952
72800,2762
72800,457
72800,4901
72800,480
72800,3175
72800,7147
62958,2858
62958,4235
62958,5995
62958,4973
62958,527
62958,1233
62958,608
62958,56782
62958,293
62958,593
121882,48774
121882,56782
121882,2664
121882,2010
121882,55820
121882,1217
121882,5291
121882,1280
121882,5971
121882,85414
103187,32
103187,1258
103187,593
103187,1206
103187,5952
103187,4848
103187,50
103187,31658
103187,7147
103187,1682
19975,1222
19975,293
19975,1136
19975,7438
19975,1214
19975,1193
19975,527
19975,5445
19975,1221
19975,48516
118712,50872
118712,55280
118712,54259
118712,72011
118712,58047
118712,46578
118712,67087
118712,62155
118712,4027
118712,76093
75972,539
75972,62
75972,44709
75972,500
75972,587
75972,55872
75972,1674
75972,1097
75972,1721
75972,2302
15952,48516
15952,318
15952,97304
15952,48780
15952,74458
15952,91529
15952,99114
15952,68157
15952,91658
15952,7361
23215,858
23215,8961
23215,1198
23215,2762
23215,50
23215,3114
23215,1225
23215,260
23215,6377
23215,1234
123938,858
123938,3996
123938,1201
123938,3681
123938,1252
123938,1304
123938,1221
123938,1208
123938,50
123938,4993
107570,1136
107570,293
107570,520
107570,2858
107570,1080
107570,356
107570,1196
107570,260
107570,5952
107570,7153
137185,60069
137185,7153
137185,5952
137185,58559
137185,356
137185,4306
137185,1
137185,5378
137185,4993
137185,3114
10369,1580
10369,4306
10369,8360
10369,2628
10369,1270
10369,1291
10369,1198
10369,59784
10369,6934
10369,595
108455,1253
108455,589
108455,924
108455,4226
108455,1206
108455,1199
108455,79132
108455,4973
108455,1321
108455,1301
33788,47
33788,356
33788,48516
33788,2858
33788,2329
33788,1089
33788,7147
33788,44694
33788,527
33788,318
47931,77561
47931,79132
47931,49272
47931,48780
47931,89745
47931,44191
47931,60684
47931,46530
47931,33493
47931,72998
37278,2716
37278,50
37278,110
37278,58559
37278,1215
37278,1265
37278,1136
37278,4226
37278,79132
37278,1291
63072,380
63072,527
63072,33154
63072,2858
63072,1682
63072,1200
63072,260
63072,92535
63072,6874
63072,1090
95976,1198
95976,6377
95976,4886
95976,1517
95976,4226
95976,1291
95976,296
95976,5445
95976,8636
95976,1080
82040,5902
82040,2329
82040,924
82040,1251
82040,26359
82040,1200
82040,7089
82040,296
82040,2959
82040,1244
96296,79185
96296,91630
96296,8644
96296,1240
96296,3578
96296,1198
96296,94405
96296,110
96296,91978
96296,648
135478,85414
135478,59369
135478,4995
135478,88810
135478,84152
135478,97921
135478,64622
135478,91658
135478,318
135478,47099
10684,44191
10684,4226
10684,33794
10684,3996
10684,58559
10684,1274
10684,48394
10684,7090
10684,50
10684,260
22912,110
22912,79132
22912,858
22912,318
22912,48516
22912,4262
22912,56782
22912,608
22912,1221
22912,1198
64655,30810
64655,32587
64655,1682
64655,3911
64655,4306
64655,33166
64655,3147
64655,30707
64655,4963
64655,4011
110747,593
110747,356
110747,5952
110747,4993
110747,253
110747,296
110747,3052
110747,3147
110747,318
110747,4306
56182,2959
56182,4878
56182,2858
56182,356
56182,7147
56182,4306
56182,32587
56182,1682
56182,8957
56182,35836
34558,527
34558,1704
34558,2762
34558,2918
34558,1197
34558,1246
34558,2324
34558,47
34558,3897
34558,3578
110415,2858
110415,2959
110415,4226
110415,7361
110415,6942
110415,44195
110415,46976
110415,69122
110415,593
110415,356
45787,1704
45787,1213
45787,110
45787,2858
45787,150
45787,89492
45787,97304
45787,1923
45787,589
45787,81932
22319,2918
22319,61323
22319,902
22319,30793
22319,914
22319,2657
22319,64957
22319,39183
22319,5377
22319,2791
105221,527
105221,1221
105221,858
105221,1222
105221,1263
105221,3362
105221,50
105221,4226
105221,1203
105221,912
21353,2858
21353,50
21353,4878
21353,1089
21353,7361
21353,60069
21353,51255
21353,68157
21353,6502
21353,1921
98002,260
98002,2021
98002,7714
98002,8633
98002,1196
98002,2640
98002,3549
98002,7614
98002,2941
98002,2877
114301,1527
114301,4306
114301,353
114301,2115
114301,1215
114301,1580
114301,32
114301,296
114301,3740
114301,1748
113267,45499
113267,2115
113267,1210
113267,40815
113267,296
113267,8644
113267,4896
113267,5816
113267,33493
113267,1527
93479,1210
93479,5418
93479,4995
93479,1961
93479,2012
93479,4370
93479,2858
93479,1608
93479,41566
93479,457
128975,1221
128975,5952
128975,593
128975,2858
128975,7361
128975,6016
128975,1210
128975,541
128975,81845
128975,32
32480,150
32480,32
32480,110
32480,356
32480,4034
32480,4993
32480,590
32480,541
32480,2427
32480,2762
61448,4226
61448,2959
61448,2997
61448,8784
61448,46578
61448,3949
61448,5902
61448,296
61448,4979
61448,5377
120263,4878
120263,296
120263,356
120263,2858
120263,4993
120263,48394
120263,44191
120263,48774
120263,1198
120263,2997
134135,1
134135,97913
134135,86332
134135,260
134135,34405
134135,1136
134135,79132
134135,364
134135,6754
134135,1198
88587,1373
88587,1610
88587,329
88587,316
88587,3479
88587,653
88587,1527
88587,1371
88587,1372
88587,8633
129482,908
129482,913
129482,2959
129482,527
129482,923
129482,1208
129482,1250
129482,858
129482,1234
129482,111
107927,6874
107927,3147
107927,1198
107927,1270
107927,318
107927,1
107927,2028
107927,4963
107927,293
107927,527
46181,318
46181,58559
46181,2858
46181,296
46181,47
46181,1089
46181,4226
46181,81562
46181,1193
46181,31658
109336,1136
109336,7361
109336,296
109336,52973
109336,1089
109336,59315
109336,1265
109336,62434
109336,35836
109336,5952
133886,912
133886,904
133886,8207
133886,858
133886,1219
133886,1278
133886,5060
133886,8879
133886,7132
133886,1207
113686,79132
113686,2571
113686,2329
113686,2959
113686,4973
113686,68954
113686,2858
113686,55247
113686,296
113686,2324
14645,6059
14645,6870
14645,8981
14645,6708
14645,6565
14645,5418
14645,5445
14645,4033
14645,8781
14645,8644
103838,46578
103838,50872
103838,48516
103838,47629
103838,63082
103838,55276
103838,33679
103838,40815
103838,55820
103838,43396
112745,8528
112745,58559
112745,69122
112745,7293
112745,54503
112745,7153
112745,4306
112745,59315
112745,4896
112745,54001
41430,741
41430,57528
41430,3300
41430,56174
41430,34319
41430,79132
41430,8371
41430,53000
41430,32213
41430,1580
64612,608
64612,318
64612,7396
64612,26939
64612,3418
64612,337
64612,3462
64612,5147
64612,4422
64612,2313
10234,2571
10234,356
10234,4963
10234,6378
10234,47099
10234,2959
10234,318
10234,6936
10234,7346
10234,5418
39771,2329
39771,2858
39771,47
39771,4973
39771,2571
39771,50
39771,58559
39771,858
39771,293
39771,1225
12244,905
12244,936
12244,1949
12244,1225
12244,25841
12244,912
12244,7311
12244,7086
12244,1950
12244,7132
75786,293
75786,858
75786,6016
75786,778
75786,541
75786,2997
75786,2858
75786,55820
75786,4878
75786,74545
11889,3949
11889,527
11889,4993
11889,5902
11889,1193
11889,589
11889,2028
11889,8360
11889,6539
11889,33166
50658,2858
50658,858
50658,1682
50658,1198
50658,4886
50658,6539
50658,1265
50658,1206
50658,2395
50658,608
72252,96079
72252,59315
72252,54286
72252,4226
72252,6874
72252,96610
72252,4878
72252,48774
72252,55820
72252,7438
37956,3882
37956,1097
37956,1438
37956,6539
37956,736
37956,2078
37956,3717
37956,1907
37956,2470
37956,72998
62067,1201
62067,1198
62067,2858
62067,593
62067,912
62067,4973
62067,293
62067,1252
62067,1203
62067,1222
56192,6539
56192,1197
56192,318
56192,3793
56192,858
56192,1210
56192,912
56192,4896
56192,40815
56192,296
87197,1193
87197,858
87197,55247
87197,3481
87197,1206
87197,50
87197,318
87197,8873
87197,1961
87197,1221
18393,904
18393,260
18393,2081
18393,1197
18393,1
18393,3448
18393,1271
18393,2716
18393,318
18393,3255
24497,5418
24497,68358
24497,364
24497,1580
24497,59315
24497,110
24497,5349
24497,3793
24497,2762
24497,8874
129853,60069
129853,4878
129853,296
129853,2959
129853,7361
129853,44195
129853,6711
129853,4973
129853,2502
129853,1198
111641,356
111641,2959
111641,47
111641,2762
111641,593
111641,4226
111641,1625
111641,1089
111641,293
111641,6874
17046,6936
17046,4306
17046,3979
17046,367
17046,33646
17046,6377
17046,4886
17046,5218
17046,3948
17046,333
30087,1198
30087,858
30087,364
30087,47
30087,6377
30087,6874
30087,7153
30087,58559
30087,2571
30087,33794
101120,50
101120,296
101120,2858
101120,1246
101120,593
101120,6711
101120,1193
101120,1136
101120,1732
101120,1265
83812,527
83812,5952
83812,8949
83812,1210
83812,2019
83812,590
83812,7361
83812,8961
83812,1198
83812,150
16137,8368
16137,54001
16137,59315
16137,40815
16137,88163
16137,109374
16137,2959
16137,1721
16137,73017
16137,85414
102888,33166
102888,33660
102888,48780
102888,44199
102888,45722
102888,44204
102888,51080
102888,43396
102888,48385
102888,45440
119897,7438
119897,260
119897,1291
119897,1198
119897,5952
119897,1213
119897,7153
119897,4993
119897,32
119897,293
102895,1197
102895,1923
102895,736
102895,500
102895,1917
102895,4896
102895,10
102895,5378
102895,5445
102895,40815
78825,110
78825,1393
78825,3107
78825,3421
78825,1090
78825,1608
78825,3210
78825,1408
78825,3686
78825,3081
22335,898
22335,912
22335,4973
22335,7121
22335,951
22335,7153
22335,750
22335,905
22335,2248
22335,3996
99415,593
99415,1213
99415,318
99415,1265
99415,1617
99415,79132
99415,2571
99415,2396
99415,1732
99415,55820
104102,527
104102,480
104102,2329
104102,4226
104102,1704
104102,1097
104102,8368
104102,50
104102,5952
104102,1198
66916,6662
66916,4886
66916,50
66916,34
66916,2788
66916,3751
66916,2396
66916,919
66916,3175
66916,608
63472,2066
63472,6643
63472,42217
63472,4325
63472,2925
63472,1248
63472,4405
63472,8199
63472,25940
63472,32179
130517,34405
130517,33004
130517,32587
130517,44191
130517,48394
130517,7099
130517,30810
130517,6755
130517,26285
130517,38038
4605,78499
4605,89745
4605,1136
4605,33004
4605,7361
4605,356
4605,1884
4605,6377
4605,106782
4605,4886
101982,32
101982,1136
101982,1198
101982,6016
101982,1732
101982,99114
101982,7361
101982,2762
101982,1201
101982,27773
13787,54286
13787,2858
13787,99114
13787,80463
13787,97304
13787,356
13787,6787
13787,80906
13787,4011
13787,2542
20311,31410
20311,4776
20311,54997
20311,8961
20311,589
20311,80463
20311,6870
20311,541
20311,4973
20311,1625
66938,1206
66938,3949
66938,296
66938,33004
66938,858
66938,27773
66938,7254
66938,778
66938,2858
66938,2959
115344,56174
115344,58559
115344,6377
115344,2858
115344,1222
115344,1391
115344,1580
115344,7361
115344,1029
115344,60069
89495,3224
89495,5508
89495,8261
89495,42094
89495,4928
89495,8507
89495,101285
89495,53024
89495,26524
89495,4973
110978,4886
110978,527
110978,7153
110978,2716
110978,318
110978,2858
110978,1136
110978,1213
110978,32
110978,6539
85523,4226
85523,1230
85523,46578
85523,50
85523,858
85523,1199
85523,300
85523,111
85523,3911
85523,1704
58846,1136
58846,3994
58846,4878
58846,5445
58846,7438
58846,1127
58846,6874
58846,1573
58846,2890
58846,1597
76413,47
76413,4226
76413,58559
76413,4878
76413,260
76413,2997
76413,50
76413,6711
76413,48082
76413,1136
17623,1221
17623,1234
17623,3362
17623,1220
17623,3552
17623,1954
17623,1
17623,1262
17623,5060
17623,1208
119618,4993
119618,2502
119618,296
119618,1136
119618,2918
119618,2571
119618,1288
119618,4027
119618,527
119618,7153
57081,48385
57081,48516
57081,52973
57081,45447
57081,80463
57081,58998
57081,36517
57081,72011
57081,68954
57081,50685
4972,78499
4972,69122
4972,58559
4972,54503
4972,89745
4972,81834
4972,61024
4972,63131
4972,76093
4972,79702
95865,6377
95865,1732
95865,46578
95865,4226
95865,8784
95865,3578
95865,5989
95865,53123
95865,4878
95865,858
125097,4973
125097,235
125097,2571
125097,32
125097,32587
125097,1258
125097,4235
125097,48082
125097,1089
125097,4886
97770,1784
97770,2502
97770,2997
97770,3897
97770,1343
97770,1258
97770,4220
97770,592
97770,589
97770,2174
61424,8784
61424,50
61424,1206
61424,2571
61424,593
61424,4027
61424,2762
61424,5995
61424,527
61424,8950
101004,356
101004,1214
101004,2858
101004,858
101004,2329
101004,50
101004,293
101004,589
101004,480
101004,1221
60592,4306
60592,1
60592,4995
60592,4963
60592,1961
60592,1610
60592,1393
60592,587
60592,4993
60592,161
16333,527
16333,318
16333,2762
16333,110
16333,1193
16333,590
16333,912
16333,260
16333,3147
16333,1262
131415,1210
131415,36529
131415,2542
131415,2028
131415,1213
131415,7022
131415,4226
131415,50
131415,356
131415,6502
46403,7153
46403,5952
46403,4993
46403,593
46403,6377
46403,47
46403,527
46403,110
46403,5989
46403,2028
116450,457
116450,1219
116450,1270
116450,296
116450,356
116450,4995
116450,6711
116450,541
116450,1240
116450,3801
3970,2571
3970,3578
3970,858
3970,3639
3970,3984
3970,3638
3970,1221
3970,2959
3970,48516
3970,110
19661,7323
19661,318
19661,50
19661,7361
19661,1089
19661,2762
19661,1213
19661,111
19661,293
19661,46723
133077,318
133077,3471
133077,2288
133077,480
133077,5445
133077,1387
133077,2455
133077,2329
133077,1089
133077,4878
37250,79132
37250,48516
37250,924
37250,750
37250,2726
37250,111
37250,1136
37250,1197
37250,27773
37250,1221
117913,5679
117913,56174
117913,1517
117913,231
117913,1917
117913,34048
117913,110
117913,4638
117913,586
117913,589
425,55820
425,1213
425,2918
425,1221
425,909
425,1212
425,1248
425,1206
425,356
425,480
21877,4886
21877,8961
21877,48394
21877,32587
21877,5349
21877,40815
21877,33794
21877,7361
21877,356
21877,54001
117792,6539
117792,318
117792,54286
117792,44191
117792,68358
117792,6502
117792,3578
117792,51255
117792,589
117792,8665
124688,527
124688,7361
124688,8961
124688,69757
124688,68954
124688,593
124688,2959
124688,5377
124688,30749
124688,4306
6141,30793
6141,592
6141,8949
6141,26555
6141,34162
6141,4489
6141,8376
6141,8623
6141,33679
6141,8972
42440,1200
42440,2997
42440,1221
42440,1704
42440,7361
42440,1240
42440,1208
42440,4995
42440,1923
42440,608
47628,60684
47628,2916
47628,27660
47628,4878
47628,318
47628,6365
47628,5219
47628,1584
47628,34319
47628,1917
51135,32
51135,51662
51135,1274
51135,1208
51135,55765
51135,8665
51135,5418
51135,1270
51135,58559
51135,6957
80982,1089
80982,32587
80982,47
80982,4011
80982,2329
80982,3147
80982,2542
80982,2858
80982,50
80982,778
27803,2571
27803,4306
27803,356
27803,4963
27803,110
27803,3578
27803,296
27803,8368
27803,2028
27803,7143
64089,76093
64089,97304
64089,2959
64089,296
64089,4886
64089,95510
64089,91500
64089,150
64089,5816
64089,81229
55579,1214
55579,6502
55579,2762
55579,1200
55579,318
55579,4226
55579,2959
55579,3863
55579,1127
55579,50
84612,1265
84612,2248
84612,912
84612,2396
84612,2858
84612,46578
84612,3897
84612,1230
84612,1
84612,56949
100230,1206
100230,2571
100230,3996
100230,32
100230,7361
100230,1265
100230,541
100230,1193
100230,7153
100230,5952
41634,318
41634,47
41634,2858
41634,296
41634,58559
41634,480
41634,59315
41634,1073
41634,4878
41634,5349
88134,6377
88134,1036
88134,1196
88134,1580
88134,260
88134,1240
88134,4963
88134,3578
88134,1210
88134,2716
4997,1672
4997,2803
4997,1892
4997,454
4997,1704
4997,1092
4997,527
4997,1961
4997,2762
4997,4995
9827,58559
9827,1682
9827,500
9827,7361
9827,6539
9827,597
9827,4963
9827,1265
9827,2355
9827,520
125616,1197
125616,3949
125616,778
125616,32
125616,527
125616,2762
125616,1222
125616,1136
125616,223
125616,555
7185,4973
7185,1246
7185,2424
7185,1307
7185,7458
7185,30707
7185,1569
7185,7143
7185,8984
7185,500
20852,1230
20852,2918
20852,2502
20852,904
20852,750
20852,1206
20852,47
20852,1258
20852,56782
20852,63082
100643,356
100643,79132
100643,48516
100643,48780
100643,3578
100643,3147
100643,527
100643,50
100643,296
100643,30749
79108,318
79108,47
79108,110
79108,527
79108,1036
79108,2858
79108,3578
79108,457
79108,2028
79108,4886
108548,593
108548,1580
108548,2329
108548,858
108548,3147
108548,1704
108548,2762
108548,58559
108548,1527
108548,780
74855,4306
74855,593
74855,1198
74855,3578
74855,6377
74855,2762
74855,2858
74855,47
74855,1291
74855,5989
40577,40819
40577,27808
40577,8464
40577,30707
40577,33166
40577,8958
40577,34072
40577,37475
40577,7149
40577,8949
91975,4226
91975,1200
91975,858
91975,1208
91975,7361
91975,541
91975,1259
91975,3114
91975,1220
91975,1198
115112,589
115112,1214
115112,44555
115112,32
115112,1625
115112,2324
115112,924
115112,68237
115112,2692
115112,2288
102400,1198
102400,750
102400,60069
102400,296
102400,858
102400,79702
102400,7361
102400,68157
102400,541
102400,51255
31090,1580
31090,1214
31090,733
31090,1917
31090,47
31090,1291
31090,318
31090,593
31090,1676
31090,1573
31723,110
31723,1704
31723,1221
31723,1213
31723,55820
31723,2858
31723,2329
31723,593
31723,6016
31723,63082
58150,4878
58150,1208
58150,6711
58150,858
58150,7438
58150,253
58150,32587
58150,1036
58150,648
58150,2712
68544,2028
68544,32587
68544,48516
68544,8644
68544,6539
68544,64614
68544,48780
68544,5445
68544,8798
68544,7361
34791,593
34791,4963
34791,858
34791,4011
34791,223
34791,33166
34791,4995
34791,1246
34791,55765
34791,5418
66621,2571
66621,2762
66621,4995
66621,3578
66621,6711
66621,608
66621,7361
66621,2959
66621,4306
66621,1198
43945,50872
43945,48394
43945,54286
43945,8464
43945,48774
43945,48738
43945,30810
43945,39183
43945,35836
43945,8665
44421,7361
44421,4226
44421,2329
44421,47
44421,150
44421,1089
44421,4995
44421,231
44421,64614
44421,1213
22458,5445
22458,1653
22458,5418
22458,6377
22458,4973
22458,1682
22458,1265
22458,2918
22458,3996
22458,780
47938,2762
47938,2959
47938,4973
47938,597
47938,5218
47938,1721
47938,4246
47938,4995
47938,4823
47938,4848
75047,1265
75047,593
75047,1704
75047,1193
75047,750
75047,32587
75047,1136
75047,1258
75047,1262
75047,49272
74978,50
74978,4226
74978,4993
74978,7153
74978,318
74978,4995
74978,32587
74978,593
74978,4011
74978,293
88601,70286
88601,1196
88601,4306
88601,4886
88601,2571
88601,8961
88601,72998
88601,6539
88601,3000
88601,68954
127358,6539
127358,1198
127358,356
127358,110
127358,3578
127358,49272
127358,5952
127358,589
127358,54286
127358,5418
23068,2424
23068,7161
23068,8916
23068,8965
23068,916
23068,8529
23068,3512
23068,4019
23068,7
23068,3599
14816,912
14816,1193
14816,953
14816,1961
14816,1947
14816,527
14816,1962
14816,1225
14816,914
14816,1234
59854,4993
59854,858
59854,4306
59854,1089
59854,592
59854,5952
59854,1961
59854,1073
59854,595
59854,2716
78497,40815
78497,1197
78497,56367
78497,2571
78497,551
78497,8368
78497,500
78497,1682
78497,2918
78497,2762
42512,33004
42512,33493
42512,1320
42512,8957
42512,2232
42512,5445
42512,8972
42512,6323
42512,2167
42512,1876
71504,48780
71504,1136
71504,3949
71504,55820
71504,1
71504,7438
71504,6874
71504,4995
71504,4011
71504,27773
92269,25827
92269,2208
92269,929
92269,2917
92269,1955
92269,936
92269,6429
92269,2202
92269,5464
92269,1245
100476,102125
100476,41566
100476,72998
100476,56775
100476,45499
100476,34048
100476,63113
100476,69844
100476,51077
100476,68554
107230,8368
107230,3466
107230,2125
107230,8533
107230,4014
107230,5816
107230,6765
107230,1088
107230,5299
107230,3408
54226,1197
54226,68954
54226,58559
54226,91500
54226,58998
54226,8961
54226,45722
54226,5952
54226,8911
54226,86833
22320,1079
22320,593
22320,1097
22320,457
22320,1265
22320,2947
22320,3101
22320,1955
22320,1641
22320,2194
21179,589
21179,1246
21179,1954
21179,1704
21179,4886
21179,1291
21179,8360
21179,2918
21179,3175
21179,3256
102001,3481
102001,1265
102001,5995
102001,3252
102001,67255
102001,475
102001,80463
102001,3578
102001,4848
102001,40583
61316,4886
61316,296
61316,5349
61316,8961
61316,364
61316,2571
61316,2858
61316,4995
61316,1721
61316,110
70967,1196
70967,260
70967,316
70967,2571
70967,8961
70967,34150
70967,780
70967,480
70967,6537
70967,6539
116435,56367
116435,46976
116435,4979
116435,60069
116435,8910
116435,53123
116435,48516
116435,79132
116435,101
116435,30810
138459,56367
138459,2959
138459,33166
138459,35836
138459,47
138459,593
138459,1704
138459,39183
138459,8981
138459,3897
85097,1200
85097,1219
85097,1204
85097,593
85097,1198
85097,89745
85097,1234
85097,58559
85097,903
85097,2571
118825,2959
118825,4306
118825,356
118825,318
118825,2291
118825,69757
118825,1097
118825,7361
118825,1265
118825,1682
500,79132
500,260
500,1196
500,2329
500,1258
500,5995
500,1244
500,1252
500,1206
500,1225
75758,6874
75758,2028
75758,1704
75758,2858
75758,1089
75758,750
75758,527
75758,1682
75758,1732
75758,5418
39873,593
39873,71033
39873,2329
39873,4011
39873,1213
39873,55247
39873,48780
39873,1266
39873,6953
39873,88129
83905,2959
83905,79132
83905,59315
83905,1240
83905,5903
83905,68358
83905,1200
83905,1214
83905,48774
83905,296
6400,5618
6400,608
6400,527
6400,858
6400,50
6400,68157
6400,1213
6400,1136
6400,4878
6400,1206
6447,2028
6447,356
6447,1213
6447,555
6447,6870
6447,924
6447,4034
6447,4855
6447,1625
6447,1682
134665,2858
134665,318
134665,2959
134665,50
134665,6016
134665,296
134665,1653
134665,97752
134665,7361
134665,4878
131613,2571
131613,2947
131613,79132
131613,96079
131613,6874
131613,81591
131613,64614
131613,858
131613,3681
131613,81845
71826,5903
71826,48394
71826,27660
71826,2232
71826,27904
71826,1200
71826,2571
71826,34319
71826,2716
71826,59315
26828,30707
26828,6953
26828,6711
26828,6377
26828,33166
26828,8464
26828,5225
26828,5989
26828,46723
26828,3910
102299,296
102299,7361
102299,2918
102299,1449
102299,1732
102299,1961
102299,527
102299,1704
102299,1193
102299,1198
96862,79132
96862,1193
96862,2571
96862,50
96862,593
96862,1704
96862,4226
96862,1230
96862,7153
96862,4993
130647,7438
130647,32
130647,48780
130647,541
130647,4963
130647,3147
130647,59315
130647,6016
130647,4995
130647,4878
23043,589
23043,3793
23043,2571
23043,1356
23043,3996
23043,8961
23043,3275
23043,46322
23043,59315
23043,5903
53873,903
53873,750
53873,74545
53873,60950
53873,318
53873,293
53873,4881
53873,3730
53873,41285
53873,80906
129680,4370
129680,32
129680,37386
129680,2791
129680,1608
129680,1690
129680,1208
129680,35836
129680,8169
129680,5009
32456,5445
32456,33493
32456,589
32456,5903
32456,47
32456,593
32456,40815
32456,7143
32456,8957
32456,6323
72840,34162
72840,51662
72840,44199
72840,48780
72840,33162
72840,34405
72840,8970
72840,35836
72840,54286
72840,45447
52760,70293
52760,64620
52760,72011
52760,33166
52760,64575
52760,33660
52760,51080
52760,33639
52760,30749
52760,91077
125265,2762
125265,1291
125265,4306
125265,2858
125265,260
125265,33794
125265,541
125265,1214
125265,150
125265,750
86235,2329
86235,2762
86235,1196
86235,2011
86235,3578
86235,2858
86235,33794
86235,3793
86235,589
86235,1240
103337,2502
103337,60069
103337,6874
103337,50
103337,2028
103337,1214
103337,1208
103337,5445
103337,32
103337,7361
103050,3578
103050,2542
103050,36529
103050,318
103050,2571
103050,3638
103050,356
103050,16
103050,44665
103050,4993
67471,1136
67471,4226
67471,858
67471,50
67471,1183
67471,3418
67471,2762
67471,111
67471,2020
67471,1221
73070,4886
73070,1197
73070,8961
73070,1136
73070,4973
73070,7361
73070,899
73070,69757
73070,73017
73070,1270
23178,59315
23178,2139
23178,924
23178,58559
23178,8874
23178,2048
23178,1200
23178,5349
23178,72737
23178,594
74002,480
74002,648
74002,58559
74002,364
74002,2028
74002,1
74002,5952
74002,4993
74002,7153
74002,367
68818,58803
68818,52458
68818,8533
68818,8965
68818,6333
68818,55872
68818,31685
68818,65088
68818,75341
68818,5941
72180,8366
72180,914
72180,1375
72180,3911
72180,1356
72180,66934
72180,68358
72180,5991
72180,2918
72180,1
129185,34162
129185,8961
129185,6377
129185,1954
129185,3039
129185,1291
129185,4306
129185,260
129185,2302
129185,59315
51968,5418
51968,3578
51968,5349
51968,480
51968,1580
51968,49272
51968,10
51968,4306
51968,110
51968,44191
23714,520
23714,592
23714,1079
23714,2959
23714,1682
23714,2174
23714,6807
23714,1206
23714,49272
23714,2115
69970,593
69970,7361
69970,6874
69970,2291
69970,5669
69970,2997
69970,7438
69970,7022
69970,1222
69970,1089
68889,8961
68889,8533
68889,8529
68889,3916
68889,34162
68889,8360
68889,7445
68889,4995
68889,3578
68889,356
61740,1136
61740,1777
61740,6104
61740,8961
61740,4246
61740,2657
61740,8784
61740,3671
61740,5816
61740,33794
34846,6377
34846,1732
34846,2858
34846,318
34846,1136
34846,356
34846,2700
34846,6874
34846,33794
34846,2987
97706,1198
97706,102125
97706,593
97706,296
97706,2028
97706,91500
97706,68358
97706,6539
97706,59369
97706,527
92794,608
92794,1674
92794,1207
92794,39292
92794,904
92794,1193
92794,1250
92794,912
92794,1358
92794,1247
91017,3578
91017,56367
91017,4963
91017,1704
91017,3147
91017,46723
91017,39183
91017,54286
91017,48516
91017,4022
133372,46578
133372,48780
133372,33794
133372,30848
133372,40583
133372,41997
133372,30707
133372,39234
133372,31685
133372,27788
47770,1084
47770,265
47770,342
47770,1094
47770,903
47770,1193
47770,1219
47770,6791
47770,5995
47770,904
80325,50
80325,52328
80325,59315
80325,70286
80325,7254
80325,84152
80325,8644
80325,2858
80325,480
80325,1580
107278,356
107278,2959
107278,2571
107278,47
107278,57274
107278,81591
107278,48780
107278,49530
107278,48516
107278,81782
8473,4306
8473,50872
8473,78499
8473,3793
8473,98809
8473,48394
8473,480
8473,91542
8473,6333
8473,77561
115563,480
115563,1573
115563,49272
115563,733
115563,33794
115563,1721
115563,7153
115563,3578
115563,1580
115563,648
137561,50
137561,4011
137561,1089
137561,2571
137561,4973
137561,296
137561,7323
137561,3160
137561,1222
137561,527
123603,50
123603,47
123603,858
123603,111
123603,1090
123603,7361
123603,1221
123603,1206
123603,778
123603,293
19711,4226
19711,318
19711,4874
19711,1258
19711,3499
19711,2174
19711,97938
19711,44191
19711,1580
19711,8950
81994,2762
81994,1198
81994,8961
81994,50
81994,8970
81994,4896
81994,5064
81994,2028
81994,7147
81994,2502
100207,4306
100207,597
100207,1923
100207,356
100207,364
100207,593
100207,30707
100207,33166
100207,2541
100207,48516
6845,8368
6845,1907
6845,595
6845,2291
6845,48
6845,6983
6845,30793
6845,1028
6845,6377
6845,39
3740,5989
3740,2804
3740,364
3740,8961
3740,2081
3740,1485
3740,6936
3740,5103
3740,1517
3740,6863
62069,4306
62069,2959
62069,63082
62069,1721
62069,48394
62069,2858
62069,41571
62069,364
62069,46578
62069,5952
110002,33615
110002,5218
110002,1961
110002,593
110002,76093
110002,2324
110002,4995
110002,5952
110002,32587
110002,7153
12958,1213
12958,2571
12958,593
12958,318
12958,2858
12958,296
12958,912
12958,50
12958,5995
12958,527
17205,593
17205,780
17205,1270
17205,500
17205,70286
17205,2028
17205,60069
17205,2918
17205,69122
17205,4306
121788,1073
121788,919
121788,1917
121788,344
121788,5952
121788,1
121788,410
121788,1200
121788,110
121788,4886
11948,500
11948,2858
11948,318
11948,2329
11948,1380
11948,4226
11948,4878
11948,2174
11948,1968
11948,7254
110656,48774
110656,42004
110656,53894
110656,48385
110656,48780
110656,49824
110656,46850
110656,33166
110656,30749
110656,36517
107121,30749
107121,318
107121,6016
107121,6216
107121,3996
107121,36517
107121,923
107121,1704
107121,1682
107121,1265
50822,527
50822,589
50822,1270
50822,2028
50822,4993
50822,2762
50822,318
50822,110
50822,260
50822,912
80141,45431
80141,44191
80141,45722
80141,8961
80141,37729
80141,49272
80141,32587
80141,27706
80141,7099
80141,26776
111323,33794
111323,49272
111323,7153
111323,53125
111323,31685
111323,5872
111323,4993
111323,53996
111323,44191
111323,40815
56033,2959
56033,1704
56033,5995
56033,3147
56033,2762
56033,50
56033,2692
56033,2194
56033,4326
56033,1225
75262,40815
75262,5349
75262,4306
75262,76093
75262,89745
75262,5816
75262,1
75262,91542
75262,2571
75262,54001
40514,2324
40514,4014
40514,3967
40514,56367
40514,30749
40514,50872
40514,5014
40514,4054
40514,8530
40514,6942
4029,8961
4029,7153
4029,1580
4029,45722
4029,648
4029,592
4029,49272
4029,1527
4029,7438
4029,6874
61060,2571
61060,8665
61060,4963
61060,91529
61060,81834
61060,5816
61060,8368
61060,31685
61060,60069
61060,69122
103068,2959
103068,750
103068,924
103068,4973
103068,1232
103068,7327
103068,903
103068,2313
103068,69134
103068,32892
81453,5952
81453,356
81453,593
81453,296
81453,47
81453,6539
81453,4963
81453,63082
81453,69122
81453,527
113839,2858
113839,7254
113839,2018
113839,4306
113839,6377
113839,1029
113839,4973
113839,74458
113839,588
113839,337
137173,7438
137173,6874
137173,1089
137173,2542
137173,1240
137173,4226
137173,68157
137173,79132
137173,50
137173,1206
66912,2096
66912,1566
66912,4886
66912,1907
66912,364
66912,588
66912,6377
66912,1721
66912,2078
66912,48
9287,50872
9287,4700
9287,1
9287,81847
9287,91500
9287,595
9287,79091
9287,8961
9287,3114
9287,7451
57453,318
57453,8961
57453,4306
57453,588
57453,32587
57453,364
57453,3793
57453,1270
57453,8360
57453,48394
6552,5878
6552,1233
6552,1300
6552,1175
6552,3677
6552,246
6552,1719
6552,4334
6552,1203
6552,1704
9221,2959
9221,1197
9221,318
9221,527
9221,1136
9221,356
9221,50872
9221,46578
9221,6711
9221,63082
35147,527
35147,33660
35147,3147
35147,1387
35147,1358
35147,1097
35147,30749
35147,457
35147,33166
35147,3578
50528,1136
50528,1358
50528,1958
50528,4995
50528,3148
50528,4361
50528,3100
50528,1235
50528,4280
50528,1960
53037,4226
53037,99114
53037,32
53037,58559
53037,47
53037,68157
53037,1136
53037,2858
53037,1213
53037,6539
116586,32
116586,110
116586,48516
116586,1393
116586,30810
116586,344
116586,4022
116586,1682
116586,608
116586,6874
1738,1089
1738,48516
1738,296
1738,55765
1738,33794
1738,318
1738,50
1738,52281
1738,1210
1738,1221
57436,56367
57436,318
57436,68358
57436,45950
57436,7361
57436,35836
57436,2918
57436,260
57436,62434
57436,54503
114746,60069
114746,2959
114746,296
114746,356
114746,110
114746,47
114746,1291
114746,1210
114746,2028
114746,59315
137917,296
137917,2959
137917,318
137917,33794
137917,593
137917,5952
137917,7153
137917,1196
137917,1136
137917,260
25677,1210
25677,1196
25677,5952
25677,7153
25677,919
25677,4993
25677,2716
25677,1374
25677,2571
25677,1136
4834,76251
4834,59315
4834,77561
4834,6016
4834,34162
4834,2959
4834,52973
4834,71535
4834,27773
4834,69526
31117,2858
31117,4993
31117,1270
31117,1136
31117,318
31117,4878
31117,55820
31117,27773
31117,47
31117,1265
90909,1210
90909,72998
90909,3793
90909,26614
90909,59501
90909,480
90909,62081
90909,6333
90909,68319
90909,4306
104393,2502
104393,54503
104393,8874
104393,52973
104393,1968
104393,58998
104393,2572
104393,79702
104393,69122
104393,67734
3485,7153
3485,1270
3485,32
3485,318
3485,2858
3485,593
3485,1213
3485,2716
3485,1265
3485,1193
37136,2571
37136,4973
37136,2692
37136,4878
37136,6016
37136,4226
37136,7361
37136,2959
37136,27773
37136,1732
115618,318
115618,2571
115618,4306
115618,50
115618,4886
115618,858
115618,48516
115618,8984
115618,2858
115618,60069
65413,2959
65413,79132
65413,1080
65413,1198
65413,6807
65413,6874
65413,4993
65413,4306
65413,4878
65413,48394
82624,1089
82624,44191
82624,593
82624,1136
82624,2329
82624,50
82624,2858
82624,48780
82624,55820
82624,6874
76527,1732
76527,1175
76527,1729
76527,293
76527,2360
76527,1617
76527,8950
76527,2908
76527,1136
76527,1263
40220,318
40220,2762
40220,1197
40220,904
40220,1198
40220,914
40220,899
40220,969
40220,1219
40220,919
138109,1339
138109,4993
138109,6350
138109,48394
138109,260
138109,1214
138109,2959
138109,56339
138109,2161
138109,6333
75749,51086
75749,6888
75749,44972
75749,2694
75749,374
75749,736
75749,43679
75749,4718
75749,33646
75749,43930
40618,84954
40618,96610
40618,48516
40618,80489
40618,79132
40618,80906
40618,4963
40618,4226
40618,106782
40618,111759
124834,778
124834,51255
124834,48780
124834,4262
124834,1270
124834,356
124834,1219
124834,555
124834,16
124834,71535
117044,318
117044,47
117044,4776
117044,296
117044,4226
117044,2571
117044,231
117044,4448
117044,1089
117044,1754
17989,44191
17989,4995
17989,1682
17989,1193
17989,4878
17989,68954
17989,2858
17989,60069
17989,2762
17989,80463
84664,920
84664,1231
84664,858
84664,1276
84664,1228
84664,2791
84664,3198
84664,1265
84664,1221
84664,1097
50293,1214
50293,5952
50293,4306
50293,51662
50293,50872
50293,33794
50293,46578
50293,48780
50293,8636
50293,48304
38630,79132
38630,2571
38630,2959
38630,318
38630,92259
38630,94959
38630,85342
38630,58559
38630,88129
38630,91529
83671,58559
83671,356
83671,44191
83671,5989
83671,64957
83671,4014
83671,2571
83671,74458
83671,3949
83671,1682
17039,912
17039,2571
17039,4993
17039,7361
17039,1193
17039,1212
17039,1617
17039,527
17039,48516
17039,8961
96142,4776
96142,3082
96142,1722
96142,2028
96142,1704
96142,3948
96142,6188
96142,5349
96142,1777
96142,7438
118371,1291
118371,2571
118371,296
118371,260
118371,356
118371,5349
118371,593
118371,2115
118371,2716
118371,1198
68653,541
68653,1201
68653,1
68653,2791
68653,2716
68653,1527
68653,4993
68653,1073
68653,2918
68653,592
45977,1258
45977,50
45977,81591
45977,8014
45977,5989
45977,94959
45977,1274
45977,57669
45977,63082
45977,923
113616,1198
113616,1265
113616,2959
113616,7438
113616,527
113616,2762
113616,1291
113616,2028
113616,6502
113616,2291
3782,6595
3782,5507
3782,3300
3782,6934
3782,2167
3782,2571
3782,4367
3782,4270
3782,8861
3782,3452
101809,110
101809,6377
101809,1
101809,6539
101809,3000
101809,1270
101809,5971
101809,595
101809,364
101809,3793
4057,3052
4057,1968
4057,58559
4057,63131
4057,52973
4057,46578
4057,2329
4057,7147
4057,51662
4057,56715
22493,150
22493,1193
22493,3147
22493,2858
22493,2502
22493,5349
22493,1246
22493,1207
22493,500
22493,2087
46340,5816
46340,1682
46340,2762
46340,5349
46340,4973
46340,5418
46340,8360
46340,1027
46340,8665
46340,1801
84115,8340
84115,3032
84115,2871
84115,904
84115,1387
84115,2527
84115,2013
84115,3671
84115,2455
84115,7001
58831,56174
58831,1222
58831,55276
58831,4995
58831,4963
58831,52281
58831,44195
58831,1203
58831,2115
58831,53519
36762,2203
36762,904
36762,31658
36762,928
36762,48394
36762,44191
36762,1212
36762,908
36762,1219
36762,2571
28312,457
28312,48774
28312,3949
28312,231
28312,1270
28312,4011
28312,4034
28312,2700
28312,48385
28312,288
123024,4226
123024,356
123024,7153
123024,457
123024,2858
123024,1193
123024,58559
123024,1203
123024,1210
123024,1201
16303,1104
16303,597
16303,914
16303,1952
16303,4246
16303,4014
16303,1084
16303,3735
16303,2469
16303,1035
113535,2571
113535,2959
113535,1089
113535,296
113535,593
113535,608
113535,1527
113535,1208
113535,4973
113535,293
98246,49272
98246,59315
98246,50
98246,4973
98246,70286
98246,32
98246,27611
98246,2542
98246,68157
98246,69481
64524,47
64524,6711
64524,593
64524,608
64524,111
64524,356
64524,527
64524,4306
64524,1206
64524,1732
137361,912
137361,527
137361,5995
137361,7493
137361,3469
137361,30707
137361,39183
137361,905
137361,39292
137361,8459
17838,4963
17838,587
17838,2916
17838,5349
17838,1265
17838,593
17838,3418
17838,46578
17838,2194
17838,912
32618,318
32618,1721
32618,2671
32618,7254
32618,33615
32618,56367
32618,27815
32618,33794
32618,2396
32618,4896
56850,49272
56850,54001
56850,58559
56850,33794
56850,50872
56850,68954
56850,356
56850,44191
56850,318
56850,4963
24817,1704
24817,539
24817,2268
24817,1101
24817,11
24817,912
24817,2671
24817,1393
24817,236
24817,1961
74113,58559
74113,4878
74113,1193
74113,63082
74113,8950
74113,4993
74113,5995
74113,3147
74113,1682
74113,2997
29213,32
29213,318
29213,1193
29213,55820
29213,2762
29213,858
29213,1206
29213,2076
29213,7361
29213,541
4343,7153
4343,5349
4343,6377
4343,4963
4343,3578
4343,6333
4343,3916
4343,2355
4343,6378
4343,8961
994,40815
994,60069
994,58559
994,39292
994,47629
994,45950
994,30749
994,48696
994,44191
994,55247
25433,5952
25433,1270
25433,780
25433,3578
25433,1
25433,593
25433,589
25433,367
25433,924
25433,597
49129,27773
49129,27482
49129,2571
49129,2672
49129,1527
49129,4874
49129,3476
49129,56145
49129,2600
49129,71135
69242,527
69242,1193
69242,2858
69242,1206
69242,2571
69242,2324
69242,858
69242,2329
69242,4235
69242,593
89572,88744
89572,44191
89572,33493
89572,102125
89572,77561
89572,84152
89572,73017
89572,111759
89572,34048
89572,2959
27132,1527
27132,32
27132,4963
27132,3578
27132,4973
27132,589
27132,3793
27132,5445
27132,110
27132,527
124284,608
124284,4226
124284,4973
124284,1213
124284,2858
124284,1219
124284,1208
124284,778
124284,923
124284,318
101904,2571
101904,1500
101904,3328
101904,27773
101904,1266
101904,7361
101904,58559
101904,2858
101904,6283
101904,4085
127341,4226
127341,2762
127341,1080
127341,4973
127341,923
127341,1208
127341,3507
127341,2313
127341,1291
127341,5349
91660,593
91660,260
91660,1198
91660,356
91660,318
91660,2324
91660,3578
91660,1207
91660,1196
91660,6377
2248,329
2248,1214
2248,296
2248,2916
2248,2959
2248,1376
2248,1676
2248,7438
2248,6874
2248,1136
109933,904
109933,26131
109933,2791
109933,923
109933,7361
109933,2925
109933,3075
109933,1732
109933,1292
109933,4641
107598,1278
107598,3745
107598,588
107598,919
107598,1265
107598,4016
107598,107
107598,5669
107598,8366
107598,4343
93414,94777
93414,91500
93414,96610
93414,102445
93414,60069
93414,44191
93414,99114
93414,96079
93414,106072
93414,106487
45096,81847
45096,1022
45096,64957
45096,594
45096,3793
45096,96079
45096,2028
45096,86880
45096,30793
45096,1265
112780,593
112780,356
112780,2571
112780,1073
112780,1270
112780,1136
112780,1246
112780,1682
112780,1961
112780,1235
94283,6377
94283,1240
94283,1036
94283,50
94283,48385
94283,1923
94283,1270
94283,1221
94283,480
94283,8961
100473,1210
100473,588
100473,6539
100473,2762
100473,1
100473,4306
100473,1291
100473,592
100473,589
100473,2918
19515,590
19515,1784
19515,4034
19515,858
19515,1213
19515,1097
19515,1953
19515,1197
19515,6711
19515,1204
33200,2571
33200,3578
33200,45499
33200,6934
33200,8961
33200,33679
33200,110
33200,32587
33200,4886
33200,5816
72480,908
72480,924
72480,541
72480,48780
72480,56782
72480,50
72480,2951
72480,903
72480,1036
72480,68157
63992,1193
63992,750
63992,541
63992,2858
63992,4973
63992,1206
63992,1258
63992,2997
63992,2203
63992,47
130955,73017
130955,68358
130955,72998
130955,318
130955,76093
130955,69757
130955,3793
130955,2329
130955,67087
130955,6377
71181,2858
71181,2023
71181,593
71181,1222
71181,555
71181,1645
71181,318
71181,6874
71181,1193
71181,6
70683,7438
70683,6874
70683,4816
70683,5445
70683,6539
70683,7361
70683,4226
70683,745
70683,1732
70683,47
56595,2959
56595,2858
56595,595
56595,4308
56595,1136
56595,60069
56595,3949
56595,5995
56595,6711
56595,2081
86729,2959
86729,2329
86729,1464
86729,1193
86729,2858
86729,1206
86729,29
86729,2467
86729,1246
86729,912
85124,2028
85124,919
85124,1028
85124,597
85124,2268
85124,920
85124,1962
85124,595
85124,899
85124,1784
47033,3578
47033,6874
47033,1136
47033,8368
47033,260
47033,4306
47033,2858
47033,6893
47033,2502
47033,7361
27589,318
27589,1214
27589,480
27589,2916
27589,648
27589,7438
27589,5349
27589,1682
27589,3793
27589,54286
30934,81847
30934,356
30934,78499
30934,81845
30934,4973
30934,4896
30934,7669
30934,63082
30934,2571
30934,50872
2783,3949
2783,6016
2783,2997
2783,593
2783,46578
2783,30749
2783,8873
2783,4967
2783,1222
2783,31410
133125,50
133125,5618
133125,4848
133125,608
133125,2571
133125,3160
133125,5669
133125,551
133125,33004
133125,235
96318,2858
96318,2571
96318,79132
96318,593
96318,4226
96318,58559
96318,99114
96318,4973
96318,1193
96318,115569
130493,4226
130493,296
130493,2571
130493,3897
130493,8784
130493,1968
130493,778
130493,33166
130493,48385
130493,2918
101866,364
101866,63082
101866,5989
101866,1721
101866,356
101866,8360
101866,48780
101866,5349
101866,72998
101866,5378
99107,1921
99107,4878
99107,4226
99107,1270
99107,31658
99107,44191
99107,34405
99107,5445
99107,1653
99107,1253
5792,32
5792,2716
5792,223
5792,1527
5792,3949
5792,50
5792,778
5792,1198
5792,2916
5792,47
78371,1136
78371,1208
78371,1222
78371,1304
78371,1292
78371,1225
78371,3681
78371,111
78371,1250
78371,1230
80951,63082
80951,4306
80951,88810
80951,91500
80951,8360
80951,4018
80951,81845
80951,6539
80951,88163
80951,588
93367,1036
93367,4963
93367,296
93367,6539
93367,3578
93367,2762
93367,1580
93367,780
93367,3717
93367,2329
9034,8601
9034,2936
9034,8785
9034,8125
9034,25793
9034,6660
9034,6981
9034,1280
9034,4276
9034,162
79186,1089
79186,2959
79186,2542
79186,4011
79186,32
79186,778
79186,2329
79186,8873
79186,593
79186,527
55903,60684
55903,96610
55903,104841
55903,101864
55903,49272
55903,32587
55903,87232
55903,99114
55903,79702
55903,54286
122601,6662
122601,7569
122601,750
122601,3635
122601,2946
122601,8690
122601,2018
122601,2716
122601,1247
122601,1304
137532,33794
137532,296
137532,79132
137532,70286
137532,2571
137532,68157
137532,1198
137532,1089
137532,60684
137532,541
122208,50
122208,2502
122208,318
122208,49530
122208,6188
122208,1213
122208,4011
122208,47
122208,356
122208,35836
112125,589
112125,296
112125,2571
112125,4878
112125,1240
112125,5445
112125,8957
112125,1625
112125,50
112125,7361
87971,33794
87971,4011
87971,1213
87971,55290
87971,57669
87971,8798
87971,6378
87971,91658
87971,85414
87971,44665
11971,356
11971,16
11971,47
11971,296
11971,4623
11971,3275
11971,7445
11971,54286
11971,5010
11971,59315
1935,1197
1935,110
1935,296
1935,8961
1935,293
1935,6377
1935,2329
1935,4226
1935,7143
1935,1089
9919,73017
9919,318
9919,89745
9919,2028
9919,106782
9919,115210
9919,70286
9919,109487
9919,51255
9919,80489
29732,50
29732,4011
29732,296
29732,61323
29732,318
29732,7361
29732,778
29732,56782
29732,52952
29732,2858
72381,48516
72381,69844
72381,2571
72381,8961
72381,44191
72381,78499
72381,99114
72381,8368
72381,91542
72381,5956
9454,76093
9454,1527
9454,5349
9454,3114
9454,68358
9454,34405
9454,2761
9454,4995
9454,56174
9454,78499
111171,2571
111171,2959
111171,1208
111171,1089
111171,58559
111171,1136
111171,1221
111171,260
111171,1196
111171,1617
16291,7153
16291,4993
16291,5952
16291,480
16291,4306
16291,32
16291,356
16291,44191
16291,8368
16291,8360
109621,296
109621,356
109621,7153
109621,6539
109621,4993
109621,4963
109621,4973
109621,3751
109621,6874
109621,2959
6053,858
6053,1200
6053,2028
6053,33794
6053,6502
6053,593
6053,1214
6053,2858
6053,4878
6053,1258
102596,1375
102596,736
102596,150
102596,5349
102596,2947
102596,953
102596,377
102596,1608
102596,1917
102596,2949
106396,4993
106396,1210
106396,3949
106396,778
106396,5952
106396,7153
106396,356
106396,1089
106396,32
106396,1527
132513,47
132513,4226
132513,1270
132513,296
132513,592
132513,58559
132513,356
132513,480
132513,1214
132513,260
47278,1198
47278,7153
47278,5952
47278,4993
47278,1291
47278,6539
47278,7132
47278,1278
47278,1265
47278,3175
23176,51662
23176,27904
23176,33004
23176,34319
23176,49272
23176,38038
23176,48043
23176,54259
23176,46578
23176,45517
20472,296
20472,55269
20472,7361
20472,72226
20472,71535
20472,7099
20472,4973
20472,3911
20472,48394
20472,8641
121447,32
121447,296
121447,1036
121447,2959
121447,110
121447,44665
121447,4963
121447,480
121447,8360
121447,590
53753,296
53753,2959
53753,40819
53753,46578
53753,2329
53753,61024
53753,56367
53753,37384
53753,48780
53753,7147
58148,8961
58148,3793
58148,5952
58148,1580
58148,40815
58148,6874
58148,49272
58148,7438
58148,45499
58148,1527
39609,1097
39609,1270
39609,597
39609,588
39609,1029
39609,4993
39609,527
39609,8961
39609,4973
39609,3578
110727,356
110727,260
110727,858
110727,5952
110727,1198
110727,2571
110727,2762
110727,1136
110727,608
110727,4306
31775,4973
31775,7361
31775,6711
31775,1464
31775,3160
31775,4848
31775,7034
31775,307
31775,1196
31775,2712
131091,750
131091,260
131091,2997
131091,4878
131091,296
131091,1175
131091,48774
131091,1196
131091,2105
131091,593
117540,110
117540,1197
117540,4306
117540,590
117540,2762
117540,3996
117540,8961
117540,1961
117540,912
117540,608
72012,608
72012,904
72012,1080
72012,541
72012,908
72012,1206
72012,3462
72012,1136
72012,924
72012,296
126623,89118
126623,86781
126623,527
126623,109374
126623,1208
126623,112556
126623,86884
126623,55069
126623,86898
126623,926
77988,380
77988,3578
77988,1240
77988,1610
77988,480
77988,1291
77988,5418
77988,454
77988,2058
77988,593
87967,356
87967,4246
87967,68954
87967,527
87967,5377
87967,4886
87967,63876
87967,40819
87967,50872
87967,1641
26608,296
26608,4973
26608,5952
26608,50
26608,4963
26608,2959
26608,4027
26608,1198
26608,7361
26608,593
88568,47
88568,593
88568,51662
88568,5816
88568,54286
88568,733
88568,2918
88568,1036
88568,7143
88568,527
70387,32
70387,2571
70387,527
70387,1136
70387,1198
70387,541
70387,750
70387,1193
70387,1252
70387,2959
24718,377
24718,4533
24718,196
24718,741
24718,288
24718,8225
24718,7438
24718,7505
24718,2712
24718,61240
137210,7361
137210,356
137210,2959
137210,50
137210,48516
137210,1193
137210,2329
137210,110
137210,41997
137210,55820
32011,111
32011,593
32011,4973
32011,2959
32011,50
32011,58559
32011,4235
32011,904
32011,1208
32011,48516
64260,47
64260,1089
64260,2858
64260,593
64260,91529
64260,99114
64260,32
64260,589
64260,480
64260,318
2974,3000
2974,1225
2974,4973
2974,5690
2974,1221
2974,1089
2974,1237
2974,1193
2974,2467
2974,1527
70973,2316
70973,2125
70973,4306
70973,3556
70973,2706
70973,2502
70973,3949
70973,8981
70973,5445
70973,8961
136673,3671
136673,1257
136673,3098
136673,2248
136673,1500
136673,46578
136673,1197
136673,2502
136673,3552
136673,8623
89101,4306
89101,3052
89101,7361
89101,648
89101,1
89101,2502
89101,593
89101,4878
89101,4226
89101,19
56895,2858
56895,4262
56895,318
56895,2571
56895,110
56895,2028
56895,4226
56895,6874
56895,16
56895,6
65604,1704
65604,318
65604,39292
65604,2762
65604,1198
65604,2571
65604,527
65604,3897
65604,8961
65604,4034
97741,1210
97741,541
97741,1136
97741,5952
97741,3000
97741,2571
97741,318
97741,527
97741,1214
97741,1223
91858,2571
91858,6539
91858,4963
91858,8368
91858,6874
91858,5989
91858,500
91858,4993
91858,58559
91858,2706
46417,7361
46417,356
46417,7147
46417,5218
46417,109374
46417,4995
46417,55820
46417,4027
46417,778
46417,318
49225,44665
49225,102903
49225,79132
49225,96079
49225,2959
49225,104913
49225,76093
49225,106920
49225,51255
49225,58559
21774,356
21774,4886
21774,7361
21774,44191
21774,48394
21774,5618
21774,2291
21774,780
21774,1721
21774,51662
8309,589
8309,3527
8309,1610
8309,1036
8309,1214
8309,541
8309,2916
8309,4085
8309,1127
8309,1198
64310,4973
64310,260
64310,1704
64310,44195
64310,480
64310,6
64310,8961
64310,33166
64310,38061
64310,55820
124782,88810
124782,1307
124782,595
124782,1393
124782,50872
124782,2918
124782,46578
124782,89492
124782,2324
124782,457
43636,3916
43636,31225
43636,45431
43636,8961
43636,8644
43636,53972
43636,34072
43636,52287
43636,524
43636,6378
53236,593
53236,5349
53236,6377
53236,47
53236,33794
53236,2028
53236,2916
53236,4306
53236,367
53236,1653
124015,6541
124015,33679
124015,68319
124015,91542
124015,4896
124015,106002
124015,76251
124015,41566
124015,5349
124015,96079
122859,32587
122859,4306
122859,68954
122859,293
122859,48394
122859,63082
122859,1089
122859,3147
122859,48780
122859,58559
122710,8961
122710,2959
122710,356
122710,6377
122710,8784
122710,44191
122710,33166
122710,2291
122710,4886
122710,2571
51555,4226
51555,5349
51555,7361
51555,3578
51555,3996
51555,8636
51555,39183
51555,44191
51555,44195
51555,2396
89323,2571
89323,79132
89323,4993
89323,8368
89323,58559
89323,49272
89323,648
89323,1580
89323,59315
89323,72998
106203,8961
106203,4963
106203,6377
106203,5418
106203,6539
106203,780
106203,1097
106203,2918
106203,1923
106203,296
52292,52885
52292,778
52292,2959
52292,50
52292,1617
52292,7022
52292,94466
52292,4878
52292,101525
52292,6874
88412,48516
88412,58295
88412,58162
88412,59315
88412,60069
88412,61729
88412,53972
88412,30846
88412,40412
88412,32029
96600,4214
96600,8623
96600,2406
96600,2527
96600,4007
96600,5049
96600,4941
96600,3791
96600,1722
96600,2409
22130,480
22130,2959
22130,2028
22130,3147
22130,1682
22130,1485
22130,4022
22130,367
22130,296
22130,586
17469,2959
17469,1198
17469,48780
17469,6333
17469,2762
17469,1291
17469,50
17469,3793
17469,457
17469,6377
4424,593
4424,4226
4424,2502
4424,296
4424,1704
4424,356
4424,1
4424,1198
4424,4995
4424,110
70997,1198
70997,2762
70997,110
70997,150
70997,4306
70997,296
70997,318
70997,1580
70997,457
70997,2959
54904,1258
54904,50
54904,1748
54904,1653
54904,1617
54904,1259
54904,1127
54904,3355
54904,79132
54904,4226
118349,1210
118349,1196
118349,53996
118349,260
118349,1732
118349,593
118349,1222
118349,1968
118349,231
118349,333
79498,4226
79498,59315
79498,72998
79498,2959
79498,32
79498,356
79498,1214
79498,3527
79498,593
79498,4223
81316,318
81316,356
81316,47997
81316,32
81316,296
81316,1136
81316,780
81316,593
81316,2012
81316,68237
49458,33166
49458,527
49458,858
49458,56367
49458,1193
49458,1221
49458,63082
49458,5445
49458,6870
49458,6016
14369,296
14369,8961
14369,750
14369,51662
14369,4886
14369,72998
14369,1203
14369,1265
14369,60684
14369,6874
93718,7153
93718,2762
93718,4993
93718,648
93718,480
93718,356
93718,5445
93718,780
93718,5952
93718,55765
5548,6377
5548,4308
5548,551
5548,5952
5548,2571
5548,2762
5548,45722
5548,5218
5548,2959
5548,40815
22779,6539
22779,1270
22779,2959
22779,6377
22779,2762
22779,110
22779,2571
22779,1210
22779,1196
22779,260
75843,29
75843,1748
75843,48774
75843,70286
75843,541
75843,296
75843,924
75843,3702
75843,1884
75843,1175
92033,7438
92033,5952
92033,7153
92033,3578
92033,6016
92033,4034
92033,4878
92033,356
92033,3949
92033,110
41985,500
41985,4963
41985,1101
41985,1485
41985,3948
41985,4306
41985,231
41985,6373
41985,1777
41985,104
61053,33794
61053,8910
61053,7361
61053,44191
61053,27904
61053,68358
61053,5971
61053,2502
61053,5618
61053,8949
82873,97304
82873,55765
82873,98961
82873,89864
82873,85881
82873,64839
82873,40819
82873,56367
82873,44199
82873,1090
61158,6539
61158,150
61158,356
61158,2081
61158,1270
61158,1198
61158,1196
61158,1356
61158,1374
61158,3114
71138,49272
71138,53000
71138,51255
71138,45728
71138,109487
71138,61240
71138,57669
71138,82242
71138,79357
71138,63072
16042,1370
16042,2011
16042,733
16042,45499
16042,1748
16042,3300
16042,2232
16042,2762
16042,296
16042,457
16092,2648
16092,599
16092,2761
16092,3114
16092,7001
16092,1219
16092,3741
16092,8636
16092,8961
16092,1278
9209,4025
9209,40815
9209,30793
9209,6539
9209,588
9209,7293
9209,3948
9209,3751
9209,4993
9209,4232
28479,2959
28479,5952
28479,4993
28479,33437
28479,2329
28479,44191
28479,33794
28479,7143
28479,36529
28479,7090
69219,231
69219,5989
69219,36529
69219,53894
69219,16
69219,2028
69219,2231
69219,37240
69219,48780
69219,46723
81614,4226
81614,110
81614,2959
81614,593
81614,1221
81614,356
81614,33794
81614,48516
81614,1291
81614,34405
36644,8961
36644,8636
36644,1278
36644,904
36644,1291
36644,6333
36644,3499
36644,1136
36644,50
36644,1252
128410,318
128410,1527
128410,2959
128410,110
128410,58559
128410,44191
128410,1240
128410,1036
128410,59315
128410,293
17471,593
17471,50
17471,4226
17471,7361
17471,296
17471,2571
17471,58559
17471,1246
17471,4995
17471,47
75460,5669
75460,47
75460,1193
75460,356
75460,3160
75460,608
75460,5992
75460,5995
75460,46578
75460,50
2068,46578
2068,55276
2068,50872
2068,56367
2068,36517
2068,60069
2068,7560
2068,52975
2068,2971
2068,7698
26160,91529
26160,4993
26160,76251
26160,4973
26160,5218
26160,59784
26160,3793
26160,5349
26160,106487
26160,74458
1734,115569
1734,6016
1734,1732
1734,908
1734,105504
1734,100383
1734,1089
1734,296
1734,2959
1734,55276
106334,2959
106334,7361
106334,4878
106334,296
106334,2329
106334,1373
106334,8874
106334,778
106334,1136
106334,1206
10427,2028
10427,48516
10427,47
10427,81845
10427,4226
10427,81562
10427,3578
10427,110
10427,30749
10427,74458
134731,2997
134731,1270
134731,608
134731,4306
134731,527
134731,4995
134731,293
134731,1732
134731,150
134731,1080
68102,6377
68102,3949
68102,858
68102,6870
68102,551
68102,4886
68102,6953
68102,1206
68102,8950
68102,588
85471,1917
85471,5952
85471,1101
85471,56367
85471,1270
85471,74458
85471,64614
85471,4226
85471,5349
85471,1552
127453,50872
127453,44709
127453,72998
127453,37475
127453,79091
127453,73017
127453,8121
127453,8983
127453,27808
127453,46976
111577,4993
111577,7153
111577,32587
111577,33794
111577,70286
111577,3578
111577,48780
111577,5952
111577,44665
111577,318
42389,1197
42389,364
42389,2571
42389,1198
42389,318
42389,356
42389,296
42389,6539
42389,58559
42389,1265
106792,356
106792,2918
106792,2858
106792,4993
106792,318
106792,2762
106792,110
106792,3578
106792,597
106792,150
88687,150
88687,50872
88687,56367
88687,3578
88687,49530
88687,46578
88687,59315
88687,2762
88687,2858
88687,33166
6677,1704
6677,2571
6677,50
6677,296
6677,356
6677,7153
6677,48780
6677,2028
6677,33166
6677,4262
22913,2858
22913,4226
22913,1196
22913,260
22913,593
22913,2762
22913,1210
22913,1198
22913,111759
22913,6016
81791,110
81791,48774
81791,2858
81791,60069
81791,3578
81791,296
81791,1527
81791,4011
81791,527
81791,480
60645,1220
60645,1127
60645,316
60645,6303
60645,1199
60645,1250
60645,2311
60645,750
60645,1136
60645,10
91256,6377
91256,356
91256,595
91256,597
91256,1088
91256,588
91256,4447
91256,4886
91256,500
91256,2014
81364,81847
81364,102445
81364,2081
81364,33794
81364,4306
81364,78499
81364,783
81364,91529
81364,111362
81364,50872
40917,4226
40917,57669
40917,44191
40917,1196
40917,88129
40917,1527
40917,71535
40917,96079
40917,104841
40917,98809
12560,60069
12560,33794
12560,2571
12560,2959
12560,527
12560,68358
12560,3578
12560,110
12560,51662
12560,48780
4748,1704
4748,1393
4748,6765
4748,457
4748,2268
4748,2762
4748,2571
4748,1569
4748,45517
4748,31685
56003,4886
56003,4896
56003,48
56003,4973
56003,6942
56003,33615
56003,339
56003,2018
56003,3967
56003,4018
106152,356
106152,7153
106152,10
106152,2683
106152,44191
106152,33794
106152,1580
106152,1270
106152,1036
106152,4963
106381,5989
106381,6539
106381,4306
106381,110
106381,4995
106381,539
106381,6377
106381,1270
106381,780
106381,367
56580,6377
56580,593
56580,1198
56580,6539
56580,2028
56580,509
56580,1333
56580,1617
56580,318
56580,5060
72958,4993
72958,6377
72958,4306
72958,5952
72958,7153
72958,588
72958,364
72958,318
72958,1
72958,4886
50720,356
50720,1036
50720,380
50720,480
50720,293
50720,1265
50720,165
50720,1136
50720,733
50720,1527
84048,1200
84048,2858
84048,750
84048,3075
84048,2529
84048,5445
84048,1584
84048,5147
84048,7371
84048,293
114932,7153
114932,50
114932,4226
114932,1270
114932,4235
114932,2329
114932,110
114932,7361
114932,150
114932,1221
76501,3793
76501,3994
76501,4027
76501,589
76501,5418
76501,3578
76501,4306
76501,1
76501,4022
76501,2997
124,377
124,733
124,2000
124,1784
124,4993
124,6539
124,110
124,2396
124,1625
124,7153
121682,1240
121682,6378
121682,1573
121682,593
121682,3996
121682,5064
121682,1552
121682,368
121682,2763
121682,1136
120729,593
120729,8961
120729,4973
120729,377
120729,260
120729,110
120729,6377
120729,1784
120729,4886
120729,1196
36925,3578
36925,457
36925,50
36925,356
36925,593
36925,318
36925,2716
36925,5445
36925,2028
36925,2916
95560,64614
95560,1221
95560,1245
95560,1673
95560,46578
95560,2395
95560,3897
95560,72011
95560,4027
95560,81591
82051,3578
82051,110
82051,1
82051,380
82051,6539
82051,8961
82051,318
82051,54286
82051,59315
82051,4886
82482,33794
82482,59315
82482,2959
82482,58559
82482,79132
82482,34405
82482,8368
82482,89745
82482,72998
82482,3578
66873,296
66873,48774
66873,318
66873,2502
66873,750
66873,4973
66873,3911
66873,924
66873,68157
66873,3481
116506,1097
116506,6377
116506,1
116506,4306
116506,595
116506,3578
116506,4886
116506,596
116506,318
116506,2096
90802,4973
90802,32
90802,2858
90802,1206
90802,6755
90802,2542
90802,2571
90802,1214
90802,551
90802,3052
114570,49272
114570,48780
114570,68157
114570,50872
114570,56367
114570,60069
114570,41997
114570,39292
114570,37741
114570,78499
115270,81845
115270,80489
115270,45722
115270,63082
115270,364
115270,53322
115270,4993
115270,5952
115270,7153
115270,66203
41686,60069
41686,79132
41686,86332
41686,54001
41686,77561
41686,60684
41686,2571
41686,68358
41686,5378
41686,53125
26809,1193
26809,4011
26809,3897
26809,8970
26809,1089
26809,551
26809,3993
26809,2762
26809,2908
26809,1136
67461,2762
67461,1097
67461,457
67461,500
67461,110
67461,780
67461,587
67461,648
67461,150
67461,2571
116045,3101
116045,99114
116045,1036
116045,1221
116045,196
116045,377
116045,296
116045,1954
116045,457
116045,2947
118632,5418
118632,1396
118632,2763
118632,3977
118632,21
118632,8636
118632,4085
118632,345
118632,163
118632,2406
106519,1221
106519,1193
106519,858
106519,1247
106519,1265
106519,593
106519,4262
106519,2871
106519,3421
106519,750
17871,48385
17871,4239
17871,34162
17871,1358
17871,55290
17871,7438
17871,55247
17871,58998
17871,3499
17871,33660
42184,903
42184,1278
42184,1387
42184,923
42184,2918
42184,1220
42184,1193
42184,1213
42184,1968
42184,1073
107398,1220
107398,914
107398,1
107398,6539
107398,969
107398,1278
107398,7569
107398,2571
107398,2617
107398,318
87603,899
87603,7669
87603,84847
87603,7361
87603,1225
87603,7762
87603,919
87603,87308
87603,318
87603,904
51458,2959
51458,2072
51458,58559
51458,1967
51458,4878
51458,2005
51458,47
51458,1215
51458,8874
51458,2291
120250,55820
120250,111
120250,7361
120250,1258
120250,593
120250,608
120250,44555
120250,6711
120250,7371
120250,293
39902,1580
39902,58559
39902,260
39902,1210
39902,46578
39902,5989
39902,4014
39902,2671
39902,3793
39902,4878
134352,520
134352,442
134352,3253
134352,21
134352,163
134352,208
134352,784
134352,733
134352,1517
134352,434
4808,6377
4808,1580
4808,7153
4808,7361
4808,7254
4808,2997
4808,6942
4808,293
4808,597
4808,1653
6690,4886
6690,500
6690,6377
6690,1
6690,1097
6690,2762
6690,919
6690,593
6690,597
6690,480
96096,32
96096,2762
96096,7153
96096,50
96096,110
96096,4226
96096,4973
96096,2329
96096,165
96096,7361
67477,66934
67477,6377
67477,2716
67477,3751
67477,2987
67477,588
67477,6539
67477,59784
67477,2096
67477,8360
53754,8961
53754,5418
53754,3253
53754,6377
53754,44191
53754,1391
53754,1080
53754,2762
53754,6874
53754,54286
91592,590
91592,1259
91592,2858
91592,296
91592,1387
91592,509
91592,4226
91592,608
91592,50
91592,539
42278,527
42278,539
42278,350
42278,364
42278,3408
42278,2762
42278,2858
42278,4995
42278,1221
42278,1704
67075,1089
67075,1961
67075,1584
67075,1127
67075,2762
67075,4262
67075,1625
67075,58559
67075,1653
67075,48780
44480,480
44480,1196
44480,1198
44480,47
44480,1270
44480,593
44480,2329
44480,357
44480,4034
44480,5618
45282,7293
45282,4340
45282,5481
45282,4447
45282,186
45282,1569
45282,3882
45282,1367
45282,35836
45282,216
74142,54001
74142,78499
74142,89745
74142,40815
74142,60040
74142,55031
74142,48780
74142,48774
74142,66097
74142,54272
46540,2542
46540,593
46540,2329
46540,4226
46540,541
46540,293
46540,7361
46540,5903
46540,6016
46540,589
96824,68954
96824,7153
96824,480
96824,2571
96824,3793
96824,44191
96824,72998
96824,4973
96824,3114
96824,4963
68867,2571
68867,2762
68867,58559
68867,2959
68867,5952
68867,6942
68867,593
68867,8360
68867,8970
68867,3578
101224,68157
101224,1213
101224,2858
101224,58559
101224,1200
101224,48516
101224,1258
101224,1210
101224,1291
101224,1203
67203,1196
67203,2329
67203,1968
67203,356
67203,1265
67203,480
67203,858
67203,1527
67203,1073
67203,7438
18808,589
18808,6874
18808,6
18808,1089
18808,58559
18808,648
18808,2542
18808,733
18808,1291
18808,1198
103514,5995
103514,4226
103514,2028
103514,2959
103514,50
103514,2858
103514,750
103514,2329
103514,47
103514,48516
117617,48516
117617,48774
117617,68157
117617,8949
117617,81845
117617,8874
117617,56782
117617,60684
117617,81591
117617,76251
130685,589
130685,54272
130685,1240
130685,296
130685,8947
130685,4226
130685,58559
130685,4102
130685,356
130685,7193
82580,5971
82580,48394
82580,33794
82580,44191
82580,4306
82580,6377
82580,51255
82580,79702
82580,7147
82580,81591
49857,51471
49857,55872
49857,56941
49857,45447
49857,81782
49857,55052
49857,70293
49857,31685
49857,63082
49857,58803
70490,367
70490,2571
70490,2
70490,50872
70490,356
70490,63082
70490,8360
70490,7153
70490,4993
70490,2424
53650,150
53650,2985
53650,318
53650,3147
53650,1090
53650,1961
53650,2407
53650,1275
53650,924
53650,2000
74523,2572
74523,6377
74523,6539
74523,1721
74523,4995
74523,5218
74523,5151
74523,4963
74523,4973
74523,4054
119749,4886
119749,1
119749,1197
119749,1270
119749,5989
119749,4995
119749,4993
119749,56367
119749,364
119749,2502
95925,79132
95925,8961
95925,50872
95925,60069
95925,76251
95925,68237
95925,63082
95925,55820
95925,44195
95925,89745
85987,2571
85987,910
85987,1079
85987,5060
85987,903
85987,1663
85987,2403
85987,3868
85987,736
85987,923
118755,4306
118755,3578
118755,34162
118755,4963
118755,33646
118755,8528
118755,32596
118755,7293
118755,2571
118755,30825
136616,2329
136616,1206
136616,7022
136616,47
136616,7360
136616,593
136616,7387
136616,61240
136616,2288
136616,293
135020,318
135020,8636
135020,3275
135020,54286
135020,7438
135020,104
135020,2502
135020,48516
135020,8807
135020,780
114168,71535
114168,5219
114168,65682
114168,58559
114168,5254
114168,8985
114168,59315
114168,68205
114168,46335
114168,6383
133333,1968
133333,457
133333,1136
133333,608
133333,1197
133333,1291
133333,1240
133333,4896
133333,1193
133333,1961
90043,1089
90043,593
90043,4011
90043,47
90043,1270
90043,1196
90043,2329
90043,4993
90043,7153
90043,4963
109642,589
109642,1580
109642,5445
109642,1265
109642,364
109642,1682
109642,2716
109642,68358
109642,4995
109642,595
106874,2762
106874,1
106874,1721
106874,1097
106874,1961
106874,1580
106874,34
106874,2797
106874,2918
106874,608
110712,2858
110712,1198
110712,111
110712,1214
110712,1200
110712,1263
110712,750
110712,1089
110712,79132
110712,4226
42256,1721
42256,364
42256,35836
42256,2617
42256,2502
42256,2918
42256,41566
42256,2959
42256,56367
42256,2291
70726,750
70726,7361
70726,1213
70726,111
70726,5952
70726,260
70726,1252
70726,44555
70726,3000
70726,778
54292,457
54292,5418
54292,2571
54292,4306
54292,2628
54292,5816
54292,1580
54292,4886
54292,590
54292,8360
101136,2329
101136,48394
101136,7361
101136,2502
101136,3481
101136,1215
101136,32587
101136,33896
101136,6874
101136,7090
5789,3578
5789,1210
5789,480
5789,260
5789,32
5789,4993
5789,50
5789,1221
5789,2916
5789,1258
23400,7438
23400,1266
23400,4011
23400,7361
23400,1206
23400,293
23400,1136
23400,1245
23400,2542
23400,750
123760,1704
123760,47
123760,50
123760,6711
123760,1307
123760,3996
123760,4034
123760,8873
123760,6218
123760,6881
49531,1136
49531,318
49531,527
49531,4973
49531,1193
49531,923
49531,5952
49531,7153
49531,4993
49531,60069
68140,2762
68140,111
68140,1625
68140,4848
68140,3996
68140,3949
68140,2019
68140,4878
68140,1249
68140,4993
111113,260
111113,1196
111113,79132
111113,102125
111113,76093
111113,34405
111113,1291
111113,91500
111113,1580
111113,1376
61911,1221
61911,7099
61911,260
61911,2959
61911,593
61911,608
61911,1213
61911,750
61911,1201
61911,5690
104680,3578
104680,110
104680,2762
104680,4993
104680,2858
104680,593
104680,1193
104680,79132
104680,5445
104680,597
122021,5989
122021,110
122021,6539
122021,33493
122021,47610
122021,318
122021,2959
122021,3114
122021,500
122021,377
125654,2571
125654,597
125654,2001
125654,2858
125654,1101
125654,3198
125654,1193
125654,4306
125654,1304
125654,3147
7168,44191
7168,5418
7168,32
7168,2329
7168,70286
7168,64614
7168,44199
7168,1704
7168,59315
7168,68157
15647,916
15647,1270
15647,5957
15647,81847
15647,457
15647,7
15647,5349
15647,364
15647,4995
15647,5299
61030,8337
61030,47610
61030,36517
61030,30707
61030,37741
61030,46578
61030,30749
61030,54286
61030,48783
61030,49530
137446,2858
137446,2762
137446,47
137446,58559
137446,48516
137446,6539
137446,1923
137446,50
137446,5010
137446,4011
85778,4226
85778,2858
85778,8874
85778,6874
85778,3949
85778,8784
85778,6539
85778,318
85778,2329
85778,7147
101530,6934
101530,377
101530,7153
101530,4993
101530,3578
101530,1917
101530,1097
101530,5952
101530,58559
101530,2628
17910,150
17910,5445
17910,1573
17910,1721
17910,587
17910,2683
17910,2617
17910,4886
17910,6377
17910,8961
6377,1198
6377,4226
6377,2858
6377,1923
6377,4973
6377,3996
6377,1961
6377,589
6377,4993
6377,6016
41967,593
41967,356
41967,527
41967,110
41967,47
41967,33794
41967,49272
41967,2329
41967,3578
41967,48394
34552,3793
34552,40815
34552,68358
34552,2115
34552,1721
34552,4963
34552,54001
34552,2628
34552,8360
34552,66934
14512,33166
14512,48780
14512,53519
14512,55820
14512,480
14512,5956
14512,70
14512,1090
14512,61132
14512,61236
123669,74458
123669,2959
123669,318
123669,2329
123669,4995
123669,89774
123669,81845
123669,48516
123669,7445
123669,64614
11253,608
11253,589
11253,7153
11253,593
11253,2762
11253,1
11253,858
11253,6377
11253,2959
11253,527
66493,5679
66493,2762
66493,3617
66493,593
66493,4878
66493,231
66493,1089
66493,3052
66493,1527
66493,4816
66716,2571
66716,527
66716,32587
66716,70286
66716,31410
66716,6953
66716,81845
66716,6
66716,4235
66716,82459
122134,8951
122134,8949
122134,30812
122134,6867
122134,5669
122134,33166
122134,6932
122134,8970
122134,7158
122134,34072
120335,7153
120335,4993
120335,296
120335,79132
120335,260
120335,4226
120335,48516
120335,78499
120335,1663
120335,5952
47059,4226
47059,1208
47059,1136
47059,2858
47059,593
47059,293
47059,6874
47059,110
47059,44191
47059,5418
55209,953
55209,5064
55209,56152
55209,1028
55209,4886
55209,6377
55209,54286
55209,1291
55209,45722
55209,1
6421,1270
6421,3578
6421,33493
6421,8360
6421,4306
6421,780
6421,110
6421,1
6421,5445
6421,364
34196,2762
34196,4886
34196,2858
34196,1968
34196,3114
34196,500
34196,597
34196,5816
34196,6539
34196,4995
2868,480
2868,1291
2868,2762
2868,4011
2868,1997
2868,6502
2868,32
2868,5445
2868,2716
2868,1527
137571,46578
137571,5618
137571,2997
137571,318
137571,296
137571,30810
137571,4878
137571,750
137571,55442
137571,8910
51149,63131
51149,57640
51149,54995
51149,3275
51149,50
51149,8961
51149,60040
51149,62956
51149,44665
51149,2571
15076,903
15076,59315
15076,60069
15076,953
15076,912
15076,1136
15076,1036
15076,1234
15076,6539
15076,48780
99212,3114
99212,8636
99212,8961
99212,594
99212,3793
99212,4016
99212,3147
99212,41566
99212,596
99212,6333
124026,2959
124026,6350
124026,37729
124026,3081
124026,7147
124026,4306
124026,595
124026,356
124026,30793
124026,2571
50551,1610
50551,1961
50551,1270
50551,1
50551,2028
50551,2571
50551,1036
50551,150
50551,2302
50551,2268
123332,1198
123332,2657
123332,1080
123332,1265
123332,1285
123332,1291
123332,1079
123332,1
123332,1278
123332,260
123973,858
123973,260
123973,1222
123973,1196
123973,4973
123973,32
123973,4306
123973,3949
123973,7361
123973,1210
39572,58559
39572,48516
39572,79132
39572,50
39572,527
39572,2959
39572,3578
39572,2858
39572,6016
39572,110
78226,32587
78226,44191
78226,6942
78226,7438
78226,4886
78226,56367
78226,8874
78226,2291
78226,2502
78226,8784
131471,2762
131471,3578
131471,588
131471,110
131471,1580
131471,380
131471,10
131471,4963
131471,3793
131471,316
32613,47
32613,4226
32613,293
32613,59315
32613,2571
32613,2502
32613,68358
32613,4011
32613,58998
32613,5110
41676,2028
41676,32
41676,527
41676,56782
41676,6874
41676,27773
41676,48394
41676,30749
41676,8950
41676,1214
95496,47
95496,4963
95496,58559
95496,60069
95496,6874
95496,3578
95496,33794
95496,7438
95496,5989
95496,5418
134397,1704
134397,2571
134397,6377
134397,1265
134397,858
134397,4963
134397,1291
134397,8360
134397,3996
134397,7361
115928,30793
115928,34048
115928,32587
115928,40819
115928,34162
115928,30812
115928,41566
115928,8665
115928,6870
115928,8961
113646,6984
113646,25795
113646,25868
113646,7132
113646,7072
113646,3097
113646,7584
113646,6856
113646,7835
113646,7578
79479,1214
79479,296
79479,593
79479,589
79479,2571
79479,1240
79479,1270
79479,2762
79479,318
79479,1036
12100,3052
12100,69757
12100,5377
12100,7147
12100,1704
12100,44191
12100,48780
12100,318
12100,47610
12100,58559
88172,54259
88172,6377
88172,4993
88172,356
88172,7153
88172,45722
88172,8360
88172,837
88172,53125
88172,50872
23757,27773
23757,1222
23757,2571
23757,58559
23757,593
23757,527
23757,5995
23757,63082
23757,81591
23757,2997
117983,1265
117983,1704
117983,2762
117983,593
117983,4973
117983,50
117983,4011
117983,4995
117983,778
117983,1682
117103,593
117103,2858
117103,318
117103,296
117103,7361
117103,1196
117103,2571
117103,2502
117103,1197
117103,1210
65687,53956
65687,6942
65687,54281
65687,94070
65687,80693
65687,97921
65687,56367
65687,4973
65687,73015
65687,49286
135090,1921
135090,750
135090,247
135090,6502
135090,1884
135090,3706
135090,3060
135090,1339
135090,1198
135090,58559
47075,49272
47075,44191
47075,38886
47075,40583
47075,47610
47075,48082
47075,40278
47075,44199
47075,44555
47075,33794
44492,4448
44492,1201
44492,49272
44492,2094
44492,969
44492,1732
44492,55820
44492,1086
44492,1777
44492,60069
83182,364
83182,1527
83182,2571
83182,5218
83182,8360
83182,3578
83182,1136
83182,3793
83182,6333
83182,2716
136479,4306
136479,1907
136479,5459
136479,260
136479,1127
136479,6934
136479,1370
136479,2193
136479,7454
136479,4270
41788,4226
41788,593
41788,1198
41788,58559
41788,52281
41788,111
41788,2858
41788,1200
41788,1261
41788,608
132219,858
132219,1198
132219,110
132219,593
132219,1036
132219,4993
132219,2019
132219,1214
132219,1200
132219,64614
89118,58025
89118,60074
89118,67923
89118,59315
89118,59369
89118,33679
89118,8644
89118,56174
89118,58803
89118,53464
106809,1193
106809,4011
106809,1222
106809,32587
106809,356
106809,2918
106809,48516
106809,527
106809,7153
106809,4993
76948,1025
76948,1215
76948,1032
76948,3438
76948,4878
76948,6502
76948,8874
76948,4571
76948,1274
76948,3052
77347,59315
77347,58559
77347,68358
77347,260
77347,4993
77347,3527
77347,5952
77347,72998
77347,1198
77347,1527
108267,595
108267,41566
108267,8712
108267,905
108267,947
108267,339
108267,3175
108267,6639
108267,33493
108267,1035
125137,44191
125137,2858
125137,1653
125137,296
125137,4226
125137,4973
125137,47
125137,253
125137,50
125137,5418
62999,4979
62999,4011
62999,8528
62999,2858
62999,4226
62999,8917
62999,3275
62999,8970
62999,50
62999,3996
14662,6539
14662,2028
14662,2858
14662,3578
14662,110
14662,1246
14662,30749
14662,5989
14662,4963
14662,17
115609,318
115609,4226
115609,2571
115609,2959
115609,2329
115609,858
115609,1
115609,778
115609,2997
115609,4993
33775,35836
33775,2572
33775,4447
33775,3786
33775,6218
33775,32300
33775,52973
33775,47518
33775,1088
33775,1046
24767,33794
24767,2028
24767,1206
24767,1240
24767,32
24767,2329
24767,608
24767,541
24767,1036
24767,4995
7398,2858
7398,5618
7398,4973
7398,2692
7398,79132
7398,1258
7398,1617
7398,903
7398,8874
7398,106920
104766,1580
104766,110
104766,50
104766,527
104766,3996
104766,1721
104766,589
104766,377
104766,592
104766,32
52900,1089
52900,25771
52900,714
52900,4848
52900,7460
52900,1921
52900,1232
52900,4226
52900,1464
52900,5618
76561,4963
76561,3147
76561,2231
76561,1393
76561,110
76561,48516
76561,31225
76561,3178
76561,7263
76561,4995
134361,5816
134361,356
134361,47
134361,32587
134361,1222
134361,2329
134361,48516
134361,33794
134361,4011
134361,1213
80922,910
80922,515
80922,904
80922,265
80922,4246
80922,1225
80922,4014
80922,1183
80922,1035
80922,3260
119225,1197
119225,58559
119225,318
119225,4306
119225,1265
119225,3421
119225,2804
119225,3671
119225,79132
119225,3897
85723,7361
85723,296
85723,2571
85723,541
85723,50
85723,318
85723,4878
85723,924
85723,741
85723,1208
17365,527
17365,4973
17365,50
17365,7153
17365,296
17365,79132
17365,6016
17365,858
17365,81562
17365,47
95993,6711
95993,2194
95993,7153
95993,5952
95993,1732
95993,111
95993,1252
95993,1094
95993,5060
95993,7361
97476,30749
97476,7361
97476,1197
97476,318
97476,7153
97476,1500
97476,6377
97476,593
97476,342
97476,8784
105622,79132
105622,1197
105622,88125
105622,318
105622,953
105622,2571
105622,1371
105622,34405
105622,480
105622,59315
14231,7153
14231,593
14231,778
14231,2858
14231,1214
14231,6874
14231,7147
14231,4034
14231,555
14231,6502
75423,1265
75423,4306
75423,3578
75423,110
75423,58559
75423,2115
75423,1080
75423,296
75423,1073
75423,318
120348,72998
120348,33679
120348,8360
120348,593
120348,4973
120348,296
120348,45722
120348,2006
120348,2858
120348,597
8534,6378
8534,1210
8534,33794
8534,44191
8534,5349
8534,5445
8534,912
8534,45499
8534,33493
8534,7834
121563,50
121563,32
121563,7153
121563,318
121563,260
121563,1196
121563,541
121563,296
121563,5952
121563,2762
114379,1721
114379,1291
114379,364
114379,1097
114379,2012
114379,1198
114379,500
114379,3147
114379,733
114379,5349
91070,2959
91070,44191
91070,4878
91070,46578
91070,8874
91070,296
91070,750
91070,1136
91070,6874
91070,6502
30016,33794
30016,5418
30016,40815
30016,6378
30016,41566
30016,3916
30016,5349
30016,2959
30016,1196
30016,260
18599,52973
18599,356
18599,3793
18599,6539
18599,48780
18599,32587
18599,4993
18599,59369
18599,44665
18599,8641
44101,7361
44101,98809
44101,106920
44101,2329
44101,8961
44101,47
44101,6874
44101,1193
44101,106487
44101,111362
20087,50
20087,6016
20087,318
20087,2959
20087,2997
20087,1213
20087,593
20087,1206
20087,47
20087,32
99852,1136
99852,593
99852,2858
99852,344
99852,367
99852,1206
99852,2762
99852,2700
99852,7438
99852,1580
10448,1210
10448,260
10448,8784
10448,56367
10448,356
10448,66934
10448,71535
10448,3897
10448,60069
10448,778
124124,457
124124,2791
124124,1270
124124,1610
124124,8039
124124,1197
124124,1240
124124,1234
124124,7073
124124,3507
137761,33794
137761,4306
137761,1210
137761,4993
137761,1270
137761,32587
137761,1580
137761,7361
137761,8874
137761,2329
112729,1193
112729,4226
112729,527
112729,6016
112729,5995
112729,608
112729,2997
112729,2692
112729,3949
112729,1089
129989,480
129989,2762
129989,4878
129989,2174
129989,1196
129989,1258
129989,2115
129989,7153
129989,4027
129989,1732
38501,45722
38501,1
38501,2762
38501,344
38501,2959
38501,1917
38501,3114
38501,1923
38501,44191
38501,32587
69860,3793
69860,5944
69860,296
69860,2959
69860,5445
69860,5349
69860,7143
69860,356
69860,593
69860,5418
130968,318
130968,50872
130968,55765
130968,46578
130968,56367
130968,8665
130968,5418
130968,2028
130968,527
130968,1246
114448,527
114448,60069
114448,2329
114448,69757
114448,6016
114448,68954
114448,79132
114448,32587
114448,69481
114448,3949
39827,4406
39827,4993
39827,1214
39827,5952
39827,1291
39827,914
39827,908
39827,924
39827,110
39827,8961
88846,33794
88846,64614
88846,858
88846,69481
88846,48780
88846,296
88846,69757
88846,356
88846,59315
88846,81845
22822,110
22822,2571
22822,3578
22822,593
22822,47
22822,1721
22822,4306
22822,6539
22822,597
22822,6365
123876,64614
123876,50
123876,47
123876,44191
123876,4995
123876,8950
123876,44195
123876,62849
123876,49530
123876,106782
975,44555
975,1199
975,5445
975,1527
975,1206
975,2762
975,1625
975,70286
975,79132
975,778
87811,1380
87811,3499
87811,3418
87811,1345
87811,1407
87811,1097
87811,588
87811,1088
87811,1721
87811,1513
24200,6331
24200,1950
24200,1225
24200,1270
24200,3504
24200,318
24200,6852
24200,1961
24200,8337
24200,3996
129683,27831
129683,8983
129683,47610
129683,54286
129683,40583
129683,33166
129683,8961
129683,59315
129683,54503
129683,36529
123312,1704
123312,1097
123312,1225
123312,919
123312,1307
123312,1197
123312,1265
123312,5299
123312,587
123312,4361
61305,48780
61305,1610
61305,3527
61305,1073
61305,2291
61305,1080
61305,1288
61305,2529
61305,1259
61305,4370
109995,47610
109995,50872
109995,33166
109995,54286
109995,46976
109995,48516
109995,33004
109995,48774
109995,30793
109995,36517
32625,296
32625,2997
32625,1704
32625,8784
32625,1580
32625,1258
32625,2291
32625,32
32625,5669
32625,1265
66987,6502
66987,480
66987,49272
66987,44191
66987,858
66987,6874
66987,49530
66987,2396
66987,8784
66987,30749
43843,2959
43843,356
43843,2858
43843,7361
43843,44555
43843,4993
43843,318
43843,7147
43843,2324
43843,3897
114348,3471
114348,4022
114348,597
114348,1291
114348,1127
114348,539
114348,1197
114348,1674
114348,2762
114348,3578
8123,7293
8123,58559
8123,4447
8123,6377
8123,4886
8123,919
8123,4306
8123,2762
8123,79091
8123,1
88409,6377
88409,1304
88409,1923
88409,1196
88409,296
88409,908
88409,919
88409,858
88409,1234
88409,3471
107533,1213
107533,2329
107533,3949
107533,47
107533,1193
107533,111
107533,2762
107533,1222
107533,6711
107533,7438
15361,50
15361,4226
15361,68358
15361,51662
15361,7090
15361,57669
15361,2997
15361,6711
15361,56174
15361,33004
31273,1097
31273,5066
31273,8368
31273,50601
31273,58559
31273,89864
31273,597
31273,112556
31273,111622
31273,54001
36776,296
36776,593
36776,318
36776,858
36776,3996
36776,4226
36776,1258
36776,1617
36776,2762
36776,2858
61308,34150
61308,7153
61308,8985
61308,8361
61308,60069
61308,106072
61308,80615
61308,87306
61308,33493
61308,85131
109303,58559
109303,4973
109303,7147
109303,74458
109303,4226
109303,50
109303,1265
109303,6016
109303,63082
109303,64957
35095,1197
35095,110
35095,5952
35095,7153
35095,4993
35095,592
35095,2959
35095,858
35095,1097
35095,608
58479,260
58479,1196
58479,5618
58479,7361
58479,1
58479,46578
58479,66934
58479,1136
58479,58559
58479,4226
109931,318
109931,4995
109931,1704
109931,2268
109931,1246
109931,110
109931,4007
109931,2028
109931,3147
109931,33166
34103,1027
34103,10
34103,6373
34103,8360
34103,318
34103,19
34103,5872
34103,5481
34103,8961
34103,4701
59794,3072
59794,2690
59794,1088
59794,2145
59794,1639
59794,708
59794,509
59794,1285
59794,5992
59794,339
89895,296
89895,4226
89895,4878
89895,2291
89895,60069
89895,2329
89895,7147
89895,5617
89895,55280
89895,56715
96320,2762
96320,1961
96320,527
96320,1234
96320,912
96320,1270
96320,1287
96320,1097
96320,6808
96320,6448
115209,58559
115209,68157
115209,68954
115209,69122
115209,68358
115209,60069
115209,4886
115209,66509
115209,78209
115209,48516
58673,1198
58673,1196
58673,745
58673,1
58673,5444
58673,1197
58673,6539
58673,1210
58673,8360
58673,5952
64836,2028
64836,6016
64836,6874
64836,50
64836,1060
64836,3949
64836,293
64836,111
64836,4034
64836,608
49807,480
49807,40815
49807,1580
49807,5816
49807,4886
49807,7153
49807,586
49807,54001
49807,69844
49807,2571
65185,1270
65185,1704
65185,356
65185,2571
65185,1089
65185,1240
65185,1580
65185,457
65185,454
65185,318
64957,8961
64957,2918
64957,1198
64957,3996
64957,7153
64957,5618
64957,1682
64957,5377
64957,32
64957,590
74641,3977
74641,8644
74641,8957
74641,5507
74641,7376
74641,31696
74641,6586
74641,32017
74641,3646
74641,5218
71908,4878
71908,596
71908,296
71908,8961
71908,4022
71908,3114
71908,3897
71908,318
71908,1784
71908,3489
33738,2762
33738,5445
33738,2918
33738,2997
33738,4306
33738,260
33738,1196
33738,3793
33738,1198
33738,318
130734,3578
130734,2329
130734,2762
130734,1580
130734,110
130734,1270
130734,1
130734,1036
130734,1222
130734,4993
120482,1923
120482,2571
120482,296
120482,1517
120482,1036
120482,1220
120482,370
120482,2858
120482,2683
120482,1291
127553,541
127553,858
127553,4973
127553,1209
127553,2019
127553,2076
127553,47
127553,608
127553,50
127553,4226
82362,1196
82362,32
82362,32587
82362,1214
82362,541
82362,33794
82362,1201
82362,1200
82362,2028
82362,6874
28552,296
28552,5418
28552,4963
28552,2762
28552,2028
28552,2502
28552,4995
28552,50
28552,858
28552,2329
120157,356
120157,33166
120157,527
120157,55247
120157,40819
120157,63876
120157,4226
120157,48738
120157,296
120157,593
127677,4226
127677,260
127677,1136
127677,32587
127677,318
127677,7153
127677,5952
127677,7361
127677,4973
127677,1210
28125,5952
28125,318
28125,2571
28125,67255
28125,296
28125,4973
28125,3578
28125,60069
28125,4226
28125,5669
106332,858
106332,923
106332,1219
106332,2959
106332,593
106332,296
106332,908
106332,32
106332,2858
106332,50
48117,5418
48117,541
48117,1222
48117,1089
48117,68157
48117,33794
48117,4011
48117,1704
48117,63082
48117,54286
109153,923
109153,1203
109153,1198
109153,1270
109153,318
109153,954
109153,48516
109153,903
109153,2762
109153,905
85884,50
85884,2959
85884,5878
85884,608
85884,6711
85884,1193
85884,318
85884,1136
85884,8949
85884,923
88667,8784
88667,7090
88667,8874
88667,8970
88667,7361
88667,30812
88667,4878
88667,8636
88667,7022
88667,7147
132175,2028
132175,1036
132175,858
132175,4262
132175,4878
132175,608
132175,527
132175,5989
132175,1270
132175,150
119269,4886
119269,8636
119269,8961
119269,780
119269,6539
119269,1196
119269,3578
119269,1136
119269,2628
119269,6377
58314,1228
58314,296
58314,1251
58314,924
58314,541
58314,1206
58314,923
58314,3741
58314,7486
58314,2732
129108,4226
129108,293
129108,58559
129108,1222
129108,2019
129108,27773
129108,750
129108,48516
129108,55118
129108,1252
103872,38038
103872,70286
103872,41566
103872,56367
103872,33162
103872,51255
103872,36517
103872,33493
103872,63113
103872,57640
26280,597
26280,6377
26280,4306
26280,3545
26280,37729
26280,7361
26280,39
26280,551
26280,2657
26280,50872
72452,364
72452,47
72452,8360
72452,1682
72452,5218
72452,1517
72452,2700
72452,48394
72452,8874
72452,5816
4405,593
4405,91529
4405,318
4405,58559
4405,2028
4405,1704
4405,2329
4405,74458
4405,71535
4405,48516
85374,1732
85374,593
85374,48394
85374,47
85374,79132
85374,1222
85374,1193
85374,5618
85374,27773
85374,2291
71895,356
71895,55247
71895,50
71895,56367
71895,296
71895,6016
71895,4979
71895,2571
71895,47
71895,4878
120823,1210
120823,2329
120823,1258
120823,318
120823,7438
120823,4973
120823,2571
120823,7361
120823,1246
120823,3949
29401,5299
29401,364
29401,46578
29401,30793
29401,356
29401,7361
29401,2762
29401,1682
29401,1580
29401,597
134080,296
134080,919
134080,1193
134080,3435
134080,6662
134080,356
134080,1252
134080,1220
134080,6807
134080,1256
64617,4226
64617,56367
64617,2858
64617,46578
64617,1193
64617,1230
64617,48394
64617,63876
64617,2959
64617,7323
86684,2571
86684,318
86684,48780
86684,593
86684,4226
86684,50872
86684,53207
86684,4306
86684,4155
86684,3578
106955,5952
106955,3000
106955,6874
106955,1089
106955,7361
106955,608
106955,1265
106955,5995
106955,30707
106955,2194
18827,1089
18827,4011
18827,296
18827,32587
18827,593
18827,110
18827,589
18827,7438
18827,4963
18827,51662
103474,1291
103474,356
103474,260
103474,2716
103474,2028
103474,4995
103474,457
103474,150
103474,1682
103474,1653
46420,2329
46420,59315
46420,47
46420,1270
46420,1089
46420,593
46420,1
46420,68157
46420,32
46420,4011
127645,50912
127645,65130
127645,89904
127645,3949
127645,6711
127645,68157
127645,56367
127645,92259
127645,102800
127645,48082
47064,318
47064,356
47064,7361
47064,34162
47064,2762
47064,914
47064,46976
47064,4014
47064,2572
47064,56367
62581,4306
62581,296
62581,48516
62581,1270
62581,7438
62581,223
62581,32587
62581,3578
62581,2329
62581,33794
984,1961
984,367
984,4995
984,2858
984,5349
984,1721
984,780
984,1291
984,500
984,2006
100212,5952
100212,318
100212,296
100212,33794
100212,68358
100212,2948
100212,541
100212,2502
100212,60069
100212,1089
137031,101864
137031,102125
137031,96610
137031,88140
137031,93840
137031,103341
137031,97306
137031,33794
137031,46578
137031,110102
81169,4447
81169,69712
81169,78772
81169,5218
81169,6539
81169,33669
81169,45722
81169,2706
81169,69122
81169,69757
105743,60069
105743,4306
105743,1196
105743,2959
105743,5952
105743,4993
105743,7153
105743,1
105743,4226
105743,56367
124339,71135
124339,68237
124339,73268
124339,5833
124339,43832
124339,54995
124339,8874
124339,4553
124339,80917
124339,4533
133608,58559
133608,60069
133608,6378
133608,4025
133608,4963
133608,33615
133608,8636
133608,53322
133608,45517
133608,2273
70811,32587
70811,4973
70811,2571
70811,7254
70811,3949
70811,5989
70811,48780
70811,36529
70811,6874
70811,1682
38826,1237
38826,942
38826,926
38826,2731
38826,947
38826,7762
38826,68954
38826,7234
38826,905
38826,919
84923,55820
84923,54272
84923,33162
84923,8798
84923,48780
84923,69122
84923,51935
84923,8972
84923,59369
84923,8665
19863,58559
19863,3000
19863,8368
19863,60684
19863,77561
19863,7438
19863,26614
19863,318
19863,7147
19863,70286
61824,1089
61824,7361
61824,541
61824,778
61824,6711
61824,1206
61824,4878
61824,1175
61824,6874
61824,32
102073,3727
102073,4720
102073,1275
102073,1127
102073,1674
102073,555
102073,1242
102073,1206
102073,6333
102073,2804
31754,79132
31754,2959
31754,527
31754,750
31754,5952
31754,1198
31754,1136
31754,1148
31754,296
31754,1210
113348,356
113348,1258
113348,4011
113348,5952
113348,7153
113348,4993
113348,3081
113348,68157
113348,3300
113348,3147
45396,1136
45396,7361
45396,2997
45396,1732
45396,1212
45396,1193
45396,6016
45396,923
45396,924
45396,6807
41968,32
41968,2959
41968,750
41968,1222
41968,1208
41968,527
41968,6016
41968,1136
41968,593
41968,7156
3238,1210
3238,1196
3238,47
3238,32
3238,1265
3238,2959
3238,589
3238,541
3238,1
3238,150
47414,86882
47414,55442
47414,81845
47414,293
47414,4973
47414,39292
47414,36517
47414,2997
47414,858
47414,1210
66952,34405
66952,38038
66952,49272
66952,51255
66952,33794
66952,46976
66952,8961
66952,48780
66952,8784
66952,4979
67828,3578
67828,50
67828,4226
67828,527
67828,32
67828,589
67828,1527
67828,1291
67828,2762
67828,2324
128763,541
128763,1136
128763,1208
128763,1
128763,3996
128763,1148
128763,1214
128763,296
128763,1240
128763,1198
61156,296
61156,54272
61156,1961
61156,1282
61156,58559
61156,2959
61156,2571
61156,27671
61156,8957
61156,1377
99583,858
99583,1208
99583,2858
99583,608
99583,1197
99583,356
99583,7361
99583,1748
99583,2692
99583,2762
59567,4306
59567,1136
59567,1
59567,47
59567,51662
59567,1208
59567,55820
59567,1954
59567,780
59567,588
24265,79132
24265,296
24265,527
24265,2571
24265,50
24265,457
24265,1961
24265,1
24265,1704
24265,3147
12528,6539
12528,1210
12528,1136
12528,1196
12528,2959
12528,1197
12528,1265
12528,8636
12528,296
12528,3793
97560,1148
97560,2692
97560,318
97560,6867
97560,6299
97560,5618
97560,1206
97560,1300
97560,2599
97560,1394
16088,44191
16088,58559
16088,4878
16088,3949
16088,2762
16088,59315
16088,64614
16088,3275
16088,3578
16088,55820
114018,590
114018,2762
114018,1291
114018,1136
114018,4306
114018,357
114018,1240
114018,1097
114018,858
114018,1617
24295,50872
24295,60069
24295,44191
24295,68954
24295,56367
24295,48780
24295,97304
24295,87232
24295,34405
24295,73017
1728,1265
1728,1097
1728,593
1728,648
1728,1
1728,318
1728,1036
1728,912
1728,1197
1728,3578
104995,1198
104995,858
104995,318
104995,2076
104995,2571
104995,541
104995,1221
104995,908
104995,1197
104995,1208
127235,8957
127235,32587
127235,47
127235,2762
127235,1688
127235,8970
127235,8981
127235,5989
127235,33794
127235,40826
55985,2959
55985,81845
55985,4973
55985,106920
55985,2858
55985,97304
55985,4226
55985,97938
55985,68157
55985,105504
2428,500
2428,5418
2428,53125
2428,4022
2428,8533
2428,47099
2428,8361
2428,53996
2428,41566
2428,8360
109622,104211
109622,97923
109622,95441
109622,102194
109622,96079
109622,84954
109622,89864
109622,100383
109622,84772
109622,97938
89558,593
89558,50
89558,46578
89558,47
89558,6016
89558,5225
89558,2571
89558,4235
89558,2692
89558,356
27798,4306
27798,110
27798,588
27798,780
27798,527
27798,318
27798,5952
27798,7153
27798,1270
27798,2762
21297,88129
21297,97913
21297,76093
21297,99114
21297,79132
21297,80463
21297,78499
21297,59315
21297,296
21297,68157
48335,4973
48335,7438
48335,5995
48335,6874
48335,55820
48335,33166
48335,527
48335,5902
48335,8949
48335,3535
105070,1358
105070,6
105070,3949
105070,1270
105070,1240
105070,33794
105070,4011
105070,2064
105070,3535
105070,6870
8185,7254
8185,53894
8185,47999
8185,7361
8185,57669
8185,1193
8185,44191
8185,54503
8185,2542
8185,2762
110984,32
110984,858
110984,1204
110984,1682
110984,903
110984,50
110984,4973
110984,904
110984,1221
110984,2959
87528,318
87528,4306
87528,6377
87528,7153
87528,58559
87528,30749
87528,63082
87528,5989
87528,2571
87528,4886
125136,34532
125136,364
125136,43679
125136,6379
125136,44972
125136,27839
125136,44022
125136,33164
125136,1721
125136,45081
123649,296
123649,608
123649,1197
123649,1617
123649,750
123649,1221
123649,4027
123649,593
123649,4306
123649,8961
95487,1097
95487,2018
95487,4306
95487,2080
95487,1907
95487,1270
95487,3114
95487,1029
95487,500
95487,597
103018,49272
103018,82459
103018,6787
103018,48774
103018,88129
103018,55247
103018,96610
103018,46578
103018,36517
103018,44555
59923,4022
59923,81562
59923,48516
59923,2329
59923,1682
59923,1584
59923,7256
59923,27846
59923,55820
59923,59315
133025,356
133025,5952
133025,7153
133025,59315
133025,4993
133025,296
133025,318
133025,2571
133025,50
133025,593
71645,2081
71645,4886
71645,260
71645,6539
71645,3948
71645,4022
71645,8961
71645,919
71645,1270
71645,2501
82360,356
82360,5064
82360,318
82360,4963
82360,7263
82360,1721
82360,6565
82360,59369
82360,89492
82360,3147
107111,2329
107111,48780
107111,2571
107111,356
107111,58559
107111,44555
107111,54286
107111,2858
107111,2028
107111,4011
116261,480
116261,5218
116261,3793
116261,356
116261,5952
116261,586
116261,4022
116261,8368
116261,367
116261,40815
132703,111
132703,48516
132703,296
132703,1617
132703,7361
132703,2329
132703,4973
132703,904
132703,356
132703,4235
17030,58559
17030,8961
17030,49272
17030,54286
17030,8665
17030,63082
17030,59315
17030,56367
17030,44191
17030,32587
42927,7323
42927,46578
42927,3949
42927,858
42927,1193
42927,8873
42927,37733
42927,48696
42927,6953
42927,32587
105294,541
105294,2858
105294,1208
105294,1225
105294,296
105294,2019
105294,1172
105294,750
105294,2571
105294,1221
20003,7153
20003,4993
20003,59315
20003,2959
20003,2571
20003,318
20003,33794
20003,1198
20003,356
20003,60069
61898,527
61898,296
61898,2959
61898,6016
61898,72998
61898,85414
61898,1580
61898,780
61898,589
61898,2762
96768,33794
96768,260
96768,1221
96768,2329
96768,58559
96768,2028
96768,2858
96768,55118
96768,541
96768,1193
47681,6711
47681,4226
47681,4979
47681,2997
47681,4848
47681,778
47681,4973
47681,5902
47681,1732
47681,46578
18754,32
18754,1198
18754,1097
18754,231
18754,1617
18754,778
18754,1240
18754,1961
18754,1210
18754,4306
35360,70286
35360,58559
35360,91500
35360,85414
35360,47
35360,4226
35360,593
35360,356
35360,71535
35360,88129
96345,5218
96345,7153
96345,36517
96345,3996
96345,30749
96345,356
96345,7438
96345,8873
96345,4993
96345,5952
137191,1261
137191,593
137191,1994
137191,1923
137191,8501
137191,1240
137191,5679
137191,3018
137191,50
137191,2871
65107,5418
65107,110
65107,2944
65107,2028
65107,2951
65107,60069
65107,1136
65107,296
65107,356
65107,6539
55597,4226
55597,260
55597,296
55597,32587
55597,778
55597,4878
55597,31658
55597,1136
55597,7147
55597,1527
129832,5618
129832,3000
129832,6333
129832,41569
129832,7143
129832,34048
129832,8636
129832,3793
129832,7090
129832,8972
1016,4226
1016,608
1016,7361
1016,750
1016,50
1016,593
1016,6787
1016,1213
1016,2959
1016,858
67985,1095
67985,1259
67985,4848
67985,592
67985,589
67985,38061
67985,474
67985,3527
67985,41285
67985,648
98973,7153
98973,1196
98973,1653
98973,7361
98973,924
98973,1291
98973,4995
98973,1036
98973,5952
98973,5418
34651,34319
34651,45499
34651,91542
34651,41997
34651,48774
34651,55995
34651,8972
34651,79091
34651,69122
34651,66097
63930,4973
63930,2858
63930,296
63930,356
63930,2571
63930,318
63930,293
63930,1201
63930,110
63930,48394
17327,1208
17327,7013
17327,1219
17327,296
17327,908
17327,1252
17327,1248
17327,1193
17327,1203
17327,7766
44277,1193
44277,318
44277,2329
44277,2959
44277,55820
44277,46578
44277,356
44277,858
44277,58559
44277,50
112380,589
112380,65514
112380,46322
112380,3996
112380,60069
112380,1198
112380,3972
112380,49272
112380,5349
112380,8983
87428,102445
87428,72998
87428,46976
87428,50872
87428,81845
87428,8914
87428,46578
87428,91529
87428,79702
87428,66097
74345,34
74345,904
74345,7669
74345,594
74345,1028
74345,916
74345,2115
74345,46578
74345,2248
74345,955
24977,296
24977,356
24977,2571
24977,2762
24977,6874
24977,6539
24977,593
24977,4226
24977,318
24977,110
115856,58559
115856,4886
115856,318
115856,68954
115856,527
115856,56367
115856,2804
115856,1968
115856,81845
115856,79132
72308,6539
72308,5349
72308,3793
72308,4963
72308,4306
72308,4995
72308,55820
72308,1704
72308,4878
72308,3996
130502,593
130502,2959
130502,4973
130502,541
130502,31658
130502,1089
130502,2858
130502,3996
130502,1213
130502,750
81246,33493
81246,1210
81246,55820
81246,110
81246,48774
81246,7438
81246,58559
81246,1198
81246,1240
81246,59315
131665,1527
131665,7153
131665,33794
131665,45722
131665,592
131665,6377
131665,8961
131665,1377
131665,1682
131665,1722
7743,778
7743,32
7743,1206
7743,750
7743,2076
7743,4848
7743,1214
7743,1464
7743,1527
7743,6774
18675,1097
18675,2115
18675,2028
18675,41566
18675,110
18675,2268
18675,6377
18675,1610
18675,5418
18675,7153
73937,1234
73937,1950
73937,5707
73937,5060
73937,1207
73937,914
73937,8337
73937,903
73937,3733
73937,1231
100330,3147
100330,4963
100330,50
100330,2858
100330,49272
100330,2571
100330,47
100330,55247
100330,5989
100330,27831
112113,4262
112113,47
112113,296
112113,16
112113,6016
112113,63082
112113,1580
112113,4226
112113,1270
112113,589
43081,88744
43081,36529
43081,86332
43081,84152
43081,97913
43081,46972
43081,77866
43081,35836
43081,6378
43081,40815
132439,480
132439,5445
132439,1
132439,8636
132439,73017
132439,41566
132439,88140
132439,1917
132439,34319
132439,106487
117315,56757
117315,31658
117315,37729
117315,111
117315,1036
117315,841
117315,51255
117315,99114
117315,74458
117315,318
47578,1
47578,7153
47578,79132
47578,8368
47578,356
47578,4886
47578,2959
47578,97913
47578,96821
47578,2571
58166,48780
58166,50872
58166,318
58166,4226
58166,3147
58166,64957
58166,3578
58166,293
58166,2959
58166,47
138429,6502
138429,5349
138429,1214
138429,33493
138429,1036
138429,1198
138429,5418
138429,110
138429,1527
138429,1291
26427,50
26427,48780
26427,4226
26427,4993
26427,48516
26427,2028
26427,1704
26427,1089
26427,2502
26427,593
118416,97304
118416,88810
118416,920
118416,104841
118416,2762
118416,1950
118416,2728
118416,1204
118416,50
118416,5989
36461,1036
36461,1291
36461,50
36461,648
36461,592
36461,1580
36461,3578
36461,32
36461,733
36461,590
132519,48774
132519,68157
132519,38886
132519,40583
132519,56782
132519,60950
132519,58559
132519,55814
132519,60069
132519,55247
57050,293
57050,92259
57050,6874
57050,68157
57050,55820
57050,2858
57050,2762
57050,1214
57050,912
57050,16
81970,1079
81970,3671
81970,4855
81970,1266
81970,27831
81970,54286
81970,1222
81970,1732
81970,2542
81970,3703
108913,56367
108913,1
108913,48780
108913,3793
108913,48516
108913,2762
108913,7143
108913,49530
108913,47610
108913,8636
38386,56367
38386,60069
38386,35836
38386,32587
38386,59784
38386,46578
38386,34162
38386,40815
38386,71156
38386,44022
85897,527
85897,47
85897,318
85897,2571
85897,4226
85897,44555
85897,2712
85897,5902
85897,2692
85897,750
36147,7153
36147,2959
36147,318
36147,2858
36147,1136
36147,1208
36147,356
36147,1222
36147,32
36147,1193
5499,7361
5499,593
5499,1206
5499,8874
5499,4226
5499,60069
5499,318
5499,1089
5499,1198
5499,541
34904,4973
34904,4886
34904,5816
34904,4896
34904,2571
34904,7153
34904,4993
34904,1270
34904,6539
34904,4246
68230,858
68230,1198
68230,50
68230,1213
68230,2858
68230,541
68230,593
68230,260
68230,1196
68230,1221
9589,480
9589,858
9589,1036
9589,457
9589,2762
9589,2716
9589,1213
9589,1258
9589,2502
9589,356
5123,73017
5123,46578
5123,318
5123,44191
5123,38061
5123,44665
5123,54259
5123,33166
5123,36529
5123,110
86221,70286
86221,32587
86221,79132
86221,778
86221,2502
86221,8807
86221,61024
86221,6874
86221,63131
86221,3275
98399,356
98399,4226
98399,4973
98399,2762
98399,6016
98399,858
98399,2858
98399,79132
98399,3578
98399,296
65796,1307
65796,588
65796,4306
65796,2571
65796,587
65796,253
65796,6539
65796,4886
65796,551
65796,318
41504,60069
41504,3000
41504,260
41504,5903
41504,3745
41504,60684
41504,31658
41504,87232
41504,91529
41504,1274
119216,1
119216,4306
119216,595
119216,364
119216,919
119216,58559
119216,4886
119216,7451
119216,2081
119216,5066
112896,589
112896,1580
112896,1270
112896,364
112896,4306
112896,3793
112896,1682
112896,500
112896,1923
112896,1527
31772,50
31772,318
31772,2329
31772,48516
31772,1213
31772,628
31772,16
31772,2959
31772,4262
31772,4351
51154,1221
51154,260
51154,1196
51154,33794
51154,4226
51154,4973
51154,1610
51154,4262
51154,30749
51154,8464
126269,45722
126269,3487
126269,4411
126269,5049
126269,4220
126269,41566
126269,45517
126269,34332
126269,6428
126269,47644
129216,1198
129216,457
129216,4226
129216,55820
129216,733
129216,49272
129216,480
129216,1291
129216,54286
129216,6539
116039,527
116039,8961
116039,4306
116039,2858
116039,1307
116039,914
116039,1136
116039,1961
116039,44694
116039,318
127192,2571
127192,44191
127192,79132
127192,59315
127192,6539
127192,7153
127192,2959
127192,2028
127192,7445
127192,72998
71238,6377
71238,318
71238,356
71238,7361
71238,500
71238,1073
71238,593
71238,588
71238,4306
71238,4886
41517,33004
41517,39292
41517,34405
41517,41569
41517,30793
41517,37733
41517,41997
41517,38061
41517,37741
41517,44191
50160,539
50160,1097
50160,1387
50160,4361
50160,2243
50160,2302
50160,4321
50160,1234
50160,1380
50160,5299
72011,2571
72011,2959
72011,56367
72011,318
72011,527
72011,5995
72011,356
72011,69757
72011,68157
72011,1704
56876,593
56876,4306
56876,6377
56876,2571
56876,2858
56876,2762
56876,8961
56876,1
56876,318
56876,1097
26876,41569
26876,45499
26876,34162
26876,33660
26876,41566
26876,34048
26876,45722
26876,48516
26876,33437
26876,46970
102753,4306
102753,8961
102753,2571
102753,1198
102753,4993
102753,318
102753,4226
102753,356
102753,4886
102753,2762
18389,110102
18389,68954
18389,89745
18389,53996
18389,2571
18389,4886
18389,6377
18389,8961
18389,51662
18389,97913
36885,32
36885,2858
36885,1036
36885,50
36885,260
36885,1136
36885,1240
36885,1208
36885,1270
36885,1214
128919,318
128919,6016
128919,1281
128919,527
128919,296
128919,2324
128919,105844
128919,92259
128919,5995
128919,356
129402,1196
129402,260
129402,858
129402,1220
129402,2012
129402,8644
129402,2617
129402,2011
129402,924
129402,1200
16553,2313
16553,541
16553,4878
16553,2160
16553,7044
16553,1732
16553,1089
16553,2858
16553,858
16553,4226
101673,1196
101673,296
101673,6874
101673,3793
101673,1210
101673,34405
101673,8961
101673,356
101673,1967
101673,54259
120917,59315
120917,48780
120917,780
120917,480
120917,56174
120917,110
120917,59369
120917,2028
120917,51662
120917,8529
35128,49824
35128,50685
35128,54259
35128,31689
35128,70286
35128,60766
35128,46850
35128,59810
35128,60763
35128,40959
126540,2268
126540,356
126540,318
126540,590
126540,150
126540,1270
126540,3916
126540,1198
126540,5349
126540,480
53799,6155
53799,7173
53799,6942
53799,80463
53799,49286
53799,8981
53799,33660
53799,49278
53799,8529
53799,7162
58894,47
58894,6377
58894,5418
58894,296
58894,2959
58894,589
58894,2762
58894,51662
58894,5445
58894,32587
99686,81845
99686,2571
99686,356
99686,3578
99686,4973
99686,4995
99686,99114
99686,2858
99686,79132
99686,109487
63834,915
63834,539
63834,3809
63834,2020
63834,3424
63834,1883
63834,3039
63834,3526
63834,1673
63834,514
69602,2571
69602,2959
69602,608
69602,2858
69602,110
69602,7153
69602,1358
69602,1193
69602,4226
69602,2502
81721,47
81721,2959
81721,593
81721,4306
81721,527
81721,377
81721,587
81721,357
81721,1307
81721,858
120099,5066
120099,7293
120099,80549
120099,6593
120099,2485
120099,69757
120099,88163
120099,7255
120099,2145
120099,1895
111566,296
111566,7153
111566,1704
111566,3578
111566,2762
111566,1246
111566,5989
111566,110
111566,508
111566,2028
123775,110
123775,47
123775,6874
123775,1073
123775,1197
123775,1732
123775,4878
123775,1265
123775,1258
123775,3911
46820,1580
46820,7153
46820,260
46820,1196
46820,32
46820,2948
46820,1198
46820,33004
46820,54286
46820,4874
19988,1244
19988,348
19988,608
19988,6993
19988,5618
19988,296
19988,1136
19988,1732
19988,6711
19988,541
54271,296
54271,48780
54271,54286
54271,293
54271,593
54271,50
54271,4306
54271,2692
54271,32
54271,1
40719,33794
40719,2115
40719,2716
40719,2959
40719,2918
40719,1197
40719,44191
40719,480
40719,41566
40719,7147
21563,5992
21563,2010
21563,2160
21563,923
21563,2361
21563,750
21563,2729
21563,1611
21563,4979
21563,8507
62850,1704
62850,296
62850,60069
62850,356
62850,318
62850,2762
62850,68954
62850,293
62850,30749
62850,593
61439,150
61439,4993
61439,597
61439,589
61439,480
61439,2858
61439,1
61439,2028
61439,5952
61439,380
76478,858
76478,6016
76478,1089
76478,2571
76478,318
76478,1213
76478,33794
76478,32
76478,3578
76478,6874
109340,5445
109340,1580
109340,316
109340,1240
109340,2012
109340,6365
109340,2916
109340,1198
109340,5378
109340,4643
105311,6385
105311,1225
105311,1097
105311,515
105311,356
105311,2324
105311,1271
105311,1035
105311,6565
105311,457
60597,72489
60597,73268
60597,71057
60597,71254
60597,71530
60597,68952
60597,68157
60597,68205
60597,67197
60597,60684
35317,4848
35317,1732
35317,4979
35317,55820
35317,6711
35317,7361
35317,2076
35317,2959
35317,2858
35317,1206
12649,1265
12649,8961
12649,8874
12649,4979
12649,4878
12649,111
12649,8376
12649,30810
12649,48385
12649,1199
101113,1090
101113,1207
101113,4027
101113,1252
101113,922
101113,318
101113,2729
101113,4993
101113,1307
101113,2194
27958,65261
27958,4973
27958,72226
27958,46578
27958,94959
27958,56367
27958,66097
27958,26662
27958,81591
27958,96821
98182,7361
98182,356
98182,296
98182,2762
98182,5679
98182,1721
98182,3949
98182,3147
98182,2329
98182,6539
92422,2174
92422,2717
92422,2762
92422,1080
92422,1954
92422,110
92422,4306
92422,2571
92422,1968
92422,6377
40590,780
40590,1580
40590,318
40590,68954
40590,48780
40590,63082
40590,1196
40590,500
40590,260
40590,1210
13935,4226
13935,5952
13935,1200
13935,2761
13935,4886
13935,260
13935,1196
13935,1080
13935,2692
13935,296
63936,1219
63936,608
63936,5603
63936,903
63936,904
63936,908
63936,541
63936,720
63936,910
63936,2467
79392,4226
79392,2858
79392,58559
79392,318
79392,7361
79392,60069
79392,4973
79392,72998
79392,1682
79392,4995
96616,1580
96616,8961
96616,780
96616,4226
96616,3578
96616,60069
96616,592
96616,1721
96616,4995
96616,4886
18634,7062
18634,4973
18634,8873
18634,6786
18634,5747
18634,1956
18634,3733
18634,318
18634,1172
18634,2336
29223,49530
29223,110
29223,7153
29223,2959
29223,1
29223,527
29223,51662
29223,4226
29223,3114
29223,2
16016,1333
16016,527
16016,1219
16016,7062
16016,7001
16016,919
16016,541
16016,1214
16016,1203
16016,943
41356,50
41356,858
41356,2959
41356,110
41356,2324
41356,3578
41356,260
41356,1
41356,2762
41356,527
73099,8644
73099,48780
73099,79091
73099,1198
73099,102125
73099,66097
73099,2762
73099,91630
73099,48394
73099,59784
24769,44191
24769,33794
24769,71535
24769,51935
24769,68157
24769,49272
24769,112852
24769,6539
24769,1704
24769,64614
135751,7044
135751,49932
135751,3262
135751,3676
135751,1921
135751,5618
135751,27773
135751,6711
135751,288
135751,48394
92461,81591
92461,48394
92461,318
92461,68157
92461,46578
92461,3949
92461,4886
92461,2918
92461,55247
92461,1968
47661,54286
47661,3499
47661,4262
47661,44199
47661,457
47661,4993
47661,608
47661,1221
47661,1466
47661,5294
12382,480
12382,5418
12382,2329
12382,2000
12382,6539
12382,1580
12382,2762
12382,8665
12382,54286
12382,780
13814,69122
13814,44191
13814,63131
13814,7317
13814,58998
13814,56174
13814,62434
13814,53996
13814,52973
13814,6537
14073,858
14073,480
14073,110
14073,2028
14073,527
14073,588
14073,780
14073,3147
14073,2858
14073,920
59929,110
59929,457
59929,593
59929,2028
59929,318
59929,1219
59929,2762
59929,1304
59929,356
59929,1266
5063,3081
5063,60069
5063,551
5063,39
5063,2502
5063,3052
5063,356
5063,56152
5063,2161
5063,724
124453,8644
124453,76251
124453,34405
124453,72998
124453,73017
124453,60684
124453,95510
124453,49272
124453,3552
124453,98809
109240,1198
109240,1272
109240,898
109240,7502
109240,908
109240,904
109240,1203
109240,745
109240,1617
109240,50
67635,500
67635,6155
67635,1393
67635,11
67635,1923
67635,3948
67635,1569
67635,38798
67635,2918
67635,7451
47422,2232
47422,54272
47422,1036
47422,1291
47422,1089
47422,47
47422,7254
47422,480
47422,1198
47422,1573
62829,32587
62829,50872
62829,4973
62829,1136
62829,58559
62829,60069
62829,50
62829,1527
62829,68358
62829,46578
5014,1073
5014,6539
5014,32
5014,527
5014,2762
5014,47
5014,356
5014,32587
5014,1214
5014,457
129543,1198
129543,593
129543,4226
129543,110
129543,5618
129543,296
129543,1222
129543,1136
129543,50
129543,1201
33145,1527
33145,8361
33145,5418
33145,6539
33145,8636
33145,648
33145,34319
33145,4306
33145,4963
33145,7163
63902,1653
63902,2959
63902,1258
63902,2858
63902,1246
63902,296
63902,2467
63902,47
63902,67255
63902,608
130417,3578
130417,1036
130417,2194
130417,1208
130417,1291
130417,1213
130417,79132
130417,1265
130417,1270
130417,1304
25859,1721
25859,6942
25859,60950
25859,318
25859,1704
25859,527
25859,3897
25859,4246
25859,39183
25859,1682
122179,6874
122179,1270
122179,1580
122179,541
122179,593
122179,3578
122179,7438
122179,4995
122179,47
122179,1136
31887,8014
31887,100556
31887,5878
31887,103984
31887,98056
31887,4144
31887,2360
31887,7323
31887,4973
31887,56782
30214,96610
30214,296
30214,58559
30214,4878
30214,27773
30214,2858
30214,109374
30214,2997
30214,94959
30214,89745
25542,50
25542,2762
25542,4226
25542,2571
25542,5445
25542,5952
25542,4993
25542,6711
25542,150
25542,4306
8127,6377
8127,4306
8127,58559
8127,2959
8127,4973
8127,79132
8127,318
8127,356
8127,44191
8127,4226
79832,924
79832,1214
79832,74789
79832,2117
79832,51662
79832,1127
79832,8169
79832,53000
79832,1321
79832,541
121187,1213
121187,2571
121187,1222
121187,7153
121187,3949
121187,51662
121187,1732
121187,55765
121187,33166
121187,593
78483,8784
78483,5903
78483,47610
78483,7361
78483,6323
78483,37733
78483,7254
78483,4878
78483,48774
78483,43921
87419,1270
87419,32
87419,2858
87419,1198
87419,1196
87419,2571
87419,527
87419,47
87419,608
87419,50
30347,3147
30347,5418
30347,1198
30347,1961
30347,79132
30347,58559
30347,296
30347,3275
30347,80463
30347,2918
72562,48774
72562,296
72562,593
72562,356
72562,4011
72562,36529
72562,51662
72562,858
72562,2028
72562,54736
111959,8949
111959,58559
111959,55820
111959,34048
111959,49530
111959,46578
111959,37733
111959,70286
111959,8376
111959,8665
96773,6539
96773,3753
96773,500
96773,2194
96773,1291
96773,2353
96773,1674
96773,780
96773,1240
96773,6378
50125,2762
50125,356
50125,1
50125,539
50125,1302
50125,1784
50125,318
50125,589
50125,1704
50125,110
75034,595
75034,1198
75034,1291
75034,919
75034,1028
75034,3255
75034,592
75034,1777
75034,253
75034,1517
6224,527
6224,2028
6224,110
6224,1721
6224,6539
6224,1270
6224,733
6224,3147
6224,3623
6224,1917
70388,33794
70388,1206
70388,593
70388,2571
70388,6874
70388,1208
70388,1527
70388,541
70388,48394
70388,353
35155,480
35155,593
35155,2762
35155,2571
35155,457
35155,58559
35155,3578
35155,1197
35155,4995
35155,4306
5529,4963
5529,2028
5529,1136
5529,73017
5529,89745
5529,1210
5529,1291
5529,91542
5529,49272
5529,1580
58116,59315
58116,2571
58116,1220
58116,592
58116,2115
58116,541
58116,1036
58116,589
58116,1240
58116,89745
5960,2997
5960,2028
5960,3300
5960,329
5960,4963
5960,3081
5960,1089
5960,5903
5960,50
5960,33004
74604,8961
74604,40819
74604,46578
74604,34162
74604,30707
74604,44191
74604,30793
74604,8917
74604,45517
74604,37741
88318,48394
88318,3000
88318,31658
88318,5618
88318,38038
88318,46578
88318,2019
88318,3030
88318,2857
88318,1237
56501,2959
56501,33794
56501,356
56501,49530
56501,48516
56501,5349
56501,45722
56501,60072
56501,7445
56501,48780
847,778
847,2467
847,2020
847,1094
847,924
847,1173
847,1641
847,2455
847,1270
847,293
27946,1101
27946,1356
27946,253
27946,4447
27946,8961
27946,2167
27946,8644
27946,5952
27946,7143
27946,5528
7414,318
7414,7153
7414,2329
7414,2858
7414,1206
7414,1884
7414,48394
7414,293
7414,32587
7414,50
92869,318
92869,2692
92869,6350
92869,7361
92869,50
92869,123
92869,6016
92869,4993
92869,778
92869,7323
64547,47
64547,7361
64547,608
64547,79132
64547,2858
64547,1136
64547,1213
64547,1198
64547,4993
64547,68157
45571,4226
45571,1200
45571,1214
45571,593
45571,316
45571,1270
45571,780
45571,47
45571,1127
45571,5445
51616,111759
51616,58998
51616,38061
51616,98961
51616,87869
51616,99114
51616,106782
51616,62434
51616,81932
51616,112138
118071,2762
118071,6539
118071,318
118071,1198
118071,2959
118071,2028
118071,1291
118071,47
118071,1222
118071,110
42793,7361
42793,296
42793,750
42793,1193
42793,1206
42793,593
42793,111
42793,6016
42793,858
42793,778
97392,904
97392,923
97392,750
97392,858
97392,1207
97392,1212
97392,1204
97392,8228
97392,50
97392,1197
128056,588
128056,1225
128056,27266
128056,5902
128056,150
128056,2294
128056,1339
128056,2124
128056,592
128056,1732
79427,8961
79427,356
79427,4963
79427,2571
79427,3897
79427,8784
79427,47
79427,8360
79427,50
79427,5989
42625,8949
42625,37733
42625,33794
42625,8961
42625,44199
42625,41285
42625,31878
42625,33493
42625,6620
42625,34153
63296,1136
63296,60069
63296,296
63296,1240
63296,593
63296,1274
63296,5418
63296,54286
63296,858
63296,4226
60591,1265
60591,2571
60591,480
60591,1961
60591,3578
60591,318
60591,1704
60591,457
60591,1968
60591,2028
47275,68954
47275,4886
47275,4306
47275,6377
47275,40815
47275,4896
47275,8961
47275,69122
47275,79132
47275,6539
63905,4878
63905,4973
63905,4226
63905,318
63905,5952
63905,7153
63905,593
63905,2329
63905,6016
63905,7438
72694,6993
72694,1035
72694,515
72694,953
72694,3996
72694,527
72694,39
72694,2571
72694,1682
72694,1203
111870,30793
111870,7347
111870,6539
111870,4014
111870,3186
111870,2762
111870,39183
111870,2161
111870,4020
111870,33794
61986,7153
61986,4993
61986,47
61986,260
61986,356
61986,2571
61986,5952
61986,4226
61986,4878
61986,6350
62066,1193
62066,2762
62066,527
62066,2329
62066,912
62066,1196
62066,2186
62066,1136
62066,928
62066,1203
66416,51662
66416,6537
66416,53996
66416,1240
66416,1527
66416,33493
66416,2701
66416,72998
66416,1676
66416,3717
13296,3996
13296,1213
13296,527
13296,924
13296,2997
13296,7361
13296,1234
13296,54286
13296,1252
13296,1201
10936,59315
10936,5618
10936,7361
10936,54286
10936,68954
10936,48780
10936,70286
10936,2959
10936,50872
10936,79132
41497,307
41497,1237
41497,593
41497,1952
41497,924
41497,1193
41497,2160
41497,44555
41497,903
41497,111
72672,33794
72672,1580
72672,8644
72672,8361
72672,5903
72672,32587
72672,8665
72672,27660
72672,6534
72672,2959
35586,4993
35586,2115
35586,2470
35586,1025
35586,2420
35586,1610
35586,1097
35586,2078
35586,6377
35586,5349
134840,4226
134840,296
134840,2858
134840,2762
134840,356
134840,7361
134840,7147
134840,46578
134840,1704
134840,3897
81725,1370
81725,4701
81725,8644
81725,2959
81725,44191
81725,1036
81725,2273
81725,7445
81725,1240
81725,72998
101203,5995
101203,296
101203,3147
101203,5377
101203,4995
101203,1246
101203,7147
101203,4226
101203,4878
101203,3949
24626,1265
24626,39
24626,3793
24626,2716
24626,480
24626,5349
24626,2599
24626,3052
24626,1288
24626,2657
133699,4973
133699,59315
133699,63082
133699,5418
133699,85438
133699,38061
133699,48516
133699,911
133699,40815
133699,54286
27729,1097
27729,1198
27729,2987
27729,592
27729,2716
27729,5349
27729,480
27729,1580
27729,34
27729,8636
65660,2324
65660,4235
65660,2959
65660,44555
65660,2858
65660,8014
65660,63082
65660,527
65660,6953
65660,55814
11623,47
11623,73017
11623,6874
11623,44191
11623,48394
11623,2858
11623,71535
11623,3147
11623,45722
11623,1206
126757,4306
126757,1196
126757,592
126757,1
126757,1215
126757,551
126757,110
126757,6333
126757,2700
126757,8368
16041,5218
16041,1201
16041,1200
16041,3114
16041,2012
16041,924
16041,1917
16041,87232
16041,69122
16041,778
126040,296
126040,7361
126040,55820
126040,50
126040,4226
126040,2329
126040,110
126040,4878
126040,6323
126040,4720
13110,70286
13110,3000
13110,5690
13110,6711
13110,1136
13110,55820
13110,6016
13110,1222
13110,2692
13110,2395
79830,97306
79830,55820
79830,608
79830,58559
79830,1089
79830,858
79830,87869
79830,71535
79830,8874
79830,8464
19178,2959
19178,2571
19178,4973
19178,58559
19178,40815
19178,8368
19178,54001
19178,4306
19178,69844
19178,4995
12179,858
12179,1222
12179,111
12179,608
12179,1208
12179,1288
12179,296
12179,3683
12179,750
12179,1089
137639,1704
137639,47
137639,4973
137639,356
137639,58559
137639,1221
137639,6016
137639,527
137639,3949
137639,4878
92385,7153
92385,5952
92385,4993
92385,2078
92385,2090
92385,4306
92385,58559
92385,2355
92385,50872
92385,5618
104482,4973
104482,903
104482,1207
104482,778
104482,527
104482,750
104482,858
104482,2997
104482,4878
104482,1193
90812,1367
90812,51662
90812,4995
90812,2797
90812,2142
90812,2858
90812,158
90812,55872
90812,2145
90812,2141
12120,2762
12120,1213
12120,2324
12120,1252
12120,1617
12120,33794
12120,1259
12120,1172
12120,1704
12120,1258
9472,858
9472,593
9472,1225
9472,912
9472,527
9472,541
9472,1210
9472,2067
9472,1250
9472,296
30757,2571
30757,4886
30757,593
30757,2324
30757,2028
30757,110
30757,2762
30757,1961
30757,3578
30757,1721
73542,51255
73542,58559
73542,27773
73542,296
73542,61236
73542,59387
73542,50011
73542,77800
73542,83134
73542,54995
52685,1193
52685,3081
52685,6874
52685,4973
52685,37729
52685,1225
52685,1645
52685,7438
52685,1172
52685,30707
122466,1198
122466,68954
122466,3000
122466,5952
122466,2571
122466,31658
122466,70286
122466,60069
122466,33794
122466,68358
75733,480
75733,318
75733,110
75733,296
75733,5349
75733,4995
75733,6874
75733,1527
75733,780
75733,7438
30897,318
30897,44191
30897,1210
30897,296
30897,293
30897,33794
30897,49272
30897,7143
30897,2329
30897,4226
48983,158
48983,8644
48983,1
48983,2080
48983,1022
48983,480
48983,551
48983,783
48983,2355
48983,1088
8980,32
8980,2959
8980,1270
8980,50
8980,924
8980,1682
8980,2997
8980,2858
8980,778
8980,1214
83275,8961
83275,2133
83275,2739
83275,4489
83275,1333
83275,3418
83275,1135
83275,3186
83275,3249
83275,1029
25342,4973
25342,2858
25342,8784
25342,3481
25342,32587
25342,4963
25342,1
25342,2329
25342,4027
25342,70286
59594,356
59594,50
59594,1198
59594,2858
59594,32
59594,55820
59594,32587
59594,6502
59594,5679
59594,48780
9112,6539
9112,7153
9112,4993
9112,2716
9112,5952
9112,1240
9112,110
9112,58559
9112,33794
9112,733
97698,1527
97698,344
97698,2959
97698,6874
97698,293
97698,1036
97698,3578
97698,318
97698,5621
97698,733
13419,44191
13419,1704
13419,5418
13419,2997
13419,1291
13419,5995
13419,1225
13419,1682
13419,7438
13419,3147
744,1777
744,587
744,2916
744,1370
744,3256
744,8665
744,2100
744,454
744,349
744,5299
89549,2572
89549,41566
89549,1022
89549,4823
89549,5952
89549,7153
89549,4993
89549,45722
89549,2096
89549,31685
82379,5952
82379,49272
82379,318
82379,110
82379,59369
82379,54997
82379,356
82379,72998
82379,81845
82379,1704
15136,6377
15136,1136
15136,1079
15136,2571
15136,1198
15136,1961
15136,2716
15136,1580
15136,4027
15136,1259
104860,4011
104860,2858
104860,47
104860,2329
104860,2959
104860,68157
104860,5989
104860,4226
104860,1193
104860,1704
398,527
398,4226
398,68157
398,4011
398,2329
398,106782
398,81845
398,47
398,74458
398,49272
97357,1240
97357,32
97357,48516
97357,608
97357,1208
97357,1213
97357,1
97357,6874
97357,6016
97357,2502
32148,91542
32148,70286
32148,1
32148,73017
32148,79132
32148,3793
32148,589
32148,48780
32148,88744
32148,106696
120794,53123
120794,33166
120794,55280
120794,44555
120794,64575
120794,4973
120794,6711
120794,8784
120794,5992
120794,46976
85433,59315
85433,356
85433,2028
85433,260
85433,588
85433,780
85433,68358
85433,1240
85433,2918
85433,1073
117385,2959
117385,858
117385,2712
117385,5791
117385,2324
117385,5992
117385,902
117385,1246
117385,6711
117385,8981
138160,1291
138160,6874
138160,780
138160,364
138160,3578
138160,5349
138160,2617
138160,2028
138160,47
138160,6365
50672,2858
50672,3996
50672,4973
50672,3052
50672,2959
50672,1527
50672,6377
50672,593
50672,345
50672,5816
37264,110102
37264,86833
37264,67734
37264,88163
37264,38061
37264,40819
37264,73017
37264,89904
37264,106916
37264,111362
114261,1198
114261,4878
114261,3578
114261,1200
114261,589
114261,353
114261,1527
114261,6502
114261,2028
114261,1261
115870,41716
115870,46976
115870,55765
115870,33660
115870,54272
115870,56788
115870,56174
115870,33004
115870,37384
115870,61132
34214,70
34214,260
34214,908
34214,2529
34214,3527
34214,1089
34214,1347
34214,1356
34214,1288
34214,296
79948,7438
79948,6874
79948,44199
79948,44191
79948,8961
79948,6016
79948,7361
79948,33794
79948,2329
79948,47610
5192,783
5192,44022
5192,1022
5192,69644
5192,79091
5192,595
5192,4973
5192,53121
5192,4995
5192,48394
58004,7361
58004,4226
58004,593
58004,7323
58004,296
58004,2858
58004,6711
58004,2997
58004,4306
58004,608
44396,48516
44396,50872
44396,72998
44396,2329
44396,2959
44396,68358
44396,33794
44396,49530
44396,110
44396,64614
105766,2571
105766,6377
105766,4306
105766,1210
105766,3578
105766,110
105766,150
105766,1097
105766,1
105766,4995
20656,2762
20656,50
20656,1089
20656,7438
20656,4995
20656,293
20656,741
20656,33493
20656,6711
20656,6857
50457,2762
50457,318
50457,903
50457,8961
50457,1197
50457,1207
50457,1097
50457,910
50457,1235
50457,595
1244,6548
1244,216
1244,35836
1244,145
1244,2706
1244,53953
1244,53000
1244,39446
1244,68954
1244,3617
26595,296
26595,2571
26595,2918
26595,1210
26595,110
26595,1136
26595,4306
26595,4993
26595,2762
26595,150
44384,30810
44384,1617
44384,6711
44384,8949
44384,4027
44384,1912
44384,8784
44384,8970
44384,1196
44384,912
61017,7369
61017,4886
61017,480
61017,4306
61017,317
61017,1210
61017,72998
61017,5804
61017,4447
61017,5349
21381,457
21381,1275
21381,1721
21381,6365
21381,1682
21381,208
21381,367
21381,292
21381,4973
21381,8644
100589,3949
100589,296
100589,2076
100589,778
100589,4226
100589,1089
100589,1258
100589,1921
100589,32
100589,2313
115558,2571
115558,588
115558,1
115558,1210
115558,5690
115558,1682
115558,47
115558,1196
115558,4993
115558,595
99544,1732
99544,223
99544,2918
99544,2997
99544,1222
99544,593
99544,47
99544,1073
99544,527
99544,231
41604,2918
41604,2502
41604,2959
41604,364
41604,527
41604,1704
41604,6377
41604,4306
41604,595
41604,47
136235,1210
136235,595
136235,913
136235,2396
136235,950
136235,1265
136235,1203
136235,1580
136235,1136
136235,1291
122995,68954
122995,79132
122995,60684
122995,45722
122995,36401
122995,33166
122995,33493
122995,27706
122995,60074
122995,53322
30778,154
30778,7387
30778,1230
30778,7749
30778,3788
30778,4848
30778,26094
30778,8154
30778,7327
30778,4928
63898,7361
63898,1222
63898,1208
63898,541
63898,1252
63898,2858
63898,903
63898,1276
63898,1221
63898,6016
78403,1
78403,1291
78403,59315
78403,589
78403,6539
78403,593
78403,4878
78403,44191
78403,2858
78403,4886
18193,3949
18193,296
18193,2076
18193,5291
18193,2731
18193,714
18193,1206
18193,1228
18193,101
18193,6440
22717,480
22717,1196
22717,1210
22717,10
22717,356
22717,33794
22717,5952
22717,7153
22717,4310
22717,3578
37551,318
37551,8368
37551,261
37551,588
37551,2572
37551,356
37551,364
37551,54001
37551,40815
37551,3916
82074,296
82074,1136
82074,1197
82074,58559
82074,551
82074,60069
82074,356
82074,2291
82074,78499
82074,4973
12591,50
12591,4226
12591,296
12591,58559
12591,2959
12591,2324
12591,356
12591,2858
12591,7361
12591,81845
117325,593
117325,296
117325,33794
117325,2571
117325,54286
117325,4262
117325,5418
117325,356
117325,8665
117325,3578
82428,5349
82428,1196
82428,260
82428,4993
82428,34405
82428,6539
82428,51662
82428,8644
82428,1262
82428,3578
124799,6377
124799,49272
124799,480
124799,2502
124799,500
124799,356
124799,648
124799,5418
124799,6333
124799,150
99689,2762
99689,63082
99689,4226
99689,1193
99689,3147
99689,81845
99689,1213
99689,7361
99689,4973
99689,64614
41399,593
41399,318
41399,1968
41399,2716
41399,2918
41399,508
41399,4085
41399,588
41399,5103
41399,5989
35575,5445
35575,5349
35575,1
35575,8360
35575,4306
35575,6539
35575,1270
35575,33794
35575,1580
35575,8636
114346,318
114346,223
114346,2542
114346,1199
114346,1258
114346,1245
114346,3671
114346,235
114346,2076
114346,3535
19644,4973
19644,47
19644,4226
19644,2329
19644,296
19644,4878
19644,111
19644,69134
19644,7371
19644,593
105357,30707
105357,1086
105357,904
105357,3736
105357,6870
105357,909
105357,215
105357,3801
105357,1266
105357,6867
65666,7361
65666,7438
65666,35836
65666,33493
65666,8949
65666,36537
65666,8910
65666,6874
65666,1089
65666,2959
2465,1036
2465,7438
2465,2028
2465,780
2465,1240
2465,527
2465,318
2465,648
2465,5445
2465,1261
112649,527
112649,2324
112649,6539
112649,8784
112649,1
112649,32587
112649,7147
112649,1246
112649,8360
112649,5989
110648,41566
110648,6539
110648,60069
110648,5952
110648,7153
110648,58559
110648,4993
110648,73017
110648,63433
110648,1374
89402,1358
89402,3006
89402,1625
89402,2000
89402,3735
89402,6502
89402,4085
89402,3087
89402,2076
89402,1653
102274,593
102274,1136
102274,58559
102274,1704
102274,356
102274,608
102274,68157
102274,2028
102274,858
102274,527
107925,1704
107925,593
107925,5952
107925,2329
107925,3147
107925,527
107925,4306
107925,2028
107925,3949
107925,32587
60155,733
60155,1198
60155,8636
60155,6539
60155,4022
60155,1721
60155,2012
60155,1584
60155,7386
60155,2716
110214,3052
110214,4226
110214,2858
110214,2028
110214,293
110214,7090
110214,6377
110214,1240
110214,1704
110214,1200
116694,7153
116694,6942
116694,4993
116694,4886
116694,6377
116694,5952
116694,4018
116694,8529
116694,1580
116694,5957
73854,8665
73854,260
73854,349
73854,1265
73854,296
73854,377
73854,1610
73854,150
73854,593
73854,6539
66853,2997
66853,1206
66853,4226
66853,3910
66853,2959
66853,1175
66853,3996
66853,527
66853,6711
66853,3160
18719,260
18719,1136
18719,2571
18719,2700
18719,296
18719,2502
18719,1196
18719,1214
18719,924
18719,1748
46094,6377
46094,231
46094,356
46094,35836
46094,1517
46094,6539
46094,34162
46094,1073
46094,3793
46094,2011
14088,72998
14088,480
14088,1196
14088,44191
14088,318
14088,7361
14088,4993
14088,5952
14088,7153
14088,1682
117591,5247
117591,1663
117591,3524
117591,3525
117591,1304
117591,1219
117591,1231
117591,1958
117591,3152
117591,5060
89767,47
89767,2858
89767,500
89767,2762
89767,39
89767,364
89767,480
89767,6377
89767,58559
89767,1
34511,69951
34511,44191
34511,55442
34511,63876
34511,4720
34511,7371
34511,3081
34511,51662
34511,51540
34511,1
114482,2324
114482,63082
114482,81591
114482,4306
114482,74458
114482,69757
114482,837
114482,364
114482,2571
114482,7254
23786,3552
23786,364
23786,588
23786,4886
23786,1291
23786,4963
23786,2791
23786,1610
23786,2947
23786,1220
88665,1197
88665,2571
88665,50
88665,2959
88665,1198
88665,608
88665,4973
88665,58559
88665,923
88665,7153
111397,58559
111397,48516
111397,2959
111397,778
111397,1193
111397,55820
111397,4226
111397,1089
111397,3949
111397,8950
18574,2502
18574,7361
18574,58559
18574,8784
18574,46578
18574,32587
18574,44665
18574,68157
18574,33794
18574,8950
56420,56949
56420,8961
56420,4447
56420,6333
56420,4025
56420,45720
56420,45499
56420,7380
56420,597
56420,5418
115501,1240
115501,1036
115501,110
115501,480
115501,1193
115501,4262
115501,377
115501,367
115501,527
115501,7153
94582,5952
94582,7153
94582,2959
94582,1291
94582,1089
94582,1214
94582,4886
94582,750
94582,858
94582,50
138443,1265
138443,457
138443,260
138443,2959
138443,1270
138443,4226
138443,2762
138443,1704
138443,1199
138443,3578
71404,2571
71404,7153
71404,4993
71404,5952
71404,527
71404,3355
71404,2959
71404,2467
71404,32
71404,2028
138194,48518
138194,1970
138194,1983
138194,1347
138194,54785
138194,1407
138194,7360
138194,344
138194,480
138194,1972
48328,3949
48328,593
48328,6711
48328,1258
48328,318
48328,2571
48328,47
48328,1206
48328,48774
48328,4993
68891,60069
68891,1198
68891,1240
68891,2571
68891,3000
68891,589
68891,480
68891,1291
68891,1527
68891,87232
89891,79132
89891,44665
89891,33166
89891,81845
89891,63082
89891,58559
89891,57669
89891,30707
89891,40819
89891,33615
12763,608
12763,7215
12763,2313
12763,3801
12763,8228
12763,5008
12763,942
12763,6639
12763,1234
12763,1281
83653,457
83653,150
83653,4306
83653,1198
83653,780
83653,1035
83653,50872
83653,8360
83653,41566
83653,69844
81252,5952
81252,50
81252,47
81252,2959
81252,4226
81252,2571
81252,1198
81252,7438
81252,2858
81252,592
14071,40815
14071,7573
14071,54001
14071,60069
14071,34405
14071,31658
14071,5816
14071,45499
14071,45517
14071,59501
124309,318
124309,293
124309,1258
124309,1196
124309,2571
124309,1222
124309,2700
124309,1198
124309,858
124309,1682
135228,6539
135228,68954
135228,97921
135228,6377
135228,8368
135228,79132
135228,81845
135228,4993
135228,58559
135228,76093
89898,733
89898,356
89898,4011
89898,648
89898,2959
89898,370
89898,3578
89898,1722
89898,49272
89898,54286
132440,58559
132440,318
132440,589
132440,2858
132440,1240
132440,4993
132440,6539
132440,56367
132440,593
132440,1097
71170,55290
71170,35836
71170,31878
71170,44195
71170,44191
71170,77561
71170,8983
71170,89864
71170,27773
71170,41569
84614,54997
84614,68157
84614,55118
84614,48780
84614,51255
84614,7981
84614,44199
84614,68237
84614,80489
84614,44195
132847,6539
132847,589
132847,260
132847,4963
132847,1270
132847,6333
132847,2762
132847,110
132847,356
132847,1240
120612,72998
120612,34405
120612,1270
120612,44199
120612,89745
120612,3793
120612,1921
120612,32587
120612,7254
120612,2997
95417,58559
95417,2571
95417,2706
95417,1580
95417,69122
95417,2959
95417,7317
95417,72998
95417,5349
95417,59315
22560,593
22560,50
22560,2571
22560,47
22560,1213
22560,260
22560,356
22560,4011
22560,54286
22560,527
20520,3949
20520,4878
20520,4973
20520,318
20520,4226
20520,7147
20520,39183
20520,70286
20520,69757
20520,1136
93789,1036
93789,1136
93789,1240
93789,2571
93789,1199
93789,1208
93789,1244
93789,1704
93789,1080
93789,5418
71432,1
71432,8961
71432,4886
71432,31658
71432,33493
71432,8368
71432,59784
71432,38038
71432,480
71432,65261
18951,50
18951,2329
18951,8961
18951,2959
18951,7153
18951,1136
18951,7361
18951,1220
18951,33794
18951,1080
56535,39
56535,5299
56535,110
56535,356
56535,1097
56535,1682
56535,2006
56535,4025
56535,2115
56535,1923
60849,1
60849,595
60849,500
60849,3751
60849,50872
60849,1721
60849,4246
60849,56367
60849,597
60849,60069
16739,4306
16739,4963
16739,58559
16739,79132
16739,2959
16739,356
16739,2571
16739,1704
16739,2329
16739,72998
42540,1
42540,1580
42540,7143
42540,2959
42540,2353
42540,3793
42540,1597
42540,1270
42540,1625
42540,165
18228,2571
18228,3617
18228,1407
18228,4226
18228,5445
18228,1645
18228,3005
18228,6548
18228,2167
18228,2058
32889,48394
32889,296
32889,60069
32889,72226
32889,2502
32889,8961
32889,318
32889,55820
32889,58559
32889,4878
25009,356
25009,2959
25009,81845
25009,2324
25009,296
25009,48516
25009,63082
25009,2858
25009,92259
25009,5989
42399,5218
42399,1270
42399,356
42399,1246
42399,34405
42399,1196
42399,260
42399,1210
42399,1704
42399,1032
109635,2571
109635,2542
109635,47
109635,4878
109635,48738
109635,58559
109635,1089
109635,1222
109635,33166
109635,44199
8987,593
8987,1221
8987,2858
8987,2028
8987,858
8987,50
8987,6796
8987,44665
8987,293
8987,527
61211,1028
61211,500
61211,3114
61211,1
61211,34
61211,539
61211,1580
61211,17
61211,2396
61211,594
14791,68237
14791,2959
14791,1291
14791,293
14791,593
14791,4878
14791,44191
14791,68954
14791,3996
14791,1653
36594,49272
36594,48516
36594,45499
36594,34150
36594,33646
36594,33679
36594,47644
36594,40815
36594,35957
36594,32029
54900,48780
54900,48516
54900,116797
54900,2324
54900,44191
54900,5995
54900,44555
54900,111759
54900,48394
54900,46578
91012,377
91012,480
91012,2762
91012,4963
91012,780
91012,2959
91012,6378
91012,165
91012,1270
91012,6377
74000,750
74000,913
74000,1252
74000,1104
74000,953
74000,1225
74000,1213
74000,1207
74000,1292
74000,2313
72058,1291
72058,1214
72058,1210
72058,1225
72058,318
72058,1200
72058,750
72058,924
72058,356
72058,858
55523,1704
55523,316
55523,47
55523,593
55523,590
55523,292
55523,377
55523,780
55523,1584
55523,349
72596,1393
72596,2916
72596,1682
72596,2571
72596,1597
72596,1265
72596,1923
72596,4022
72596,1073
72596,539
62089,4226
62089,3000
62089,593
62089,2571
62089,6377
62089,253
62089,7361
62089,1258
62089,293
62089,2232
92213,60069
92213,110
92213,1203
92213,7438
92213,111
92213,3147
92213,608
92213,80463
92213,54286
92213,6016
132978,527
132978,2502
132978,356
132978,296
132978,8464
132978,1961
132978,2762
132978,608
132978,4226
132978,457
50796,480
50796,4993
50796,2571
50796,3578
50796,589
50796,1240
50796,1200
50796,527
50796,296
50796,858
14537,1197
14537,1035
14537,2918
14537,318
14537,3114
14537,150
14537,2355
14537,1968
14537,508
14537,4995
69278,70286
69278,1197
69278,81834
69278,44191
69278,63113
69278,2115
69278,10
69278,2502
69278,8874
69278,5816
33036,7361
33036,608
33036,6016
33036,2959
33036,924
33036,2858
33036,6711
33036,2997
33036,1221
33036,32
119527,260
119527,593
119527,551
119527,4878
119527,2762
119527,47610
119527,6539
119527,4973
119527,68358
119527,5618
10419,344
10419,318
10419,4995
10419,50
10419,1307
10419,231
10419,780
10419,1240
10419,33794
10419,92259
89165,2571
89165,110
89165,2028
89165,4223
89165,55765
89165,59315
89165,8132
89165,7143
89165,7153
89165,72998
33622,2571
33622,7361
33622,1265
33622,2959
33622,356
33622,63082
33622,79132
33622,4226
33622,593
33622,357
117426,5135
117426,46578
117426,6711
117426,34072
117426,3996
117426,7122
117426,6867
117426,4784
117426,4976
117426,1960
32645,2028
32645,47
32645,50
32645,1198
32645,2959
32645,8798
32645,733
32645,53972
32645,293
32645,110
108157,1206
108157,2858
108157,1193
108157,858
108157,2028
108157,1090
108157,1198
108157,3949
108157,32
108157,608
4590,1200
4590,260
4590,6711
4590,55820
4590,527
4590,4011
4590,4848
4590,4973
4590,6016
4590,1090
11280,1270
11280,2716
11280,480
11280,5349
11280,60074
11280,57640
11280,41566
11280,1214
11280,59784
11280,4306
86817,1274
86817,5618
86817,3949
86817,2858
86817,7361
86817,4226
86817,3000
86817,924
86817,32587
86817,2329
76598,4306
76598,60069
76598,44191
76598,318
76598,7438
76598,56757
76598,51662
76598,356
76598,8961
76598,45722
76652,63131
76652,71535
76652,46976
76652,78209
76652,44195
76652,67087
76652,67734
76652,55269
76652,61024
76652,52973
65242,231
65242,58998
65242,67087
65242,1721
65242,2541
65242,5810
65242,4306
65242,4886
65242,1
65242,6377
45656,8910
45656,4226
45656,356
45656,1247
45656,8874
45656,44195
45656,63082
45656,4886
45656,51255
45656,8949
20401,4963
20401,7153
20401,3578
20401,54286
20401,49272
20401,81834
20401,5010
20401,73017
20401,2571
20401,69844
13614,4011
13614,318
13614,2329
13614,2959
13614,7361
13614,1213
13614,48516
13614,32587
13614,3275
13614,4239
128799,60069
128799,4963
128799,2959
128799,59315
128799,2571
128799,296
128799,70286
128799,3275
128799,44199
128799,47
31298,318
31298,47
31298,593
31298,27773
31298,6502
31298,79132
31298,2329
31298,5690
31298,6242
31298,7099
94472,908
94472,1198
94472,858
94472,912
94472,1221
94472,923
94472,904
94472,1172
94472,2762
94472,1193
62160,1721
62160,55820
62160,593
62160,2115
62160,1084
62160,1097
62160,3081
62160,2078
62160,3418
62160,1086
18191,1204
18191,3996
18191,50
18191,1262
18191,1240
18191,1214
18191,919
18191,2571
18191,6333
18191,4226
57736,7147
57736,318
57736,5954
57736,111
57736,8917
57736,441
57736,7090
57736,5956
57736,1258
57736,2081
23095,1393
23095,59315
23095,1541
23095,36525
23095,2671
23095,5377
23095,7444
23095,4226
23095,33794
23095,4963
51531,4886
51531,1517
51531,296
51531,1196
51531,318
51531,8961
51531,2762
51531,2571
51531,6377
51531,344
42414,5989
42414,7254
42414,2762
42414,85414
42414,912
42414,58559
42414,59369
42414,480
42414,48516
42414,87869
56233,4963
56233,47
56233,33794
56233,8961
56233,1198
56233,589
56233,2028
56233,8636
56233,51662
56233,1200
41331,6874
41331,527
41331,68157
41331,593
41331,89804
41331,63082
41331,80463
41331,72011
41331,44191
41331,69757
25,2329
25,2762
25,47
25,1270
25,1073
25,1259
25,608
25,231
25,2997
25,1923
50402,593
50402,6350
50402,4878
50402,6539
50402,44191
50402,4226
50402,32587
50402,551
50402,356
50402,1198
112849,1036
112849,2628
112849,1580
112849,69122
112849,2028
112849,83349
112849,35836
112849,33794
112849,87232
112849,344
131000,2329
131000,318
131000,593
131000,296
131000,541
131000,778
131000,2858
131000,1193
131000,50
131000,32
54728,2019
54728,750
54728,5952
54728,4993
54728,48394
54728,4973
54728,47
54728,5971
54728,2762
54728,293
2854,7361
2854,4848
2854,2959
2854,2858
2854,6440
2854,4878
2854,4226
2854,1199
2854,501
2854,924
76094,527
76094,858
76094,4973
76094,1247
76094,913
76094,930
76094,1197
76094,1617
76094,916
76094,1945
26586,48394
26586,1200
26586,1136
26586,1240
26586,1527
26586,79132
26586,1210
26586,1222
26586,1288
26586,47
107820,4878
107820,7147
107820,2908
107820,5617
107820,8784
107820,5577
107820,3949
107820,1285
107820,5666
107820,2145
72324,1682
72324,3147
72324,70286
72324,318
72324,4226
72324,1258
72324,32587
72324,68157
72324,2710
72324,4963
115565,7502
115565,356
115565,64622
115565,83369
115565,55118
115565,5989
115565,106441
115565,33162
115565,106100
115565,296
95477,296
95477,4973
95477,7361
95477,34437
95477,2858
95477,101
95477,5902
95477,2395
95477,608
95477,111
59858,778
59858,50
59858,316
59858,1246
59858,1653
59858,111
59858,2985
59858,1370
59858,3147
59858,45722
119330,1097
119330,356
119330,1961
119330,260
119330,17
119330,539
119330,4306
119330,1291
119330,1307
119330,920
3373,76093
3373,5418
3373,60069
3373,89745
3373,5989
3373,46578
3373,68157
3373,8874
3373,3275
3373,54286
32351,318
32351,33794
32351,58559
32351,49272
32351,2571
32351,7153
32351,5418
32351,7143
32351,8132
32351,589
105654,356
105654,1196
105654,260
105654,2858
105654,2947
105654,6539
105654,4226
105654,4855
105654,969
105654,6874
84161,2858
84161,7361
84161,56367
84161,4014
84161,6377
84161,8970
84161,912
84161,47629
84161,53123
84161,3751
124712,58559
124712,6539
124712,4306
124712,7153
124712,79132
124712,63082
124712,2571
124712,6874
124712,72998
124712,4886
73284,58559
73284,3503
73284,750
73284,6774
73284,296
73284,111
73284,1258
73284,1232
73284,8477
73284,1251
10252,71535
10252,589
10252,296
10252,76093
10252,356
10252,1240
10252,3052
10252,68157
10252,7438
10252,32
25134,1089
25134,593
25134,5418
25134,923
25134,1219
25134,111
25134,27773
25134,608
25134,47610
25134,2542
49056,4973
49056,1580
49056,4306
49056,48516
49056,5445
49056,4878
49056,6377
49056,55820
49056,6539
49056,231
39117,110
39117,1234
39117,589
39117,2997
39117,1732
39117,7361
39117,1246
39117,457
39117,8874
39117,6874
59257,457
59257,33794
59257,356
59257,110
59257,1200
59257,1214
59257,1961
59257,5349
59257,1704
59257,480
90212,1580
90212,2716
90212,47
90212,595
90212,2959
90212,593
90212,6539
90212,32
90212,410
90212,1265
75652,1198
75652,1240
75652,589
75652,733
75652,3147
75652,780
75652,4963
75652,2001
75652,1917
75652,2006
49210,48516
49210,58559
49210,7445
49210,6188
49210,34162
49210,64614
49210,47644
49210,145
49210,6548
49210,6378
34693,4306
34693,7147
34693,356
34693,2959
34693,3949
34693,4896
34693,2858
34693,2571
34693,2918
34693,588
103396,1270
103396,318
103396,2571
103396,47
103396,2858
103396,4973
103396,4226
103396,593
103396,2997
103396,1206
91075,1036
91075,5445
91075,44191
91075,4306
91075,1270
91075,5989
91075,780
91075,589
91075,54286
91075,733
123494,1210
123494,260
123494,1196
123494,2028
123494,3578
123494,7153
123494,4993
123494,1193
123494,858
123494,5952
90155,4973
90155,4306
90155,356
90155,296
90155,7147
90155,8784
90155,32587
90155,44191
90155,1196
90155,3147
13746,6539
13746,33794
13746,58559
13746,1196
13746,6874
13746,3578
13746,1580
13746,1270
13746,59315
13746,7438
64506,60069
64506,7361
64506,1196
64506,70286
64506,2959
64506,58559
64506,64839
64506,2571
64506,60684
64506,4226
55988,4226
55988,7361
55988,58559
55988,3949
55988,33166
55988,48394
55988,8950
55988,55290
55988,2572
55988,60069
57199,48997
57199,555
57199,4975
57199,46578
57199,70286
57199,3578
57199,81591
57199,91658
57199,7445
57199,1061
138165,40815
138165,6377
138165,54001
138165,4896
138165,91500
138165,4306
138165,60069
138165,81847
138165,58559
138165,6539
133062,1721
133062,1240
133062,858
133062,2791
133062,1208
133062,1358
133062,1036
133062,1097
133062,1221
133062,3101
41305,91500
41305,88405
41305,91653
41305,97921
41305,69406
41305,87869
41305,89864
41305,80860
41305,63082
41305,4018
33068,4993
33068,1527
33068,1198
33068,1200
33068,1214
33068,2916
33068,7153
33068,541
33068,1291
33068,1270
95436,1073
95436,6377
95436,2762
95436,527
95436,2396
95436,480
95436,4963
95436,3147
95436,587
95436,3948
82279,4306
82279,1198
82279,950
82279,953
82279,951
82279,2565
82279,954
82279,3088
82279,920
82279,595
49968,79132
49968,356
49968,46578
49968,63082
49968,7669
49968,2396
49968,261
49968,58559
49968,8970
49968,7147
18676,356
18676,377
18676,3623
18676,1485
18676,1608
18676,2671
18676,2353
18676,1580
18676,597
18676,1917
130362,608
130362,593
130362,68157
130362,1193
130362,58559
130362,48780
130362,527
130362,356
130362,2692
130362,750
21890,750
21890,2329
21890,1089
21890,4226
21890,318
21890,1193
21890,1222
21890,1197
21890,4973
21890,1206
51344,1210
51344,541
51344,1208
51344,593
51344,1214
51344,1233
51344,1225
51344,2571
51344,296
51344,50
49520,1221
49520,527
49520,296
49520,7926
49520,930
49520,3089
49520,926
49520,908
49520,913
49520,923
25466,2959
25466,2762
25466,2571
25466,5952
25466,7153
25466,356
25466,318
25466,4993
25466,4878
25466,8464
48914,2918
48914,5349
48914,589
48914,150
48914,4306
48914,50
48914,2406
48914,588
48914,6333
48914,8636
113708,318
113708,5952
113708,4993
113708,356
113708,7153
113708,4995
113708,7143
113708,110
113708,5989
113708,4226
96131,3793
96131,924
96131,858
96131,48516
96131,1206
96131,356
96131,2987
96131,1208
96131,1219
96131,923
68272,6874
68272,32587
68272,296
68272,7438
68272,33794
68272,5618
68272,34405
68272,293
68272,1089
68272,4878
3858,1343
3858,1252
3858,2858
3858,3741
3858,1464
3858,3504
3858,6001
3858,235
3858,8622
3858,2360
65874,110127
65874,103249
65874,73321
65874,106002
65874,63072
65874,49530
65874,74458
65874,96610
65874,104879
65874,56174
103809,527
103809,110
103809,33794
103809,588
103809,4963
103809,4973
103809,8961
103809,7438
103809,6539
103809,2716
8791,58559
8791,4878
8791,318
8791,33794
8791,4993
8791,7153
8791,1136
8791,47
8791,5989
8791,356
131711,59315
131711,33794
131711,4226
131711,7438
131711,51255
131711,1089
131711,74458
131711,54999
131711,58295
131711,52281
104536,1258
104536,50
104536,32587
104536,3578
104536,2028
104536,480
104536,7361
104536,5418
104536,2542
104536,8874
105549,296
105549,1197
105549,2571
105549,1246
105549,2858
105549,3114
105549,1
105549,2959
105549,3897
105549,110
29199,59315
29199,5952
29199,4993
29199,7153
29199,34162
29199,2502
29199,8961
29199,6539
29199,3421
29199,68157
134859,4306
134859,1206
134859,8961
134859,1198
134859,7147
134859,1221
134859,551
134859,6870
134859,6539
134859,1199
131030,2571
131030,2959
131030,5952
131030,4306
131030,318
131030,6377
131030,2858
131030,736
131030,1441
131030,296
69672,48082
69672,6370
69672,68954
69672,27815
69672,63082
69672,60950
69672,60069
69672,44694
69672,2692
69672,34198
59807,2571
59807,4370
59807,2762
59807,1527
59807,33794
59807,2174
59807,7153
59807,2858
59807,2959
59807,356
45415,527
45415,593
45415,2959
45415,6377
45415,1721
45415,2571
45415,1580
45415,4886
45415,3793
45415,1265
54407,4963
54407,4886
54407,6377
54407,2762
54407,260
54407,1291
54407,1580
54407,8961
54407,3793
54407,1777
44232,145
44232,356
44232,648
44232,3578
44232,5445
44232,3717
44232,589
44232,4901
44232,6059
44232,318
88742,2959
88742,53996
88742,356
88742,1198
88742,480
88742,69526
88742,6754
88742,68319
88742,73017
88742,780
16126,8949
16126,994
16126,7023
16126,800
16126,7361
16126,2289
16126,3424
16126,1245
16126,6711
16126,1244
28171,903
28171,4993
28171,912
28171,1203
28171,541
28171,913
28171,2571
28171,4226
28171,954
28171,60069
58201,2716
58201,318
58201,1210
58201,50
58201,2959
58201,34405
58201,3147
58201,2194
58201,5903
58201,1275
61535,1198
61535,2959
61535,2571
61535,1210
61535,260
61535,4993
61535,1270
61535,480
61535,7153
61535,2012
123378,1270
123378,32587
123378,1246
123378,4995
123378,33794
123378,35836
123378,7153
123378,595
123378,4993
123378,5299
12968,4011
12968,1208
12968,2858
12968,106782
12968,3462
12968,5995
12968,912
12968,2762
12968,64614
12968,293
62550,2085
62550,7153
62550,5952
62550,2090
62550,8961
62550,3114
62550,2087
62550,50872
62550,709
62550,616
2361,593
2361,597
2361,150
2361,1961
2361,356
2361,380
2361,527
2361,1721
2361,587
2361,2571
96132,2313
96132,2076
96132,48394
96132,1201
96132,8950
96132,105844
96132,106782
96132,1136
96132,1237
96132,1219
42304,318
42304,2329
42304,2858
42304,296
42304,7438
42304,356
42304,1625
42304,2028
42304,5445
42304,1704
60697,2959
60697,1232
60697,750
60697,2731
60697,924
60697,1230
60697,2858
60697,1244
60697,7938
60697,7939
134166,1208
134166,1136
134166,1213
134166,1222
134166,356
134166,1089
134166,4995
134166,111
134166,48516
134166,1265
129607,7173
129607,30825
129607,595
129607,1097
129607,4720
129607,4306
129607,364
129607,6377
129607,7046
129607,7149
9116,56174
9116,49272
9116,59315
9116,33794
9116,48385
9116,33493
9116,34162
9116,34048
9116,44195
9116,52973
127063,80463
127063,2502
127063,1259
127063,54503
127063,1682
127063,1968
127063,1197
127063,150
127063,3897
127063,1258
103856,47610
103856,30793
103856,35836
103856,37729
103856,41285
103856,43560
103856,39183
103856,45431
103856,48516
103856,48780
70936,40583
70936,55118
70936,6852
70936,44555
70936,82459
70936,48774
70936,55820
70936,55276
70936,8772
70936,48780
34837,3418
34837,318
34837,1333
34837,608
34837,1219
34837,3499
34837,356
34837,4973
34837,2762
34837,1206
93473,7451
93473,4025
93473,3578
93473,3753
93473,6378
93473,4306
93473,4993
93473,6377
93473,8360
93473,4886
24559,110
24559,3578
24559,5971
24559,1270
24559,318
24559,31658
24559,165
24559,1036
24559,597
24559,380
9666,969
9666,1208
9666,7153
9666,5952
9666,68358
9666,608
9666,750
9666,1278
9666,3421
9666,110
123485,37741
123485,33639
123485,35836
123485,39183
123485,8530
123485,27878
123485,40629
123485,36517
123485,30749
123485,8982
71465,1136
71465,296
71465,260
71465,1196
71465,2858
71465,2959
71465,8961
71465,593
71465,1197
71465,2762
99734,912
99734,296
99734,3105
99734,1625
99734,904
99734,431
99734,1617
99734,64957
99734,1209
99734,95167
7736,2762
7736,480
7736,3578
7736,356
7736,2858
7736,6874
7736,4995
7736,56367
7736,1213
7736,4226
40381,68157
40381,110
40381,50
40381,68954
40381,318
40381,2762
40381,5445
40381,47
40381,1291
40381,3793
8709,1198
8709,1291
8709,364
8709,4886
8709,4306
8709,5952
8709,2571
8709,2716
8709,3114
8709,595
81588,527
81588,858
81588,7143
81588,318
81588,2959
81588,1221
81588,1090
81588,1196
81588,4262
81588,4223
121130,3147
121130,6539
121130,1270
121130,32
121130,4995
121130,6377
121130,318
121130,1917
121130,2012
121130,4975
137120,2329
137120,2762
137120,318
137120,6874
137120,79132
137120,7153
137120,4993
137120,1580
137120,344
137120,5952
4952,1092
4952,6711
4952,593
4952,1258
4952,1968
4952,3476
4952,3791
4952,1997
4952,1120
4952,32
65422,72998
65422,70286
65422,74458
65422,260
65422,1210
65422,50
65422,780
65422,3578
65422,3147
65422,1089
123931,1198
123931,1196
123931,260
123931,33794
123931,1291
123931,1580
123931,2355
123931,2
123931,3147
123931,5989
51059,1225
51059,4226
51059,904
51059,1203
51059,6787
51059,8228
51059,1267
51059,593
51059,4034
51059,913
48492,2571
48492,2858
48492,750
48492,7153
48492,1198
48492,260
48492,6350
48492,31658
48492,527
48492,593
96441,74458
96441,72998
96441,51255
96441,49272
96441,64614
96441,44665
96441,34437
96441,54272
96441,54503
96441,69122
21682,7153
21682,5952
21682,89745
21682,65514
21682,68358
21682,33794
21682,3793
21682,356
21682,87232
21682,4993
80513,5418
80513,73017
80513,1527
80513,44191
80513,780
80513,70286
80513,8665
80513,54286
80513,60684
80513,6333
75823,5952
75823,4993
75823,356
75823,1196
75823,2959
75823,10
75823,32
75823,47
75823,780
75823,1270
103565,733
103565,780
103565,2959
103565,260
103565,59369
103565,6874
103565,33794
103565,7438
103565,49272
103565,51935
73497,31878
73497,480
73497,5418
73497,1210
73497,4963
73497,260
73497,2329
73497,1527
73497,1036
73497,5618
111559,8961
111559,595
111559,3578
111559,4878
111559,593
111559,46578
111559,1270
111559,4014
111559,527
111559,5995
102559,1219
102559,3578
102559,1240
102559,110
102559,2028
102559,2762
102559,2329
102559,4973
102559,590
102559,32
119734,44191
119734,58559
119734,44195
119734,34162
119734,35836
119734,63082
119734,55820
119734,49272
119734,47999
119734,37741
72113,4226
72113,79132
72113,3578
72113,318
72113,2571
72113,54286
72113,5903
72113,32
72113,1527
72113,72998
10140,1210
10140,1196
10140,260
10140,858
10140,4878
10140,55820
10140,2762
10140,2329
10140,2502
10140,4011
83680,56367
83680,106100
83680,106487
83680,106918
83680,95088
83680,2918
83680,593
83680,2959
83680,318
83680,91500
88739,49272
88739,318
88739,356
88739,2858
88739,1240
88739,1732
88739,296
88739,2997
88739,111
88739,7361
1714,1089
1714,27831
1714,44191
1714,49272
1714,318
1714,55765
1714,47
1714,58295
1714,1222
1714,5989
127967,1704
127967,2762
127967,6377
127967,527
127967,8970
127967,590
127967,4886
127967,1246
127967,4995
127967,30749
121116,296
121116,4306
121116,1136
121116,7153
121116,68954
121116,4896
121116,8368
121116,4886
121116,8961
121116,5816
60267,8973
60267,3556
60267,4021
60267,3910
60267,4878
60267,3949
60267,8951
60267,2908
60267,778
60267,7361
4562,1196
4562,1197
4562,60069
4562,110
4562,4886
4562,6377
4562,8961
4562,2529
4562,924
4562,736
44274,4878
44274,4973
44274,7361
44274,2572
44274,7147
44274,5991
44274,46578
44274,7451
44274,4979
44274,1197
111640,2858
111640,81845
111640,1035
111640,916
111640,40629
111640,81834
111640,50872
111640,64957
111640,2959
111640,63082
7182,2762
7182,6377
7182,2571
7182,4306
7182,7361
7182,5218
7182,318
7182,1580
7182,1
7182,4993
7440,593
7440,6058
7440,2107
7440,5980
7440,3355
7440,5833
7440,34143
7440,4720
7440,4533
7440,4105
10815,2028
10815,6539
10815,356
10815,260
10815,5418
10815,68358
10815,60069
10815,590
10815,1527
10815,4963
9963,608
9963,50
9963,2959
9963,4262
9963,2502
9963,1221
9963,1136
9963,223
9963,1288
9963,293
74285,5989
74285,1089
74285,2762
74285,1580
74285,165
74285,4011
74285,2628
74285,1527
74285,733
74285,7438
70051,5952
70051,3578
70051,2571
70051,318
70051,2959
70051,4993
70051,1732
70051,8784
70051,6188
70051,1198
74483,457
74483,5378
74483,54001
74483,1721
74483,59315
74483,5445
74483,318
74483,2355
74483,53996
74483,60069
80617,72998
80617,1210
80617,60069
80617,7153
80617,59315
80617,68358
80617,318
80617,34405
80617,1
80617,4306
132919,6218
132919,4246
132919,7153
132919,6155
132919,3984
132919,8368
132919,8961
132919,3635
132919,5816
132919,30793
43702,32
43702,4973
43702,1208
43702,2959
43702,2010
43702,27266
43702,1214
43702,741
43702,296
43702,3089
45978,4361
45978,3471
45978,3100
45978,3363
45978,3421
45978,852
45978,2067
45978,5991
45978,1225
45978,4447
129418,293
129418,1653
129418,316
129418,924
129418,778
129418,750
129418,3527
129418,1676
129418,318
129418,6303
132214,318
132214,4973
132214,56367
132214,48516
132214,3949
132214,296
132214,46976
132214,55247
132214,3897
132214,2329
46392,589
46392,593
46392,1961
46392,1240
46392,1201
46392,2571
46392,541
46392,1222
46392,1214
46392,56782
121894,37741
121894,39292
121894,41569
121894,34405
121894,41716
121894,36517
121894,38886
121894,31878
121894,44761
121894,33660
20912,32587
20912,47
20912,32
20912,4878
20912,7153
20912,5952
20912,318
20912,50
20912,1
20912,33794
46376,3740
46376,2000
46376,1036
46376,541
46376,3527
46376,1210
46376,589
46376,1240
46376,1129
46376,2916
50064,50872
50064,96610
50064,7361
50064,85414
50064,98961
50064,6
50064,5418
50064,91630
50064,96079
50064,91658
48806,1207
48806,916
48806,1957
48806,150
48806,3088
48806,911
48806,1962
48806,318
48806,107141
48806,1272
92765,3000
92765,5971
92765,6350
92765,7099
92765,6807
92765,1274
92765,2140
92765,1967
92765,741
92765,40815
26042,6874
26042,48516
26042,2858
26042,1089
26042,2329
26042,2959
26042,4011
26042,1036
26042,4226
26042,8360
96337,480
96337,50
96337,356
96337,3578
96337,1214
96337,110
96337,1210
96337,51662
96337,1527
96337,1036
90695,110
90695,4993
90695,79132
90695,1196
90695,260
90695,49272
90695,2028
90695,588
90695,296
90695,1210
125060,296
125060,6016
125060,4226
125060,6711
125060,4878
125060,32
125060,46578
125060,1206
125060,56367
125060,1653
41896,593
41896,5952
41896,1291
41896,2028
41896,4993
41896,59315
41896,48780
41896,4011
41896,2329
41896,48516
45278,48394
45278,2571
45278,8368
45278,2291
45278,253
45278,2858
45278,356
45278,5816
45278,56757
45278,40815
83313,2959
83313,673
83313,367
83313,3114
83313,1517
83313,51662
83313,3253
83313,2571
83313,48385
83313,239
137251,1240
137251,2959
137251,318
137251,50
137251,4226
137251,1198
137251,32
137251,2858
137251,1196
137251,47
31712,59369
31712,96610
31712,48516
31712,68157
31712,4262
31712,91529
31712,2502
31712,52281
31712,54286
31712,1222
38108,364
38108,5952
38108,4025
38108,520
38108,45722
38108,356
38108,47382
38108,2125
38108,1721
38108,6377
422,1210
422,8644
422,4306
422,480
422,3793
422,260
422,6333
422,2916
422,1676
422,1275
103676,231
103676,145
103676,1923
103676,1036
103676,1517
103676,5445
103676,1608
103676,3717
103676,2683
103676,47
40651,3996
40651,2948
40651,2949
40651,3793
40651,480
40651,2944
40651,165
40651,356
40651,1262
40651,2115
72855,110
72855,33794
72855,50
72855,260
72855,480
72855,8665
72855,648
72855,47
72855,4306
72855,2762
111477,780
111477,48516
111477,2858
111477,48780
111477,1
111477,1270
111477,293
111477,55820
111477,33794
111477,4306
42336,50
42336,2858
42336,4963
42336,593
42336,1198
42336,296
42336,2762
42336,4995
42336,44191
42336,2028
53523,318
53523,49272
53523,3578
53523,4993
53523,5903
53523,6378
53523,51662
53523,2959
53523,102445
53523,96079
80827,68954
80827,46578
80827,1
80827,1197
80827,56367
80827,7293
80827,356
80827,4973
80827,5377
80827,318
127842,5378
127842,69844
127842,56174
127842,8985
127842,77561
127842,59315
127842,33493
127842,72998
127842,6934
127842,66171
84177,858
84177,2571
84177,50
84177,49272
84177,33794
84177,318
84177,2858
84177,1198
84177,527
84177,308
82101,318
82101,47
82101,3210
82101,1258
82101,1358
82101,608
82101,32
82101,1387
82101,2391
82101,1265
8774,1196
8774,1210
8774,260
8774,8337
8774,923
8774,6448
8774,590
8774,6808
8774,10
8774,1252
17560,1197
17560,32
17560,48516
17560,48780
17560,2858
17560,7361
17560,4993
17560,1704
17560,2918
17560,858
18323,1265
18323,3578
18323,46578
18323,457
18323,4878
18323,1208
18323,1213
18323,1221
18323,111
18323,1089
71640,318
71640,60684
71640,31696
71640,5418
71640,47610
71640,4878
71640,70286
71640,3300
71640,5952
71640,7153
107756,457
107756,6539
107756,344
107756,2997
107756,586
107756,6377
107756,79132
107756,364
107756,60069
107756,8961
46736,47
46736,1196
46736,2959
46736,2571
46736,1291
46736,3996
46736,318
46736,527
46736,49272
46736,1089
105184,32
105184,480
105184,858
105184,5349
105184,318
105184,150
105184,7153
105184,3996
105184,1610
105184,316
1890,3949
1890,4011
1890,1732
1890,4226
1890,2395
1890,608
1890,7147
1890,356
1890,6711
1890,7153
126188,45517
126188,1036
126188,7153
126188,73017
126188,592
126188,356
126188,5349
126188,1197
126188,594
126188,3793
69789,3578
69789,2959
69789,4011
69789,3147
69789,110
69789,593
69789,778
69789,1222
69789,7153
69789,293
13383,8961
13383,32587
13383,33493
13383,44199
13383,8464
13383,39292
13383,541
13383,1214
13383,45499
13383,40815
127575,541
127575,858
127575,904
127575,1197
127575,1221
127575,1258
127575,2028
127575,480
127575,1136
127575,903
94217,48516
94217,44191
94217,56367
94217,68157
94217,48774
94217,2959
94217,6502
94217,318
94217,33166
94217,47
69562,7361
69562,2329
69562,6016
69562,293
69562,73344
69562,4878
69562,2858
69562,4973
69562,6890
69562,47
16509,4886
16509,2012
16509,1080
16509,2987
16509,1
16509,592
16509,1387
16509,2617
16509,3081
16509,595
64559,8981
64559,8784
64559,39183
64559,30822
64559,33166
64559,41566
64559,8949
64559,31685
64559,27808
64559,49272
104833,111
104833,70286
104833,2028
104833,80219
104833,72489
104833,31878
104833,1573
104833,2291
104833,72998
104833,1090
9032,38038
9032,8874
9032,48774
9032,38061
9032,6807
9032,1201
9032,48516
9032,54286
9032,48780
9032,6502
113145,63082
113145,4963
113145,296
113145,77455
113145,6016
113145,3897
113145,68157
113145,2571
113145,44195
113145,57669
89217,3578
89217,55820
89217,3639
89217,1682
89217,1466
89217,6
89217,6870
89217,3949
89217,1206
89217,3147
136584,6377
136584,5418
136584,6539
136584,6874
136584,2858
136584,5349
136584,3793
136584,1527
136584,1221
136584,33166
112290,318
112290,59315
112290,7438
112290,60684
112290,541
112290,858
112290,1214
112290,1291
112290,1200
112290,54997
84247,912
84247,1580
84247,1704
84247,920
84247,1291
84247,1198
84247,1304
84247,457
84247,1610
84247,3147
2586,79132
2586,5952
2586,7153
2586,4993
2586,32
2586,318
2586,1265
2586,2858
2586,296
2586,150
34717,356
34717,6377
34717,593
34717,2918
34717,588
34717,1073
34717,2291
34717,4878
34717,2858
34717,7451
15959,7361
15959,46578
15959,56367
15959,5952
15959,58559
15959,52973
15959,8970
15959,5377
15959,26662
15959,40815
48984,7361
48984,47099
48984,7254
48984,2858
48984,4022
48984,49278
48984,5989
48984,2058
48984,2959
48984,480
13574,2959
13574,2858
13574,4226
13574,4995
13574,4973
13574,2762
13574,32
13574,296
13574,44191
13574,364
47429,3578
47429,733
47429,1748
47429,3175
47429,1370
47429,293
47429,2001
47429,95
47429,1136
47429,4327
72529,593
72529,296
72529,589
72529,260
72529,1196
72529,4306
72529,3578
72529,2028
72529,356
72529,1968
114657,79702
114657,68954
114657,5952
114657,6539
114657,1270
114657,5816
114657,59315
114657,480
114657,2571
114657,60069
35631,73017
35631,80549
35631,76251
35631,1197
35631,7451
35631,4246
35631,30793
35631,5618
35631,69844
35631,1
49978,4993
49978,4226
49978,150
49978,2858
49978,3578
49978,2762
49978,7153
49978,858
49978,5952
49978,1197
126688,68358
126688,112852
126688,55820
126688,1200
126688,102125
126688,50
126688,34405
126688,3578
126688,60069
126688,103042
66090,79132
66090,608
66090,7361
66090,912
66090,296
66090,1136
66090,356
66090,2762
66090,1208
66090,2324
19506,367
19506,79132
19506,6377
19506,6539
19506,60069
19506,260
19506,588
19506,1198
19506,2355
19506,68954
110557,356
110557,6539
110557,4226
110557,1527
110557,1214
110557,2762
110557,3996
110557,50
110557,47
110557,1136
5832,39292
5832,97304
5832,89904
5832,55276
5832,60069
5832,98154
5832,48516
5832,79132
5832,63082
5832,78499
112923,457
112923,1193
112923,1234
112923,81845
112923,1247
112923,2352
112923,4361
112923,912
112923,1955
112923,1230
35170,71500
35170,735
35170,74228
35170,33683
35170,43832
35170,85412
35170,7951
35170,44828
35170,3727
35170,6140
130545,1291
130545,4995
130545,2762
130545,231
130545,1213
130545,589
130545,1265
130545,1961
130545,1
130545,4993
110535,68157
110535,1222
110535,593
110535,318
110535,296
110535,858
110535,7361
110535,1206
110535,2858
110535,293
119791,2329
119791,44199
119791,4007
119791,1748
119791,39292
119791,858
119791,3006
119791,48774
119791,1221
119791,4262
78599,48516
78599,55820
78599,27773
78599,32587
78599,7438
78599,8798
78599,55765
78599,5669
78599,49530
78599,6874
103965,7153
103965,2858
103965,47
103965,480
103965,3578
103965,1580
103965,2329
103965,5952
103965,1136
103965,2628
55419,1198
55419,1
55419,56367
55419,8665
55419,2959
55419,1923
55419,5418
55419,4886
55419,1580
55419,7153
103883,2571
103883,1089
103883,1213
103883,48516
103883,2959
103883,296
103883,593
103883,58559
103883,1221
103883,2028
137758,79132
137758,4995
137758,1721
137758,8981
137758,4306
137758,2959
137758,45668
137758,2762
137758,69757
137758,3147
43468,2959
43468,1200
43468,1206
43468,3527
43468,296
43468,32
43468,260
43468,1196
43468,1199
43468,593
131854,48516
131854,1704
131854,1197
131854,3578
131854,593
131854,648
131854,588
131854,4963
131854,5418
131854,733
100081,110
100081,1291
100081,1101
100081,1721
100081,3623
100081,858
100081,2006
100081,1210
100081,4963
100081,72998
21007,1089
21007,7153
21007,318
21007,4993
21007,32587
21007,110
21007,4011
21007,2502
21007,5952
21007,1197
100889,88125
100889,356
100889,58559
100889,5952
100889,1580
100889,1270
100889,54001
100889,79132
100889,73017
100889,78499
105707,48780
105707,50872
105707,59315
105707,1748
105707,32
105707,1196
105707,1210
105707,5349
105707,1265
105707,68358
88247,4027
88247,2918
88247,1206
88247,6377
88247,1258
88247,4226
88247,5618
88247,2692
88247,5225
88247,4034
96612,293
96612,480
96612,1198
96612,253
96612,296
96612,316
96612,2028
96612,2710
96612,2716
96612,2700
113995,919
113995,553
113995,1220
113995,2617
113995,377
113995,733
113995,780
113995,5445
113995,1573
113995,150
100992,3751
100992,3911
100992,1242
100992,21
100992,1250
100992,3114
100992,1276
100992,39183
100992,1095
100992,1333
4652,1198
4652,5952
4652,7361
4652,4993
4652,2329
4652,1089
4652,7153
4652,32587
4652,32
4652,1200
69435,47
69435,318
69435,50
69435,1222
69435,2329
69435,58559
69435,2959
69435,44665
69435,2502
69435,555
79590,2571
79590,1
79590,2762
79590,593
79590,2858
79590,4995
79590,6539
79590,2028
79590,1270
79590,2997
79074,104211
79074,8874
79074,8528
79074,7293
79074,64969
79074,8641
79074,93510
79074,4886
79074,85367
79074,79428
485,2858
485,296
485,50
485,2959
485,7361
485,4963
485,110
485,1080
485,68954
485,68157
132059,6539
132059,4306
132059,1198
132059,2858
132059,858
132059,2329
132059,3996
132059,47
132059,608
132059,6874
129008,55820
129008,68954
129008,33660
129008,89492
129008,30707
129008,35836
129008,54286
129008,30749
129008,52973
129008,60069
14196,480
14196,4776
14196,356
14196,318
14196,1923
14196,2490
14196,8665
14196,104
14196,2231
14196,832
21284,60684
21284,73321
21284,73017
21284,1197
21284,5574
21284,8528
21284,82461
21284,6502
21284,8641
21284,72998
33199,3083
33199,4973
33199,50740
33199,6791
33199,2858
33199,7361
33199,608
33199,2997
33199,6235
33199,39292
123733,1136
123733,356
123733,2571
123733,1197
123733,8961
123733,4306
123733,3114
123733,4963
123733,150
123733,2762
41736,110
41736,7153
41736,2398
41736,356
41736,4993
41736,5952
41736,3114
41736,1198
41736,1291
41736,3916
13604,48774
13604,44191
13604,44195
13604,32587
13604,51255
13604,40819
13604,33166
13604,39292
13604,56782
13604,7361
83381,589
83381,50
83381,780
83381,2959
83381,4886
83381,1682
83381,6377
83381,4963
83381,1265
83381,2716
7818,33794
7818,34162
7818,40819
7818,8784
7818,33166
7818,39183
7818,39292
7818,923
7818,37741
7818,30812
57109,6016
57109,318
57109,2571
57109,47
57109,1136
57109,2502
57109,2329
57109,1206
57109,1258
57109,1732
1786,33493
1786,356
1786,6539
1786,3578
1786,6377
1786,4306
1786,3147
1786,6874
1786,527
1786,1291
94646,1196
94646,260
94646,2028
94646,110
94646,1704
94646,318
94646,1291
94646,1198
94646,68954
94646,527
1254,6539
1254,953
1254,3421
1254,480
1254,4886
1254,33794
1254,6565
1254,1270
1254,1580
1254,4995
114133,48516
114133,32
114133,36529
114133,110
114133,31410
114133,6874
114133,27773
114133,1089
114133,4995
114133,7438
79279,1240
79279,3471
79279,8644
79279,593
79279,2021
79279,2311
79279,7481
79279,356
79279,2117
79279,1
116198,73017
116198,6377
116198,106782
116198,293
116198,68157
116198,106696
116198,2324
116198,78499
116198,97304
116198,48516
132657,356
132657,1961
132657,1291
132657,2115
132657,4973
132657,2028
132657,3147
132657,3751
132657,33493
132657,1246
3411,541
3411,2571
3411,1527
3411,4878
3411,70286
3411,34405
3411,260
3411,1356
3411,1374
3411,2959
125659,72226
125659,86882
125659,38038
125659,55820
125659,56788
125659,8949
125659,63082
125659,89492
125659,45028
125659,34153
3448,527
3448,2571
3448,68157
3448,4262
3448,69481
3448,1193
3448,79132
3448,7153
3448,81932
3448,58559
74108,480
74108,33794
74108,3578
74108,4226
74108,58559
74108,2028
74108,32587
74108,2762
74108,110
74108,32
14462,1270
14462,1198
14462,1704
14462,50
14462,6539
14462,44191
14462,1
14462,6333
14462,40815
14462,49272
46685,296
46685,4878
46685,4973
46685,2329
46685,7361
46685,3949
46685,1193
46685,27773
46685,2571
46685,527
48381,69481
48381,44191
48381,4226
48381,4963
48381,2028
48381,87232
48381,1270
48381,55247
48381,3793
48381,8368
14230,1527
14230,260
14230,858
14230,32
14230,5952
14230,924
14230,1198
14230,1217
14230,60069
14230,1580
95951,593
95951,1265
95951,6979
95951,1376
95951,1653
95951,33493
95951,4963
95951,1676
95951,8874
95951,7373
19833,1196
19833,260
19833,1210
19833,7153
19833,3578
19833,6874
19833,32
19833,58559
19833,1206
19833,1036
60250,2918
60250,318
60250,2571
60250,1961
60250,2997
60250,1265
60250,2762
60250,608
60250,1198
60250,2716
46641,73321
46641,81562
46641,81932
46641,56174
46641,56145
46641,71379
46641,52458
46641,53953
46641,81591
46641,47610
126718,4886
126718,30707
126718,3996
126718,6711
126718,1968
126718,6385
126718,597
126718,68954
126718,3408
126718,342
108967,48516
108967,27831
108967,54286
108967,49272
108967,8949
108967,48394
108967,32587
108967,38061
108967,31878
108967,44761
13134,112852
13134,58559
13134,2959
13134,1197
13134,296
13134,2571
13134,1089
13134,318
13134,1080
13134,8641
12463,110
12463,1266
12463,2918
12463,527
12463,589
12463,1954
12463,480
12463,2716
12463,1387
12463,1265
7162,858
7162,5995
7162,2762
7162,47
7162,5952
7162,3578
7162,4878
7162,32
7162,7147
7162,44191
77319,1343
77319,3101
77319,2858
77319,3893
77319,4465
77319,1092
77319,45
77319,5266
77319,296
77319,318
113242,5989
113242,6539
113242,4973
113242,2571
113242,3578
113242,318
113242,8970
113242,3967
113242,7361
113242,2396
87225,2918
87225,1198
87225,912
87225,924
87225,480
87225,1210
87225,1193
87225,3421
87225,1097
87225,2804
6056,4995
6056,597
6056,2918
6056,1073
6056,1265
6056,17
6056,1
6056,1682
6056,4306
6056,46578
105325,380
105325,110
105325,858
105325,953
105325,1617
105325,527
105325,2321
105325,2150
105325,1240
105325,70
131803,780
131803,364
131803,6539
131803,1210
131803,58559
131803,7153
131803,110
131803,2959
131803,4226
131803,1721
27769,39183
27769,4995
27769,597
27769,40629
27769,500
27769,8961
27769,2396
27769,5989
27769,49530
27769,8970
107493,778
107493,2028
107493,733
107493,2542
107493,1732
107493,4239
107493,858
107493,4448
107493,2231
107493,1246
50563,589
50563,5418
50563,318
50563,2028
50563,480
50563,2959
50563,49272
50563,1198
50563,8665
50563,5010
122640,2571
122640,6016
122640,7022
122640,1036
122640,1240
122640,1198
122640,1274
122640,2019
122640,750
122640,778
35553,750
35553,6711
35553,1208
35553,1198
35553,260
35553,1923
35553,1252
35553,3996
35553,8949
35553,1193
15196,1080
15196,1258
15196,1240
15196,1210
15196,2329
15196,7022
15196,4973
15196,3328
15196,27773
15196,7925
79206,7361
79206,1136
79206,296
79206,6377
79206,4886
79206,33794
79206,1
79206,44191
79206,356
79206,3996
115312,4226
115312,30803
115312,7361
115312,1232
115312,7327
115312,27834
115312,4144
115312,2858
115312,27741
115312,8327
23331,50872
23331,79091
23331,4306
23331,5816
23331,106696
23331,91500
23331,7153
23331,41566
23331,4993
23331,78499
59781,2502
59781,61323
59781,46976
59781,1213
59781,2959
59781,1089
59781,50
59781,7361
59781,2918
59781,318
122624,4973
122624,111
122624,913
122624,55820
122624,1197
122624,1136
122624,1222
122624,4886
122624,1203
122624,1259
83334,1247
83334,778
83334,32
83334,1682
83334,1333
83334,904
83334,910
83334,111
83334,8207
83334,293
115785,1221
115785,608
115785,1193
115785,3469
115785,953
115785,913
115785,6787
115785,1204
115785,910
115785,296
52582,293
52582,2571
52582,2028
52582,55820
52582,30749
52582,50
52582,47
52582,110
52582,4878
52582,356
80406,4973
80406,3996
80406,2959
80406,2571
80406,2502
80406,2762
80406,8949
80406,2918
80406,608
80406,1923
20514,588
20514,6377
20514,4306
20514,39
20514,1197
20514,5299
20514,597
20514,1721
20514,1073
20514,2396
49697,356
49697,7153
49697,5418
49697,1291
49697,1210
49697,1610
49697,1704
49697,30749
49697,54286
49697,590
35664,457
35664,8961
35664,76093
35664,33493
35664,8360
35664,1240
35664,98809
35664,2640
35664,527
35664,592
44788,6639
44788,3088
44788,2728
44788,3362
44788,1931
44788,5008
44788,7728
44788,1950
44788,4190
44788,928
93643,588
93643,1580
93643,4993
93643,4886
93643,8961
93643,318
93643,6874
93643,648
93643,457
93643,593
66086,3683
66086,1252
66086,47
66086,3006
66086,1208
66086,25
66086,4262
66086,4027
66086,2571
66086,6
72778,44191
72778,6874
72778,1682
72778,4011
72778,1089
72778,8784
72778,6953
72778,27727
72778,6291
72778,55820
108165,2396
108165,50872
108165,4995
108165,2324
108165,7361
108165,2858
108165,2959
108165,5995
108165,4226
108165,56367
74703,58559
74703,51662
74703,33794
74703,59315
74703,30707
74703,44191
74703,54286
74703,63082
74703,30812
74703,7438
63024,2959
63024,318
63024,1291
63024,260
63024,49272
63024,480
63024,44191
63024,3578
63024,6874
63024,8360
136297,480
136297,780
136297,1356
136297,356
136297,1036
136297,5445
136297,329
136297,5944
136297,1527
136297,1580
125025,104841
125025,55820
125025,64614
125025,96079
125025,97921
125025,81932
125025,79132
125025,70286
125025,46578
125025,68954
57010,49272
57010,527
57010,5952
57010,4993
57010,7153
57010,2028
57010,356
57010,1221
57010,318
57010,48394
115847,7373
115847,45722
115847,3793
115847,7143
115847,2571
115847,2028
115847,6373
115847,5459
115847,49272
115847,296
55776,56367
55776,3897
55776,8784
55776,2858
55776,7361
55776,69122
55776,2502
55776,441
55776,778
55776,2395
5230,72998
5230,5952
5230,4993
5230,7153
5230,64614
5230,66097
5230,69122
5230,6016
5230,1210
5230,57504
46313,1214
46313,7361
46313,903
46313,6016
46313,318
46313,8949
46313,1258
46313,4973
46313,6440
46313,1200
129744,5618
129744,48394
129744,2028
129744,2959
129744,1198
129744,33794
129744,3275
129744,527
129744,6539
129744,2329
123201,750
123201,4226
123201,79132
123201,1213
123201,589
123201,70286
123201,48780
123201,72011
123201,4993
123201,81591
95948,4306
95948,69844
95948,60684
95948,59369
95948,2268
95948,54997
95948,4019
95948,64614
95948,53996
95948,1270
43853,7361
43853,589
43853,457
43853,1266
43853,2194
43853,1961
43853,1358
43853,1732
43853,4306
43853,5349
129326,593
129326,293
129326,318
129326,2571
129326,7361
129326,1232
129326,48780
129326,778
129326,1237
129326,1213
49083,593
49083,2329
49083,1258
49083,1213
49083,50
49083,33794
49083,6874
49083,3275
49083,3535
49083,1884
132630,1641
132630,2871
132630,608
132630,2944
132630,1222
132630,4262
132630,590
132630,4027
132630,293
132630,1704
99641,2502
99641,79132
99641,58559
99641,2762
99641,356
99641,1704
99641,364
99641,4306
99641,2329
99641,7361
96797,1721
96797,1210
96797,4306
96797,1136
96797,1527
96797,1584
96797,2716
96797,1200
96797,33493
96797,589
121857,2028
121857,2762
121857,356
121857,54286
121857,59315
121857,33794
121857,32
121857,150
121857,27611
121857,4963
13817,2916
13817,736
13817,1270
13817,4886
13817,3147
13817,5816
13817,590
13817,4022
13817,6377
13817,1097
79812,33493
79812,8368
79812,76093
79812,5882
79812,2355
79812,6934
79812,52722
79812,5944
79812,1907
79812,54259
34200,1214
34200,2959
34200,5952
34200,4993
34200,1270
34200,1240
34200,1210
34200,527
34200,2858
34200,4226
78537,8169
78537,1073
78537,593
78537,1580
78537,2193
78537,1527
78537,4039
78537,1265
78537,1136
78537,4973
73188,80463
73188,318
73188,68157
73188,2959
73188,50
73188,47
73188,87232
73188,27773
73188,64614
73188,858
18164,49530
18164,2959
18164,2571
18164,4963
18164,63082
18164,69122
18164,50872
18164,364
18164,48516
18164,5989
133201,356
133201,7361
133201,63082
133201,4973
133201,7147
133201,68157
133201,60950
133201,296
133201,2959
133201,1246
98329,5952
98329,4993
98329,8961
98329,7153
98329,260
98329,356
98329,480
98329,2762
98329,344
98329,4963
70753,1198
70753,1291
70753,1200
70753,356
70753,2028
70753,1580
70753,7438
70753,6874
70753,293
70753,1222
28456,3077
28456,7566
28456,3067
28456,1235
28456,562
28456,38188
28456,1897
28456,2599
28456,4979
28456,39183
100444,54286
100444,33794
100444,296
100444,48516
100444,1732
100444,4878
100444,55820
100444,59315
100444,3275
100444,48774
26138,73017
26138,54001
26138,35836
26138,71535
26138,51662
26138,69844
26138,91500
26138,46970
26138,96610
26138,55765
109501,165
109501,1136
109501,593
109501,110
109501,1197
109501,318
109501,457
109501,356
109501,296
109501,349
4855,1089
4855,296
4855,2571
4855,8917
4855,2683
4855,2997
4855,1517
4855,1262
4855,912
4855,1247
70882,111
70882,2959
70882,2858
70882,55820
70882,3681
70882,1089
70882,750
70882,527
70882,356
70882,6016
125936,296
125936,4973
125936,2692
125936,32
125936,2997
125936,593
125936,2858
125936,1080
125936,1136
125936,2716
102,2858
102,7153
102,50
102,7361
102,1197
102,58559
102,356
102,1198
102,5952
102,2918
103485,6539
103485,4973
103485,5816
103485,58559
103485,4993
103485,527
103485,7153
103485,4995
103485,5991
103485,47
21729,7254
21729,356
21729,2762
21729,5952
21729,4993
21729,7153
21729,6934
21729,58559
21729,5445
21729,4995
17831,150
17831,6377
17831,364
17831,2329
17831,50
17831,32
17831,51662
17831,1
17831,1270
17831,2028
127901,318
127901,4343
127901,8644
127901,8917
127901,3752
127901,4995
127901,2918
127901,231
127901,344
127901,3624
123692,47
123692,318
123692,2329
123692,6016
123692,5445
123692,49272
123692,5989
123692,4226
123692,110
123692,2028
59253,3578
59253,2858
59253,2959
59253,1240
59253,6787
59253,48516
59253,1953
59253,1961
59253,1214
59253,1270
66736,1500
66736,6377
66736,6565
66736,3505
66736,1961
66736,150
66736,1784
66736,4886
66736,969
66736,593
27752,5952
27752,2959
27752,44555
27752,110
27752,1210
27752,79132
27752,1704
27752,318
27752,2997
27752,55820
40002,73017
40002,91658
40002,2959
40002,49272
40002,5989
40002,69122
40002,72011
40002,2858
40002,8961
40002,78499
18341,2959
18341,1
18341,1265
18341,32
18341,1206
18341,4027
18341,4226
18341,2174
18341,4973
18341,589
18543,31696
18543,353
18543,6707
18543,6333
18543,53000
18543,3793
18543,56801
18543,39446
18543,1999
18543,2762
56738,5952
56738,7153
56738,1210
56738,2987
56738,31658
56738,2716
56738,8961
56738,5690
56738,296
56738,5445
32132,6365
32132,4963
32132,2571
32132,33794
32132,7438
32132,59315
32132,6377
32132,8644
32132,54286
32132,4306
83542,2115
83542,2028
83542,1136
83542,3578
83542,3996
83542,1320
83542,5349
83542,527
83542,1080
83542,2858
88397,1193
88397,4848
88397,1464
88397,1222
88397,94959
88397,95088
88397,1921
88397,1214
88397,70728
88397,67255
91021,110
91021,33794
91021,69844
91021,81845
91021,356
91021,5418
91021,49272
91021,49530
91021,2571
91021,63082
15623,593
15623,2858
15623,356
15623,4226
15623,527
15623,63082
15623,50
15623,4995
15623,5995
15623,2762
42582,5952
42582,7153
42582,4993
42582,4306
42582,2918
42582,39
42582,2762
42582,595
42582,60069
42582,6539
60479,588
60479,4886
60479,1907
60479,8636
60479,40815
60479,27706
60479,8644
60479,595
60479,41566
60479,4246
367,1089
367,318
367,110
367,32
367,1527
367,2194
367,2490
367,5026
367,5010
367,53972
36302,2918
36302,2424
36302,4018
36302,1393
36302,2144
36302,7173
36302,1777
36302,34162
36302,1704
36302,69406
107457,2959
107457,51255
107457,8874
107457,4979
107457,2657
107457,44195
107457,55269
107457,52973
107457,4878
107457,8784
16262,1196
16262,110
16262,318
16262,2959
16262,6539
16262,296
16262,1036
16262,91542
16262,1210
16262,260
32232,541
32232,1089
32232,318
32232,32587
32232,47
32232,593
32232,1214
32232,1213
32232,54286
32232,8961
95474,318
95474,1214
95474,293
95474,2959
95474,1193
95474,3476
95474,1344
95474,2858
95474,2542
95474,1245
125330,3897
125330,8784
125330,4973
125330,2329
125330,3556
125330,77455
125330,3160
125330,79132
125330,6874
125330,5673
78803,45950
78803,527
78803,2324
78803,1
78803,30707
78803,39292
78803,33639
78803,1197
78803,5446
78803,318
124313,6377
124313,47
124313,4973
124313,380
124313,1580
124313,1240
124313,48516
124313,592
124313,3578
124313,377
117344,7153
117344,4993
117344,1089
117344,55820
117344,32
117344,592
117344,1198
117344,58559
117344,5952
117344,32587
97207,3793
97207,8961
97207,7153
97207,8636
97207,5418
97207,5952
97207,4993
97207,3977
97207,40815
97207,5872
36334,1196
36334,40815
36334,2571
36334,1148
36334,8961
36334,1210
36334,72998
36334,6333
36334,44191
36334,49272
98999,35836
98999,60069
98999,68954
98999,34162
98999,78499
98999,8949
98999,30822
98999,34072
98999,69757
98999,50685
106302,39183
106302,48774
106302,40583
106302,33166
106302,27266
106302,27722
106302,45950
106302,48516
106302,37733
106302,36517
84476,48082
84476,77455
84476,8042
84476,36276
84476,4914
84476,38886
84476,34437
84476,112290
84476,61240
84476,69134
33079,4226
33079,593
33079,3000
33079,741
33079,296
33079,47
33079,99114
33079,7153
33079,4973
33079,6016
20845,3703
20845,3676
20845,1215
20845,4437
20845,8874
20845,2118
20845,1967
20845,3727
20845,8501
20845,3262
134567,54272
134567,4855
134567,60487
134567,3168
134567,3508
134567,8340
134567,1051
134567,3384
134567,45517
134567,68358
135556,780
135556,1291
135556,589
135556,5445
135556,1214
135556,91529
135556,89745
135556,150
135556,50
135556,47
56006,4226
56006,44199
56006,48516
56006,41997
56006,590
56006,1262
56006,2000
56006,1682
56006,2858
56006,3702
49510,4896
49510,1196
49510,1210
49510,551
49510,3081
49510,260
49510,8874
49510,48394
49510,4878
49510,37857
89232,2858
89232,47
89232,253
89232,180
89232,2918
89232,7361
89232,1285
89232,318
89232,2502
89232,2321
37705,588
37705,595
37705,919
37705,2
37705,586
37705,6539
37705,50872
37705,480
37705,8360
37705,594
98186,7153
98186,47
98186,356
98186,4226
98186,7438
98186,1968
98186,2791
98186,6377
98186,7147
98186,6711
75847,608
75847,296
75847,50
75847,2858
75847,10
75847,356
75847,2947
75847,2571
75847,1288
75847,1270
33175,4973
33175,2858
33175,2571
33175,32
33175,7323
33175,2997
33175,47
33175,1193
33175,6711
33175,1214
109312,7153
109312,541
109312,608
109312,32
109312,1258
109312,7438
109312,1089
109312,1673
109312,1198
109312,223
18735,4226
18735,316
18735,2916
18735,47
18735,2985
18735,44191
18735,5418
18735,1258
18735,1917
18735,6377
59964,480
59964,2571
59964,4896
59964,356
59964,1580
59964,1073
59964,1968
59964,318
59964,2502
59964,7153
13940,30749
13940,1721
13940,5995
13940,4995
13940,4306
13940,6942
13940,5989
13940,2324
13940,40629
13940,49530
42426,4816
42426,69122
42426,99114
42426,79132
42426,68157
42426,8528
42426,30825
42426,8376
42426,7254
42426,7438
101921,377
101921,53972
101921,26688
101921,2353
101921,1240
101921,7017
101921,91630
101921,2411
101921,91485
101921,79695
46999,8337
46999,3468
46999,593
46999,1193
46999,1234
46999,1266
46999,33660
46999,1304
46999,6787
46999,1242
101748,76093
101748,4886
101748,318
101748,89745
101748,6377
101748,527
101748,8368
101748,2959
101748,1
101748,4306
46240,1291
46240,3578
46240,5952
46240,648
46240,4993
46240,1580
46240,2959
46240,260
46240,780
46240,6377
46125,6874
46125,2959
46125,44191
46125,5952
46125,4993
46125,46723
46125,7153
46125,4720
46125,50872
46125,99114
43315,480
43315,1580
43315,733
43315,2571
43315,1722
43315,1270
43315,648
43315,5349
43315,110
43315,1517
13866,2598
13866,3148
13866,4041
13866,30707
13866,8784
13866,4103
13866,2841
13866,4326
13866,1266
13866,1674
117313,4973
117313,2918
117313,3786
117313,4226
117313,7451
117313,44195
117313,39183
117313,2571
117313,6942
117313,8981
30976,1193
30976,1089
30976,1206
30976,2997
30976,2858
30976,7361
30976,58559
30976,1208
30976,608
30976,223
93514,1210
93514,1079
93514,7153
93514,1220
93514,1610
93514,3671
93514,5952
93514,4886
93514,2948
93514,6662
44346,3578
44346,44191
44346,2858
44346,32587
44346,27193
44346,1206
44346,6539
44346,44665
44346,1270
44346,2541
127366,58559
127366,59315
127366,1527
127366,5952
127366,4993
127366,7153
127366,48780
127366,70286
127366,1198
127366,49272
111519,589
111519,4085
111519,2571
111519,8644
111519,1270
111519,1580
111519,1240
111519,780
111519,3256
111519,1608
93060,593
93060,922
93060,750
93060,296
93060,4993
93060,908
93060,68358
93060,1260
93060,5952
93060,5445
808,7153
808,4993
808,68954
808,60069
808,76093
808,1136
808,1210
808,2571
808,1
808,8961
88315,3114
88315,6874
88315,2959
88315,4963
88315,1923
88315,1073
88315,4226
88315,68157
88315,260
88315,10
12167,953
12167,318
12167,2918
12167,608
12167,908
12167,5299
12167,1784
12167,902
12167,1704
12167,4246
66774,2571
66774,5971
66774,4973
66774,2959
66774,356
66774,4226
66774,527
66774,6377
66774,7361
66774,68954
68696,2959
68696,3147
68696,1704
68696,474
68696,318
68696,2194
68696,79132
68696,3256
68696,736
68696,1234
133165,47
133165,50
133165,2571
133165,48394
133165,2329
133165,2959
133165,7153
133165,5952
133165,4011
133165,54272
7760,5816
7760,79132
7760,2571
7760,4993
7760,7153
7760,5378
7760,63992
7760,5952
7760,73017
7760,4865
39216,8961
39216,50872
39216,58559
39216,6377
39216,296
39216,8874
39216,2959
39216,91529
39216,3114
39216,7502
13849,1219
13849,1222
13849,5952
13849,2571
13849,1214
13849,3996
13849,1252
13849,5995
13849,5669
13849,7153
121869,527
121869,293
121869,1206
121869,1208
121869,3949
121869,5902
121869,2692
121869,1221
121869,1136
121869,33794
114411,2985
114411,8644
114411,1961
114411,2115
114411,4878
114411,1101
114411,1206
114411,1258
114411,1265
114411,2542
125235,2125
125235,4246
125235,357
125235,6942
125235,539
125235,2396
125235,1198
125235,2145
125235,915
125235,1500
135196,1197
135196,2571
135196,296
135196,2502
135196,223
135196,2858
135196,1968
135196,1639
135196,180
135196,2716
76676,5445
76676,33493
76676,4993
76676,3578
76676,49272
76676,8972
76676,5903
76676,2959
76676,1527
76676,4963
124878,480
124878,33794
124878,48516
124878,58559
124878,1270
124878,47
124878,1265
124878,593
124878,7361
124878,49272
108097,955
108097,899
108097,1028
108097,2565
108097,150
108097,1270
108097,4187
108097,1704
108097,4995
108097,2398
75094,48516
75094,86882
75094,97304
75094,67087
75094,58559
75094,63082
75094,68157
75094,89492
75094,68954
75094,82459
87334,3578
87334,7361
87334,2502
87334,4993
87334,8961
87334,8784
87334,1291
87334,32587
87334,1610
87334,589
97368,593
97368,2329
97368,50
97368,4878
97368,2959
97368,293
97368,1222
97368,2858
97368,750
97368,858
80379,2858
80379,296
80379,356
80379,48394
80379,2959
80379,2762
80379,60069
80379,6350
80379,63082
80379,318
125759,81591
125759,32587
125759,50872
125759,89864
125759,293
125759,96821
125759,8784
125759,50912
125759,33794
125759,27773
112379,1213
112379,111
112379,260
112379,2712
112379,6016
112379,32
112379,1214
112379,4878
112379,1136
112379,2160
28360,6377
28360,3578
28360,1198
28360,5952
28360,1136
28360,592
28360,44191
28360,2716
28360,223
28360,1784
32641,50872
32641,1136
32641,79132
32641,46578
32641,56367
32641,31658
32641,2502
32641,48780
32641,44195
32641,63082
91963,2762
91963,3578
91963,2571
91963,858
91963,597
91963,318
91963,2028
91963,1961
91963,480
91963,1580
75959,2959
75959,2762
75959,364
75959,356
75959,4306
75959,7153
75959,589
75959,3793
75959,33794
75959,5349
36085,52973
36085,59315
36085,2329
36085,44195
36085,44191
36085,68157
36085,318
36085,48516
36085,36529
36085,68954
18479,2916
18479,1199
18479,1374
18479,2791
18479,1301
18479,2028
18479,3671
18479,1291
18479,5410
18479,6305
103222,47
103222,50
103222,2329
103222,79132
103222,4878
103222,1089
103222,27773
103222,2858
103222,1213
103222,1222
41859,26386
41859,3671
41859,3552
41859,2791
41859,750
41859,5250
41859,7569
41859,2371
41859,1663
41859,912
127812,912
127812,1721
127812,2302
127812,1270
127812,1784
127812,919
127812,1387
127812,110
127812,4022
127812,1307
572,2231
572,6323
572,47099
572,6879
572,44199
572,48516
572,2795
572,628
572,72641
572,2762
106661,1307
106661,969
106661,81845
106661,912
106661,318
106661,914
106661,2396
106661,590
106661,1302
106661,2407
51085,1253
51085,908
51085,541
51085,750
51085,1265
51085,924
51085,912
51085,1199
51085,1270
51085,2571
111576,52604
111576,6323
111576,50
111576,5319
111576,2579
111576,5388
111576,78349
111576,7254
111576,78088
111576,2762
111624,318
111624,58559
111624,778
111624,3897
111624,3949
111624,32587
111624,4973
111624,44191
111624,50
111624,4979
93759,1663
93759,1580
93759,457
93759,8623
93759,2779
93759,2797
93759,480
93759,1674
93759,3671
93759,1610
97311,1527
97311,858
97311,33794
97311,593
97311,58559
97311,47
97311,3578
97311,1206
97311,4963
97311,49272
131723,6539
131723,1
131723,1210
131723,1196
131723,2959
131723,6377
131723,1198
131723,7153
131723,5952
131723,4993
138207,8961
138207,58559
138207,31685
138207,356
138207,4963
138207,3948
138207,5989
138207,52973
138207,54503
138207,4995
38171,4995
38171,6942
38171,356
38171,2762
38171,34162
38171,1393
38171,4306
38171,2918
38171,318
38171,4896
109082,356
109082,3578
109082,7153
109082,1210
109082,4993
109082,8644
109082,4886
109082,1
109082,1240
109082,44191
8795,32587
8795,2762
8795,44191
8795,6333
8795,4878
8795,70286
8795,2502
8795,1580
8795,69122
8795,1240
79921,63876
79921,46578
79921,69122
79921,48385
79921,44195
79921,48516
79921,63082
79921,66509
79921,44191
79921,55247
77533,296
77533,55820
77533,2858
77533,7323
77533,61323
77533,8873
77533,106916
77533,7361
77533,97304
77533,1193
19763,7361
19763,52952
19763,318
19763,57669
19763,1732
19763,608
19763,60766
19763,71464
19763,56782
19763,4973
14077,3147
14077,527
14077,858
14077,68157
14077,63082
14077,48394
14077,4878
14077,48780
14077,44665
14077,4993
9274,318
9274,7153
9274,2858
9274,4973
9274,1704
9274,6711
9274,527
9274,5952
9274,4995
9274,2762
105667,1197
105667,3578
105667,2959
105667,541
105667,1982
105667,6502
105667,7387
105667,4963
105667,3275
105667,1253
23401,1302
23401,2028
23401,1246
23401,1101
23401,3360
23401,597
23401,1961
23401,1307
23401,539
23401,1
60894,69757
60894,56941
60894,8533
60894,5418
60894,72641
60894,8368
60894,48516
60894,8665
60894,40629
60894,4306
24569,2762
24569,6807
24569,1394
24569,7361
24569,1225
24569,1358
24569,2359
24569,3911
24569,2918
24569,1080
94035,1196
94035,1198
94035,1089
94035,110
94035,296
94035,68157
94035,5952
94035,7153
94035,4993
94035,457
13052,33794
13052,541
13052,480
13052,48394
13052,70286
13052,59315
13052,48780
13052,34405
13052,2959
13052,60069
13515,593
13515,7153
13515,5952
13515,2858
13515,2959
13515,5995
13515,63876
13515,7361
13515,44555
13515,44694
121917,8950
121917,32587
121917,1921
121917,4995
121917,4235
121917,81591
121917,7371
121917,7254
121917,527
121917,4262
6932,2997
6932,7361
6932,8873
6932,296
6932,5225
6932,3897
6932,778
6932,8645
6932,8622
6932,6218
8252,1270
8252,480
8252,68954
8252,1197
8252,95510
8252,81845
8252,76093
8252,87232
8252,50872
8252,2762
96054,916
96054,2918
96054,1968
96054,56367
96054,48394
96054,2959
96054,3897
96054,4246
96054,2502
96054,2145
55049,51662
55049,6934
55049,6539
55049,62374
55049,45499
55049,1101
55049,30707
55049,68358
55049,59369
55049,6377
61379,1230
61379,1089
61379,3160
61379,16
61379,47
61379,6440
61379,1466
61379,1729
61379,1228
61379,1136
99514,480
99514,5903
99514,58559
99514,4370
99514,150
99514,2959
99514,34319
99514,27611
99514,8914
99514,91529
57166,86332
57166,89745
57166,58559
57166,91500
57166,91542
57166,88140
57166,79132
57166,3793
57166,45722
57166,59369
43529,2918
43529,3471
43529,454
43529,3107
43529,1923
43529,2804
43529,2371
43529,736
43529,8340
43529,2028
83021,6711
83021,3897
83021,5991
83021,8784
83021,597
83021,1059
83021,8360
83021,2918
83021,7147
83021,62
40437,6539
40437,1221
40437,527
40437,356
40437,2959
40437,72998
40437,7143
40437,5445
40437,47
40437,150
131102,1089
131102,2959
131102,1265
131102,296
131102,2571
131102,1199
131102,589
131102,4973
131102,1
131102,858
7723,8644
7723,45499
7723,8949
7723,33679
7723,32587
7723,40815
7723,33166
7723,40819
7723,30810
7723,34072
38216,5445
38216,32
38216,778
38216,4262
38216,2542
38216,318
38216,2997
38216,3578
38216,16
38216,3949
13694,527
13694,593
13694,7361
13694,2858
13694,3996
13694,2762
13694,3949
13694,2997
13694,356
13694,4963
43237,527
43237,912
43237,593
43237,1
43237,1204
43237,3114
43237,3996
43237,480
43237,7153
43237,5952
85441,79132
85441,45672
85441,3114
85441,72998
85441,1270
85441,81537
85441,5418
85441,1732
85441,60074
85441,54272
33072,480
33072,1097
33072,1198
33072,1270
33072,1291
33072,457
33072,150
33072,1
33072,318
33072,2762
80632,3949
80632,31658
80632,2858
80632,61240
80632,63082
80632,46578
80632,4973
80632,2571
80632,2997
80632,6291
64216,58559
64216,4878
64216,593
64216,2858
64216,4973
64216,356
64216,1527
64216,68157
64216,6874
64216,7361
108710,356
108710,527
108710,5618
108710,318
108710,593
108710,778
108710,6874
108710,6016
108710,3897
108710,4979
26454,1196
26454,356
26454,858
26454,4226
26454,527
26454,318
26454,1266
26454,1208
26454,3996
26454,33794
85989,1240
85989,1036
85989,377
85989,780
85989,318
85989,7143
85989,231
85989,5989
85989,33493
85989,593
74380,8961
74380,3114
74380,1923
74380,2716
74380,3793
74380,4963
74380,2858
74380,2353
74380,595
74380,736
121918,5952
121918,2291
121918,2599
121918,1527
121918,1732
121918,2502
121918,3081
121918,2918
121918,3481
121918,6539
104087,2997
104087,318
104087,7153
104087,2028
104087,7361
104087,1961
104087,3147
104087,3793
104087,480
104087,590
38455,2791
38455,1222
38455,68157
38455,1089
38455,2918
38455,3421
38455,68358
38455,4226
38455,3552
38455,480
106198,49272
106198,2858
106198,54997
106198,5418
106198,55765
106198,32587
106198,63082
106198,4973
106198,47610
106198,51662
134126,296
134126,7325
134126,70
134126,1552
134126,2001
134126,4225
134126,5418
134126,3081
134126,5952
134126,4963
30711,296
30711,7361
30711,2959
30711,318
30711,2858
30711,30825
30711,1961
30711,597
30711,4226
30711,3147
125291,3949
125291,33794
125291,1221
125291,6874
125291,2571
125291,608
125291,8874
125291,2997
125291,4262
125291,1036
95579,1101
95579,8529
95579,4023
95579,1721
95579,42007
95579,4018
95579,37727
95579,1961
95579,36525
95579,45726
121098,33794
121098,30749
121098,33166
121098,5010
121098,7445
121098,40819
121098,32587
121098,4262
121098,8958
121098,5152
91738,3996
91738,7361
91738,541
91738,4993
91738,6711
91738,3911
91738,56367
91738,1500
91738,745
91738,527
113497,1
113497,4886
113497,608
113497,1210
113497,1732
113497,50872
113497,94959
113497,2571
113497,527
113497,1080
135419,1036
135419,296
135419,1206
135419,1676
135419,1291
135419,293
135419,60069
135419,51255
135419,4886
135419,1
126134,91658
126134,55276
126134,89904
126134,90439
126134,89753
126134,91077
126134,49272
126134,98961
126134,84954
126134,79132
55617,5952
55617,1204
55617,750
55617,923
55617,903
55617,1225
55617,1253
55617,596
55617,1262
55617,1208
133634,34072
133634,60069
133634,56367
133634,34405
133634,50872
133634,53123
133634,44191
133634,47610
133634,48780
133634,63082
103830,4306
103830,5618
103830,1214
103830,527
103830,2329
103830,6711
103830,6377
103830,589
103830,1729
103830,6807
61374,8874
61374,34405
61374,50872
61374,49272
61374,54503
61374,58998
61374,33493
61374,8784
61374,33166
61374,30793
67683,74458
67683,2174
67683,2858
67683,1089
67683,47
67683,1884
67683,1258
67683,7147
67683,1206
67683,1193
36920,46723
36920,55820
36920,81845
36920,79132
36920,56367
36920,68157
36920,50872
36920,56782
36920,48738
36920,97304
6710,4306
6710,318
6710,33794
6710,356
6710,4993
6710,1196
6710,33493
6710,32587
6710,110
6710,2858
105970,3481
105970,296
105970,2858
105970,608
105970,912
105970,3072
105970,3101
105970,3176
105970,1961
105970,1213
80633,2700
80633,2762
80633,1291
80633,778
80633,380
80633,553
80633,5418
80633,6242
80633,34
80633,2791
76749,4886
76749,68954
76749,60069
76749,58559
76749,6539
76749,1197
76749,6377
76749,46578
76749,588
76749,8961
109353,5952
109353,5349
109353,72998
109353,356
109353,4993
109353,480
109353,3114
109353,7153
109353,59315
109353,2355
35124,6350
35124,110
35124,8961
35124,1198
35124,33794
35124,6377
35124,2762
35124,356
35124,1197
35124,2329
15425,1954
15425,3098
15425,3360
15425,1302
15425,1089
15425,6863
15425,3255
15425,58559
15425,56788
15425,2571
17187,1240
17187,59315
17187,58559
17187,3793
17187,68358
17187,6539
17187,2716
17187,33794
17187,1204
17187,5618
82875,5446
82875,4995
82875,6385
82875,5995
82875,34072
82875,1193
82875,593
82875,1094
82875,1704
82875,1962
87143,3256
87143,1198
87143,2115
87143,1287
87143,1193
87143,2278
87143,1240
87143,1225
87143,1222
87143,3386
94514,32587
94514,3949
94514,4973
94514,4226
94514,7361
94514,48394
94514,44191
94514,7147
94514,293
94514,593
126309,50
126309,3000
126309,7361
126309,8961
126309,296
126309,44191
126309,2959
126309,2571
126309,4973
126309,31878
85557,1214
85557,1208
85557,48774
85557,858
85557,54286
85557,1199
85557,1653
85557,60069
85557,1233
85557,1249
4980,2716
4980,110
4980,2762
4980,1213
4980,1617
4980,4226
4980,377
4980,1193
4980,4963
4980,1210
79402,4886
79402,8961
79402,7153
79402,5952
79402,4993
79402,6377
79402,1
79402,745
79402,919
79402,915
104832,1206
104832,858
104832,4011
104832,2502
104832,1258
104832,541
104832,2918
104832,1221
104832,527
104832,750
100136,2028
100136,6377
100136,2762
100136,1097
100136,4973
100136,110
100136,3578
100136,3147
100136,1089
100136,6711
32215,32587
32215,50
32215,55820
32215,318
32215,48516
32215,58559
32215,356
32215,593
32215,8950
32215,68157
54767,260
54767,68358
54767,110
54767,4993
54767,7153
54767,79132
54767,3578
54767,54286
54767,7143
54767,59315
14418,318
14418,1089
14418,7361
14418,1213
14418,593
14418,1293
14418,30707
14418,6870
14418,30749
14418,1094
95935,51662
95935,48516
95935,150
95935,5418
95935,780
95935,2959
95935,3578
95935,50
95935,1214
95935,1221
82097,5952
82097,1210
82097,7153
82097,4993
82097,68954
82097,318
82097,912
82097,60069
82097,5618
82097,3635
45706,5299
45706,1641
45706,1247
45706,608
45706,2791
45706,318
45706,912
45706,4447
45706,356
45706,2918
18992,1527
18992,3527
18992,1210
18992,1209
18992,293
18992,1080
18992,4027
18992,4886
18992,2000
18992,2329
38412,68954
38412,2571
38412,5618
38412,48394
38412,60069
38412,4973
38412,2329
38412,1196
38412,1198
38412,356
19051,858
19051,6874
19051,58559
19051,1198
19051,293
19051,4973
19051,318
19051,4226
19051,356
19051,1208
24739,1213
24739,1233
24739,318
24739,1193
24739,924
24739,1204
24739,260
24739,50
24739,904
24739,1203
7075,318
7075,4306
7075,58559
7075,2571
7075,2028
7075,356
7075,1196
7075,6365
7075,2959
7075,8961
22507,2115
22507,4886
22507,6377
22507,8636
22507,1777
22507,8360
22507,590
22507,1610
22507,2406
22507,4014
121217,527
121217,50
121217,2959
121217,2858
121217,1291
121217,48516
121217,589
121217,858
121217,2329
121217,1210
76121,2716
76121,1197
76121,110
76121,1580
76121,3578
76121,6539
76121,4886
76121,2959
76121,500
76121,1036
52543,942
52543,1219
52543,1201
52543,1333
52543,1281
52543,965
52543,3470
52543,26840
52543,3629
52543,3966
82339,66097
82339,30810
82339,296
82339,2502
82339,778
82339,48082
82339,55442
82339,59387
82339,38061
82339,56715
65303,2572
65303,595
65303,6942
65303,364
65303,4246
65303,1
65303,3114
65303,8533
65303,8643
65303,88163
2356,318
2356,58559
2356,2329
2356,296
2356,4262
2356,74458
2356,47
2356,68157
2356,49530
2356,2571
70416,2476
70416,6428
70416,8045
70416,2944
70416,5152
70416,3300
70416,3578
70416,8334
70416,26101
70416,8957
69383,2502
69383,4226
69383,593
69383,2918
69383,1288
69383,858
69383,1208
69383,7438
69383,6874
69383,1206
74793,4896
74793,46578
74793,4973
74793,45722
74793,4963
74793,46976
74793,78499
74793,356
74793,5816
74793,5418
22337,593
22337,110
22337,50
22337,4011
22337,2329
22337,356
22337,33794
22337,1527
22337,2762
22337,49272
87268,79091
87268,2571
87268,68954
87268,48780
87268,3793
87268,4963
87268,110102
87268,88744
87268,68319
87268,103335
104682,2683
104682,1517
104682,19
104682,344
104682,1127
104682,316
104682,4993
104682,150
104682,208
104682,2012
104272,4963
104272,588
104272,595
104272,4306
104272,586
104272,8533
104272,2571
104272,4993
104272,47099
104272,1073
14800,1704
14800,4995
14800,6539
14800,3147
14800,4993
14800,527
14800,7153
14800,5952
14800,8798
14800,2571
73739,4886
73739,260
73739,8961
73739,1198
73739,940
73739,3996
73739,5618
73739,1214
73739,5349
73739,1210
83203,858
83203,1291
83203,7153
83203,5952
83203,1234
83203,296
83203,750
83203,33794
83203,2019
83203,7981
135883,30749
135883,4226
135883,2028
135883,4306
135883,5445
135883,593
135883,527
135883,1193
135883,1265
135883,6565
95164,4226
95164,2959
95164,2571
95164,296
95164,44694
95164,1221
95164,39183
95164,47
95164,912
95164,1219
109421,1580
109421,2028
109421,589
109421,457
109421,2706
109421,344
109421,780
109421,377
109421,500
109421,3578
28318,40815
28318,296
28318,593
28318,48394
28318,7361
28318,2329
28318,253
28318,3578
28318,551
28318,2716
78154,6377
78154,2762
78154,4226
78154,7034
78154,551
78154,2571
78154,7361
78154,5952
78154,3418
78154,345
15912,5952
15912,2959
15912,3578
15912,110
15912,4223
15912,1210
15912,1196
15912,1610
15912,58559
15912,5445
117626,2858
117626,2571
117626,608
117626,2959
117626,1208
117626,1198
117626,1089
117626,4993
117626,1206
117626,50
113585,5418
113585,4963
113585,5349
113585,318
113585,457
113585,3147
113585,33493
113585,1704
113585,5989
113585,6947
76448,32
76448,4226
76448,1704
76448,2858
76448,2028
76448,1089
76448,7361
76448,2762
76448,593
76448,48516
90156,63082
90156,920
90156,90866
90156,91500
90156,68954
90156,2081
90156,50872
90156,4886
90156,1968
90156,1907
119045,480
119045,2028
119045,356
119045,1580
119045,2762
119045,1721
119045,364
119045,4306
119045,586
119045,858
50397,2762
50397,110
50397,68157
50397,1193
50397,4226
50397,47
50397,593
50397,51931
50397,2571
50397,5995
66932,6953
66932,2997
66932,6016
66932,1193
66932,2571
66932,1228
66932,44191
66932,3897
66932,35836
66932,40819
56480,88140
56480,70286
56480,44191
56480,68358
56480,72998
56480,76251
56480,91529
56480,99114
56480,111759
56480,102445
80881,1197
80881,50872
80881,68954
80881,3097
80881,81845
80881,912
80881,911
80881,947
80881,60069
80881,902
39495,2858
39495,79357
39495,55908
39495,3949
39495,79132
39495,5608
39495,46976
39495,4973
39495,318
39495,80693
9229,6377
9229,356
9229,5952
9229,150
9229,1196
9229,480
9229,592
9229,380
9229,110
9229,8636
109156,1136
109156,924
109156,2028
109156,2959
109156,110
109156,593
109156,741
109156,4973
109156,2502
109156,1080
2565,8961
2565,60069
2565,616
2565,50872
2565,1721
2565,56367
2565,2355
2565,5218
2565,7361
2565,4447
96723,377
96723,4306
96723,4993
96723,356
96723,4022
96723,3147
96723,2617
96723,1097
96723,4886
96723,733
87128,1704
87128,1213
87128,1089
87128,1617
87128,778
87128,55820
87128,6870
87128,858
87128,4034
87128,111
66099,1036
66099,47
66099,1291
66099,32
66099,5349
66099,2571
66099,480
66099,2028
66099,1527
66099,33794
95448,2858
95448,7153
95448,4993
95448,866
95448,356
95448,318
95448,33817
95448,5222
95448,1271
95448,5952
13391,2858
13391,593
13391,2571
13391,1210
13391,260
13391,2174
13391,2791
13391,750
13391,7361
13391,1968
86723,32
86723,1089
86723,527
86723,7153
86723,58559
86723,4993
86723,47
86723,4878
86723,68157
86723,1201
52791,922
52791,318
52791,950
52791,954
52791,1233
52791,955
52791,926
52791,2762
52791,1617
52791,7502
27530,6711
27530,39292
27530,37741
27530,8949
27530,30810
27530,1230
27530,38886
27530,8966
27530,6867
27530,4979
110856,7361
110856,593
110856,2959
110856,4306
110856,6377
110856,1136
110856,904
110856,1198
110856,608
110856,32
13808,3147
13808,1036
13808,1358
13808,47
13808,6870
13808,2858
13808,356
13808,33794
13808,16
13808,1210
47545,1136
47545,8961
47545,3000
47545,1376
47545,1198
47545,1291
47545,1580
47545,2571
47545,1080
47545,4306
26062,48774
26062,68157
26062,89745
26062,44195
26062,82459
26062,54272
26062,27773
26062,77561
26062,1080
26062,27660
133744,6539
133744,50
133744,1265
133744,7147
133744,44191
133744,33794
133744,6711
133744,5952
133744,4963
133744,1580
50218,308
50218,2858
50218,7361
50218,3083
50218,1206
50218,1193
50218,858
50218,6016
50218,4848
50218,4235
123764,44555
123764,2329
123764,111
123764,47
123764,2959
123764,1193
123764,63082
123764,858
123764,2571
123764,48516
101219,1036
101219,59315
101219,1200
101219,589
101219,2571
101219,260
101219,4226
101219,68157
101219,44191
101219,50
123255,1136
123255,31658
123255,1967
123255,1270
123255,2291
123255,1259
123255,4973
123255,2140
123255,26662
123255,3000
30047,46723
30047,55442
30047,7323
30047,63082
30047,27803
30047,49530
30047,39183
30047,47629
30047,56367
30047,43376
79998,48780
79998,27773
79998,47
79998,6016
79998,2571
79998,593
79998,527
79998,4993
79998,3147
79998,63082
130825,8464
130825,44709
130825,8949
130825,56367
130825,40819
130825,8645
130825,7139
130825,33639
130825,8376
130825,6881
63524,47
63524,50
63524,858
63524,58559
63524,7153
63524,1198
63524,1193
63524,6016
63524,48516
63524,541
37042,3546
37042,3993
37042,32587
37042,30810
37042,6974
37042,8910
37042,931
37042,4218
37042,1103
37042,33794
64053,7153
64053,318
64053,58559
64053,150
64053,592
64053,1580
64053,79132
64053,110
64053,32
64053,6283
35645,7361
35645,1198
35645,4995
35645,1221
35645,4226
35645,457
35645,1090
35645,32587
35645,4306
35645,1961
82595,2858
82595,858
82595,293
82595,527
82595,1213
82595,58559
82595,750
82595,344
82595,6539
82595,1220
116598,1197
116598,2959
116598,1500
116598,1036
116598,3481
116598,1259
116598,2502
116598,3499
116598,555
116598,8874
53300,356
53300,6539
53300,74458
53300,2959
53300,91529
53300,60069
53300,76093
53300,8961
53300,68954
53300,96079
105172,420
105172,53972
105172,58559
105172,1036
105172,2393
105172,8665
105172,59315
105172,370
105172,2791
105172,5944
115778,356
115778,593
115778,2858
115778,2918
115778,1394
115778,1704
115778,1265
115778,1197
115778,919
115778,527
65359,596
65359,79132
65359,595
65359,318
65359,616
65359,59315
65359,356
65359,6539
65359,4993
65359,7153
25541,293
25541,1240
25541,44191
25541,1682
25541,48780
25541,5445
25541,1527
25541,4878
25541,34319
25541,49278
65036,367
65036,364
65036,1721
65036,5679
65036,2571
65036,3948
65036,377
65036,4886
65036,2
65036,5957
5036,4262
5036,6286
5036,30707
5036,293
5036,593
5036,5669
5036,1090
5036,26939
5036,8589
5036,26007
123746,2028
123746,2858
123746,6377
123746,4306
123746,4226
123746,5669
123746,8961
123746,1
123746,4993
123746,6870
44790,60069
44790,4993
44790,63113
44790,3275
44790,61132
44790,6373
44790,356
44790,8984
44790,60040
44790,33679
3020,2565
3020,1210
3020,339
3020,356
3020,951
3020,954
3020,2115
3020,2081
3020,3088
3020,2716
113875,104
113875,1517
113875,8528
113875,4011
113875,40278
113875,36529
113875,1704
113875,3948
113875,33679
113875,6378
134242,480
134242,1089
134242,1222
134242,2502
134242,1210
134242,1196
134242,1270
134242,2716
134242,1214
134242,2028
110546,1371
110546,2959
110546,2571
110546,2393
110546,4993
110546,51662
110546,1221
110546,59315
110546,7153
110546,1197
90159,1221
90159,858
90159,1387
90159,33166
90159,750
90159,1617
90159,1968
90159,1247
90159,4995
90159,1198
133896,91529
133896,79132
133896,81834
133896,91542
133896,68954
133896,86332
133896,81847
133896,106487
133896,88744
133896,106489
77160,39183
77160,8784
77160,8949
77160,40278
77160,33660
77160,32587
77160,39414
77160,8464
77160,30810
77160,39292
75582,4993
75582,32
75582,1213
75582,587
75582,1272
75582,4226
75582,5952
75582,7153
75582,912
75582,588
108462,4886
108462,1291
108462,4963
108462,1270
108462,2959
108462,4993
108462,595
108462,58559
108462,296
108462,780
74748,1270
74748,1193
74748,2571
74748,1265
74748,7361
74748,527
74748,5418
74748,50
74748,4226
74748,858
2302,32
2302,1704
2302,2028
2302,2762
2302,2959
2302,356
2302,2571
2302,6870
2302,4995
2302,1193
24670,589
24670,527
24670,4306
24670,1
24670,2571
24670,457
24670,6539
24670,49272
24670,46578
24670,58559
45208,356
45208,7361
45208,2858
45208,2959
45208,1732
45208,8784
45208,46578
45208,7323
45208,1193
45208,48082
46596,4886
46596,2959
46596,2571
46596,1704
46596,364
46596,2858
46596,597
46596,7361
46596,296
46596,1270
50793,58559
50793,3147
50793,4306
50793,2959
50793,296
50793,59369
50793,780
50793,7445
50793,1
50793,377
15854,1221
15854,3633
15854,908
15854,1283
15854,7072
15854,1276
15854,110
15854,2571
15854,1945
15854,1304
81964,33794
81964,59315
81964,5064
81964,68358
81964,7153
81964,4993
81964,48780
81964,7445
81964,44191
81964,110
104381,4226
104381,1089
104381,6016
104381,296
104381,111
104381,2329
104381,50
104381,1193
104381,68237
104381,70286
120151,6539
120151,588
120151,60069
120151,50872
120151,2355
120151,2571
120151,2716
120151,586
120151,79132
120151,4993
102357,457
102357,2571
102357,1036
102357,1610
102357,32
102357,150
102357,54286
102357,59315
102357,593
102357,2028
53741,3451
53741,953
53741,2944
53741,899
53741,2728
53741,3088
53741,919
53741,1193
53741,2819
53741,1226
138162,72998
138162,55276
138162,69481
138162,37741
138162,49272
138162,69757
138162,73023
138162,52973
138162,38886
138162,44195
103046,5445
103046,1961
103046,260
103046,296
103046,1617
103046,5952
103046,150
103046,589
103046,1193
103046,1200
10339,2078
10339,66097
10339,551
10339,2161
10339,59784
10339,8961
10339,2571
10339,4720
10339,595
10339,2081
31113,1203
31113,919
31113,1234
31113,3088
31113,1250
31113,26084
31113,5952
31113,7153
31113,4993
31113,1934
130391,260
130391,5952
130391,4993
130391,7153
130391,457
130391,1704
130391,1
130391,26614
130391,4995
130391,60069
134793,55820
134793,32
134793,27773
134793,4973
134793,4011
134793,52281
134793,4878
134793,223
134793,47
134793,1884
67898,6502
67898,377
67898,6323
67898,48780
67898,7373
67898,2858
67898,1552
67898,648
67898,318
67898,196
54095,1025
54095,919
54095,8910
54095,8366
54095,8376
54095,30793
54095,1282
54095,37729
54095,3397
54095,8961
10131,1198
10131,2028
10131,2959
10131,1291
10131,2019
10131,1274
10131,1240
10131,4011
10131,32587
10131,1089
72700,58559
72700,46578
72700,66934
72700,60069
72700,8784
72700,88125
72700,40815
72700,3897
72700,31658
72700,2959
77210,2762
77210,318
77210,2329
77210,924
77210,4973
77210,47
77210,4306
77210,541
77210,1089
77210,590
66720,33794
66720,32
66720,32587
66720,2858
66720,48516
66720,4306
66720,6874
66720,7445
66720,49530
66720,4973
137671,44191
137671,32587
137671,4226
137671,33166
137671,54286
137671,33794
137671,49272
137671,55765
137671,2571
137671,6870
135620,5952
135620,919
135620,7153
135620,4993
135620,1258
135620,8368
135620,3114
135620,592
135620,58559
135620,1380
21260,1527
21260,6539
21260,5445
21260,110
21260,27831
21260,541
21260,69481
21260,5903
21260,8874
21260,55721
63517,1080
63517,1089
63517,2571
63517,6539
63517,4306
63517,7153
63517,5952
63517,4226
63517,592
63517,1580
38935,50
38935,2997
38935,1197
38935,1704
38935,1234
38935,2918
38935,1276
38935,1387
38935,1258
38935,4027
50535,593
50535,59727
50535,5952
50535,7153
50535,480
50535,2571
50535,68554
50535,31427
50535,59315
50535,8368
82971,2141
82971,2096
82971,595
82971,1022
82971,616
82971,5444
82971,1907
82971,1197
82971,551
82971,3114
24884,50
24884,2692
24884,47
24884,2762
24884,2916
24884,1222
24884,2012
24884,718
24884,1214
24884,1097
122167,1019
122167,2085
122167,1197
122167,1198
122167,4993
122167,1291
122167,1017
122167,911
122167,2141
122167,5952
134524,3147
134524,2028
134524,4878
134524,5618
134524,4973
134524,68157
134524,4995
134524,2019
134524,3578
134524,48394
3240,1
3240,2953
3240,43560
3240,2059
3240,46972
3240,56176
3240,33615
3240,4447
3240,60069
3240,68954
2780,1090
2780,1097
2780,1265
2780,1240
2780,1259
2780,6016
2780,4995
2780,4235
2780,8949
2780,2692
60923,8665
60923,539
60923,1231
60923,1214
60923,1968
60923,3088
60923,2640
60923,79091
60923,41566
60923,4499
21277,2324
21277,32
21277,2329
21277,3147
21277,1210
21277,1196
21277,58559
21277,6016
21277,1240
21277,1293
47032,6863
47032,50
47032,1193
47032,5902
47032,4226
47032,2321
47032,2791
47032,3253
47032,8784
47032,919
44247,2762
44247,8961
44247,7361
44247,5952
44247,58559
44247,50
44247,6539
44247,6377
44247,47
44247,6874
33640,150
33640,589
33640,593
33640,1
33640,2959
33640,318
33640,4993
33640,110
33640,2
33640,7153
8459,3210
8459,4533
8459,1089
8459,2134
8459,223
8459,1673
8459,1206
8459,260
8459,180
8459,441
77749,589
77749,1198
77749,2000
77749,1206
77749,1270
77749,50
77749,111
77749,2115
77749,1997
77749,33493
729,2542
729,778
729,4306
729,1089
729,2329
729,54272
729,1884
729,733
729,63082
729,33794
10485,2329
10485,47
10485,356
10485,318
10485,4226
10485,55820
10485,4995
10485,63082
10485,81845
10485,527
16734,4011
16734,4034
16734,48394
16734,6711
16734,2858
16734,44191
16734,44199
16734,3949
16734,38061
16734,46723
67514,296
67514,2858
67514,1704
67514,81845
67514,2762
67514,78499
67514,595
67514,364
67514,6539
67514,593
120133,2918
120133,6863
120133,2959
120133,6874
120133,1270
120133,3481
120133,2858
120133,8961
120133,912
120133,89745
30869,1222
30869,2858
30869,858
30869,1221
30869,1213
30869,318
30869,50
30869,1266
30869,431
30869,3362
81497,7361
81497,2858
81497,46578
81497,608
81497,50742
81497,318
81497,2997
81497,1247
81497,1235
81497,6016
53348,2762
53348,1210
53348,1721
53348,6377
53348,47
53348,72129
53348,2028
53348,595
53348,1240
53348,589
120713,19
120713,592
120713,344
120713,1200
120713,2174
120713,2012
120713,2329
120713,3421
120713,32
120713,2167
82529,4973
82529,1704
82529,68954
82529,81845
82529,46578
82529,4995
82529,50872
82529,60069
82529,58559
82529,2324
107207,4022
107207,593
107207,4886
107207,1997
107207,2081
107207,296
107207,6539
107207,8961
107207,2054
107207,1036
82972,50872
82972,356
82972,8961
82972,2571
82972,2028
82972,3578
82972,150
82972,318
82972,3147
82972,49530
11983,4995
11983,2329
11983,593
11983,2571
11983,2858
11983,356
11983,1704
11983,7361
11983,527
11983,47
26770,260
26770,2502
26770,2571
26770,1580
26770,4027
26770,1270
26770,223
26770,1240
26770,1210
26770,2890
136156,5349
136156,91529
136156,81845
136156,6377
136156,6539
136156,356
136156,48780
136156,260
136156,56367
136156,1136
132733,1240
132733,4995
132733,6365
132733,733
132733,32587
132733,48780
132733,1625
132733,1580
132733,541
132733,293
28107,2762
28107,2571
28107,1198
28107,1250
28107,2028
28107,1208
28107,150
28107,296
28107,1270
28107,4993
116986,480
116986,5989
116986,858
116986,4226
116986,1961
116986,527
116986,1193
116986,2571
116986,7502
116986,58559
131992,2858
131992,541
131992,5952
131992,1610
131992,1291
131992,1527
131992,593
131992,150
131992,912
131992,608
80097,106782
80097,92259
80097,293
80097,593
80097,1213
80097,1682
80097,4995
80097,81591
80097,4896
80097,6874
114093,2918
114093,260
114093,1270
114093,1136
114093,5989
114093,2502
114093,33794
114093,70286
114093,4226
114093,5349
31388,1240
31388,68358
31388,344
31388,69122
31388,1527
31388,2028
31388,32
31388,1210
31388,5445
31388,63082
63959,2858
63959,5618
63959,79132
63959,318
63959,50
63959,58559
63959,1198
63959,1214
63959,60069
63959,923
103709,380
103709,2694
103709,1721
103709,377
103709,150
103709,47
103709,2273
103709,2797
103709,165
103709,48780
67484,8961
67484,1089
67484,4993
67484,480
67484,1270
67484,5349
67484,4011
67484,8636
67484,4963
67484,2706
104229,50
104229,356
104229,318
104229,296
104229,1196
104229,593
104229,2571
104229,2959
104229,480
104229,2329
65976,4886
65976,7361
65976,4226
65976,6377
65976,318
65976,2997
65976,4306
65976,48394
65976,4027
65976,5618
106478,527
106478,1320
106478,1387
106478,1198
106478,356
106478,1127
106478,780
106478,1291
106478,1270
106478,7153
28860,2511
28860,909
28860,1201
28860,1247
28860,912
28860,82459
28860,71211
28860,3535
28860,5989
28860,1884
82856,480
82856,1198
82856,527
82856,296
82856,1210
82856,780
82856,5445
82856,2762
82856,8961
82856,50
55983,7361
55983,79132
55983,1213
55983,2762
55983,527
55983,58559
55983,55820
55983,5995
55983,1198
55983,2324
12578,5943
12578,56152
12578,4700
12578,57951
12578,58047
12578,69606
12578,4823
12578,62265
12578,46972
12578,4025
43249,4306
43249,4886
43249,7153
43249,4993
43249,33794
43249,1210
43249,59315
43249,58559
43249,5952
43249,356
121692,6539
121692,54286
121692,2571
121692,79132
121692,91542
121692,73017
121692,99114
121692,8665
121692,2959
121692,1203
115124,1036
115124,1704
115124,318
115124,3578
115124,1302
115124,2000
115124,1610
115124,4351
115124,1
115124,4995
97152,1234
97152,2762
97152,4306
97152,6377
97152,913
97152,954
97152,6539
97152,955
97152,110
97152,480
92899,4886
92899,150
92899,1196
92899,1610
92899,1136
92899,4963
92899,1197
92899,318
92899,68954
92899,3753
39345,50
39345,2762
39345,1193
39345,2858
39345,3949
39345,4995
39345,1089
39345,27773
39345,778
39345,111
89906,68954
89906,81591
89906,58559
89906,89745
89906,8368
89906,79702
89906,77561
89906,76093
89906,60069
89906,70286
111861,7438
111861,6874
111861,8961
111861,6377
111861,4963
111861,5445
111861,30793
111861,4886
111861,2762
111861,7361
107347,56367
107347,2858
107347,3949
107347,8784
107347,3556
107347,4979
107347,81591
107347,2144
107347,4973
107347,2657
112586,916
112586,1947
112586,933
112586,969
112586,902
112586,1250
112586,910
112586,914
112586,1207
112586,913
127190,589
127190,1274
127190,1196
127190,1240
127190,3527
127190,6502
127190,3702
127190,2288
127190,7022
127190,7570
74178,2858
74178,593
74178,608
74178,296
74178,1198
74178,2571
74178,1210
74178,778
74178,589
74178,1136
135605,968
135605,608
135605,2959
135605,6874
135605,1
135605,2571
135605,2762
135605,1215
135605,1270
135605,1240
32446,356
32446,2716
32446,4306
32446,2000
32446,1
32446,2115
32446,3793
32446,1270
32446,4963
32446,5349
26128,4306
26128,1961
26128,1704
26128,1197
26128,1225
26128,2396
26128,1
26128,1188
26128,539
26128,2324
115880,4963
115880,296
115880,2571
115880,1270
115880,54286
115880,50
115880,1704
115880,4993
115880,33794
115880,80463
48268,593
48268,858
48268,7361
48268,1206
48268,4973
48268,1213
48268,44555
48268,4011
48268,1221
48268,4235
22193,3462
22193,923
22193,969
22193,1208
22193,1221
22193,6643
22193,1201
22193,7156
22193,27741
22193,7234
47241,1210
47241,68954
47241,4306
47241,60069
47241,7153
47241,4993
47241,1198
47241,89745
47241,3114
47241,79132
49623,912
49623,58559
49623,527
49623,593
49623,296
49623,4973
49623,5291
49623,2951
49623,79132
49623,31658
95020,58559
95020,3917
95020,7387
95020,8874
95020,1210
95020,6755
95020,541
95020,7360
95020,1241
95020,1270
104509,356
104509,2571
104509,50
104509,2858
104509,47
104509,593
104509,858
104509,1193
104509,2959
104509,318
105511,1210
105511,260
105511,1214
105511,32
105511,2571
105511,1127
105511,1274
105511,1196
105511,589
105511,1200
124239,44665
124239,36529
124239,59315
124239,8984
124239,45499
124239,54001
124239,33615
124239,54272
124239,6378
124239,8972
132002,58559
132002,356
132002,593
132002,1
132002,589
132002,1617
132002,1704
132002,1193
132002,480
132002,5445
105701,49272
105701,6539
105701,44191
105701,318
105701,2329
105701,2542
105701,1210
105701,593
105701,1089
105701,4306
90451,33166
90451,49272
90451,44191
90451,7090
90451,7361
90451,8874
90451,41566
90451,38061
90451,54001
90451,7445
25391,593
25391,1197
25391,2762
25391,260
25391,296
25391,4993
25391,2571
25391,1291
25391,589
25391,110
125849,34405
125849,1275
125849,4941
125849,1080
125849,3704
125849,32
125849,6659
125849,2011
125849,2232
125849,1690
116141,318
116141,5445
116141,110
116141,592
116141,4973
116141,293
116141,364
116141,541
116141,1258
116141,3147
51999,7153
51999,5952
51999,2355
51999,1580
51999,3793
51999,356
51999,2011
51999,59315
51999,33794
51999,1197
131816,8961
131816,4306
131816,6377
131816,2059
131816,588
131816,2081
131816,1907
131816,7164
131816,6332
131816,5504
46404,48385
46404,296
46404,1732
46404,7361
46404,750
46404,223
46404,2997
46404,923
46404,1199
46404,2959
112081,8533
112081,5502
112081,35836
112081,586
112081,480
112081,356
112081,4720
112081,52458
112081,2291
112081,317
28933,2858
28933,68954
28933,1721
28933,1221
28933,2502
28933,4027
28933,1089
28933,380
28933,908
28933,920
13818,1270
13818,1682
13818,110
13818,4306
13818,4995
13818,1291
13818,590
13818,4014
13818,3578
13818,1198
123670,8641
123670,56367
123670,7451
123670,35836
123670,52973
123670,6942
123670,58998
123670,54503
123670,5620
123670,8376
96442,6874
96442,39446
96442,318
96442,5418
96442,1527
96442,2167
96442,2710
96442,2232
96442,377
96442,40732
39430,541
39430,2068
39430,1997
39430,307
39430,296
39430,2858
39430,527
39430,2131
39430,1464
39430,8405
46396,3018
46396,4437
46396,112183
46396,1982
46396,2858
46396,3476
46396,1244
46396,4754
46396,1200
46396,104879
109727,3578
109727,4993
109727,6874
109727,7361
109727,1198
109727,1961
109727,5952
109727,7153
109727,32
109727,1291
103457,1527
103457,58559
103457,1197
103457,904
103457,223
103457,7153
103457,4993
103457,4262
103457,4973
103457,1245
103538,4226
103538,2571
103538,593
103538,4973
103538,58559
103538,2959
103538,68157
103538,1193
103538,5618
103538,3949
63200,47
63200,4720
63200,648
63200,2858
63200,7438
63200,364
63200,1573
63200,33794
63200,4306
63200,59315
54575,589
54575,1923
54575,1210
54575,1265
54575,318
54575,2762
54575,4027
54575,1393
54575,2502
54575,3175
113603,1073
113603,2571
113603,597
113603,2997
113603,1704
113603,480
113603,1
113603,586
113603,7361
113603,364
15581,47
15581,3996
15581,4886
15581,2762
15581,3793
15581,260
15581,8961
15581,1580
15581,1527
15581,253
75178,50872
75178,46578
75178,7323
75178,56367
75178,7669
75178,1704
75178,6711
75178,2858
75178,1246
75178,81845
30755,7153
30755,5952
30755,356
30755,858
30755,593
30755,1136
30755,260
30755,7438
30755,50
30755,1206
72136,68954
72136,2355
72136,7153
72136,5952
72136,4993
72136,616
72136,1270
72136,5218
72136,1097
72136,76093
29307,6711
29307,1193
29307,357
29307,2959
29307,4034
29307,356
29307,5995
29307,2324
29307,111
29307,36
120274,106489
120274,98809
120274,102445
120274,356
120274,4993
120274,1210
120274,589
120274,89745
120274,480
120274,106487
26975,2571
26975,2858
26975,2948
26975,6711
26975,3198
26975,1080
26975,903
26975,1136
26975,1617
26975,1270
55433,593
55433,3578
55433,48516
55433,47
55433,3948
55433,4995
55433,2804
55433,1777
55433,1302
55433,104
108067,81591
108067,69481
108067,56367
108067,55820
108067,60069
108067,39183
108067,48516
108067,61240
108067,56782
108067,33166
103823,60069
103823,70286
103823,84944
103823,6377
103823,8874
103823,1206
103823,68237
103823,79091
103823,1258
103823,72998
18997,356
18997,110
18997,2858
18997,50
18997,1198
18997,7502
18997,293
18997,48516
18997,1291
18997,2019
116342,8874
116342,4728
116342,35836
116342,4306
116342,6373
116342,66934
116342,4816
116342,1682
116342,50872
116342,6807
22197,2329
22197,6377
22197,2959
22197,527
22197,1
22197,593
22197,63082
22197,58559
22197,2858
22197,2324
85699,1198
85699,50
85699,110
85699,377
85699,3994
85699,1291
85699,2502
85699,6365
85699,1393
85699,2115
23682,912
23682,6331
23682,1089
23682,1732
23682,2692
23682,1206
23682,3911
23682,5291
23682,5673
23682,6620
24123,588
24123,4886
24123,1907
24123,4993
24123,8961
24123,33615
24123,8533
24123,356
24123,41566
24123,6350
118529,2571
118529,1089
118529,608
118529,4027
118529,1732
118529,1197
118529,253
118529,480
118529,32587
118529,3147
15194,296
15194,2959
15194,7153
15194,1210
15194,7361
15194,4979
15194,4993
15194,2502
15194,1089
15194,318
137051,593
137051,318
137051,1198
137051,1210
137051,1
137051,4886
137051,1291
137051,6539
137051,1197
137051,296
50969,318
50969,7438
50969,6874
50969,7153
50969,3275
50969,2918
50969,356
50969,6333
50969,593
50969,4878
135266,1222
135266,1218
135266,32587
135266,555
135266,6001
135266,1729
135266,7482
135266,8874
135266,2858
135266,2997
34588,2959
34588,4306
34588,6377
34588,356
34588,593
34588,1580
34588,2028
34588,4226
34588,1198
34588,3793
28222,40278
28222,4369
28222,33493
28222,48780
28222,5810
28222,35836
28222,7458
28222,7438
28222,6373
28222,8957
9911,2959
9911,58559
9911,5952
9911,4993
9911,7153
9911,3578
9911,51662
9911,6539
9911,33493
9911,2028
89186,33794
89186,4011
89186,3275
89186,68358
89186,110
89186,3578
89186,260
89186,79132
89186,2278
89186,59369
117718,7934
117718,44555
117718,4873
117718,8930
117718,7089
117718,74677
117718,1089
117718,1921
117718,923
117718,3949
133870,1197
133870,6539
133870,5349
133870,5952
133870,7153
133870,2571
133870,8644
133870,1198
133870,1580
133870,1196
34029,47
34029,110
34029,1682
34029,589
34029,1246
34029,6377
34029,858
34029,2324
34029,595
34029,4973
37087,4886
37087,50872
37087,356
37087,63082
37087,6377
37087,3114
37087,364
37087,4973
37087,2918
37087,8961
43605,4973
43605,551
43605,2291
43605,924
43605,4878
43605,2959
43605,1206
43605,4226
43605,541
43605,7147
136520,589
136520,1917
136520,5459
136520,356
136520,8972
136520,6373
136520,595
136520,673
136520,3916
136520,110
128857,364
128857,6539
128857,7153
128857,4993
128857,3578
128857,2028
128857,588
128857,780
128857,3793
128857,1198
37057,1036
37057,1240
37057,2571
37057,3147
37057,2959
37057,318
37057,296
37057,1527
37057,2762
37057,733
69632,1270
69632,1225
69632,2762
69632,3147
69632,597
69632,1721
69632,1387
69632,3578
69632,5995
69632,6787
66393,318
66393,4306
66393,6539
66393,5952
66393,7153
66393,72998
66393,356
66393,68358
66393,54286
66393,59315
72999,1527
72999,45722
72999,1291
72999,4306
72999,63113
72999,3082
72999,69844
72999,40815
72999,364
72999,2115
70875,56757
70875,6863
70875,5952
70875,7153
70875,41566
70875,2572
70875,1580
70875,63876
70875,4878
70875,4973
64552,858
64552,2571
64552,68954
64552,4878
64552,50
64552,51255
64552,1193
64552,55820
64552,6874
64552,35836
93564,2858
93564,2571
93564,4973
93564,2019
93564,750
93564,2324
93564,1252
93564,48516
93564,5995
93564,47
31910,1196
31910,2716
31910,7361
31910,2762
31910,2997
31910,5445
31910,3147
31910,47
31910,1704
31910,858
104901,1200
104901,5219
104901,480
104901,1196
104901,589
104901,4343
104901,4638
104901,3697
104901,33493
104901,1240
47606,1196
47606,2959
47606,2571
47606,2019
47606,1136
47606,541
47606,260
47606,3996
47606,527
47606,858
88123,593
88123,6711
88123,1500
88123,6874
88123,47
88123,4878
88123,608
88123,1196
88123,778
88123,356
53060,1265
53060,1206
53060,2716
53060,527
53060,2291
53060,2628
53060,2470
53060,2858
53060,4995
53060,33794
18965,50
18965,47
18965,296
18965,16
18965,4239
18965,778
18965,55820
18965,6874
18965,2571
18965,33166
31789,2762
31789,39
31789,69757
31789,356
31789,6377
31789,2918
31789,1073
31789,68954
31789,58559
31789,1704
129978,10
129978,165
129978,1291
129978,6539
129978,1198
129978,5459
129978,2115
129978,2012
129978,33493
129978,377
66823,4246
66823,1296
66823,1079
66823,1641
66823,1265
66823,608
66823,2352
66823,2858
66823,6218
66823,318
83826,1527
83826,1676
83826,48516
83826,4223
83826,648
83826,45499
83826,480
83826,48780
83826,34048
83826,4874
93297,4306
93297,46578
93297,6863
93297,597
93297,364
93297,7444
93297,5620
93297,2706
93297,5299
93297,45720
31236,1210
31236,3578
31236,7153
31236,1291
31236,592
31236,8360
31236,1527
31236,1196
31236,260
31236,6377
133325,1
133325,56367
133325,55269
133325,608
133325,4306
133325,296
133325,2571
133325,7147
133325,1704
133325,588
88324,457
88324,2858
88324,1704
88324,49272
88324,593
88324,2329
88324,8665
88324,1193
88324,7361
88324,260
88711,356
88711,858
88711,527
88711,1196
88711,81845
88711,4226
88711,2959
88711,318
88711,109374
88711,76093
41324,4226
41324,2571
41324,4973
41324,2858
41324,47
41324,2115
41324,296
41324,1625
41324,1527
41324,32
175,1198
175,480
175,110
175,1704
175,527
175,590
175,1270
175,780
175,500
175,1097
136504,78499
136504,60069
136504,58559
136504,3578
136504,76093
136504,2571
136504,4226
136504,8970
136504,1246
136504,48516
44633,1214
44633,2716
44633,2762
44633,593
44633,2028
44633,1073
44633,1200
44633,480
44633,1321
44633,1097
51466,260
51466,1196
51466,914
51466,2571
51466,902
51466,2467
51466,1356
51466,1527
51466,5816
51466,59315
5347,5971
5347,44191
5347,32587
5347,4878
5347,4973
5347,68157
5347,48394
5347,97752
5347,48043
5347,4993
3797,63082
3797,55442
3797,57669
3797,31410
3797,44195
3797,46976
3797,58559
3797,48516
3797,55908
3797,30749
90403,480
90403,318
90403,1704
90403,110
90403,150
90403,527
90403,5445
90403,2716
90403,2918
90403,4022
23009,3703
23009,1222
23009,1320
23009,2115
23009,1997
23009,33794
23009,2985
23009,8798
23009,3081
23009,1527
106957,1036
106957,858
106957,2959
106957,1089
106957,3578
106957,2858
106957,1645
106957,163
106957,380
106957,50
3971,736
3971,5989
3971,45668
3971,37727
3971,6768
3971,356
3971,2006
3971,5955
3971,50160
3971,3623
81729,7153
81729,64957
81729,1214
81729,4226
81729,7147
81729,37729
81729,2571
81729,56367
81729,48780
81729,3949
113901,5952
113901,79132
113901,72998
113901,6373
113901,73017
113901,1721
113901,8360
113901,2379
113901,364
113901,7254
30247,2797
30247,1393
30247,357
30247,1225
30247,1674
30247,508
30247,1962
30247,454
30247,2803
30247,3252
69721,2762
69721,48394
69721,31658
69721,4226
69721,3578
69721,1136
69721,318
69721,1580
69721,5218
69721,1274
57733,260
57733,3793
57733,5445
57733,91529
57733,2028
57733,527
57733,6365
57733,74458
57733,2762
57733,87232
88271,44191
88271,48516
88271,41997
88271,33166
88271,48385
88271,37741
88271,30707
88271,36517
88271,33794
88271,45210
66287,8636
66287,1210
66287,3578
66287,1196
66287,356
66287,4226
66287,6333
66287,8368
66287,1617
66287,589
69682,541
69682,5971
69682,1196
69682,68358
69682,2628
69682,480
69682,1198
69682,6365
69682,62956
69682,1580
39438,58559
39438,6016
39438,4973
39438,46578
39438,68157
39438,56367
39438,778
39438,608
39438,1704
39438,2571
117324,2959
117324,2571
117324,47
117324,318
117324,7361
117324,858
117324,4226
117324,608
117324,904
117324,1221
108203,50
108203,74458
108203,4754
108203,58559
108203,68237
108203,1214
108203,79132
108203,6502
108203,8950
108203,1089
49836,2076
49836,3415
49836,2959
49836,1258
49836,1208
49836,4914
49836,4848
49836,750
49836,1193
49836,1265
88288,1682
88288,4963
88288,356
88288,593
88288,589
88288,63082
88288,4226
88288,44191
88288,4306
88288,5989
128146,296
128146,318
128146,2329
128146,48516
128146,231
128146,8665
128146,2502
128146,47
128146,5989
128146,33794
51558,457
51558,454
51558,2268
51558,4007
51558,56788
51558,98154
51558,58559
51558,1792
51558,30812
51558,3107
91007,91630
91007,2959
91007,5445
91007,49530
91007,49272
91007,91542
91007,73017
91007,68954
91007,68157
91007,47610
19963,4246
19963,5218
19963,6377
19963,1198
19963,296
19963,1704
19963,7373
19963,38038
19963,5299
19963,480
54822,1210
54822,1196
54822,588
54822,1197
54822,595
54822,3114
54822,6539
54822,1291
54822,3793
54822,5349
5378,79132
5378,2959
5378,7361
5378,4973
5378,3949
5378,2571
5378,2858
5378,81591
5378,2692
5378,106920
104769,4973
104769,1207
104769,4226
104769,1198
104769,1259
104769,2324
104769,1270
104769,3317
104769,1302
104769,904
43665,593
43665,318
43665,260
43665,1089
43665,2329
43665,5952
43665,4973
43665,48394
43665,55820
43665,608
15576,2959
15576,78499
15576,76093
15576,318
15576,59315
15576,356
15576,3578
15576,49530
15576,6539
15576,73017
114188,2762
114188,3578
114188,356
114188,2918
114188,4034
114188,1222
114188,2028
114188,5418
114188,3552
114188,6188
127969,924
127969,1219
127969,541
127969,27773
127969,750
127969,1199
127969,1232
127969,5971
127969,1175
127969,741
89807,1213
89807,79132
89807,2858
89807,4011
89807,1617
89807,68157
89807,58559
89807,88129
89807,903
89807,4226
54940,356
54940,6377
54940,318
54940,2858
54940,47
54940,2762
54940,6333
54940,4878
54940,223
54940,3793
128182,318
128182,1036
128182,8961
128182,1262
128182,1136
128182,4993
128182,293
128182,32
128182,1266
128182,4226
99464,2762
99464,1036
99464,1704
99464,33794
99464,50
99464,296
99464,2959
99464,1968
99464,91529
99464,858
58640,7017
58640,2470
58640,1608
58640,349
58640,2058
58640,4344
58640,434
58640,4673
58640,6539
58640,3256
103254,32587
103254,8636
103254,733
103254,5349
103254,8633
103254,33004
103254,2021
103254,62956
103254,3256
103254,60069
115669,49910
115669,8533
115669,63082
115669,40819
115669,30707
115669,34072
115669,30749
115669,47099
115669,8958
115669,7155
75909,4226
75909,2959
75909,110
75909,296
75909,527
75909,356
75909,858
75909,4993
75909,6016
75909,2329
25680,3578
25680,68954
25680,1527
25680,7438
25680,6874
25680,1682
25680,924
25680,60684
25680,527
25680,2683
134117,2918
134117,318
134117,54503
134117,69122
134117,91529
134117,91077
134117,7361
134117,4306
134117,89864
134117,150
96226,1517
96226,1136
96226,2959
96226,77561
96226,1270
96226,54286
96226,480
96226,54272
96226,73017
96226,370
76874,7361
76874,1210
76874,111
76874,4848
76874,47
76874,4027
76874,1080
76874,1921
76874,2712
76874,3362
83914,4226
83914,50
83914,47
83914,4262
83914,54286
83914,51662
83914,55765
83914,356
83914,2858
83914,44665
117950,1198
117950,356
117950,49272
117950,5418
117950,6539
117950,2959
117950,1
117950,8636
117950,68358
117950,2762
82503,50872
82503,76093
82503,8961
82503,59315
82503,6539
82503,6378
82503,6377
82503,68954
82503,4886
82503,77561
78601,2019
78601,1221
78601,2858
78601,750
78601,904
78601,4973
78601,2324
78601,923
78601,2186
78601,1252
20346,356
20346,7147
20346,46578
20346,5618
20346,81591
20346,5989
20346,1246
20346,7153
20346,1968
20346,4993
103268,597
103268,110
103268,64614
103268,63082
103268,1101
103268,49530
103268,1036
103268,6377
103268,2571
103268,1923
105316,3000
105316,318
105316,46578
105316,3949
105316,48394
105316,4973
105316,123
105316,56367
105316,2997
105316,5878
119824,110
119824,4878
119824,480
119824,7153
119824,4993
119824,1732
119824,6283
119824,1682
119824,50
119824,79702
2482,5349
2482,6377
2482,63131
2482,5952
2482,61024
2482,70286
2482,6874
2482,44665
2482,480
2482,4226
29579,59315
29579,6874
29579,7361
29579,2329
29579,1221
29579,1527
29579,7438
29579,1089
29579,4878
29579,2542
76644,1036
76644,58559
76644,150
76644,924
76644,6502
76644,1275
76644,1587
76644,1215
76644,1198
76644,7153
111517,2762
111517,1270
111517,8961
111517,4886
111517,1
111517,592
111517,597
111517,3793
111517,1073
111517,2916
130762,33794
130762,2959
130762,3147
130762,4226
130762,4011
130762,5349
130762,356
130762,47
130762,260
130762,1196
97096,356
97096,260
97096,5952
97096,4993
97096,7153
97096,1198
97096,72998
97096,49272
97096,60069
97096,26614
21380,8961
21380,50872
21380,356
21380,6377
21380,63082
21380,5377
21380,46976
21380,7361
21380,58559
21380,2959
13199,2028
13199,110
13199,1198
13199,48780
13199,1193
13199,778
13199,589
13199,3578
13199,32
13199,608
48641,5445
48641,527
48641,110
48641,2324
48641,1682
48641,589
48641,5989
48641,1210
48641,318
48641,4973
25686,1580
25686,145
25686,780
25686,377
25686,736
25686,31685
25686,1370
25686,4369
25686,1573
25686,1552
52661,48738
52661,68237
52661,56174
52661,55118
52661,76251
52661,49530
52661,57368
52661,37733
52661,73323
52661,80463
52368,48394
52368,356
52368,6874
52368,109487
52368,99114
52368,1258
52368,46578
52368,7438
52368,1208
52368,106920
75837,4878
75837,4979
75837,55820
75837,111
75837,2997
75837,1213
75837,1222
75837,68157
75837,6993
75837,356
31439,106782
31439,3147
31439,318
31439,356
31439,593
31439,63082
31439,58559
31439,91529
31439,8533
31439,99114
60608,33794
60608,2959
60608,2080
60608,527
60608,2078
60608,58559
60608,2028
60608,1097
60608,50872
60608,1197
47310,597
47310,7361
47310,593
47310,356
47310,63876
47310,44555
47310,3967
47310,6016
47310,1961
47310,1721
107986,60069
107986,6539
107986,76093
107986,66934
107986,44191
107986,33794
107986,4014
107986,2125
107986,4963
107986,47610
37594,79132
37594,81784
37594,66203
37594,82167
37594,84374
37594,88179
37594,90576
37594,69757
37594,73015
37594,68135
5314,44191
5314,8983
5314,32587
5314,33679
5314,45499
5314,56921
5314,33437
5314,46530
5314,51255
5314,7810
70144,296
70144,50
70144,2858
70144,110
70144,318
70144,1961
70144,49530
70144,4776
70144,5010
70144,54997
24876,99114
24876,593
24876,2329
24876,356
24876,2858
24876,7254
24876,27773
24876,32587
24876,6874
24876,3147
107776,79132
107776,356
107776,2959
107776,55820
107776,58559
107776,1201
107776,912
107776,1214
107776,1089
107776,47
61603,318
61603,1674
61603,541
61603,1231
61603,1262
61603,1
61603,6787
61603,919
61603,1196
61603,924
106436,4226
106436,1206
106436,7361
106436,2858
106436,2571
106436,1196
106436,260
106436,318
106436,1197
106436,58559
55391,36517
55391,96610
55391,48780
55391,82459
55391,68954
55391,41997
55391,104841
55391,48516
55391,46578
55391,39183
6236,1214
6236,858
6236,1036
6236,1527
6236,44191
6236,356
6236,1200
6236,7143
6236,6333
6236,1275
71266,33493
71266,59615
71266,7153
71266,49272
71266,6564
71266,45722
71266,32596
71266,51662
71266,53996
71266,56171
52852,1193
52852,79132
52852,6870
52852,68157
52852,89759
52852,81845
52852,6874
52852,58559
52852,2762
52852,7143
115375,7361
115375,4226
115375,356
115375,79132
115375,2959
115375,1198
115375,47
115375,110
115375,1210
115375,4973
10156,5989
10156,364
10156,4995
10156,58559
10156,8533
10156,48516
10156,48780
10156,40819
10156,4973
10156,63082
843,96728
843,105844
843,99114
843,109374
843,106920
843,102194
843,608
843,4226
843,103980
843,89804
96523,53996
96523,88140
96523,6377
96523,1552
96523,8368
96523,91529
96523,4896
96523,592
96523,4022
96523,2640
58396,2571
58396,8874
58396,2959
58396,58559
58396,59315
58396,51255
58396,4878
58396,61132
58396,54995
58396,57368
105274,750
105274,32
105274,4226
105274,778
105274,2959
105274,7438
105274,3949
105274,2329
105274,2571
105274,1732
105085,4226
105085,7153
105085,5952
105085,4993
105085,296
105085,593
105085,3000
105085,32
105085,3147
105085,44191
41210,1247
41210,2571
41210,1673
41210,1198
41210,3421
41210,3671
41210,3168
41210,1090
41210,16
41210,1304
106872,480
106872,648
106872,356
106872,377
106872,2617
106872,380
106872,1552
106872,593
106872,2353
106872,4995
71788,96079
71788,74458
71788,96811
71788,104879
71788,93838
71788,89774
71788,107069
71788,97923
71788,94864
71788,92507
110396,2858
110396,2571
110396,4973
110396,4995
110396,4306
110396,1246
110396,3578
110396,527
110396,593
110396,8360
9591,858
9591,1961
9591,2858
9591,593
9591,356
9591,318
9591,527
9591,1610
9591,150
9591,2028
30037,8810
30037,7444
30037,35836
30037,1032
30037,55282
30037,5151
30037,2792
30037,53000
30037,1321
30037,7293
60874,106782
60874,97921
60874,80463
60874,4226
60874,2858
60874,56367
60874,2571
60874,70286
60874,7438
60874,6874
105946,2706
105946,260
105946,6537
105946,3552
105946,1663
105946,4718
105946,589
105946,1036
105946,1198
105946,2335
40681,480
40681,296
40681,4993
40681,6539
40681,33794
40681,2959
40681,8636
40681,1
40681,33493
40681,1240
47321,1721
47321,2858
47321,356
47321,1923
47321,1784
47321,4995
47321,4973
47321,2396
47321,590
47321,500
61934,4993
61934,2571
61934,58559
61934,48516
61934,356
61934,296
61934,7153
61934,68157
61934,64614
61934,47
123202,356
123202,4306
123202,58559
123202,8368
123202,40815
123202,54001
123202,72998
123202,2571
123202,5989
123202,6863
9498,4878
9498,2762
9498,2571
9498,2959
9498,5816
9498,4896
9498,58559
9498,8970
9498,40815
9498,56757
86211,858
86211,1884
86211,48516
86211,4027
86211,4995
86211,1213
86211,5952
86211,7153
86211,3275
86211,1221
117896,4993
117896,2959
117896,858
117896,356
117896,6874
117896,3578
117896,1221
117896,110
117896,4306
117896,4995
47605,2959
47605,2288
47605,1214
47605,7099
47605,5690
47605,4886
47605,6502
47605,8874
47605,2746
47605,71535
116673,2762
116673,1198
116673,480
116673,2959
116673,2054
116673,2571
116673,2791
116673,344
116673,586
116673,4306
122835,2858
122835,58559
122835,4878
122835,2762
122835,296
122835,68237
122835,80463
122835,1196
122835,260
122835,72998
45358,4993
45358,5952
45358,7153
45358,318
45358,2858
45358,356
45358,2762
45358,2324
45358,1784
45358,4886
135128,318
135128,4963
135128,2858
135128,733
135128,47
135128,3996
135128,4011
135128,48516
135128,293
135128,1682
136218,40815
136218,5816
136218,8368
136218,8961
136218,5349
136218,4896
136218,260
136218,3793
136218,33794
136218,68358
52106,589
52106,5349
52106,33794
52106,253
52106,356
52106,33004
52106,4874
52106,33493
52106,163
52106,3301
37127,4963
37127,527
37127,4993
37127,2762
37127,2396
37127,5952
37127,2858
37127,1704
37127,7153
37127,8533
71784,1197
71784,6539
71784,1291
71784,1210
71784,1270
71784,60069
71784,1198
71784,5944
71784,2716
71784,8961
102951,593
102951,356
102951,2858
102951,1206
102951,3949
102951,48385
102951,48394
102951,60069
102951,1682
102951,2329
6147,7361
6147,4973
6147,8961
6147,6377
6147,318
6147,3911
6147,6218
6147,8949
6147,4993
6147,5952
97407,5618
97407,56367
97407,17
97407,2144
97407,1197
97407,81845
97407,2572
97407,3897
97407,902
97407,2959
131515,79132
131515,293
131515,593
131515,2329
131515,356
131515,1196
131515,47
131515,1206
131515,778
131515,3949
50823,7153
50823,1097
50823,4993
50823,1210
50823,1214
50823,1704
50823,296
50823,587
50823,1527
50823,110
108820,3578
108820,104841
108820,2028
108820,5445
108820,2959
108820,63082
108820,59615
108820,589
108820,106487
108820,106782
36098,4896
36098,5816
36098,5418
36098,5669
36098,3948
36098,4963
36098,6377
36098,4306
36098,6218
36098,35836
131080,58559
131080,260
131080,1175
131080,48394
131080,7153
131080,47
131080,593
131080,1136
131080,1748
131080,608
96526,56367
96526,296
96526,2571
96526,4878
96526,76251
96526,318
96526,71535
96526,2918
96526,44195
96526,1089
54200,2028
54200,260
54200,2858
54200,3578
54200,2959
54200,1517
54200,2762
54200,3996
54200,1240
54200,2706
74011,1206
74011,1089
74011,47
74011,1258
74011,2329
74011,32
74011,1222
74011,7387
74011,5952
74011,2288
115846,54001
115846,8641
115846,6863
115846,106489
115846,98809
115846,79132
115846,73017
115846,112138
115846,46972
115846,2959
5801,81591
5801,356
5801,1721
5801,69757
5801,63082
5801,318
5801,2762
5801,595
5801,2959
5801,39
7667,4886
7667,6377
7667,74458
7667,2959
7667,58559
7667,46578
7667,2355
7667,2080
7667,50872
7667,4973
93090,4306
93090,106072
93090,72998
93090,6539
93090,91542
93090,91500
93090,58559
93090,60069
93090,96079
93090,91630
35762,1240
35762,6502
35762,1197
35762,5445
35762,1748
35762,1617
35762,3793
35762,6874
35762,1682
35762,2890
88156,48774
88156,56782
88156,1221
88156,2028
88156,1213
88156,858
88156,1089
88156,4226
88156,57669
88156,1036
62982,527
62982,457
62982,7438
62982,589
62982,6874
62982,4226
62982,1196
62982,7153
62982,32587
62982,4878
4270,91529
4270,81847
4270,87232
4270,91500
4270,5952
4270,7153
4270,79132
4270,91542
4270,4993
4270,41566
60939,4226
60939,2959
60939,1682
60939,2858
60939,296
60939,2918
60939,7361
60939,2700
60939,1136
60939,5445
42227,593
42227,318
42227,1291
42227,296
42227,1527
42227,541
42227,33794
42227,110
42227,2858
42227,1967
71991,1
71991,588
71991,41566
71991,8360
71991,4886
71991,1907
71991,5218
71991,4016
71991,30793
71991,3114
51970,2918
51970,593
51970,318
51970,1270
51970,47
51970,4973
51970,608
51970,6711
51970,2321
51970,6377
121546,593
121546,296
121546,356
121546,2571
121546,54286
121546,7153
121546,6016
121546,110
121546,3578
121546,44665
83443,1207
83443,1198
83443,17
83443,1291
83443,497
83443,6377
83443,4995
83443,50872
83443,28
83443,904
48450,318
48450,32
48450,608
48450,1193
48450,4226
48450,48394
48450,750
48450,55820
48450,68157
48450,778
40960,55820
40960,1213
40960,1258
40960,4022
40960,1270
40960,1997
40960,63082
40960,79132
40960,2542
40960,4886
82859,595
82859,1
82859,2657
82859,4306
82859,1073
82859,1198
82859,1097
82859,1028
82859,6377
82859,141
58783,318
58783,2858
58783,4973
58783,2329
58783,2324
58783,32
58783,778
58783,2692
58783,8873
58783,46578
121365,296
121365,2571
121365,589
121365,2028
121365,480
121365,231
121365,165
121365,150
121365,733
121365,69
36339,1036
36339,5445
36339,858
36339,1214
36339,4878
36339,1617
36339,33794
36339,2329
36339,1208
36339,60069
10303,97870
10303,90439
10303,56333
10303,96488
10303,102194
10303,61323
10303,59315
10303,64614
10303,73015
10303,91622
17543,1198
17543,2918
17543,2028
17543,1732
17543,480
17543,2716
17543,457
17543,4027
17543,1923
17543,608
131598,1230
131598,1251
131598,1211
131598,1232
131598,1572
131598,111
131598,3415
131598,4928
131598,3788
131598,8154
35333,858
35333,1193
35333,4226
35333,1198
35333,1242
35333,50
35333,1197
35333,1262
35333,7361
35333,79132
45544,318
45544,593
45544,2502
45544,2959
45544,1136
45544,1258
45544,7361
45544,2858
45544,778
45544,4262
27733,47
27733,4226
27733,296
27733,4878
27733,6539
27733,44191
27733,2762
27733,4995
27733,260
27733,49530
71928,30707
71928,55269
71928,72998
71928,44191
71928,27831
71928,60684
71928,74458
71928,63062
71928,30820
71928,60069
99754,3152
99754,4465
99754,4322
99754,348
99754,2065
99754,1095
99754,373
99754,7983
99754,2247
99754,1343
134534,2858
134534,60069
134534,4973
134534,2762
134534,1198
134534,356
134534,1291
134534,5618
134534,1270
134534,1580
92785,50
92785,32
92785,4973
92785,778
92785,527
92785,2858
92785,4226
92785,7361
92785,6016
92785,4011
21862,1221
21862,2028
21862,49272
21862,2762
21862,81834
21862,88125
21862,593
21862,2858
21862,6874
21862,3000
3879,2762
3879,527
3879,593
3879,296
3879,1269
3879,64614
3879,68157
3879,1276
3879,58559
3879,2959
124957,33794
124957,7153
124957,4011
124957,32587
124957,32
124957,1198
124957,356
124957,1193
124957,3996
124957,2542
70226,318
70226,44191
70226,55820
70226,8874
70226,48394
70226,1732
70226,1196
70226,356
70226,260
70226,48516
25255,1
25255,6377
25255,4973
25255,2959
25255,5952
25255,7153
25255,4993
25255,1274
25255,741
25255,65261
50466,858
50466,527
50466,1193
50466,6711
50466,1732
50466,32
50466,47
50466,3949
50466,3160
50466,1258
25942,595
25942,2137
25942,40815
25942,364
25942,8360
25942,45431
25942,1025
25942,1033
25942,2087
25942,6539
14910,47
14910,296
14910,6880
14910,5679
14910,8947
14910,2959
14910,1258
14910,2028
14910,44972
14910,5952
68008,59315
68008,1136
68008,608
68008,2571
68008,1270
68008,4011
68008,3578
68008,56782
68008,2762
68008,1
77463,527
77463,69757
77463,1732
77463,593
77463,6874
77463,47
77463,4226
77463,60950
77463,3578
77463,1704
51965,47
51965,2571
51965,4226
51965,589
51965,858
51965,4027
51965,3996
51965,8784
51965,4235
51965,6953
105449,588
105449,32
105449,1225
105449,35836
105449,7173
105449,1032
105449,30812
105449,4370
105449,7293
105449,3250
109177,50
109177,2858
109177,475
109177,515
109177,2336
109177,1635
109177,2997
109177,608
109177,4226
109177,527
12318,48516
12318,63082
12318,48394
12318,5995
12318,5618
12318,55247
12318,356
12318,60069
12318,1704
12318,1089
132368,33683
132368,1982
132368,2459
132368,3917
132368,2959
132368,6820
132368,1206
132368,1321
132368,2858
132368,35836
117142,1704
117142,318
117142,8464
117142,5669
117142,48394
117142,4226
117142,527
117142,1259
117142,44195
117142,7147
22573,1089
22573,33166
22573,6711
22573,2028
22573,1265
22573,1246
22573,8949
22573,2599
22573,292
22573,110
128892,8961
128892,1
128892,2115
128892,3578
128892,1610
128892,593
128892,318
128892,110
128892,592
128892,733
26902,2081
26902,1907
26902,56152
26902,60069
26902,69844
26902,364
26902,8808
26902,5066
26902,588
26902,56949
24400,7361
24400,7438
24400,6874
24400,2959
24400,2571
24400,4993
24400,593
24400,47
24400,3949
24400,2167
73024,68237
73024,3578
73024,2762
73024,4878
73024,296
73024,48774
73024,858
73024,88129
73024,5989
73024,32
127526,780
127526,3793
127526,858
127526,1198
127526,6016
127526,44665
127526,1704
127526,1193
127526,5418
127526,4963
80149,2762
80149,608
80149,296
80149,6711
80149,3578
80149,1
80149,2959
80149,4226
80149,858
80149,527
3641,4993
3641,1240
3641,318
3641,7153
3641,25
3641,2467
3641,1258
3641,194
3641,5952
3641,1198
29317,608
29317,50
29317,1089
29317,32
29317,111
29317,750
29317,1208
29317,1214
29317,1732
29317,589
64232,51662
64232,7438
64232,3996
64232,208
64232,4306
64232,527
64232,1580
64232,1270
64232,2997
64232,1127
21999,356
21999,1258
21999,7438
21999,4226
21999,47
21999,1193
21999,6539
21999,4306
21999,750
21999,912
38231,1097
38231,364
38231,1580
38231,587
38231,231
38231,2028
38231,318
38231,150
38231,2716
38231,3578
61659,1090
61659,4011
61659,1136
61659,2858
61659,4262
61659,1704
61659,2918
61659,2571
61659,318
61659,1196
120574,4993
120574,260
120574,89745
120574,296
120574,608
120574,79132
120574,318
120574,5952
120574,356
120574,527
114350,58559
114350,33794
114350,4306
114350,1210
114350,60069
114350,6539
114350,50872
114350,66934
114350,79132
114350,76093
117143,3578
117143,47
117143,1270
117143,2997
117143,6711
117143,1080
117143,4027
117143,1617
117143,8464
117143,1222
81396,165
81396,103253
81396,7438
81396,44665
81396,1222
81396,84772
81396,81537
81396,1370
81396,4022
81396,103042
93484,551
93484,923
93484,919
93484,1200
93484,2640
93484,2019
93484,3213
93484,2366
93484,2048
93484,912
91841,590
91841,1704
91841,1721
91841,110
91841,527
91841,318
91841,1222
91841,344
91841,1089
91841,595
129338,44191
129338,6942
129338,2396
129338,4973
129338,5991
129338,7147
129338,1059
129338,4878
129338,54001
129338,56367
84452,3415
84452,4422
84452,26578
84452,8197
84452,3503
84452,25898
84452,6609
84452,7820
84452,48165
84452,7937
136377,6539
136377,79132
136377,356
136377,5952
136377,919
136377,58559
136377,1073
136377,2571
136377,364
136377,1136
118642,527
118642,49530
118642,2028
118642,296
118642,2329
118642,48780
118642,858
118642,55765
118642,79132
118642,4993
78087,1580
78087,356
78087,72998
78087,47
78087,2762
78087,2502
78087,35836
78087,2115
78087,1089
78087,5445
83825,898
83825,608
83825,858
83825,912
83825,951
83825,1307
83825,908
83825,50
83825,1077
83825,899
57430,541
57430,99114
57430,58559
57430,54286
57430,318
57430,260
57430,7153
57430,4226
57430,1196
57430,1198
43018,68157
43018,3949
43018,27904
43018,66097
43018,79132
43018,31658
43018,44191
43018,32587
43018,74458
43018,4993
9655,6377
9655,4308
9655,588
9655,4993
9655,1
9655,1777
9655,8376
9655,8961
9655,1136
9655,5816
21570,44665
21570,40819
21570,33162
21570,34534
21570,40278
21570,39446
21570,36529
21570,37382
21570,37720
21570,34162
99308,2571
99308,1222
99308,858
99308,260
99308,1089
99308,608
99308,1196
99308,2858
99308,527
99308,1201
8864,2918
8864,16
8864,1517
8864,1214
8864,3481
8864,1198
8864,4027
8864,6016
8864,6
8864,2791
58922,1200
58922,1682
58922,1208
58922,4855
58922,2700
58922,80463
58922,45950
58922,3000
58922,69481
58922,70286
81047,4973
81047,32587
81047,4226
81047,1222
81047,2959
81047,7022
81047,2542
81047,5669
81047,7361
81047,1193
42088,46578
42088,4306
42088,4878
42088,47
42088,527
42088,78499
42088,1193
42088,593
42088,6016
42088,7147
121852,7156
121852,1208
121852,6867
121852,1247
121852,6787
121852,7361
121852,1267
121852,1221
121852,858
121852,3006
51481,597
51481,1580
51481,1923
51481,2858
51481,4306
51481,648
51481,318
51481,380
51481,2716
51481,377
62970,59369
62970,67087
62970,2329
62970,2571
62970,58998
62970,52973
62970,48516
62970,48780
62970,49530
62970,318
123747,4226
123747,47
123747,8636
123747,4306
123747,2762
123747,1197
123747,32
123747,2918
123747,161
123747,6377
121673,32
121673,318
121673,4226
121673,296
121673,2571
121673,1527
121673,1653
121673,2762
121673,47
121673,55820
29391,1265
29391,1210
29391,1196
29391,318
29391,5502
29391,4975
29391,33493
29391,6365
29391,1097
29391,2329
12904,50
12904,1221
12904,1247
12904,1252
12904,1089
12904,4226
12904,318
12904,922
12904,47
12904,923
68342,52973
68342,54503
68342,1265
68342,1968
68342,724
68342,2571
68342,3052
68342,56757
68342,4226
68342,7360
4791,356
4791,1210
4791,2716
4791,589
4791,1291
4791,4489
4791,7153
4791,5952
4791,1101
4791,1517
131439,2502
131439,50
131439,2329
131439,318
131439,3578
131439,2959
131439,3275
131439,48780
131439,44199
131439,110
7468,899
7468,79132
7468,955
7468,945
7468,3088
7468,1269
7468,4993
7468,953
7468,5952
7468,7153
105640,40629
105640,1674
105640,1183
105640,2858
105640,1259
105640,1680
105640,4226
105640,7361
105640,39183
105640,904
21037,5445
21037,4993
21037,7143
21037,3996
21037,33437
21037,8798
21037,30793
21037,1196
21037,6378
21037,7445
75447,5418
75447,48780
75447,2571
75447,3578
75447,32587
75447,44191
75447,46578
75447,1196
75447,1210
75447,56782
123330,1210
123330,1240
123330,110
123330,6333
123330,589
123330,5349
123330,2628
123330,5952
123330,480
123330,2701
124097,2762
124097,593
124097,356
124097,3578
124097,1221
124097,1234
124097,5989
124097,1252
124097,2858
124097,1580
94276,318
94276,44191
94276,4226
94276,1200
94276,32
94276,50
94276,1921
94276,2916
94276,924
94276,3702
133381,50
133381,2858
133381,7361
133381,2959
133381,318
133381,4973
133381,2395
133381,4226
133381,8910
133381,6874
103365,296
103365,48780
103365,48516
103365,110
103365,47
103365,593
103365,4011
103365,49272
103365,5418
103365,63082
87385,1270
87385,58559
87385,1198
87385,318
87385,380
87385,47
87385,1036
87385,344
87385,3578
87385,50
49874,2858
49874,541
49874,5952
49874,912
49874,1208
49874,1079
49874,318
49874,260
49874,2762
49874,3578
68306,7132
68306,750
68306,899
68306,904
68306,1198
68306,3334
68306,1079
68306,1207
68306,950
68306,903
90249,2858
90249,858
90249,150
90249,2762
90249,165
90249,377
90249,590
90249,457
90249,1961
90249,454
114989,4816
114989,1240
114989,1228
114989,1097
114989,4262
114989,3253
114989,3527
114989,858
114989,7438
114989,6874
57427,2329
57427,32
57427,2959
57427,4226
57427,47
57427,593
57427,1258
57427,6502
57427,4725
57427,4902
47738,2329
47738,32
47738,1291
47738,293
47738,5618
47738,8874
47738,1206
47738,592
47738,2858
47738,3578
33060,1198
33060,2959
33060,356
33060,480
33060,260
33060,780
33060,3996
33060,3578
33060,33794
33060,1270
60800,1097
60800,3448
60800,1035
60800,1387
60800,1302
60800,150
60800,1270
60800,3039
60800,587
60800,33660
132851,858
132851,1247
132851,1952
132851,1221
132851,246
132851,1230
132851,3468
132851,318
132851,296
132851,1250
18297,51662
18297,32
18297,1917
18297,150
18297,8985
18297,2470
18297,1784
18297,2683
18297,1517
18297,1377
79076,4306
79076,4886
79076,68954
79076,356
79076,7147
79076,56757
79076,4878
79076,55442
79076,1022
79076,899
55489,1214
55489,4226
55489,296
55489,608
55489,1199
55489,1208
55489,33896
55489,4437
55489,7063
55489,778
20039,318
20039,356
20039,2706
20039,780
20039,53972
20039,2858
20039,47
20039,4306
20039,59315
20039,1580
43644,2571
43644,318
43644,16
43644,1193
43644,1206
43644,1617
43644,589
43644,1252
43644,1258
43644,2329
14182,7153
14182,4993
14182,541
14182,99114
14182,2858
14182,79132
14182,68157
14182,2542
14182,91529
14182,7099
90320,2329
90320,1136
90320,4226
90320,7323
90320,1193
90320,2997
90320,46578
90320,750
90320,31410
90320,904
104964,58559
104964,1203
104964,1197
104964,1193
104964,50
104964,1
104964,296
104964,5952
104964,7153
104964,4993
58738,1721
58738,8368
58738,2628
58738,2712
58738,8961
58738,32587
58738,8981
58738,2571
58738,4370
58738,8959
32602,68954
32602,6942
32602,4995
32602,318
32602,51931
32602,1704
32602,56941
32602,58047
32602,4880
32602,49286
18765,46578
18765,39292
18765,37741
18765,8784
18765,46976
18765,34072
18765,50685
18765,33794
18765,27790
18765,34528
95911,4226
95911,2858
95911,2959
95911,5952
95911,7153
95911,1214
95911,3996
95911,2716
95911,4973
95911,1197
32656,1136
32656,593
32656,1197
32656,4886
32656,5952
32656,1198
32656,1208
32656,150
32656,2959
32656,33794
40898,1203
40898,858
40898,7361
40898,1193
40898,1201
40898,31410
40898,5995
40898,30707
40898,1221
40898,27773
4000,6016
4000,48516
4000,32587
4000,6711
4000,1193
4000,1221
4000,4995
4000,4963
4000,1732
4000,3897
103531,593
103531,2542
103531,55280
103531,68073
103531,8533
103531,2028
103531,67087
103531,3275
103531,71466
103531,40819
56493,1036
56493,1240
56493,6333
56493,10
56493,593
56493,2959
56493,733
56493,110
56493,2628
56493,5445
21421,356
21421,110
21421,1265
21421,2762
21421,2716
21421,3793
21421,2115
21421,5445
21421,1610
21421,1
98929,296
98929,8961
98929,608
98929,562
98929,1073
98929,3114
98929,50
98929,4306
98929,2762
98929,3897
108980,7324
108980,27837
108980,8908
108980,8880
108980,7154
108980,8860
108980,27821
108980,7458
108980,33493
108980,30707
138154,7153
138154,5952
138154,6377
138154,8961
138154,72737
138154,72998
138154,50872
138154,1721
138154,76093
138154,4973
132643,49272
132643,50872
132643,89904
132643,56367
132643,39292
132643,8949
132643,53123
132643,44555
132643,94070
132643,63876
108018,356
108018,46578
108018,70599
108018,3147
108018,74458
108018,64034
108018,80693
108018,4973
108018,318
108018,2959
93533,923
93533,1240
93533,1252
93533,593
93533,1221
93533,1193
93533,1291
93533,1258
93533,608
93533,112852
51352,51662
51352,72998
51352,2571
51352,87232
51352,2959
51352,89745
51352,589
51352,1
51352,8360
51352,73017
557,356
557,608
557,2571
557,50
557,345
557,3418
557,480
557,7438
557,3081
557,377
121711,1265
121711,608
121711,1617
121711,1394
121711,1247
121711,1225
121711,296
121711,2997
121711,1193
121711,903
45694,33794
45694,60684
45694,58559
45694,79132
45694,4993
45694,7153
45694,5445
45694,5952
45694,70286
45694,2959
2295,79132
2295,44191
2295,58559
2295,6539
2295,3793
2295,3578
2295,68954
2295,7361
2295,68157
2295,99114
83941,6539
83941,1210
83941,588
83941,4025
83941,4963
83941,3793
83941,5349
83941,1270
83941,260
83941,648
61730,2571
61730,2997
61730,1235
61730,111
61730,2804
61730,6711
61730,356
61730,50
61730,1258
61730,48516
114754,91542
114754,91529
114754,1196
114754,741
114754,33794
114754,3000
114754,293
114754,70286
114754,96610
114754,102125
131382,527
131382,7153
131382,5952
131382,2571
131382,2858
131382,260
131382,7361
131382,908
131382,4973
131382,593
75174,1198
75174,26133
75174,3396
75174,356
75174,2137
75174,8961
75174,919
75174,1270
75174,593
75174,953
84204,858
84204,50
84204,2959
84204,68157
84204,1214
84204,48516
84204,2502
84204,64614
84204,2918
84204,49272
40977,597
40977,1247
40977,5060
40977,1265
40977,1207
40977,910
40977,1307
40977,1225
40977,1234
40977,260
136951,6539
136951,6377
136951,1
136951,2762
136951,364
136951,3578
136951,2571
136951,500
136951,4306
136951,110
41914,76093
41914,2959
41914,58559
41914,1136
41914,1
41914,1210
41914,7153
41914,4993
41914,4226
41914,5952
52439,36517
52439,50872
52439,47629
52439,8337
52439,38038
52439,33166
52439,46578
52439,49272
52439,30812
52439,40815
99912,2571
99912,6539
99912,2273
99912,5952
99912,4993
99912,3253
99912,1517
99912,1527
99912,5349
99912,7153
95694,32587
95694,8874
95694,1682
95694,44191
95694,593
95694,2028
95694,6502
95694,293
95694,1127
95694,50
37248,8491
37248,527
37248,4327
37248,969
37248,318
37248,593
37248,8167
37248,7560
37248,930
37248,5952
78729,1206
78729,4993
78729,318
78729,4878
78729,4226
78729,47
78729,6016
78729,2700
78729,293
78729,32
23635,46578
23635,608
23635,1235
23635,1288
23635,541
23635,5618
23635,1175
23635,750
23635,78499
23635,6711
118160,50
118160,2918
118160,296
118160,593
118160,7153
118160,5952
118160,6377
118160,318
118160,1210
118160,1136
70345,46578
70345,1210
70345,6711
70345,4896
70345,260
70345,48394
70345,50872
70345,5816
70345,8961
70345,51255
25092,72998
25092,68954
25092,68157
25092,48774
25092,46322
25092,59784
25092,76251
25092,33493
25092,52281
25092,45499
91911,50
91911,1089
91911,2571
91911,296
91911,180
91911,1517
91911,1639
91911,8874
91911,520
91911,344
80428,7361
80428,3996
80428,3175
80428,551
80428,1240
80428,3052
80428,1036
80428,5445
80428,1089
80428,110
46263,2858
46263,47
46263,1036
46263,541
46263,293
46263,33794
46263,500
46263,1197
46263,91500
46263,1136
135718,2762
135718,778
135718,1653
135718,318
135718,79132
135718,106920
135718,6365
135718,1527
135718,112852
135718,109374
135505,34437
135505,8949
135505,6867
135505,81591
135505,8914
135505,4874
135505,4975
135505,2594
135505,6502
135505,55442
124899,1221
124899,260
124899,858
124899,79132
124899,1196
124899,593
124899,296
124899,6016
124899,1222
124899,908
61691,1291
61691,1196
61691,356
61691,40815
61691,8368
61691,4896
61691,318
61691,597
61691,2571
61691,2011
58830,110
58830,4306
58830,3578
58830,6539
58830,5378
58830,4963
58830,53996
58830,5349
58830,2959
58830,5010
93149,1258
93149,1221
93149,541
93149,260
93149,33166
93149,32
93149,1196
93149,923
93149,37741
93149,912
77297,5992
77297,7046
77297,2289
77297,2551
77297,562
77297,1096
77297,1173
77297,55820
77297,288
77297,39183
21107,608
21107,8961
21107,2858
21107,318
21107,4226
21107,2571
21107,1136
21107,4886
21107,593
21107,33794
17333,56782
17333,39183
17333,55276
17333,49772
17333,50912
17333,55253
17333,55247
17333,26111
17333,62293
17333,50160
123403,6365
123403,480
123403,364
123403,4896
123403,1580
123403,1721
123403,780
123403,367
123403,4963
123403,3793
75354,2572
75354,69757
75354,56367
75354,79132
75354,63082
75354,89864
75354,318
75354,5066
75354,6377
75354,4306
70496,318
70496,608
70496,3996
70496,50
70496,111
70496,541
70496,260
70496,3949
70496,2692
70496,1193
62842,4422
62842,7323
62842,7937
62842,2858
62842,4973
62842,6666
62842,1251
62842,7938
62842,1208
62842,6711
72071,4995
72071,356
72071,318
72071,480
72071,8636
72071,8360
72071,527
72071,5378
72071,3175
72071,6365
16881,54286
16881,4995
16881,32587
16881,253
16881,7254
16881,1704
16881,2353
16881,6016
16881,81788
16881,56174
75009,4306
75009,1291
75009,1035
75009,1197
75009,364
75009,595
75009,2081
75009,1278
75009,500
75009,1270
37333,44761
37333,33166
37333,27790
37333,7486
37333,123
37333,31437
37333,34338
37333,26131
37333,37729
37333,8973
8765,4226
8765,6539
8765,5679
8765,5445
8765,5669
8765,5995
8765,32587
8765,4878
8765,8368
8765,2858
96726,1035
96726,500
96726,4025
96726,6539
96726,4447
96726,1022
96726,588
96726,1013
96726,2080
96726,2081
38581,79132
38581,2858
38581,2959
38581,1213
38581,318
38581,1247
38581,77455
38581,81845
38581,541
38581,68157
51380,50
51380,1704
51380,48780
51380,318
51380,5989
51380,4963
51380,63082
51380,49272
51380,68157
51380,7361
13064,1206
13064,1635
13064,2908
13064,902
13064,46578
13064,6377
13064,910
13064,1265
13064,3317
13064,2571
105024,356
105024,480
105024,1198
105024,4022
105024,318
105024,5349
105024,2762
105024,7153
105024,648
105024,4993
83493,318
83493,4995
83493,72998
83493,6539
83493,47610
83493,80463
83493,4226
83493,480
83493,53972
83493,2028
27979,1203
27979,6777
27979,954
27979,3545
27979,4427
27979,26111
27979,858
27979,3061
27979,1287
27979,1936
42340,1219
42340,950
42340,1193
42340,1252
42340,969
42340,913
42340,1267
42340,8459
42340,6787
42340,1148
127167,2571
127167,50
127167,1222
127167,2858
127167,4878
127167,2542
127167,7235
127167,6874
127167,1193
127167,5954
25757,1089
25757,54503
25757,69122
25757,4963
25757,47
25757,70286
25757,51255
25757,6874
25757,2329
25757,55820
51362,47
51362,60069
51362,63082
51362,48516
51362,49272
51362,49530
51362,7438
51362,3949
51362,5903
51362,1527
130871,1036
130871,1275
130871,541
130871,3527
130871,527
130871,3793
130871,3996
130871,590
130871,1682
130871,4018
24994,58559
24994,60674
24994,86332
24994,68358
24994,59315
24994,77561
24994,5952
24994,70286
24994,95510
24994,91529
55648,1196
55648,6539
55648,260
55648,73017
55648,1197
55648,66934
55648,8961
55648,81847
55648,54259
55648,50872
105865,356
105865,5952
105865,7153
105865,4993
105865,41571
105865,6377
105865,4246
105865,50872
105865,595
105865,597
16624,4993
16624,1265
16624,7361
16624,2858
16624,364
16624,5952
16624,7153
16624,924
16624,1682
16624,1200
79040,50872
79040,56941
79040,49286
79040,356
79040,364
79040,58047
79040,2724
79040,3408
79040,588
79040,2762
24681,588
24681,68954
24681,6773
24681,4979
24681,4878
24681,8874
24681,4016
24681,7438
24681,54503
24681,595
70816,73017
70816,40629
70816,45722
70816,33166
70816,35836
70816,68954
70816,36401
70816,34332
70816,64957
70816,8970
1984,33004
1984,593
1984,5502
1984,4878
1984,778
1984,1073
1984,2117
1984,356
1984,2321
1984,47999
68368,527
68368,6377
68368,7361
68368,47
68368,6539
68368,7438
68368,44191
68368,1580
68368,32
68368,1270
38261,1196
38261,260
38261,898
38261,1250
38261,953
38261,908
38261,911
38261,1207
38261,1234
38261,899
105333,2288
105333,79132
105333,58559
105333,55820
105333,1198
105333,91529
105333,1213
105333,318
105333,1370
105333,4226
79545,2161
79545,1485
79545,2291
79545,364
79545,231
79545,589
79545,4963
79545,6874
79545,780
79545,500
110711,318
110711,480
110711,1196
110711,110
110711,356
110711,165
110711,1580
110711,1291
110711,1198
110711,1240
66211,6874
66211,34405
66211,31878
66211,44191
66211,8798
66211,4262
66211,2542
66211,45499
66211,3996
66211,27773
4492,1097
4492,4995
4492,8961
4492,2028
4492,589
4492,858
4492,110
4492,33794
4492,4022
4492,527
5780,1222
5780,4226
5780,1228
5780,593
5780,296
5780,541
5780,2959
5780,58559
5780,1089
5780,1198
127941,49272
127941,2329
127941,2858
127941,1079
127941,4226
127941,2302
127941,1617
127941,454
127941,1302
127941,1721
29778,50
29778,1221
29778,1247
29778,1219
29778,1358
29778,1961
29778,778
29778,1094
29778,1259
29778,1952
128679,7153
128679,296
128679,318
128679,56367
128679,4226
128679,63082
128679,60069
128679,44191
128679,2571
128679,55052
121594,110
121594,58559
121594,2959
121594,63082
121594,2028
121594,1193
121594,7361
121594,2762
121594,296
121594,4226
122917,56949
122917,4886
122917,4306
122917,6377
122917,50872
122917,46976
122917,8961
122917,2125
122917,8970
122917,2291
43712,58559
43712,1240
43712,7153
43712,27660
43712,33493
43712,33794
43712,480
43712,5445
43712,60069
43712,8636
39616,4226
39616,50
39616,2762
39616,1198
39616,2324
39616,3897
39616,2918
39616,356
39616,2858
39616,110
78468,95510
78468,73017
78468,102125
78468,77561
78468,4993
78468,7153
78468,6539
78468,87232
78468,2571
78468,5952
42122,54997
42122,63082
42122,7361
42122,79132
42122,1203
42122,60069
42122,1198
42122,1367
42122,2028
42122,6502
69684,111
69684,4226
69684,4878
69684,1240
69684,858
69684,589
69684,2997
69684,2291
69684,3160
69684,3949
47010,1213
47010,1265
47010,4306
47010,1393
47010,590
47010,6711
47010,1240
47010,5445
47010,3114
47010,4995
89954,858
89954,2959
89954,296
89954,2858
89954,31658
89954,111
89954,7099
89954,1251
89954,58559
89954,1206
50824,2858
50824,1089
50824,68157
50824,2542
50824,4011
50824,1222
50824,47
50824,1617
50824,4027
50824,2329
19200,1704
19200,2762
19200,296
19200,2858
19200,593
19200,2571
19200,377
19200,3578
19200,454
19200,648
98773,904
98773,953
98773,6377
98773,4995
98773,7303
98773,7153
98773,5952
98773,356
98773,2324
98773,534
107378,5816
107378,7153
107378,5952
107378,5349
107378,2617
107378,3793
107378,2571
107378,88125
107378,54001
107378,33679
76864,6874
76864,4226
76864,2571
76864,48394
76864,593
76864,551
76864,31658
76864,7254
76864,4993
76864,5952
54486,91500
54486,88163
54486,86882
54486,88129
54486,99114
54486,77561
54486,95510
54486,10
54486,91630
54486,102125
85976,2762
85976,4993
85976,296
85976,1197
85976,589
85976,1270
85976,1210
85976,260
85976,1196
85976,733
126854,1197
126854,1136
126854,1704
126854,50
126854,318
126854,4973
126854,46976
126854,8784
126854,63082
126854,2329
44362,5989
44362,5218
44362,8360
44362,2571
44362,4995
44362,1721
44362,45722
44362,364
44362,5445
44362,47
100826,1198
100826,68157
100826,58559
100826,2762
100826,2028
100826,293
100826,48394
100826,1193
100826,1136
100826,1196
68535,26084
68535,8712
68535,7050
68535,3061
68535,7121
68535,25826
68535,8711
68535,3549
68535,951
68535,918
29753,1036
29753,5952
29753,5349
29753,589
29753,457
29753,2959
29753,1240
29753,1197
29753,480
29753,6333
119865,2571
119865,49272
119865,3578
119865,5418
119865,4993
119865,5010
119865,44191
119865,63113
119865,33162
119865,36529
100411,3793
100411,1196
100411,1210
100411,1270
100411,1036
100411,3578
100411,480
100411,2762
100411,1198
100411,253
17903,4973
17903,2858
17903,1080
17903,1288
17903,6807
17903,2571
17903,4306
17903,1291
17903,750
17903,4993
3177,318
3177,4011
3177,5952
3177,51662
3177,593
3177,4963
3177,4226
3177,2858
3177,1676
3177,4995
81033,4306
81033,296
81033,2571
81033,47
81033,4226
81033,318
81033,5989
81033,3147
81033,5445
81033,7361
74687,2143
74687,5618
74687,551
74687,7153
74687,5952
74687,4993
74687,3000
74687,3034
74687,66097
74687,68954
132471,56152
132471,4896
132471,914
132471,41566
132471,4886
132471,68358
132471,1907
132471,3114
132471,33794
132471,6333
13525,2858
13525,541
13525,1291
13525,7153
13525,924
13525,5445
13525,648
13525,750
13525,2997
13525,55820
130616,1196
130616,589
130616,1036
130616,2571
130616,1210
130616,1240
130616,1270
130616,5378
130616,5872
130616,370
87530,527
87530,1198
87530,1
87530,4011
87530,2762
87530,6377
87530,32
87530,1193
87530,46578
87530,4306
43199,293
43199,4226
43199,70286
43199,3578
43199,1198
43199,1196
43199,59369
43199,2762
43199,1089
43199,44191
135363,1197
135363,318
135363,2959
135363,2948
135363,51255
135363,2683
135363,1517
135363,4226
135363,1265
135363,1682
52608,6350
52608,79132
52608,7361
52608,48394
52608,1197
52608,1210
52608,60069
52608,4878
52608,356
52608,68954
136174,48385
136174,48516
136174,34162
136174,55820
136174,30707
136174,33660
136174,8957
136174,55765
136174,54503
136174,49530
136442,110
136442,2858
136442,1208
136442,4011
136442,44555
136442,6016
136442,47
136442,318
136442,4226
136442,50
138118,4014
138118,2858
138118,39183
138118,1193
138118,356
138118,5377
138118,1961
138118,8949
138118,608
138118,6942
64786,2329
64786,1208
64786,4011
64786,72226
64786,7438
64786,72998
64786,5952
64786,3949
64786,1884
64786,7147
20163,4995
20163,260
20163,3996
20163,7143
20163,1282
20163,62
20163,5418
20163,2502
20163,3159
20163,4022
99199,1265
99199,2291
99199,1240
99199,7147
99199,48394
99199,1199
99199,2700
99199,4973
99199,1320
99199,2762
83783,4226
83783,1393
83783,1784
83783,7361
83783,2321
83783,4963
83783,1704
83783,1291
83783,1198
83783,2797
29303,7153
29303,32
29303,150
29303,733
29303,47
29303,316
29303,50
29303,527
29303,1097
29303,1721
124283,4973
124283,4306
124283,1210
124283,2571
124283,6539
124283,899
124283,1136
124283,6947
124283,1291
124283,3114
42990,2571
42990,44199
42990,48780
42990,54286
42990,68157
42990,318
42990,32587
42990,7153
42990,4226
42990,4993
9586,33794
9586,2959
9586,1198
9586,4993
9586,1270
9586,1097
9586,500
9586,1721
9586,5989
9586,5816
43110,589
43110,2706
43110,54286
43110,1089
43110,44195
43110,52973
43110,110
43110,2762
43110,6539
43110,1682
56904,500
56904,587
56904,1270
56904,8665
56904,2302
56904,3897
56904,4886
56904,110
56904,4896
56904,3578
30003,1270
30003,33794
30003,4993
30003,5952
30003,7153
30003,1210
30003,589
30003,8961
30003,6539
30003,1291
21045,49272
21045,2959
21045,4963
21045,59315
21045,72998
21045,2571
21045,318
21045,44665
21045,5952
21045,67087
63990,150
63990,1225
63990,1214
63990,4995
63990,1136
63990,58559
63990,3996
63990,5952
63990,7153
63990,592
9004,2762
9004,527
9004,150
9004,2797
9004,2268
9004,339
9004,1704
9004,780
9004,4306
9004,1035
57171,1073
57171,5349
57171,4993
57171,2959
57171,4896
57171,33794
57171,68157
57171,4022
57171,2628
57171,3793
131577,50
131577,4963
131577,2959
131577,33794
131577,49272
131577,59369
131577,59315
131577,48780
131577,296
131577,89745
65071,594
65071,4886
65071,318
65071,2080
65071,30749
65071,2096
65071,914
65071,2059
65071,44191
65071,40819
126992,589
126992,1206
126992,4262
126992,32587
126992,1732
126992,7438
126992,1997
126992,16
126992,1961
126992,431
103991,750
103991,7153
103991,48516
103991,47
103991,2571
103991,4878
103991,5952
103991,1222
103991,32587
103991,608
100573,8961
100573,47629
100573,60069
100573,34072
100573,6807
100573,8464
100573,44195
100573,6867
100573,52973
100573,1247
18371,1
18371,50
18371,858
18371,6
18371,88129
18371,81932
18371,2762
18371,1961
18371,1221
18371,344
56015,33794
56015,59315
56015,55282
56015,2571
56015,53996
56015,589
56015,110
56015,318
56015,54997
56015,3578
107087,78218
107087,5959
107087,33794
107087,5574
107087,2916
107087,6263
107087,1198
107087,3006
107087,81782
107087,3020
76654,608
76654,47
76654,593
76654,4262
76654,750
76654,55820
76654,2160
76654,7361
76654,4848
76654,4878
16924,26350
16924,36276
16924,40583
16924,26052
16924,8684
16924,26172
16924,31437
16924,39292
16924,4144
16924,37741
122300,2115
122300,1210
122300,2502
122300,3527
122300,50
122300,2139
122300,589
122300,3994
122300,2571
122300,32
110407,593
110407,32
110407,1193
110407,2571
110407,527
110407,1089
110407,50
110407,1206
110407,1233
110407,750
65544,52973
65544,51662
65544,48774
65544,48780
65544,32587
65544,46970
65544,46976
65544,48516
65544,41566
65544,54001
5199,318
5199,908
5199,858
5199,1674
5199,1230
5199,953
5199,5418
5199,1704
5199,1198
5199,4007
104010,1213
104010,47
104010,2959
104010,48516
104010,296
104010,111
104010,2997
104010,44555
104010,6711
104010,1230
44620,356
44620,1721
44620,6333
44620,33794
44620,8636
44620,5418
44620,110
44620,54286
44620,4886
44620,5989
82410,597
82410,1291
82410,150
82410,81845
82410,2762
82410,6539
82410,2571
82410,4973
82410,2396
82410,1704
35168,7438
35168,6874
35168,8957
35168,2762
35168,2167
35168,7254
35168,47
35168,3147
35168,356
35168,260
98758,5952
98758,4993
98758,4306
98758,648
98758,1732
98758,593
98758,6874
98758,48516
98758,1210
98758,4226
120442,8961
120442,6377
120442,4896
120442,356
120442,2959
120442,2858
120442,2762
120442,2174
120442,318
120442,33794
3094,1265
3094,2115
3094,223
3094,541
3094,1732
3094,4306
3094,6539
3094,2997
3094,1214
3094,2542
81022,1580
81022,1198
81022,1307
81022,1291
81022,1197
81022,45517
81022,480
81022,356
81022,1097
81022,5299
38260,2918
38260,3471
38260,30707
38260,150
38260,1259
38260,260
38260,508
38260,1358
38260,39292
38260,1954
35208,593
35208,58559
35208,1198
35208,51255
35208,46578
35208,356
35208,76251
35208,68954
35208,293
35208,527
138211,46578
138211,34162
138211,44195
138211,8784
138211,40819
138211,48385
138211,9018
138211,40278
138211,5669
138211,8966
71327,2918
71327,39
71327,2858
71327,7361
71327,3408
71327,1380
71327,1721
71327,3948
71327,4306
71327,6377
689,2762
689,1552
689,2353
689,6539
689,318
689,3717
689,2002
689,7438
689,2058
689,3623
107755,2571
107755,4306
107755,593
107755,8360
107755,780
107755,2628
107755,153
107755,2762
107755,260
107755,6539
15072,5952
15072,50
15072,3949
15072,4226
15072,6377
15072,3418
15072,39183
15072,30707
15072,4878
15072,6016
51600,2028
51600,7361
51600,8961
51600,588
51600,1682
51600,1
51600,733
51600,1610
51600,3275
51600,2797
133220,1259
133220,1221
133220,5902
133220,1089
133220,1197
133220,858
133220,1307
133220,47
133220,3996
133220,223
54181,1
54181,3578
54181,1210
54181,33794
54181,593
54181,3793
54181,32
54181,1136
54181,1704
54181,527
110198,2124
110198,4370
110198,1127
110198,2858
110198,7022
110198,1032
110198,35836
110198,410
110198,541
110198,4467
2301,77561
2301,72998
2301,1198
2301,2571
2301,8636
2301,3578
2301,106489
2301,81847
2301,5418
2301,97304
61981,6539
61981,33679
61981,5903
61981,3578
61981,102125
61981,72998
61981,51662
61981,86332
61981,44191
61981,47200
23285,46967
23285,54796
23285,8638
23285,56367
23285,46723
23285,527
23285,71579
23285,6187
23285,63082
23285,55820
84726,1283
84726,1212
84726,1248
84726,8228
84726,3196
84726,858
84726,950
84726,8337
84726,942
84726,1086
77350,1721
77350,480
77350,457
77350,1
77350,4306
77350,2858
77350,2571
77350,588
77350,4022
77350,3948
29934,3671
29934,2804
29934,1079
29934,858
29934,1270
29934,2109
29934,6863
29934,4679
29934,35836
29934,5237
122193,1198
122193,2617
122193,1291
122193,356
122193,1580
122193,6539
122193,316
122193,1200
122193,70286
122193,3527
122610,2301
122610,1079
122610,3033
122610,3671
122610,2791
122610,3253
122610,3868
122610,589
122610,1500
122610,223
105265,318
105265,58559
105265,4963
105265,1270
105265,2291
105265,1704
105265,6539
105265,4886
105265,4306
105265,5989
67562,4878
67562,318
67562,2571
67562,296
67562,32
67562,8874
67562,3253
67562,4226
67562,30793
67562,4973
6449,65261
6449,2502
6449,8464
6449,58559
6449,46976
6449,69757
6449,2291
6449,45950
6449,8970
6449,2081
123502,1196
123502,260
123502,2959
123502,4226
123502,58559
123502,858
123502,7153
123502,3793
123502,48780
123502,589
5967,1136
5967,1193
5967,2692
5967,1784
5967,1097
5967,1258
5967,1208
5967,903
5967,1307
5967,457
131281,858
131281,1089
131281,7153
131281,296
131281,2571
131281,3147
131281,4011
131281,4226
131281,64614
131281,2858
61552,40815
61552,1197
61552,48394
61552,4011
61552,7438
61552,2291
61552,55820
61552,37733
61552,589
61552,7090
75478,4993
75478,589
75478,2858
75478,903
75478,1212
75478,527
75478,7153
75478,5952
75478,293
75478,904
27244,457
27244,1270
27244,8961
27244,1196
27244,1210
27244,1291
27244,364
27244,110
27244,3578
27244,6377
78361,1240
78361,3793
78361,4226
78361,2858
78361,1197
78361,47
78361,223
78361,4306
78361,1089
78361,2918
16972,4973
16972,6542
16972,2571
16972,1225
16972,590
16972,1721
16972,3578
16972,26150
16972,1097
16972,508
79454,1732
79454,2571
79454,778
79454,2692
79454,55820
79454,1625
79454,593
79454,1258
79454,8874
79454,1682
29590,6539
29590,44191
29590,6874
29590,3578
29590,7090
29590,48394
29590,60684
29590,5445
29590,296
29590,70286
54117,5952
54117,59315
54117,70286
54117,2571
54117,356
54117,8665
54117,69481
54117,4993
54117,48780
54117,2028
47859,318
47859,2329
47859,593
47859,3949
47859,32587
47859,54001
47859,47
47859,48516
47859,50
47859,4993
125474,6377
125474,1
125474,4993
125474,356
125474,2959
125474,110
125474,593
125474,1196
125474,2858
125474,50
15089,33794
15089,50
15089,593
15089,318
15089,1210
15089,2716
15089,2762
15089,110
15089,3793
15089,1213
103544,318
103544,4226
103544,35836
103544,47
103544,1258
103544,1213
103544,48516
103544,2329
103544,356
103544,4878
122681,2028
122681,4226
122681,8665
122681,110
122681,4993
122681,1213
122681,49530
122681,2858
122681,356
122681,4262
44367,32587
44367,4226
44367,2858
44367,1089
44367,51255
44367,32
44367,8874
44367,1921
44367,4979
44367,68157
28070,154
28070,7126
28070,7063
28070,7387
28070,390
28070,42094
28070,4848
28070,7008
28070,1419
28070,1230
79940,99114
79940,3578
79940,5903
79940,593
79940,47610
79940,60069
79940,76093
79940,4011
79940,68157
79940,1
112294,33794
112294,46578
112294,8784
112294,8970
112294,37729
112294,33493
112294,54001
112294,46976
112294,31696
112294,54259
19375,2959
19375,1196
19375,3578
19375,1580
19375,5618
19375,480
19375,72998
19375,5349
19375,59315
19375,8961
86799,1089
86799,4993
86799,6502
86799,7022
86799,356
86799,5952
86799,7153
86799,1222
86799,6874
86799,293
98266,2959
98266,87232
98266,3793
98266,72998
98266,89745
98266,2762
98266,5349
98266,1580
98266,1210
98266,1544
124403,48780
124403,1721
124403,356
124403,6377
124403,2762
124403,4886
124403,50872
124403,527
124403,318
124403,2571
112181,48516
112181,1210
112181,2329
112181,6016
112181,1196
112181,318
112181,3996
112181,2997
112181,293
112181,8360
82336,54001
82336,51255
82336,74458
82336,318
82336,5349
82336,60684
82336,34405
82336,3147
82336,54259
82336,79702
66624,47
66624,1580
66624,79132
66624,318
66624,5418
66624,377
66624,2716
66624,3793
66624,356
66624,48516
118816,33794
118816,8360
118816,45431
118816,32587
118816,36529
118816,6539
118816,33679
118816,7254
118816,34319
118816,7445
101499,47
101499,58559
101499,165
101499,1258
101499,1089
101499,2329
101499,6874
101499,2959
101499,32
101499,2403
33349,1247
33349,1258
33349,1228
33349,300
33349,4776
33349,4085
33349,3897
33349,1207
33349,3730
33349,2890
86156,2336
86156,515
86156,497
86156,750
86156,1293
86156,314
86156,4995
86156,1247
86156,7669
86156,608
91368,4878
91368,1222
91368,1208
91368,4993
91368,293
91368,6016
91368,1288
91368,47
91368,904
91368,923
109250,1196
109250,2921
109250,2951
109250,2115
109250,5060
109250,5247
109250,480
109250,2401
109250,356
109250,6539
114982,47
114982,1240
114982,32587
114982,1198
114982,2959
114982,6539
114982,1080
114982,26007
114982,1089
114982,39052
122878,32
122878,7153
122878,4993
122878,1270
122878,1198
122878,4226
122878,50
122878,2858
122878,2959
122878,3578
8915,296
8915,1645
8915,1258
8915,1206
8915,2959
8915,2571
8915,593
8915,6874
8915,47
8915,541
131799,1
131799,356
131799,480
131799,60069
131799,4963
131799,5989
131799,1580
131799,59315
131799,58559
131799,33794
130754,2329
130754,2918
130754,47
130754,50
130754,1291
130754,337
130754,2571
130754,223
130754,1206
130754,6711
119506,8957
119506,1036
119506,223
119506,4734
119506,180
119506,551
119506,55820
119506,6957
119506,2403
119506,45728
86051,32
86051,260
86051,296
86051,1240
86051,1
86051,593
86051,780
86051,3578
86051,68358
86051,1210
68617,49272
68617,60684
68617,68358
68617,71535
68617,33004
68617,54001
68617,53972
68617,38038
68617,1748
68617,8644
120262,6333
120262,8360
120262,33794
120262,480
120262,5349
120262,8636
120262,1197
120262,3578
120262,150
120262,1265
123214,1265
123214,2916
123214,1
123214,33794
123214,2959
123214,4011
123214,2858
123214,733
123214,4963
123214,1610
36450,1961
36450,1674
36450,2797
36450,1265
36450,1307
36450,1234
36450,1270
36450,1246
36450,1721
36450,1198
114278,2858
114278,593
114278,1210
114278,32
114278,1240
114278,1200
114278,589
114278,1214
114278,68237
114278,480
74654,1210
74654,260
74654,608
74654,49272
74654,750
74654,4886
74654,2019
74654,4027
74654,55820
74654,51255
61993,4306
61993,480
61993,6283
61993,6350
61993,1375
61993,6539
61993,3996
61993,1214
61993,34405
61993,5971
22352,1961
22352,4022
22352,2424
22352,597
22352,1380
22352,1393
22352,55290
22352,587
22352,2918
22352,60069
92774,54286
92774,1210
92774,527
92774,7361
92774,33794
92774,63082
92774,2329
92774,6539
92774,4973
92774,364
79054,4995
79054,6373
79054,104211
79054,106918
79054,356
79054,103335
79054,58559
79054,5989
79054,2571
79054,104841
64414,5952
64414,7153
64414,6539
64414,520
64414,4886
64414,364
64414,8961
64414,8368
64414,2080
64414,1907
133616,899
133616,923
133616,912
133616,1225
133616,903
133616,2068
133616,527
133616,910
133616,2997
133616,5291
28576,1198
28576,260
28576,1196
28576,296
28576,1200
28576,5618
28576,7844
28576,541
28576,2288
28576,32587
5772,4963
5772,2571
5772,81591
5772,6539
5772,3578
5772,72998
5772,296
5772,4226
5772,48516
5772,80463
85405,49272
85405,318
85405,33794
85405,59315
85405,2959
85405,68157
85405,8665
85405,74458
85405,60069
85405,6502
11136,5952
11136,356
11136,608
11136,296
11136,1197
11136,260
11136,4306
11136,2959
11136,1193
11136,1073
99941,1262
99941,1997
99941,3527
99941,4855
99941,3253
99941,2700
99941,3702
99941,3703
99941,1587
99941,5952
103492,34162
103492,8636
103492,8798
103492,33166
103492,34405
103492,33493
103492,34048
103492,8949
103492,37733
103492,36529
54924,1104
54924,3362
54924,919
54924,3468
54924,1617
54924,593
54924,1961
54924,1225
54924,750
54924,1950
135378,2028
135378,53996
135378,58559
135378,6378
135378,2167
135378,2959
135378,356
135378,5010
135378,5459
135378,733
41367,68157
41367,72998
41367,99114
41367,2571
41367,318
41367,7361
41367,111759
41367,97752
41367,4973
41367,296
85781,1704
85781,2762
85781,1089
85781,2329
85781,527
85781,2858
85781,6016
85781,608
85781,4995
85781,3949
70117,47
70117,64614
70117,2329
70117,58559
70117,4995
70117,50
70117,68954
70117,49530
70117,68157
70117,4306
46764,4306
46764,44199
46764,36529
46764,69757
46764,32
46764,68237
46764,2762
46764,1198
46764,80489
46764,84152
39915,36517
39915,49530
39915,6711
39915,30707
39915,6953
39915,8949
39915,8873
39915,8950
39915,37733
39915,27803
81119,5445
81119,4878
81119,7361
81119,6874
81119,2858
81119,527
81119,33794
81119,3578
81119,48394
81119,4973
81967,48394
81967,49961
81967,46578
81967,48385
81967,49822
81967,51080
81967,46976
81967,49772
81967,50685
81967,44937
108942,2918
108942,916
108942,1207
108942,953
108942,2571
108942,1256
108942,2858
108942,7153
108942,260
108942,4993
95287,3147
95287,4973
95287,296
95287,3578
95287,7361
95287,593
95287,318
95287,7438
95287,33166
95287,6539
89059,26712
89059,70286
89059,30749
89059,68358
89059,52767
89059,81845
89059,59315
89059,48385
89059,40815
89059,46578
80702,47
80702,593
80702,296
80702,2858
80702,7361
80702,2804
80702,6188
80702,3911
80702,1060
80702,858
49150,296
49150,480
49150,6539
49150,2571
49150,1197
49150,2797
49150,2028
49150,1246
49150,150
49150,780
3000,356
3000,1097
3000,1302
3000,2797
3000,1304
3000,2424
3000,1961
3000,1101
3000,2431
3000,919
6023,32
6023,780
6023,318
6023,4963
6023,2959
6023,4306
6023,593
6023,5952
6023,7153
6023,4993
31207,33794
31207,2542
31207,3949
31207,6
31207,4963
31207,4034
31207,253
31207,590
31207,5445
31207,1997
135993,33004
135993,35836
135993,89745
135993,68954
135993,76093
135993,70286
135993,73017
135993,8961
135993,33615
135993,76251
83907,8961
83907,6377
83907,5299
83907,898
83907,2096
83907,905
83907,8360
83907,911
83907,955
83907,1907
82477,2762
82477,1265
82477,2918
82477,2324
82477,8368
82477,1097
82477,1196
82477,1968
82477,2716
82477,1641
64191,8874
64191,8798
64191,44665
64191,8957
64191,8917
64191,5388
64191,74458
64191,68237
64191,6286
64191,6281
119252,608
119252,4226
119252,1193
119252,296
119252,7926
119252,7766
119252,593
119252,44555
119252,2010
119252,1219
88077,7361
88077,6377
88077,2571
88077,593
88077,356
88077,2997
88077,457
88077,4993
88077,904
88077,3114
138256,4226
138256,110
138256,1240
138256,1732
138256,4027
138256,1213
138256,3578
138256,2858
138256,1214
138256,1527
85470,111
85470,1073
85470,2918
85470,2599
85470,2657
85470,1230
85470,6016
85470,2729
85470,6890
85470,608
107726,5989
107726,4014
107726,6942
107726,2396
107726,2797
107726,2671
107726,27808
107726,7149
107726,105
107726,587
122899,1961
122899,356
122899,318
122899,4034
122899,1198
122899,6711
122899,3897
122899,357
122899,48516
122899,33166
85327,3362
85327,1228
85327,1304
85327,2959
85327,1276
85327,913
85327,1235
85327,2028
85327,2571
85327,1201
131625,58559
131625,4993
131625,318
131625,2959
131625,2571
131625,1270
131625,1
131625,3578
131625,59315
131625,6539
6016,480
6016,260
6016,69122
6016,54286
6016,70286
6016,356
6016,59315
6016,4226
6016,6377
6016,1089
96407,47
96407,6539
96407,4306
96407,1527
96407,2959
96407,2671
96407,1380
96407,539
96407,1721
96407,6942
47407,1193
47407,79132
47407,5971
47407,58559
47407,1247
47407,2502
47407,48516
47407,86377
47407,110
47407,4973
95159,2571
95159,47
95159,2959
95159,2858
95159,593
95159,318
95159,16
95159,1206
95159,32
95159,1258
135088,7361
135088,47
135088,1089
135088,4993
135088,296
135088,5669
135088,3949
135088,1136
135088,318
135088,593
14394,2542
14394,1036
14394,1704
14394,32587
14394,2194
14394,2762
14394,3275
14394,34405
14394,4963
14394,858
72586,318
72586,1200
72586,1214
72586,72998
72586,40732
72586,71535
72586,2722
72586,260
72586,4226
72586,57368
136946,8644
136946,76251
136946,30707
136946,71535
136946,33794
136946,6377
136946,34319
136946,4226
136946,53129
136946,76093
56924,79132
56924,66097
56924,60684
56924,296
56924,61240
56924,48780
56924,8874
56924,50
56924,1214
56924,44191
23433,595
23433,593
23433,296
23433,4886
23433,68954
23433,60069
23433,78499
23433,588
23433,4027
23433,4878
84339,1961
84339,2858
84339,318
84339,356
84339,527
84339,2144
84339,357
84339,593
84339,1968
84339,4995
120842,80489
120842,4306
120842,86882
120842,5956
120842,92259
120842,64957
120842,54997
120842,88163
120842,106782
120842,50872
94315,110
94315,344
94315,2028
94315,1923
94315,3275
94315,64614
94315,1682
94315,3617
94315,216
94315,33794
79162,53125
79162,58559
79162,59315
79162,51662
79162,69526
79162,33794
79162,8636
79162,2571
79162,51077
79162,5349
108780,2762
108780,4306
108780,3578
108780,266
108780,1307
108780,110
108780,2571
108780,4993
108780,1270
108780,150
78428,79132
78428,81591
78428,4878
78428,5816
78428,96821
78428,56367
78428,106920
78428,2858
78428,109374
78428,356
26709,2858
26709,50
26709,8950
26709,4011
26709,68157
26709,64614
26709,44195
26709,2571
26709,3578
26709,33166
78760,480
78760,1291
78760,47
78760,2762
78760,110
78760,7153
78760,589
78760,4306
78760,527
78760,231
38936,2762
38936,1032
38936,318
38936,58559
38936,63082
38936,6539
38936,4995
38936,296
38936,2572
38936,69757
13278,46578
13278,4022
13278,44555
13278,17
13278,1183
13278,5995
13278,1393
13278,509
13278,6711
13278,3578
28752,1272
28752,1208
28752,6787
28752,2028
28752,912
28752,1136
28752,2571
28752,1234
28752,904
28752,3362
15182,260
15182,1196
15182,1210
15182,589
15182,110
15182,380
15182,356
15182,480
15182,733
15182,3578
50474,1961
50474,2571
50474,1198
50474,5989
50474,4306
50474,1197
50474,4993
50474,7153
50474,260
50474,1610
3368,318
3368,6377
3368,7445
3368,55765
3368,1580
3368,8665
3368,48516
3368,296
3368,2329
3368,5989
79625,6016
79625,527
79625,7153
79625,50
79625,318
79625,1200
79625,48516
79625,778
79625,68157
79625,3949
119515,4855
119515,2028
119515,296
119515,260
119515,7502
119515,7360
119515,541
119515,1201
119515,51662
119515,6947
132599,4886
132599,37729
132599,1033
132599,558
132599,588
132599,2085
132599,1566
132599,1
132599,71057
132599,8961
47444,593
47444,60069
47444,912
47444,260
47444,81845
47444,2028
47444,527
47444,17
47444,955
47444,50
112328,4226
112328,7361
112328,47
112328,1258
112328,593
112328,55820
112328,1358
112328,4027
112328,1394
112328,1259
102488,50872
102488,2571
102488,2324
102488,364
102488,4306
102488,27523
102488,2959
102488,6377
102488,66371
102488,3289
73225,50872
73225,5952
73225,4993
73225,7153
73225,6539
73225,59315
73225,63082
73225,69122
73225,73017
73225,69644
61241,750
61241,4226
61241,2959
61241,1221
61241,1617
61241,2571
61241,1136
61241,3996
61241,912
61241,1198
12570,44191
12570,2571
12570,48394
12570,33794
12570,48516
12570,55820
12570,51662
12570,318
12570,1136
12570,46578
35176,3435
35176,8033
35176,3801
35176,1069
35176,906
35176,916
35176,915
35176,6228
35176,5397
35176,2184
93925,7438
93925,593
93925,55820
93925,5995
93925,2542
93925,81591
93925,64957
93925,2115
93925,8798
93925,1721
27848,4886
27848,7360
27848,3996
27848,8970
27848,8784
27848,4973
27848,2762
27848,6942
27848,7160
27848,3949
72834,4896
72834,54001
72834,7154
72834,6942
72834,4246
72834,364
72834,8969
72834,6155
72834,5620
72834,8970
120625,2716
120625,924
120625,1199
120625,2527
120625,1214
120625,3471
120625,1580
120625,1965
120625,2076
120625,1265
56083,36517
56083,37741
56083,41285
56083,44199
56083,37727
56083,8950
56083,44191
56083,39292
56083,39419
56083,8966
15110,1200
15110,79132
15110,80463
15110,1214
15110,6874
15110,50
15110,63082
15110,82459
15110,89745
15110,47
33190,8961
33190,35957
33190,8798
33190,31696
33190,7090
33190,45431
33190,33493
33190,8865
33190,44195
33190,33162
113133,150
113133,919
113133,527
113133,595
113133,5952
113133,4993
113133,1035
113133,480
113133,318
113133,1225
103162,480
103162,593
103162,2571
103162,48516
103162,2762
103162,4878
103162,7361
103162,1704
103162,5952
103162,7153
85320,1196
85320,1136
85320,318
85320,293
85320,2329
85320,1089
85320,4878
85320,1222
85320,260
85320,60069
22084,3578
22084,2762
22084,1222
22084,1242
22084,1291
22084,2716
22084,1127
22084,5349
22084,2000
22084,1
99320,1240
99320,589
99320,48516
99320,1221
99320,858
99320,733
99320,2467
99320,1208
99320,1206
99320,648
133680,1732
133680,4085
133680,1247
133680,1466
133680,1923
133680,2918
133680,1266
133680,1203
133680,4993
133680,4027
37364,905
37364,2918
37364,1086
37364,913
37364,2208
37364,356
37364,933
37364,1269
37364,1080
37364,919
90837,48394
90837,2858
90837,2028
90837,46578
90837,1199
90837,3435
90837,1197
90837,3468
90837,1080
90837,48516
69115,69406
69115,7451
69115,4025
69115,4069
69115,7293
69115,6266
69115,2572
69115,5066
69115,8808
69115,79132
63174,47
63174,4306
63174,1968
63174,1197
63174,50
63174,4993
63174,2959
63174,1206
63174,1923
63174,541
17799,4226
17799,2329
17799,1097
17799,110
17799,3578
17799,1580
17799,1721
17799,2997
17799,5989
17799,7361
35066,500
35066,5349
35066,3033
35066,54272
35066,5481
35066,2716
35066,1
35066,2082
35066,6373
35066,33794
79631,110
79631,3147
79631,2918
79631,3948
79631,2762
79631,2502
79631,150
79631,1704
79631,4022
79631,2571
60590,858
60590,47
60590,2959
60590,55820
60590,1997
60590,750
60590,1732
60590,2288
60590,8874
60590,2997
35373,2329
35373,2959
35373,4792
35373,1367
35373,5954
35373,51662
35373,8169
35373,318
35373,60069
35373,110
67068,2762
67068,356
67068,1682
67068,2959
67068,2011
67068,364
67068,2710
67068,3793
67068,595
67068,1407
136191,541
136191,2571
136191,4226
136191,296
136191,32
136191,2329
136191,593
136191,4878
136191,924
136191,47
2001,8957
2001,48780
2001,8798
2001,8783
2001,31658
2001,59315
2001,8368
2001,7438
2001,60069
2001,60684
98735,1210
98735,4306
98735,6333
98735,2571
98735,3793
98735,1291
98735,3578
98735,1136
98735,3996
98735,260
129961,6380
129961,7156
129961,6985
129961,162
129961,2970
129961,750
129961,5489
129961,6612
129961,904
129961,111
123210,296
123210,356
123210,79132
123210,1270
123210,6502
123210,2918
123210,70286
123210,1968
123210,58559
123210,1265
35330,6155
35330,500
35330,68954
35330,40815
35330,8368
35330,69757
35330,7451
35330,5620
35330,2424
35330,1
77120,45672
77120,7293
77120,33646
77120,7254
77120,2572
77120,56587
77120,52604
77120,597
77120,56941
77120,2762
3081,2000
3081,50
3081,1198
3081,2948
3081,68157
3081,3527
3081,6377
3081,1580
3081,457
3081,648
91941,2687
91941,364
91941,3114
91941,3751
91941,6539
91941,4993
91941,2
91941,3157
91941,596
91941,1566
41777,56367
41777,50
41777,4226
41777,48516
41777,2858
41777,7361
41777,3996
41777,1221
41777,318
41777,2571
136988,1527
136988,2959
136988,3996
136988,47
136988,2762
136988,589
136988,1198
136988,26776
136988,4886
136988,31658
125464,551
125464,3081
125464,6539
125464,1136
125464,253
125464,1198
125464,7153
125464,5952
125464,4993
125464,2140
86382,2959
86382,49272
86382,7153
86382,8665
86382,296
86382,32
86382,33794
86382,2329
86382,6016
86382,44191
16005,60069
16005,31658
16005,76093
16005,56174
16005,54259
16005,73017
16005,71057
16005,4878
16005,68358
16005,4993
18363,1230
18363,1256
18363,904
18363,1203
18363,8337
18363,1950
18363,1250
18363,3468
18363,1945
18363,5120
24468,1527
24468,1097
24468,527
24468,1036
24468,1704
24468,296
24468,81845
24468,1682
24468,590
24468,1172
130128,7361
130128,2762
130128,2959
130128,858
130128,2571
130128,4973
130128,81845
130128,63082
130128,296
130128,4993
108436,339
108436,2918
108436,1380
108436,7153
108436,356
108436,4014
108436,1270
108436,5349
108436,4308
108436,1246
6004,110
6004,589
6004,3578
6004,4993
6004,5378
6004,1270
6004,480
6004,5445
6004,8961
6004,1198
45563,6953
45563,4008
45563,4308
45563,1225
45563,8622
45563,431
45563,592
45563,1214
45563,2291
45563,1101
44718,33794
44718,356
44718,6377
44718,58559
44718,5952
44718,4306
44718,4973
44718,4963
44718,6874
44718,8961
38289,58559
38289,1089
38289,296
38289,32587
38289,4262
38289,1213
38289,2959
38289,1222
38289,1206
38289,68157
78912,8360
78912,1
78912,68954
78912,1907
78912,88125
78912,48
78912,4886
78912,594
78912,79132
78912,79091
28488,1721
28488,586
28488,60069
28488,6377
28488,5989
28488,1580
28488,1196
28488,1210
28488,364
28488,318
40365,1210
40365,1222
40365,2571
40365,7153
40365,318
40365,541
40365,4993
40365,5952
40365,2991
40365,1291
63049,47
63049,2571
63049,58559
63049,79132
63049,296
63049,48516
63049,7981
63049,293
63049,48780
63049,54997
46369,5878
46369,2858
46369,4973
46369,6953
46369,39183
46369,5225
46369,215
46369,41285
46369,5791
46369,3160
132888,7361
132888,318
132888,74458
132888,7934
132888,778
132888,2160
132888,50
132888,1961
132888,3147
132888,3949
100768,318
100768,2959
100768,58559
100768,89492
100768,89864
100768,91529
100768,356
100768,91658
100768,96821
100768,81845
57083,81847
57083,68358
57083,1
57083,364
57083,66934
57083,53894
57083,33794
57083,72998
57083,5669
57083,2502
23683,4886
23683,50872
23683,46578
23683,63082
23683,912
23683,4993
23683,46976
23683,296
23683,527
23683,5618
47426,50
47426,4226
47426,47
47426,5445
47426,7438
47426,6874
47426,3578
47426,110
47426,457
47426,1258
96287,46578
96287,2997
96287,4226
96287,2959
96287,4993
96287,1265
96287,3996
96287,4306
96287,1197
96287,110
117951,165
117951,7090
117951,10
117951,45499
117951,4226
117951,1101
117951,293
117951,2268
117951,3994
117951,6934
127390,65882
127390,4744
127390,97188
127390,6615
127390,43679
127390,45361
127390,72393
127390,2710
127390,51937
127390,4992
133532,318
133532,296
133532,2858
133532,7153
133532,260
133532,47
133532,2502
133532,1197
133532,3052
133532,35836
14706,318
14706,32587
14706,2858
14706,6993
14706,6711
14706,69604
14706,50
14706,1213
14706,3949
14706,4878
67485,79132
67485,260
67485,1196
67485,70286
67485,1210
67485,924
67485,2949
67485,2948
67485,1240
67485,750
742,7361
742,318
742,47
742,296
742,72998
742,1036
742,55820
742,1089
742,592
742,1097
73912,2571
73912,296
73912,2858
73912,2329
73912,58559
73912,2762
73912,318
73912,50
73912,7361
73912,253
102304,7438
102304,527
102304,260
102304,2762
102304,296
102304,593
102304,8961
102304,1240
102304,8636
102304,648
115499,3462
115499,750
115499,745
115499,1247
115499,2858
115499,1079
115499,2324
115499,903
115499,1265
115499,4306
97192,110
97192,527
97192,6565
97192,1302
97192,2640
97192,5299
97192,3418
97192,457
97192,1196
97192,1210
78850,5219
78850,7454
78850,6287
78850,8528
78850,51662
78850,6754
78850,5507
78850,4728
78850,3300
78850,76251
81073,47
81073,7361
81073,1089
81073,2858
81073,2959
81073,1258
81073,27773
81073,288
81073,111
81073,1193
66563,608
66563,47
66563,4979
66563,3949
66563,3556
66563,318
66563,2318
66563,2571
66563,34437
66563,8376
17956,6539
17956,69122
17956,91542
17956,1197
17956,99114
17956,97304
17956,59369
17956,97921
17956,54503
17956,858
45314,318
45314,356
45314,4306
45314,6539
45314,44191
45314,88125
45314,47610
45314,110
45314,72998
45314,76251
16394,8636
16394,68954
16394,1688
16394,1022
16394,45499
16394,551
16394,54259
16394,5989
16394,8644
16394,90866
8796,1270
8796,4973
8796,1222
8796,2329
8796,5464
8796,1961
8796,4306
8796,6711
8796,5679
8796,1704
80674,1230
80674,260
80674,1213
80674,1961
80674,55820
80674,1136
80674,4226
80674,2762
80674,1387
80674,3578
11413,318
11413,296
11413,2571
11413,7153
11413,5618
11413,2291
11413,6711
11413,31658
11413,1246
11413,2762
18105,1086
18105,296
18105,1252
18105,2183
18105,608
18105,1343
18105,2858
18105,3362
18105,3019
18105,1219
88981,4993
88981,3578
88981,7153
88981,1240
88981,51662
88981,1198
88981,47
88981,5952
88981,33794
88981,49272
122911,47
122911,5952
122911,4226
122911,2858
122911,593
122911,2762
122911,3578
122911,60069
122911,49530
122911,110
67513,1748
67513,47
67513,6711
67513,2692
67513,27904
67513,32587
67513,6016
67513,1206
67513,5690
67513,1199
62368,49272
62368,41566
62368,741
62368,27660
62368,31660
62368,7090
62368,8983
62368,3000
62368,51662
62368,2019
129261,5816
129261,6539
129261,4306
129261,8636
129261,8360
129261,2012
129261,5349
129261,661
129261,40815
129261,1291
86909,70286
86909,79132
86909,2571
86909,2959
86909,8961
86909,4878
86909,76093
86909,6377
86909,1580
86909,78499
88629,1073
88629,1
88629,551
88629,1196
88629,260
88629,1210
88629,316
88629,8360
88629,500
88629,589
241,111
241,2858
241,5690
241,2959
241,2019
241,4973
241,4226
241,7361
241,858
241,1214
125884,593
125884,3949
125884,778
125884,1258
125884,4105
125884,3535
125884,4754
125884,32
125884,8874
125884,2858
91411,32587
91411,2301
91411,3552
91411,2395
91411,2011
91411,6874
91411,260
91411,1288
91411,1968
91411,2804
64526,4552
64526,6774
64526,2731
64526,968
64526,55820
64526,33896
64526,5121
64526,8507
64526,7115
64526,27773
94271,2571
94271,79132
94271,50
94271,48780
94271,4226
94271,356
94271,46578
94271,68954
94271,51255
94271,8874
74106,912
74106,6016
74106,527
74106,2858
74106,1193
74106,4973
74106,1252
74106,58559
74106,904
74106,1203
51317,903
51317,908
51317,1198
51317,930
51317,1086
51317,2186
51317,3435
51317,913
51317,942
51317,593
57701,1197
57701,4995
57701,2571
57701,541
57701,5418
57701,593
57701,34405
57701,2248
57701,8874
57701,4226
27864,1580
27864,5989
27864,4993
27864,3578
27864,858
27864,527
27864,2028
27864,2324
27864,1
27864,110
5823,356
5823,4993
5823,2858
5823,318
5823,7669
5823,1258
5823,527
5823,81845
5823,86347
5823,46578
11275,2028
11275,2762
11275,4963
11275,1610
11275,4306
11275,2268
11275,296
11275,2716
11275,150
11275,588
70653,2762
70653,1704
70653,2858
70653,357
70653,1225
70653,4973
70653,597
70653,1721
70653,2671
70653,110
94118,2028
94118,318
94118,1089
94118,32587
94118,2194
94118,1387
94118,5418
94118,1201
94118,6539
94118,1222
113351,593
113351,1197
113351,908
113351,911
113351,5013
113351,1234
113351,933
113351,4993
113351,1269
113351,1291
40272,1704
40272,58559
40272,63082
40272,2329
40272,112290
40272,50
40272,2571
40272,47
40272,1732
40272,74458
44141,44191
44141,4306
44141,4878
44141,2078
44141,48394
44141,1198
44141,1968
44141,2918
44141,32587
44141,2329
21885,593
21885,3996
21885,3114
21885,1968
21885,3911
21885,1517
21885,592
21885,4306
21885,2968
21885,3033
58990,318
58990,2762
58990,4973
58990,2959
58990,4306
58990,2683
58990,7438
58990,6377
58990,1580
58990,5989
32760,2329
32760,1208
32760,1193
32760,2762
32760,541
32760,608
32760,1304
32760,4226
32760,7502
32760,7361
41518,63082
41518,2997
41518,48394
41518,2959
41518,46976
41518,69757
41518,58559
41518,778
41518,1193
41518,3897
19290,4262
19290,2985
19290,80489
19290,648
19290,3793
19290,79702
19290,81932
19290,97304
19290,3504
19290,1912
121935,3793
121935,588
121935,6333
121935,7361
121935,44191
121935,27660
121935,3994
121935,5989
121935,3114
121935,296
96015,2329
96015,527
96015,593
96015,480
96015,1206
96015,1214
96015,1258
96015,6539
96015,2291
96015,4963
12730,1580
12730,4306
12730,1291
12730,1198
12730,1136
12730,588
12730,5349
12730,3793
12730,4886
12730,2717
51664,5816
51664,480
51664,4306
51664,63082
51664,3578
51664,1291
51664,4995
51664,1682
51664,7361
51664,2959
5032,6539
5032,4306
5032,2571
5032,364
5032,32587
5032,4993
5032,7153
5032,33794
5032,6377
5032,2762
1175,3481
1175,5377
1175,4447
1175,356
1175,1197
1175,539
1175,1393
1175,2571
1175,8949
1175,46578
105787,296
105787,46578
105787,955
105787,318
105787,48516
105787,1193
105787,904
105787,6711
105787,4878
105787,1269
73291,1196
73291,4993
73291,47
73291,457
73291,54286
73291,7153
73291,5418
73291,1210
73291,2762
73291,260
39954,1527
39954,318
39954,59315
39954,4011
39954,2716
39954,44191
39954,4963
39954,3578
39954,2011
39954,5218
53231,1089
53231,356
53231,55290
53231,51662
53231,1213
53231,8665
53231,47610
53231,54286
53231,36529
53231,8961
94871,296
94871,58559
94871,1527
94871,293
94871,260
94871,4011
94871,32587
94871,589
94871,750
94871,50
10007,58559
10007,2858
10007,858
10007,1193
10007,2959
10007,111
10007,110
10007,68157
10007,2329
10007,1206
57235,46578
57235,1089
57235,750
57235,5618
57235,2858
57235,608
57235,48394
57235,6711
57235,1193
57235,1175
90553,50
90553,54286
90553,2959
90553,2858
90553,318
90553,1265
90553,2571
90553,589
90553,2502
90553,1240
17235,1193
17235,2329
17235,593
17235,7361
17235,47
17235,4011
17235,111
17235,6016
17235,4034
17235,778
48880,70286
48880,79132
48880,2571
48880,49272
48880,5952
48880,4993
48880,51662
48880,6539
48880,2959
48880,7090
25918,1097
25918,1258
25918,32
25918,1210
25918,4896
25918,1213
25918,1265
25918,5445
25918,6874
25918,2028
22315,4896
22315,45722
22315,364
22315,110
22315,5445
22315,8961
22315,1917
22315,2617
22315,500
22315,5989
131724,356
131724,1721
131724,2671
131724,4246
131724,4306
131724,586
131724,5816
131724,88125
131724,81834
131724,63082
85862,79702
85862,2542
85862,8874
85862,71535
85862,96610
85862,1080
85862,38061
85862,318
85862,69122
85862,44191
43236,260
43236,353
43236,7153
43236,5952
43236,4993
43236,253
43236,6539
43236,1580
43236,551
43236,1196
40382,6377
40382,4886
40382,4993
40382,5952
40382,2959
40382,3147
40382,296
40382,318
40382,480
40382,1517
68108,318
68108,110
68108,2628
68108,33794
68108,780
68108,260
68108,1198
68108,589
68108,49272
68108,4963
26669,7361
26669,4979
26669,46578
26669,2324
26669,1246
26669,81845
26669,1265
26669,94070
26669,4995
26669,2858
32881,3949
32881,39427
32881,7347
32881,51086
32881,5630
32881,1682
32881,2571
32881,34532
32881,44191
32881,67255
2761,4011
2761,4963
2761,4995
2761,2353
2761,318
2761,2858
2761,3980
2761,5445
2761,6378
2761,3408
68455,480
68455,457
68455,1270
68455,377
68455,296
68455,3698
68455,150
68455,608
68455,1961
68455,110
131168,246
131168,33154
131168,1208
131168,1193
131168,1732
131168,6016
131168,1258
131168,1222
131168,3730
131168,2330
47420,76030
47420,8360
47420,37729
47420,4148
47420,70159
47420,6539
47420,56757
47420,58559
47420,54785
47420,356
49949,527
49949,2571
49949,33794
49949,2329
49949,858
49949,2959
49949,1259
49949,8961
49949,1196
49949,1617
54013,4306
54013,2762
54013,4011
54013,2706
54013,32587
54013,16
54013,5989
54013,8798
54013,527
54013,44199
54795,1370
54795,2167
54795,2001
54795,1580
54795,733
54795,2273
54795,3527
54795,589
54795,1036
54795,2694
26500,1961
26500,4973
26500,2762
26500,318
26500,527
26500,2858
26500,3578
26500,597
26500,1704
26500,4886
35448,98809
35448,5952
35448,7153
35448,68954
35448,6377
35448,356
35448,4886
35448,79132
35448,91500
35448,1073
63725,2716
63725,1270
63725,6539
63725,480
63725,1036
63725,260
63725,364
63725,733
63725,1527
63725,1136
66320,2762
66320,33615
66320,5995
66320,56757
66320,364
66320,527
66320,296
66320,4720
66320,30793
66320,51086
55481,5952
55481,4993
55481,589
55481,527
55481,3578
55481,296
55481,6377
55481,33794
55481,68157
55481,4963
67609,2858
67609,924
67609,588
67609,1206
67609,595
67609,858
67609,1274
67609,4306
67609,59315
67609,4878
16144,2959
16144,2529
16144,2997
16144,48774
16144,356
16144,1653
16144,589
16144,750
16144,68358
16144,4370
86860,1197
86860,8961
86860,3793
86860,4306
86860,1580
86860,2571
86860,780
86860,2716
86860,60069
86860,8636
95630,2028
95630,1272
95630,2948
95630,260
95630,150
95630,953
95630,912
95630,7062
95630,5899
95630,6448
124212,69406
124212,69757
124212,69122
124212,74946
124212,80463
124212,60069
124212,35836
124212,70183
124212,78209
124212,64969
60040,2571
60040,593
60040,110
60040,3702
60040,4993
60040,260
60040,2915
60040,356
60040,1129
60040,7153
48906,79132
48906,318
48906,527
48906,48738
48906,98154
48906,98961
48906,30749
48906,2336
48906,89492
48906,72641
54510,1291
54510,58559
54510,296
54510,4306
54510,2716
54510,68954
54510,1079
54510,5989
54510,3448
54510,8368
48899,1265
48899,4993
48899,55820
48899,1270
48899,4226
48899,589
48899,2997
48899,48394
48899,1198
48899,7153
100165,356
100165,88129
100165,593
100165,2571
100165,47
100165,8950
100165,109374
100165,48394
100165,3578
100165,4848
15081,4963
15081,4995
15081,4306
15081,1265
15081,858
15081,1136
15081,2858
15081,527
15081,296
15081,2797
10447,1254
10447,1237
10447,1217
10447,5291
10447,1208
10447,1221
10447,1303
10447,4406
10447,2728
10447,1283
127888,5952
127888,2997
127888,77800
127888,74510
127888,79720
127888,68347
127888,293
127888,48516
127888,2028
127888,7153
128008,527
128008,1198
128008,33794
128008,6377
128008,2329
128008,2716
128008,1270
128008,3996
128008,1097
128008,1265
78542,541
78542,69757
78542,81591
78542,480
78542,46976
78542,61323
78542,71535
78542,527
78542,59387
78542,1617
50942,2997
50942,51255
50942,32587
50942,293
50942,589
50942,2571
50942,61323
50942,750
50942,924
50942,60684
131900,6874
131900,4306
131900,58559
131900,6377
131900,2028
131900,4973
131900,63082
131900,231
131900,47610
131900,8360
117411,4886
117411,1196
117411,4226
117411,4973
117411,1079
117411,4027
117411,50
117411,3481
117411,1198
117411,1197
129336,59501
129336,4886
129336,58105
129336,56775
129336,60069
129336,7164
129336,8360
129336,4896
129336,58972
129336,4700
23064,4973
23064,34405
23064,2019
23064,32
23064,7099
23064,60069
23064,51255
23064,1218
23064,3996
23064,589
4635,1199
4635,2028
4635,1233
4635,593
4635,858
4635,1270
4635,1196
4635,1231
4635,5952
4635,296
95096,5618
95096,7361
95096,58559
95096,589
95096,81845
95096,78499
95096,318
95096,33794
95096,1291
95096,32
79849,1270
79849,81845
79849,1387
79849,1997
79849,1307
79849,1097
79849,1721
79849,2716
79849,1968
79849,1265
133908,1653
133908,60069
133908,68237
133908,2959
133908,82461
133908,58559
133908,3000
133908,96610
133908,4226
133908,7361
22141,2571
22141,541
22141,1261
22141,1228
22141,4105
22141,2640
22141,785
22141,3087
22141,1200
22141,2109
48441,48516
48441,4226
48441,2858
48441,2959
48441,1213
48441,2329
48441,55820
48441,608
48441,47
48441,68157
46470,50872
46470,97913
46470,589
46470,79091
46470,7147
46470,2987
46470,34405
46470,54259
46470,1097
46470,70286
112364,858
112364,2858
112364,356
112364,1270
112364,3578
112364,4973
112364,4226
112364,68157
112364,1721
112364,1
25651,1617
25651,79132
25651,1732
25651,480
25651,1291
25651,2791
25651,2115
25651,3481
25651,3897
25651,2915
19999,7361
19999,46578
19999,4235
19999,46723
19999,31658
19999,27266
19999,55442
19999,7323
19999,30749
19999,56367
134022,68954
134022,318
134022,56367
134022,2858
134022,63082
134022,4226
134022,2324
134022,3481
134022,4979
134022,2502
78703,318
78703,2959
78703,55820
78703,593
78703,50
78703,1089
78703,48394
78703,44555
78703,3949
78703,1201
58964,292
58964,196
58964,593
58964,172
58964,4370
58964,208
58964,60069
58964,57640
58964,2628
58964,590
121487,91542
121487,60684
121487,32587
121487,2959
121487,2542
121487,1222
121487,260
121487,1210
121487,1196
121487,88129
105902,527
105902,1704
105902,593
105902,318
105902,1193
105902,79132
105902,1961
105902,2571
105902,586
105902,231
73672,1358
73672,6787
73672,1214
73672,318
73672,3359
73672,3504
73672,1267
73672,2918
73672,527
73672,3505
71283,356
71283,608
71283,47
71283,1094
71283,6016
71283,4886
71283,1252
71283,923
71283,1210
71283,1
129759,595
129759,4306
129759,4878
129759,2291
129759,364
129759,69757
129759,588
129759,1721
129759,46578
129759,356
78324,2571
78324,1223
78324,1208
78324,5618
78324,4226
78324,1089
78324,4993
78324,608
78324,720
78324,3030
80853,4886
80853,48385
80853,2329
80853,1704
80853,1213
80853,56367
80853,4011
80853,1089
80853,44191
80853,33794
49391,780
49391,5952
49391,6377
49391,2858
49391,1784
49391,46578
49391,4022
49391,48516
49391,2329
49391,3147
100638,480
100638,2628
100638,5952
100638,1196
100638,780
100638,5349
100638,10
100638,1080
100638,3578
100638,8636
77356,589
77356,1240
77356,110
77356,377
77356,3578
77356,1
77356,648
77356,3147
77356,260
77356,1210
78681,2551
78681,1639
78681,32587
78681,260
78681,2858
78681,318
78681,1079
78681,3897
78681,1617
78681,48385
3263,6377
3263,51255
3263,57669
3263,48774
3263,59315
3263,54286
3263,63131
3263,8641
3263,356
3263,59784
4083,110
4083,5349
4083,5952
4083,593
4083,3948
4083,8636
4083,5989
4083,1485
4083,648
4083,58559
37366,49272
37366,47
37366,5418
37366,44191
37366,356
37366,5952
37366,4993
37366,7153
37366,4226
37366,110
2395,1210
2395,3147
2395,1198
2395,1610
2395,150
2395,6979
2395,1197
2395,260
2395,1265
2395,316
116572,30707
116572,5418
116572,8798
116572,2194
116572,4855
116572,8207
116572,4262
116572,8961
116572,27831
116572,54286
89113,1258
89113,2571
89113,2329
89113,1089
89113,6874
89113,4226
89113,4993
89113,2997
89113,858
89113,6807
78478,318
78478,4306
78478,1704
78478,595
78478,356
78478,1307
78478,4995
78478,588
78478,2762
78478,1784
109702,27773
109702,6874
109702,37733
109702,4262
109702,6711
109702,48774
109702,6016
109702,33834
109702,40278
109702,8949
108191,588
108191,4963
108191,4306
108191,4246
108191,1
108191,2797
108191,1917
108191,68135
108191,587
108191,35836
130593,527
130593,858
130593,33794
130593,356
130593,2571
130593,608
130593,2028
130593,1089
130593,58559
130593,46578
33729,58998
33729,73266
33729,73268
33729,70286
33729,69122
33729,80549
33729,7361
33729,63082
33729,78499
33729,68237
115001,4246
115001,318
115001,4014
115001,150
115001,440
115001,50685
115001,72011
115001,8360
115001,1079
115001,55267
45370,80463
45370,48774
45370,4878
45370,1
45370,33794
45370,68954
45370,1213
45370,5618
45370,912
45370,32
98082,1221
98082,1136
98082,457
98082,3578
98082,1036
98082,1090
98082,2959
98082,6539
98082,1213
98082,1200
79097,1580
79097,541
79097,260
79097,593
79097,1197
79097,4306
79097,1196
79097,924
79097,912
79097,480
14705,4325
14705,4847
14705,1189
14705,5788
14705,26094
14705,8239
14705,8751
14705,4928
14705,2970
14705,39292
43819,2617
43819,2
43819,592
43819,5218
43819,1721
43819,6333
43819,41566
43819,1801
43819,2640
43819,4886
14992,87232
14992,6537
14992,67197
14992,81788
14992,57368
14992,77561
14992,62374
14992,71530
14992,58803
14992,1961
120581,1240
120581,3421
120581,1663
120581,1196
120581,260
120581,1291
120581,589
120581,593
120581,296
120581,457
53322,608
53322,4226
53322,64614
53322,1704
53322,58559
53322,778
53322,2324
53322,7438
53322,5989
53322,7153
132222,7361
132222,1968
132222,1285
132222,608
132222,3897
132222,1073
132222,1923
132222,2395
132222,1230
132222,597
106428,364
106428,296
106428,780
106428,356
106428,6874
106428,648
106428,32
106428,2716
106428,4995
106428,593
32708,1
32708,364
32708,5952
32708,7153
32708,4993
32708,5418
32708,231
32708,2706
32708,110
32708,8665
40277,3578
40277,2028
40277,587
40277,1961
40277,150
40277,1584
40277,1101
40277,2268
40277,2396
40277,5989
74492,4995
74492,1265
74492,69122
74492,7438
74492,260
74492,1196
74492,80463
74492,1210
74492,5669
74492,3578
100879,593
100879,296
100879,7361
100879,1193
100879,2858
100879,1258
100879,47
100879,56367
100879,55247
100879,7147
61310,1206
61310,296
61310,3608
61310,919
61310,2571
61310,1270
61310,551
61310,2324
61310,2716
61310,1230
86256,260
86256,589
86256,7153
86256,4993
86256,6539
86256,4995
86256,296
86256,1291
86256,2858
86256,1221
125681,1219
125681,33166
125681,5445
125681,3147
125681,7147
125681,2762
125681,1252
125681,1247
125681,1262
125681,541
77672,1266
77672,1263
77672,318
77672,2028
77672,1213
77672,296
77672,593
77672,1276
77672,2194
77672,1233
8424,1291
8424,1704
8424,858
8424,356
8424,58559
8424,1197
8424,1136
8424,1036
8424,8665
8424,589
81745,1136
81745,6377
81745,1721
81745,4993
81745,1097
81745,1225
81745,1265
81745,7153
81745,5952
81745,2716
9943,527
9943,2858
9943,4995
9943,110
9943,3578
9943,47
9943,296
9943,2324
9943,593
9943,318
119265,2959
119265,318
119265,296
119265,4226
119265,480
119265,51662
119265,60684
119265,48780
119265,69481
119265,4878
85228,356
85228,858
85228,1213
85228,50
85228,912
85228,1136
85228,47
85228,110
85228,3949
85228,1203
88546,71579
88546,1721
88546,81845
88546,2396
88546,1307
88546,509
88546,1225
88546,39
88546,1183
88546,55052
61766,4306
61766,1721
61766,68135
61766,69406
61766,364
61766,6377
61766,2671
61766,4447
61766,3948
61766,4246
114014,1270
114014,47
114014,5952
114014,5679
114014,593
114014,6242
114014,4720
114014,2710
114014,7099
114014,6539
90097,6539
90097,1198
90097,1210
90097,72998
90097,1291
90097,1610
90097,1196
90097,4995
90097,3578
90097,1197
128894,1197
128894,110
128894,2028
128894,356
128894,4878
128894,55820
128894,3578
128894,457
128894,1270
128894,589
112787,7161
112787,43930
112787,35836
112787,8533
112787,33679
112787,46972
112787,45672
112787,55245
112787,50872
112787,4447
109388,1210
109388,1136
109388,2918
109388,2000
109388,1297
109388,1527
109388,3175
109388,1396
109388,4085
109388,318
75850,32
75850,5810
75850,68135
75850,35836
75850,8641
75850,1214
75850,2858
75850,3421
75850,1608
75850,5481
61405,1220
61405,1225
61405,33794
61405,541
61405,7836
61405,3702
61405,6947
61405,39292
61405,3471
61405,4085
40265,1704
40265,5952
40265,858
40265,2762
40265,2571
40265,68157
40265,1089
40265,2028
40265,47
40265,89745
94933,47
94933,4973
94933,4226
94933,2571
94933,527
94933,1961
94933,7361
94933,79132
94933,1193
94933,858
70108,356
70108,2762
70108,5418
70108,1704
70108,593
70108,3408
70108,4306
70108,39183
70108,5989
70108,4896
66935,4246
66935,33679
66935,30793
66935,6942
66935,3977
66935,1270
66935,7361
66935,2762
66935,35836
66935,1777
115764,3527
115764,5903
115764,589
115764,4878
115764,32
115764,296
115764,2021
115764,4886
115764,2174
115764,5254
101677,2858
101677,1235
101677,608
101677,4027
101677,63082
101677,3481
101677,2997
101677,72226
101677,2324
101677,1292
5193,3910
5193,4973
5193,5669
5193,7285
5193,5791
5193,7151
5193,7361
5193,3556
5193,45950
5193,4720
83016,2762
83016,4306
83016,2081
83016,588
83016,539
83016,1101
83016,1073
83016,2918
83016,1704
83016,1197
70087,2959
70087,357
70087,2571
70087,1721
70087,1307
70087,4995
70087,1270
70087,2396
70087,1682
70087,2329
108355,44199
108355,37386
108355,58559
108355,47610
108355,48780
108355,68358
108355,46976
108355,38061
108355,59784
108355,37729
90619,4226
90619,2858
90619,47
90619,5995
90619,2324
90619,3949
90619,1193
90619,2329
90619,1258
90619,1172
86899,49272
86899,1036
86899,1923
86899,2706
86899,51662
86899,2502
86899,377
86899,367
86899,2683
86899,2997
121485,2571
121485,2858
121485,4306
121485,6874
121485,60069
121485,2762
121485,7153
121485,1193
121485,7147
121485,595
114569,1028
114569,7361
114569,1136
114569,750
114569,899
114569,912
114569,1225
114569,8970
114569,910
114569,919
79669,4886
79669,69844
79669,72998
79669,73017
79669,91542
79669,318
79669,54001
79669,2571
79669,49272
79669,50872
42541,1193
42541,318
42541,47
42541,1921
42541,1968
42541,356
42541,288
42541,2502
42541,6711
42541,1682
58498,4963
58498,1625
58498,1258
58498,3578
58498,4720
58498,81788
58498,4995
58498,3949
58498,4262
58498,6016
71833,90376
71833,90531
71833,2858
71833,46578
71833,63082
71833,89759
71833,296
71833,46723
71833,356
71833,80969
124495,110
124495,1291
124495,5952
124495,8961
124495,2716
124495,1371
124495,2571
124495,364
124495,1372
124495,596
21588,44199
21588,3717
21588,47200
21588,4963
21588,33679
21588,44665
21588,8605
21588,2278
21588,32587
21588,8644
118381,3925
118381,1222
118381,4878
118381,608
118381,2997
118381,47
118381,1252
118381,2858
118381,4553
118381,1201
57496,4878
57496,1517
57496,8376
57496,1777
57496,2571
57496,32587
57496,1197
57496,4979
57496,6502
57496,8961
101214,356
101214,46578
101214,7153
101214,4993
101214,5618
101214,60069
101214,593
101214,69757
101214,6539
101214,63082
64084,733
64084,527
64084,377
64084,924
64084,480
64084,597
64084,353
64084,6377
64084,1080
64084,1136
50476,3578
50476,2762
50476,4306
50476,4993
50476,480
50476,318
50476,2006
50476,597
50476,8961
50476,1
60015,260
60015,3081
60015,3052
60015,1196
60015,2700
60015,7153
60015,4993
60015,32
60015,4105
60015,4226
100612,55820
100612,50
100612,47
100612,4973
100612,3075
100612,2329
100612,8874
100612,3262
100612,7022
100612,1994
110629,6016
110629,318
110629,68157
110629,47
110629,778
110629,2959
110629,356
110629,50
110629,4878
110629,2028
5515,780
5515,1610
5515,1036
5515,165
5515,58559
5515,8665
5515,4963
5515,733
5515,1961
5515,2353
23772,2762
23772,588
23772,1682
23772,4022
23772,1527
23772,3578
23772,296
23772,595
23772,520
23772,1917
96613,86332
96613,96610
96613,73017
96613,58559
96613,2959
96613,3793
96613,60069
96613,68954
96613,1198
96613,60684
46072,98809
46072,91529
46072,64614
46072,49530
46072,64983
46072,68319
46072,44199
46072,51662
46072,8360
46072,260
63299,68237
63299,1210
63299,70286
63299,2028
63299,2571
63299,208
63299,593
63299,2762
63299,79132
63299,316
111132,318
111132,7153
111132,2959
111132,4226
111132,7361
111132,6377
111132,5902
111132,4878
111132,8961
111132,2692
24056,80549
24056,1721
24056,69122
24056,36525
24056,70599
24056,69406
24056,64969
24056,78772
24056,356
24056,92259
81185,1527
81185,4370
81185,1645
81185,588
81185,7438
81185,6874
81185,293
81185,4018
81185,3793
81185,1961
61049,2502
61049,2858
61049,541
61049,527
61049,6711
61049,4973
61049,1258
61049,1259
61049,1961
61049,1246
132787,858
132787,1193
132787,318
132787,2571
132787,55820
132787,4878
132787,1732
132787,750
132787,912
132787,56367
17518,2571
17518,356
17518,1073
17518,6874
17518,1196
17518,260
17518,4226
17518,1197
17518,2762
17518,1258
51233,3578
51233,1136
51233,1258
51233,33794
51233,2716
51233,293
51233,33493
51233,2329
51233,4963
51233,353
134182,4226
134182,318
134182,8961
134182,4995
134182,380
134182,2396
134182,1721
134182,49272
134182,4034
134182,110
58945,4993
58945,5952
58945,5445
58945,110
58945,4963
58945,2959
58945,7153
58945,104
58945,4306
58945,2716
61277,1704
61277,4226
61277,2858
61277,2959
61277,296
61277,1193
61277,58559
61277,1732
61277,293
61277,7153
18438,55765
18438,3147
18438,480
18438,1036
18438,1645
18438,110
18438,7458
18438,50
18438,293
18438,2167
94802,356
94802,55280
94802,7139
94802,40819
94802,1704
94802,3105
94802,6711
94802,63082
94802,4973
94802,1097
119548,1210
119548,1197
119548,5952
119548,8961
119548,260
119548,5989
119548,4993
119548,2762
119548,5445
119548,1
49919,1527
49919,1580
49919,858
49919,318
49919,1682
49919,1101
49919,5349
49919,380
49919,592
49919,924
11103,296
11103,91658
11103,82459
11103,89753
11103,79132
11103,2858
11103,69481
11103,4226
11103,56367
11103,750
67087,2762
67087,1291
67087,1580
67087,110
67087,7153
67087,377
67087,780
67087,1917
67087,480
67087,587
88955,45720
88955,7153
88955,8970
88955,49272
88955,4973
88955,2125
88955,5952
88955,5299
88955,2502
88955,4246
35245,112556
35245,318
35245,5952
35245,58559
35245,527
35245,116797
35245,2028
35245,72998
35245,91529
35245,3147
61869,858
61869,6291
61869,7034
61869,6711
61869,3949
61869,2959
61869,1258
61869,2692
61869,541
61869,1225
126183,5418
126183,7361
126183,68157
126183,55820
126183,35836
126183,858
126183,55765
126183,47
126183,8665
126183,1265
136770,2726
136770,6001
136770,1178
136770,1945
136770,3365
136770,1617
136770,2730
136770,1256
136770,1230
136770,4406
12706,778
12706,2571
12706,2858
12706,296
12706,1136
12706,2657
12706,46578
12706,48394
12706,6807
12706,1219
112853,3481
112853,7361
112853,608
112853,4641
112853,86882
112853,215
112853,4973
112853,750
112853,38886
112853,5673
78302,64957
78302,56174
78302,73017
78302,5952
78302,7153
78302,4993
78302,33615
78302,99114
78302,74458
78302,69122
104988,2858
104988,2959
104988,589
104988,593
104988,858
104988,32
104988,1961
104988,318
104988,4226
104988,1270
6092,2762
6092,588
6092,1
6092,1380
6092,2571
6092,1580
6092,2054
6092,1923
6092,317
6092,1485
3060,318
3060,1089
3060,3948
3060,54286
3060,589
3060,8665
3060,1393
3060,586
3060,38061
3060,55820
96225,97304
96225,72998
96225,89745
96225,63113
96225,73017
96225,48780
96225,81845
96225,8665
96225,41566
96225,111362
22776,2716
22776,1208
22776,4878
22776,2762
22776,2028
22776,1610
22776,4226
22776,293
22776,527
22776,1036
121386,5952
121386,2858
121386,7361
121386,79132
121386,260
121386,2502
121386,44191
121386,4011
121386,1193
121386,1196
42692,48780
42692,44191
42692,49272
42692,33166
42692,34162
42692,56367
42692,48385
42692,49530
42692,47610
42692,54272
55297,95167
55297,1907
55297,4700
55297,2096
55297,1022
55297,2081
55297,5218
55297,6539
55297,78637
55297,76093
104636,4226
104636,55820
104636,48774
104636,48394
104636,58559
104636,2959
104636,72226
104636,6867
104636,68157
104636,51255
3221,3504
3221,1292
3221,7091
3221,81845
3221,1136
3221,1207
3221,1235
3221,46578
3221,4027
3221,1203
63287,81847
63287,8808
63287,106487
63287,56941
63287,91500
63287,70183
63287,68135
63287,66203
63287,88163
63287,6155
16367,1197
16367,2716
16367,260
16367,1196
16367,593
16367,480
16367,6874
16367,527
16367,3793
16367,344
31214,527
31214,1732
31214,4226
31214,2762
31214,1089
31214,1193
31214,7438
31214,1968
31214,4027
31214,5010
64227,1296
64227,5013
64227,838
64227,2336
64227,515
64227,1643
64227,745
64227,4973
64227,4246
64227,1188
79315,46578
79315,527
79315,2959
79315,1193
79315,30707
79315,6016
79315,44555
79315,2858
79315,64614
79315,50
127946,39183
127946,7438
127946,4720
127946,3556
127946,7265
127946,3993
127946,318
127946,8645
127946,50
127946,1089
29990,293
29990,5952
29990,4993
29990,4973
29990,1961
29990,5989
29990,508
29990,64957
29990,1682
29990,36529
48491,593
48491,858
48491,1617
48491,2020
48491,3006
48491,1358
48491,3481
48491,1466
48491,1242
48491,1221
29646,780
29646,1265
29646,68157
29646,296
29646,51662
29646,78499
29646,68954
29646,3114
29646,54503
29646,2949
16233,7153
16233,4993
16233,1
16233,6377
16233,2571
16233,500
16233,4886
16233,54001
16233,919
16233,8961
101274,648
101274,7318
101274,34048
101274,8665
101274,1
101274,46972
101274,2268
101274,5218
101274,3916
101274,2006
32426,110
32426,260
32426,8874
32426,2959
32426,33794
32426,59315
32426,318
32426,780
32426,68358
32426,48516
99850,47
99850,4973
99850,2329
99850,4262
99850,858
99850,5618
99850,293
99850,2571
99850,6016
99850,4993
2344,6
2344,3355
2344,1275
2344,293
2344,1921
2344,1208
2344,8798
2344,4865
2344,4995
2344,6709
37387,6539
37387,4025
37387,4246
37387,6218
37387,7153
37387,2671
37387,364
37387,6377
37387,4306
37387,4308
97272,380
97272,260
97272,653
97272,3578
97272,1265
97272,6539
97272,1136
97272,150
97272,1
97272,329
130588,904
130588,924
130588,8665
130588,4963
130588,457
130588,1196
130588,589
130588,1240
130588,2391
130588,5445
34627,72737
34627,37729
34627,4993
34627,68954
34627,81847
34627,60069
34627,7153
34627,45722
34627,588
34627,4886
80882,5418
80882,6539
80882,6874
80882,5349
80882,356
80882,5952
80882,4993
80882,8636
80882,3578
80882,58559
63831,47
63831,3499
63831,2288
63831,1228
63831,55820
63831,7802
63831,1321
63831,7001
63831,2726
63831,7013
6921,34437
6921,32587
6921,44694
6921,41863
6921,45028
6921,40278
6921,8981
6921,48696
6921,44864
6921,8949
43161,7361
43161,296
43161,3949
43161,3147
43161,778
43161,593
43161,1527
43161,5989
43161,6874
43161,318
29417,2858
29417,296
29417,58559
29417,1073
29417,1270
29417,8910
29417,55269
29417,1206
29417,1136
29417,1258
91971,2959
91971,1704
91971,1240
91971,2858
91971,527
91971,3578
91971,1270
91971,296
91971,1961
91971,1200
111081,589
111081,2028
111081,6874
111081,47
111081,593
111081,3578
111081,1517
111081,1387
111081,1
111081,586
98464,32587
98464,8949
98464,27821
98464,27808
98464,8784
98464,8961
98464,8968
98464,8807
98464,8981
98464,8972
58646,1
58646,78499
58646,81847
58646,68954
58646,5952
58646,6539
58646,96079
58646,364
58646,4886
58646,5418
86392,924
86392,903
86392,50
86392,858
86392,904
86392,912
86392,1732
86392,527
86392,1212
86392,1206
8579,1210
8579,50
8579,480
8579,47
8579,1270
8579,1200
8579,318
8579,1198
8579,1208
8579,924
93281,47
93281,1193
93281,2997
93281,2762
93281,41285
93281,1060
93281,1466
93281,5954
93281,4034
93281,2918
62736,6539
62736,1197
62736,2571
62736,1291
62736,5418
62736,50872
62736,8961
62736,318
62736,2125
62736,6377
81984,2321
81984,2502
81984,2959
81984,50
81984,4246
81984,1198
81984,2324
81984,4896
81984,1265
81984,5349
28394,48516
28394,6016
28394,7570
28394,3639
28394,8798
28394,2991
28394,49272
28394,44191
28394,44665
28394,8950
9190,2959
9190,48516
9190,527
9190,589
9190,597
9190,150
9190,48738
9190,648
9190,55765
9190,4993
60172,1198
60172,1196
60172,4571
60172,380
60172,4973
60172,316
60172,8644
60172,3948
60172,47
60172,2291
83772,2571
83772,1196
83772,457
83772,8961
83772,318
83772,2028
83772,6377
83772,1704
83772,1210
83772,260
120515,593
120515,1136
120515,296
120515,2858
120515,7361
120515,1197
120515,608
120515,4979
120515,2571
120515,2692
43229,1200
43229,1214
43229,1073
43229,3578
43229,2700
43229,4993
43229,1097
43229,4103
43229,1748
43229,2580
30381,2858
30381,367
30381,1
30381,339
30381,2571
30381,318
30381,1721
30381,4886
30381,4973
30381,6377
93359,2762
93359,1732
93359,1729
93359,3020
93359,70
93359,2000
93359,4874
93359,2716
93359,1270
93359,2291
91479,50
91479,2028
91479,2858
91479,2571
91479,527
91479,593
91479,356
91479,4995
91479,4306
91479,2324
126689,1090
126689,1240
126689,318
126689,1200
126689,527
126689,590
126689,4262
126689,1193
126689,2959
126689,1222
74245,78105
74245,91485
74245,83613
74245,1552
74245,64969
74245,68791
74245,1704
74245,60072
74245,1653
74245,1101
98573,1073
98573,4002
98573,6807
98573,541
98573,2115
98573,1214
98573,1193
98573,3039
98573,953
98573,2761
38086,89745
38086,1
38086,78499
38086,58559
38086,364
38086,296
38086,5952
38086,7153
38086,4993
38086,1210
72457,2571
72457,750
72457,1196
72457,58559
72457,79132
72457,608
72457,1198
72457,2959
72457,4226
72457,541
107196,2959
107196,608
107196,2997
107196,4027
107196,318
107196,1136
107196,2918
107196,1197
107196,924
107196,593
130450,1617
130450,1252
130450,1288
130450,1225
130450,471
130450,2968
130450,296
130450,745
130450,32
130450,1674
77814,480
77814,356
77814,364
77814,1
77814,3793
77814,648
77814,1721
77814,7153
77814,8665
77814,3578
130026,260
130026,1019
130026,2028
130026,1291
130026,2115
130026,1220
130026,3066
130026,7980
130026,1036
130026,3578
111351,2959
111351,858
111351,318
111351,58559
111351,296
111351,589
111351,1221
111351,2329
111351,57528
111351,780
122704,6870
122704,8961
122704,4886
122704,41285
122704,8981
122704,50872
122704,1186
122704,45
122704,6953
122704,1263
106887,1240
106887,110
106887,7153
106887,48774
106887,3300
106887,51662
106887,4226
106887,296
106887,1198
106887,68358
127501,76093
127501,101864
127501,104841
127501,87232
127501,72998
127501,5445
127501,4878
127501,54286
127501,91500
127501,102125
95923,215
95923,48394
95923,3949
95923,4878
95923,3556
95923,5445
95923,6953
95923,8360
95923,55052
95923,5902
60102,2959
60102,2858
60102,2076
60102,1222
60102,608
60102,1193
60102,42632
60102,27317
60102,1258
60102,593
9859,593
9859,2959
9859,296
9859,1206
9859,858
9859,4226
9859,7361
9859,3424
9859,608
9859,2571
33162,1580
33162,1214
33162,377
33162,593
33162,296
33162,6537
33162,780
33162,2011
33162,70
33162,2232
13005,7361
13005,1265
13005,2716
13005,2959
13005,4979
13005,2858
13005,778
13005,3996
13005,1196
13005,858
132259,1527
132259,457
132259,4963
132259,5816
132259,4896
132259,8368
132259,1200
132259,2194
132259,1097
132259,26614
106180,79132
106180,1015
106180,4886
106180,317
106180,72998
106180,1721
106180,2571
106180,68358
106180,1265
106180,58559
116557,750
116557,34162
116557,3421
116557,904
116557,51255
116557,2502
116557,8807
116557,913
116557,3052
116557,46578
98580,6539
98580,50
98580,2716
98580,858
98580,1196
98580,608
98580,589
98580,1193
98580,1580
98580,1923
94563,6365
94563,2959
94563,6377
94563,1721
94563,49272
94563,3793
94563,1291
94563,6333
94563,593
94563,296
20968,47
20968,1080
20968,778
20968,1682
20968,5989
20968,4995
20968,2571
20968,2762
20968,8360
20968,1961
101047,2396
101047,3751
101047,2762
101047,480
101047,648
101047,349
101047,1307
101047,33794
101047,1210
101047,1196
14755,293
14755,58559
14755,72998
14755,60069
14755,318
14755,3578
14755,5669
14755,69122
14755,8957
14755,3147
75143,1270
75143,296
75143,318
75143,50
75143,58559
75143,1265
75143,4878
75143,1136
75143,7147
75143,2571
107887,1222
107887,4011
107887,47
107887,3578
107887,5903
107887,1240
107887,33794
107887,1036
107887,6016
107887,32587
127871,33880
127871,56367
127871,57669
127871,30803
127871,55442
127871,55069
127871,63808
127871,61323
127871,54503
127871,48082
74367,4973
74367,2858
74367,318
74367,296
74367,2959
74367,41285
74367,50
74367,2023
74367,81845
74367,63082
132081,31116
132081,1962
132081,48516
132081,1231
132081,527
132081,8337
132081,3360
132081,31260
132081,48738
132081,30749
81065,2028
81065,296
81065,3578
81065,2959
81065,7153
81065,47
81065,1704
81065,110
81065,5418
81065,68358
16785,1573
16785,1206
16785,54272
16785,1690
16785,8371
16785,34319
16785,38061
16785,2490
16785,5388
16785,741
56900,5989
56900,44199
56900,45447
56900,8644
56900,4310
56900,49530
56900,4995
56900,780
56900,3753
56900,8798
38443,7361
38443,1265
38443,2683
38443,2959
38443,593
38443,1136
38443,223
38443,2291
38443,4306
38443,3481
42566,81845
42566,2959
42566,296
42566,2571
42566,1080
42566,91529
42566,318
42566,4306
42566,44191
42566,72998
63830,58559
63830,72998
63830,1682
63830,70286
63830,356
63830,88125
63830,4993
63830,7153
63830,7254
63830,4896
10757,33794
10757,356
10757,49530
10757,4993
10757,318
10757,48516
10757,3147
10757,7502
10757,4011
10757,33660
76930,296
76930,1214
76930,2959
76930,3868
76930,1291
76930,1198
76930,57528
76930,99114
76930,6874
76930,293
59359,8958
59359,3897
59359,1073
59359,595
59359,47
59359,4308
59359,2291
59359,1380
59359,61132
59359,46970
64826,2959
64826,47
64826,2329
64826,3196
64826,48780
64826,293
64826,33794
64826,2571
64826,4327
64826,1245
45075,5463
45075,3751
45075,2761
45075,6333
45075,2355
45075,1748
45075,7757
45075,1148
45075,5882
45075,8636
62632,296
62632,58559
62632,4973
62632,4011
62632,6016
62632,778
62632,8874
62632,4963
62632,1580
62632,48774
18079,595
18079,2858
18079,1307
18079,6942
18079,17
18079,2762
18079,914
18079,4993
18079,1270
18079,40815
69878,1230
69878,1221
69878,6016
69878,79132
69878,4011
69878,47
69878,356
69878,5952
69878,7153
69878,2324
33340,4226
33340,318
33340,6016
33340,47
33340,2329
33340,1617
33340,356
33340,4239
33340,4262
33340,4776
118334,98809
118334,4886
118334,68954
118334,4306
118334,1022
118334,79132
118334,78499
118334,95167
118334,103141
118334,7153
92822,1527
92822,2716
92822,750
92822,541
92822,34405
92822,4011
92822,2028
92822,59315
92822,1208
92822,8589
82173,380
82173,357
82173,527
82173,7153
82173,4993
82173,3996
82173,1073
82173,2716
82173,595
82173,4886
137343,56251
137343,72998
137343,54503
137343,58299
137343,51255
137343,45431
137343,33646
137343,8641
137343,73017
137343,8874
137828,1569
137828,44193
137828,51084
137828,5957
137828,5943
137828,7293
137828,44004
137828,1895
137828,33669
137828,2706
32239,60069
32239,48394
32239,356
32239,68954
32239,50
32239,63082
32239,4878
32239,6874
32239,1193
32239,293
30026,1262
30026,1234
30026,4226
30026,7361
30026,1276
30026,30749
30026,1207
30026,1203
30026,1208
30026,4993
108497,53996
108497,56775
108497,48516
108497,35836
108497,53972
108497,45672
108497,51935
108497,55765
108497,34162
108497,60756
20892,7438
20892,2858
20892,4306
20892,7361
20892,1270
20892,6539
20892,2997
20892,6711
20892,44191
20892,741
90119,3949
90119,293
90119,111
90119,50
90119,2762
90119,1196
90119,1245
90119,3683
90119,6016
90119,1208
72573,3977
72573,2706
72573,2572
72573,4447
72573,7458
72573,4270
72573,356
72573,33679
72573,6952
72573,7451
100947,47
100947,527
100947,2762
100947,356
100947,2571
100947,51086
100947,63082
100947,4226
100947,50872
100947,68954
72630,4886
72630,8360
72630,1917
72630,377
72630,31685
72630,2671
72630,3977
72630,5445
72630,8644
72630,6378
93757,586
93757,597
93757,1270
93757,60069
93757,68954
93757,79132
93757,1721
93757,7451
93757,79091
93757,88163
97134,8961
97134,4306
97134,8360
97134,4369
97134,8528
97134,4701
97134,2706
97134,3617
97134,4886
97134,33794
121164,1258
121164,356
121164,2858
121164,2762
121164,79132
121164,1625
121164,2329
121164,3147
121164,527
121164,296
32234,2716
32234,44191
32234,63082
32234,150
32234,6016
32234,1222
32234,4878
32234,70286
32234,68157
32234,2194
5840,86332
5840,73017
5840,33794
5840,60074
5840,77561
5840,2273
5840,8644
5840,33679
5840,72998
5840,5574
107950,2028
107950,4973
107950,2858
107950,2959
107950,150
107950,6539
107950,4886
107950,5989
107950,1961
107950,33794
10781,36517
10781,55820
10781,3949
10781,44191
10781,91077
10781,5878
10781,5989
10781,2997
10781,6874
10781,55118
8529,1210
8529,56782
8529,50
8529,1090
8529,5989
8529,750
8529,1387
8529,4878
8529,1136
8529,527
47662,457
47662,7361
47662,357
47662,904
47662,1784
47662,46578
47662,260
47662,8961
47662,377
47662,595
84916,2066
84916,7335
84916,69481
84916,8491
84916,6273
84916,7116
84916,7587
84916,7070
84916,25923
84916,942
78386,4370
78386,1036
78386,293
78386,2232
78386,3527
78386,1997
78386,6373
78386,1097
78386,2617
78386,1682
71336,44191
71336,4995
71336,5989
71336,32587
71336,1517
71336,223
71336,1240
71336,2115
71336,2706
71336,1193
94584,1580
94584,150
94584,356
94584,6539
94584,1291
94584,60069
94584,527
94584,6365
94584,1198
94584,6377
84322,7153
84322,4993
84322,1527
84322,76093
84322,5952
84322,589
84322,5618
84322,3578
84322,79132
84322,33794
90381,1196
90381,260
90381,2115
90381,7980
90381,1320
90381,110
90381,2716
90381,2788
90381,7810
90381,2959
60409,4226
60409,7361
60409,903
60409,5690
60409,123
60409,111
60409,6016
60409,79132
60409,1193
60409,904
13338,1210
13338,4878
13338,2918
13338,2571
13338,2959
13338,1197
13338,750
13338,1136
13338,1278
13338,592
45209,6378
45209,2763
45209,318
45209,3578
45209,2268
45209,1672
45209,5445
45209,53322
45209,44199
45209,49278
100358,933
100358,34405
100358,3334
100358,33794
100358,2186
100358,929
100358,7215
100358,1396
100358,471
100358,2371
125843,55820
125843,2762
125843,6874
125843,47
125843,7438
125843,55765
125843,3147
125843,8360
125843,231
125843,527
56592,7361
56592,5673
56592,2997
56592,4226
56592,4878
56592,296
56592,2858
56592,555
56592,3949
56592,4873
121018,31420
121018,1608
121018,2294
121018,7173
121018,2858
121018,2329
121018,2683
121018,5810
121018,5900
121018,2124
58918,1291
58918,48516
58918,4226
58918,780
58918,50
58918,648
58918,58559
58918,3578
58918,858
58918,7153
97409,318
97409,593
97409,79132
97409,2858
97409,2291
97409,608
97409,1073
97409,4027
97409,2716
97409,1193
33873,1240
33873,110
33873,4993
33873,4306
33873,7153
33873,3793
33873,356
33873,2762
33873,3996
33873,1527
75603,4776
75603,2959
75603,2706
75603,318
75603,4369
75603,4306
75603,4963
75603,55765
75603,68157
75603,2329
36310,1213
36310,1095
36310,1092
36310,7445
36310,53953
36310,4239
36310,474
36310,3863
36310,1923
36310,37731
74122,7153
74122,2959
74122,4226
74122,908
74122,48516
74122,2571
74122,1
74122,903
74122,527
74122,5418
101140,593
101140,89774
101140,80489
101140,92507
101140,91529
101140,81788
101140,589
101140,95441
101140,4226
101140,106782
2270,1291
2270,34405
2270,49272
2270,8636
2270,47
2270,87232
2270,2395
2270,3527
2270,1732
2270,111759
1426,4886
1426,8961
1426,588
1426,4306
1426,5418
1426,1907
1426,5349
1426,8368
1426,4896
1426,2081
31821,1704
31821,6539
31821,1210
31821,593
31821,7153
31821,32
31821,1097
31821,1265
31821,5349
31821,4878
12589,296
12589,1198
12589,2571
12589,457
12589,2858
12589,318
12589,2918
12589,608
12589,1617
12589,3996
46572,47
46572,4011
46572,364
46572,7361
46572,1198
46572,1704
46572,1291
46572,1036
46572,1222
46572,344
29095,31658
29095,1907
29095,6377
29095,588
29095,56367
29095,65261
29095,595
29095,2291
29095,4308
29095,48394
27696,597
27696,51084
27696,339
27696,4963
27696,41285
27696,3408
27696,6155
27696,4155
27696,5989
27696,4306
57290,8961
57290,5952
57290,4993
57290,7153
57290,50
57290,1291
57290,3578
57290,60069
57290,33794
57290,1270
63596,8970
63596,8961
63596,953
63596,1028
63596,8784
63596,2321
63596,30810
63596,1282
63596,7361
63596,902
8937,50
8937,589
8937,356
8937,593
8937,4963
8937,590
8937,1240
8937,2268
8937,150
8937,5989
84975,1028
84975,81847
84975,1073
84975,58559
84975,1197
84975,56367
84975,1033
84975,48394
84975,919
84975,1282
4598,8961
4598,44195
4598,33004
4598,44191
4598,8970
4598,40819
4598,33166
4598,48394
4598,30707
4598,39292
120653,1234
120653,750
120653,912
120653,1198
120653,1136
120653,1208
120653,908
120653,1278
120653,3681
120653,924
78269,2858
78269,608
78269,778
78269,7361
78269,4226
78269,4878
78269,2329
78269,318
78269,56782
78269,7438
62650,1036
62650,344
62650,1721
62650,780
62650,733
62650,593
62650,380
62650,608
62650,377
62650,1208
3895,6323
3895,3147
3895,1240
3895,7090
3895,8949
3895,1884
3895,5388
3895,3996
3895,5608
3895,527
57622,49272
57622,33794
57622,51255
57622,1210
57622,1080
57622,34405
57622,45722
57622,7438
57622,593
57622,47
88211,364
88211,1485
88211,5349
88211,8368
88211,5816
88211,586
88211,45722
88211,34162
88211,6373
88211,1380
53601,2959
53601,44191
53601,48774
53601,55247
53601,60684
53601,56339
53601,2329
53601,3578
53601,6874
53601,260
48591,48877
48591,318
48591,47
48591,4963
48591,2959
48591,55577
48591,4226
48591,58559
48591,51935
48591,80463
35319,3114
35319,2096
35319,8961
35319,4886
35319,48
35319,6377
35319,5218
35319,1028
35319,6539
35319,596
91098,48516
91098,527
91098,2571
91098,6016
91098,593
91098,47
91098,1221
91098,1136
91098,4993
91098,32
132589,356
132589,6942
132589,4995
132589,364
132589,6377
132589,1028
132589,2959
132589,2321
132589,2324
132589,1968
46221,53464
46221,60684
46221,7153
46221,33794
46221,34048
46221,4993
46221,5952
46221,72378
46221,7254
46221,76093
64094,2858
64094,4226
64094,4878
64094,1222
64094,1214
64094,6807
64094,4993
64094,741
64094,593
64094,5690
1854,8865
1854,8368
1854,2321
1854,33004
1854,1197
1854,4014
1854,2502
1854,2762
1854,3489
1854,3052
113612,1261
113612,6773
113612,5673
113612,27773
113612,6857
113612,1449
113612,6755
113612,8784
113612,5669
113612,6062
30971,7147
30971,1704
30971,1197
30971,2762
30971,7361
30971,1246
30971,4306
30971,6377
30971,4014
30971,3897
135946,1265
135946,608
135946,2502
135946,4878
135946,296
135946,1196
135946,260
135946,4027
135946,46976
135946,318
65485,110
65485,457
65485,593
65485,1259
65485,1246
65485,1270
65485,527
65485,2918
65485,50
65485,58559
90887,2571
90887,10
90887,1722
90887,356
90887,1527
90887,648
90887,296
90887,4306
90887,3578
90887,2959
81598,88125
81598,54001
81598,69844
81598,106487
81598,81834
81598,91500
81598,58559
81598,88163
81598,56367
81598,76093
31760,6377
31760,4963
31760,32587
31760,7153
31760,4878
31760,208
31760,593
31760,318
31760,6934
31760,3147
25737,8807
25737,1732
25737,48385
25737,44974
25737,47997
25737,7285
25737,5669
25737,2599
25737,39183
25737,34162
20809,356
20809,318
20809,2762
20809,7361
20809,4306
20809,32
20809,6874
20809,110
20809,1
20809,150
14727,318
14727,50
14727,904
14727,2959
14727,48780
14727,296
14727,33794
14727,48774
14727,4993
14727,1089
125984,54286
125984,48774
125984,1210
125984,589
125984,356
125984,34405
125984,110
125984,48780
125984,780
125984,4226
34785,7153
34785,5952
34785,780
34785,6188
34785,54503
34785,165
34785,2115
34785,44191
34785,858
34785,4262
27843,58559
27843,4878
27843,1240
27843,356
27843,589
27843,4226
27843,1196
27843,1206
27843,1682
27843,47
4184,2959
4184,3160
4184,1089
4184,7361
4184,4226
4184,3897
4184,356
4184,337
4184,1221
4184,2762
14302,106487
14302,54503
14302,97304
14302,8533
14302,88163
14302,59315
14302,318
14302,78499
14302,81845
14302,81591
96172,6539
96172,608
96172,4886
96172,1
96172,4963
96172,1923
96172,2716
96172,8376
96172,3114
96172,3481
110139,6711
110139,57669
110139,61323
110139,924
110139,50
110139,1258
110139,4881
110139,90430
110139,109374
110139,111
43767,1214
43767,2291
43767,5780
43767,3676
43767,1321
43767,562
43767,2459
43767,2488
43767,247
43767,541
35816,1307
35816,50
35816,1247
35816,1968
35816,2797
35816,3210
35816,4262
35816,6711
35816,1101
35816,2762
112407,4878
112407,1258
112407,7361
112407,2997
112407,2858
112407,4979
112407,5902
112407,4226
112407,3897
112407,2959
34205,54001
34205,45722
34205,69844
34205,4306
34205,81834
34205,6377
34205,1380
34205,73017
34205,1028
34205,7153
100764,47
100764,8874
100764,4226
100764,527
100764,2762
100764,4306
100764,33794
100764,6539
100764,356
100764,32
31150,3996
31150,3114
31150,1291
31150,68954
31150,1246
31150,1961
31150,33794
31150,318
31150,2716
31150,1580
49204,7766
49204,930
49204,1248
49204,2010
49204,2186
49204,1032
49204,31878
49204,1260
49204,8507
49204,922
75368,3489
75368,1515
75368,480
75368,3247
75368,2724
75368,2316
75368,374
75368,3248
75368,3793
75368,5378
87694,5108
87694,5445
87694,480
87694,2028
87694,34319
87694,8636
87694,54736
87694,3753
87694,7143
87694,34162
103730,608
103730,7361
103730,912
103730,1252
103730,4878
103730,4226
103730,5618
103730,50
103730,2997
103730,1288
124246,33166
124246,34150
124246,8972
124246,40815
124246,32298
124246,30825
124246,41569
124246,33493
124246,7293
124246,39183
103654,30707
103654,2003
103654,1249
103654,590
103654,1225
103654,2700
103654,1466
103654,2278
103654,1394
103654,16
131585,60069
131585,63082
131585,6650
131585,8949
131585,8961
131585,905
131585,79132
131585,3435
131585,930
131585,72226
9474,2571
9474,4226
9474,49530
9474,356
9474,63082
9474,44665
9474,2858
9474,5903
9474,4011
9474,47
50275,4226
50275,1214
50275,858
50275,2959
50275,4993
50275,1213
50275,750
50275,2028
50275,480
50275,2716
27990,3897
27990,48394
27990,919
27990,223
27990,1247
27990,2502
27990,1
27990,3253
27990,49272
27990,1682
1074,913
1074,1197
1074,1198
1074,912
1074,318
1074,25850
1074,1267
1074,1207
1074,951
1074,4973
24903,71535
24903,70286
24903,7482
24903,95510
24903,51255
24903,102125
24903,7387
24903,112852
24903,6731
24903,60684
22608,49272
22608,4306
22608,5349
22608,59315
22608,45517
22608,49278
22608,40815
22608,5064
22608,8533
22608,8368
45124,527
45124,296
45124,2571
45124,597
45124,34
45124,1923
45124,6377
45124,110
45124,587
45124,588
99261,1291
99261,2571
99261,7153
99261,1196
99261,260
99261,595
99261,593
99261,4886
99261,1136
99261,527
85438,608
85438,5952
85438,1198
85438,8961
85438,2959
85438,3996
85438,1
85438,4306
85438,6539
85438,589
56849,76251
56849,1732
56849,1
56849,1197
56849,4226
56849,2502
56849,2571
56849,56367
56849,54503
56849,69122
123663,1
123663,3578
123663,4993
123663,2628
123663,4306
123663,589
123663,377
123663,3753
123663,318
123663,380
55429,1206
55429,6016
55429,60069
55429,551
55429,56757
55429,44191
55429,6807
55429,593
55429,7147
55429,2858
110895,5952
110895,4993
110895,7153
110895,4973
110895,50872
110895,79132
110895,6942
110895,4995
110895,92259
110895,3578
70737,54286
70737,50872
70737,48780
70737,8665
70737,44195
70737,4878
70737,593
70737,53996
70737,46976
70737,56174
16558,44555
16558,59018
16558,94070
16558,89904
16558,60766
16558,72011
16558,71579
16558,6867
16558,97304
16558,79242
94442,595
94442,3793
94442,588
94442,2115
94442,5218
94442,59784
94442,91529
94442,79091
94442,6378
94442,8360
93733,34
93733,8961
93733,4226
93733,1073
93733,4973
93733,4886
93733,296
93733,1097
93733,562
93733,3114
89826,356
89826,1291
89826,2959
89826,593
89826,2028
89826,457
89826,1220
89826,480
89826,2000
89826,150
134690,65642
134690,52885
134690,74553
134690,85412
134690,37729
134690,79132
134690,4902
134690,32554
134690,27660
134690,7564
15115,3949
15115,48774
15115,296
15115,32
15115,1653
15115,4226
15115,74458
15115,44191
15115,4973
15115,79357
112828,79132
112828,60069
112828,2959
112828,296
112828,58559
112828,6539
112828,6874
112828,50872
112828,2571
112828,38061
57000,4306
57000,2268
57000,2762
57000,7361
57000,16
57000,590
57000,4022
57000,832
57000,648
57000,527
132698,750
132698,608
132698,5902
132698,1235
132698,6440
132698,29
132698,30810
132698,296
132698,6807
132698,6620
61739,589
61739,356
61739,7153
61739,59315
61739,72998
61739,165
61739,1
61739,3753
61739,648
61739,5418
66242,2571
66242,2959
66242,593
66242,356
66242,2762
66242,4993
66242,79132
66242,2858
66242,7153
66242,5952
110559,648
110559,1704
110559,2959
110559,527
110559,380
110559,2858
110559,3481
110559,1246
110559,2997
110559,27611
41997,33794
41997,8665
41997,110
41997,318
41997,6539
41997,40819
41997,54503
41997,58998
41997,55765
41997,60069
51069,2571
51069,593
51069,2858
51069,356
51069,260
51069,47
51069,7153
51069,4993
51069,1721
51069,597
91598,2571
91598,3793
91598,2959
91598,32
91598,48774
91598,318
91598,4226
91598,2858
91598,48780
91598,733
12719,33085
12719,6379
12719,4876
12719,5294
12719,35957
12719,3949
12719,7361
12719,7451
12719,6058
12719,4732
64136,1580
64136,6377
64136,3996
64136,4973
64136,8961
64136,260
64136,6539
64136,2762
64136,364
64136,356
109431,58559
109431,56757
109431,53125
109431,2571
109431,54259
109431,37729
109431,64957
109431,356
109431,63082
109431,27706
2590,3081
2590,6539
2590,4973
2590,1748
2590,2997
2590,7147
2590,1196
2590,1136
2590,253
2590,260
11085,44191
11085,2858
11085,50
11085,58559
11085,4226
11085,4963
11085,593
11085,32587
11085,68157
11085,293
64847,4886
64847,356
64847,60069
64847,4306
64847,6539
64847,1210
64847,1198
64847,595
64847,588
64847,7361
21759,6874
21759,150
21759,260
21759,356
21759,296
21759,7153
21759,3578
21759,318
21759,4963
21759,2762
120668,1270
120668,5952
120668,3994
120668,260
120668,3527
120668,1625
120668,1136
120668,7361
120668,527
120668,2997
53978,27773
53978,593
53978,4973
53978,2858
53978,58559
53978,2329
53978,5995
53978,296
53978,31410
53978,30749
135994,4011
135994,47
135994,593
135994,1193
135994,1258
135994,527
135994,6016
135994,1228
135994,1263
135994,293
129245,231
129245,6377
129245,4963
129245,356
129245,8961
129245,5418
129245,110
129245,2028
129245,1923
129245,47
80024,2138
80024,8183
80024,914
80024,1028
80024,1022
80024,1643
80024,3751
80024,1032
80024,2336
80024,515
56952,4226
56952,5952
56952,4993
56952,2959
56952,1240
56952,5291
56952,527
56952,2028
56952,58559
56952,3996
120252,6377
120252,6539
120252,78174
120252,5218
120252,1721
120252,69122
120252,74458
120252,8360
120252,81591
120252,2572
131118,608
131118,4979
131118,1265
131118,5902
131118,1079
131118,6867
131118,4886
131118,909
131118,910
131118,2858
132846,1272
132846,1201
132846,2944
132846,2916
132846,2115
132846,4406
132846,457
132846,1221
132846,8636
132846,4329
4087,44665
4087,778
4087,80489
4087,6870
4087,56782
4087,69481
4087,55765
4087,55820
4087,1221
4087,63062
133993,1
133993,1961
133993,260
133993,480
133993,318
133993,590
133993,1704
133993,3578
133993,5445
133993,6711
58858,8961
58858,2959
58858,480
58858,1
58858,4963
58858,6377
58858,49530
58858,588
58858,3916
58858,7153
20128,98809
20128,88140
20128,96861
20128,73017
20128,101864
20128,91630
20128,106491
20128,103384
20128,76251
20128,101362
34453,78499
34453,51662
34453,593
34453,5418
34453,60684
34453,68954
34453,68157
34453,49272
34453,1258
34453,81834
19510,3114
19510,2081
19510,6539
19510,68954
19510,2078
19510,2687
19510,1907
19510,2137
19510,45517
19510,2
44065,3949
44065,586
44065,431
44065,4963
44065,1213
44065,2231
44065,648
44065,1884
44065,8340
44065,54286
89441,4235
89441,3160
89441,4848
89441,2908
89441,1080
89441,4226
89441,4878
89441,337
89441,2329
89441,46578
136596,33794
136596,58559
136596,592
136596,1954
136596,1580
136596,1485
136596,2420
136596,53972
136596,6377
136596,588
38546,48774
38546,5445
38546,51662
38546,2502
38546,48780
38546,2115
38546,6874
38546,329
38546,1214
38546,8874
118261,2329
118261,48516
118261,60069
118261,4226
118261,318
118261,2502
118261,44195
118261,63082
118261,7153
118261,6874
3973,4973
3973,296
3973,356
3973,4878
3973,2858
3973,1682
3973,2571
3973,4993
3973,63082
3973,3949
85824,51662
85824,70286
85824,55820
85824,356
85824,80463
85824,4306
85824,48774
85824,72998
85824,32587
85824,99114
66282,4306
66282,8368
66282,5349
66282,6218
66282,8665
66282,4886
66282,40815
66282,34405
66282,34162
66282,35836
52311,56367
52311,44195
52311,58559
52311,70286
52311,55820
52311,46976
52311,8970
52311,49272
52311,50872
52311,59315
14684,96610
14684,85414
14684,54286
14684,60069
14684,2959
14684,92259
14684,74458
14684,59369
14684,98809
14684,4886
15981,5952
15981,4306
15981,293
15981,3578
15981,110
15981,2858
15981,7438
15981,7153
15981,4993
15981,1961
23489,7153
23489,4993
23489,55820
23489,2329
23489,4963
23489,55765
23489,3578
23489,293
23489,6539
23489,60069
18309,45499
18309,32587
18309,34048
18309,38038
18309,6539
18309,34162
18309,44191
18309,8636
18309,3996
18309,8644
95947,1580
95947,3793
95947,6333
95947,6879
95947,2959
95947,50
95947,318
95947,1
95947,8644
95947,8972
56299,1240
56299,1196
56299,2502
56299,541
56299,7438
56299,7022
56299,2329
56299,44191
56299,1197
56299,1921
71571,2959
71571,1704
71571,1580
71571,4306
71571,6539
71571,8636
71571,1197
71571,46578
71571,919
71571,1721
130145,59315
130145,68358
130145,76251
130145,1136
130145,33794
130145,69122
130145,6539
130145,223
130145,356
130145,344
117158,88810
117158,81845
117158,69122
117158,81932
117158,89864
117158,84392
117158,87869
117158,82167
117158,67255
117158,48516
38304,3578
38304,5952
38304,5418
38304,54286
38304,8665
38304,99114
38304,91529
38304,45722
38304,58559
38304,33794
129062,33794
129062,318
129062,2959
129062,74458
129062,68954
129062,63082
129062,48780
129062,3578
129062,49530
129062,81932
113514,588
113514,2959
113514,1721
113514,2571
113514,367
113514,110
113514,150
113514,1198
113514,527
113514,3578
59245,76093
59245,58559
59245,81847
59245,56757
59245,98809
59245,4993
59245,4886
59245,1907
59245,87232
59245,74789
28016,3147
28016,110
28016,2959
28016,47
28016,3578
28016,4993
28016,54286
28016,733
28016,377
28016,1036
90110,1197
90110,4308
90110,6539
90110,68954
90110,1968
90110,6377
90110,6942
90110,1721
90110,593
90110,588
83638,2571
83638,6539
83638,32587
83638,7147
83638,2858
83638,50872
83638,44555
83638,60069
83638,48394
83638,56367
120996,47
120996,4720
120996,4979
120996,46578
120996,1258
120996,2858
120996,4226
120996,2502
120996,296
120996,8783
62445,5418
62445,5952
62445,1246
62445,3793
62445,1240
62445,2268
62445,2959
62445,3481
62445,3256
62445,223
113465,4886
113465,8874
113465,6755
113465,5445
113465,1258
113465,31878
113465,3556
113465,6708
113465,7147
113465,1219
47334,589
47334,2028
47334,3147
47334,1704
47334,5952
47334,4993
47334,733
47334,165
47334,58559
47334,2762
100630,293
100630,3949
100630,32587
100630,7153
100630,4993
100630,2542
100630,1196
100630,110
100630,2997
100630,31410
21978,1036
21978,1291
21978,969
21978,2944
21978,356
21978,2921
21978,1201
21978,1283
21978,2115
21978,912
21672,33794
21672,3000
21672,1732
21672,2571
21672,32587
21672,5618
21672,1089
21672,1261
21672,32
21672,1265
11896,593
11896,296
11896,1183
11896,2858
11896,2762
11896,1246
11896,2571
11896,5952
11896,1961
11896,1258
96647,5673
96647,8949
96647,63082
96647,5669
96647,48385
96647,1120
96647,1247
96647,101
96647,1840
96647,37741
94633,76093
94633,8961
94633,4886
94633,60069
94633,1
94633,6539
94633,68954
94633,364
94633,588
94633,79132
37472,593
37472,5952
37472,4993
37472,7153
37472,91529
37472,66934
37472,79702
37472,7361
37472,1
37472,8961
52334,88125
52334,88163
52334,6377
52334,81845
52334,96821
52334,111921
52334,2918
52334,86882
52334,4896
52334,80549
111177,457
111177,541
111177,593
111177,8961
111177,1270
111177,6711
111177,1610
111177,1673
111177,1193
111177,2329
15613,1240
15613,2858
15613,1036
15613,4995
15613,588
15613,8368
15613,4886
15613,50
15613,8636
15613,5445
83625,4973
83625,5902
83625,4226
83625,912
83625,904
83625,1617
83625,5013
83625,3996
83625,1252
83625,50
111038,8949
111038,38886
111038,72226
111038,55276
111038,40583
111038,47629
111038,44555
111038,41863
111038,36517
111038,40819
48564,7153
48564,1270
48564,5349
48564,5816
48564,4896
48564,5952
48564,4993
48564,1923
48564,593
48564,318
8611,1214
8611,2716
8611,318
8611,1968
8611,2028
8611,1200
8611,50
8611,3578
8611,457
8611,3552
82145,2858
82145,50
82145,296
82145,2959
82145,4011
82145,2706
82145,593
82145,49530
82145,5418
82145,52973
116059,72998
116059,59315
116059,48516
116059,69481
116059,31658
116059,49272
116059,48780
116059,71579
116059,4973
116059,6016
39809,969
39809,1287
39809,8623
39809,3363
39809,8337
39809,3671
39809,3507
39809,7386
39809,914
39809,3733
124840,50
124840,4226
124840,750
124840,2997
124840,1258
124840,1206
124840,541
124840,46578
124840,60069
124840,858
3563,1136
3563,1210
3563,58559
3563,356
3563,1197
3563,2571
3563,45517
3563,59315
3563,364
3563,81564
121010,4226
121010,2858
121010,32
121010,50
121010,47
121010,3578
121010,1527
121010,593
121010,44191
121010,318
107912,6539
107912,5952
107912,4993
107912,4306
107912,8636
107912,1721
107912,500
107912,4886
107912,296
107912,19
20127,1
20127,5445
20127,4011
20127,1923
20127,733
20127,3793
20127,750
20127,6711
20127,5618
20127,34405
75371,2329
75371,30803
75371,2858
75371,2959
75371,8370
75371,6874
75371,4973
75371,541
75371,8012
75371,1732
117242,2762
117242,589
117242,457
117242,1089
117242,4306
117242,527
117242,3578
117242,4226
117242,1136
117242,1240
53957,50
53957,318
53957,36529
53957,4011
53957,2959
53957,356
53957,53972
53957,7502
53957,44665
53957,5445
101370,1206
101370,4993
101370,356
101370,1090
101370,6502
101370,4011
101370,858
101370,2762
101370,4262
101370,2683
83072,3578
83072,7153
83072,4226
83072,527
83072,7438
83072,2571
83072,858
83072,6377
83072,1682
83072,608
46761,4306
46761,4993
46761,741
46761,33794
46761,32
46761,33004
46761,1517
46761,4226
46761,3000
46761,2502
29557,4262
29557,1263
29557,590
29557,55820
29557,31410
29557,3198
29557,3949
29557,60069
29557,1136
29557,1270
49067,1199
49067,2395
49067,2571
49067,3911
49067,2858
49067,223
49067,1288
49067,551
49067,1394
49067,29
91986,58559
91986,260
91986,1270
91986,1097
91986,2716
91986,2028
91986,480
91986,3897
91986,4878
91986,4993
138094,3000
138094,2329
138094,47
138094,750
138094,50
138094,48780
138094,6016
138094,293
138094,858
138094,541
16157,2716
16157,7036
16157,50
16157,1090
16157,431
16157,4214
16157,4010
16157,592
16157,1625
16157,2114
100201,7387
100201,56145
100201,3081
100201,5833
100201,1997
100201,4993
100201,1270
100201,480
100201,1215
100201,2232
123148,2542
123148,8949
123148,1266
123148,3081
123148,1097
123148,5902
123148,4011
123148,8360
123148,235
123148,7090
125215,1210
125215,1258
125215,2174
125215,318
125215,2762
125215,500
125215,3911
125215,30810
125215,4995
125215,858
83305,1246
83305,47
83305,1961
83305,1060
83305,590
83305,588
83305,180
83305,780
83305,223
83305,30707
1268,47
1268,104841
1268,3578
1268,77561
1268,96610
1268,4995
1268,49278
1268,165
1268,102445
1268,96079
84792,7256
84792,33154
84792,27879
84792,3201
84792,55276
84792,48698
84792,3989
84792,46578
84792,3384
84792,51540
24016,356
24016,4226
24016,296
24016,2959
24016,593
24016,91529
24016,7153
24016,68157
24016,106782
24016,5952
130845,79132
130845,1580
130845,2000
130845,2115
130845,1610
130845,1221
130845,733
130845,161
130845,1265
130845,1101
10999,1961
10999,1580
10999,1240
10999,4011
10999,4963
10999,780
10999,56174
10999,733
10999,4034
10999,3994
134056,72998
134056,356
134056,318
134056,60069
134056,1210
134056,7502
134056,69757
134056,69122
134056,4993
134056,4226
63018,1210
63018,1198
63018,1
63018,4973
63018,1265
63018,1197
63018,1580
63018,356
63018,6539
63018,1080
50636,2571
50636,2858
50636,1208
50636,1237
50636,1221
50636,2959
50636,1178
50636,3415
50636,47
50636,8195
66955,1240
66955,7438
66955,6377
66955,8961
66955,1136
66955,1200
66955,33794
66955,4226
66955,293
66955,356
116613,64614
116613,60069
116613,6016
116613,47
116613,30707
116613,72998
116613,4306
116613,1721
116613,85414
116613,86882
33324,4226
33324,4973
33324,260
33324,527
33324,858
33324,898
33324,1262
33324,2858
33324,2324
33324,1221
23638,231
23638,51255
23638,5218
23638,1270
23638,1089
23638,593
23638,19
23638,4886
23638,4878
23638,4226
89972,6539
89972,68358
89972,1
89972,1196
89972,260
89972,3578
89972,318
89972,72998
89972,6333
89972,780
55208,1198
55208,480
55208,2762
55208,3578
55208,356
55208,5445
55208,1210
55208,6539
55208,6377
55208,1682
110502,1270
110502,780
110502,4306
110502,2762
110502,1721
110502,5952
110502,7153
110502,6539
110502,593
110502,318
27256,2571
27256,4025
27256,5991
27256,588
27256,6539
27256,597
27256,356
27256,39
27256,8961
27256,3793
82117,1197
82117,1080
82117,2959
82117,1387
82117,1358
82117,8949
82117,1961
82117,2716
82117,1089
82117,7438
95305,2918
95305,6377
95305,4306
95305,5952
95305,7153
95305,593
95305,2858
95305,1197
95305,7361
95305,4963
64780,50
64780,318
64780,593
64780,293
64780,1036
64780,1291
64780,4226
64780,356
64780,1240
64780,2959
31165,60069
31165,7361
31165,1198
31165,1136
31165,32
31165,858
31165,1258
31165,79132
31165,1208
31165,47
47418,2858
47418,3949
47418,2028
47418,296
47418,32587
47418,36529
47418,4963
47418,44665
47418,7445
47418,2231
12455,1136
12455,356
12455,50
12455,2858
12455,318
12455,593
12455,1
12455,1089
12455,4993
12455,1198
13980,47
13980,4226
13980,4993
13980,44191
13980,165
13980,780
13980,1923
13980,4306
13980,4878
13980,1240
87115,2762
87115,7147
87115,2502
87115,7451
87115,586
87115,1097
87115,2054
87115,317
87115,1895
87115,2144
136599,44199
136599,48738
136599,97304
136599,36517
136599,41285
136599,3730
136599,44195
136599,73023
136599,6787
136599,80489
122488,910
122488,1287
122488,1208
122488,1266
122488,1
122488,2762
122488,969
122488,3578
122488,596
122488,3365
58806,70286
58806,45499
58806,88744
58806,77561
58806,56174
58806,91529
58806,7438
58806,51662
58806,112623
58806,6537
95882,4306
95882,2959
95882,1265
95882,50
95882,7438
95882,1089
95882,2762
95882,69122
95882,36529
95882,8917
14833,4973
14833,4226
14833,541
14833,5902
14833,1199
14833,2571
14833,70286
14833,55820
14833,4878
14833,68954
39414,4226
39414,2571
39414,48780
39414,7153
39414,2762
39414,33794
39414,5952
39414,2858
39414,50872
39414,5690
78548,110
78548,3578
78548,63082
78548,47
78548,4011
78548,4226
78548,68954
78548,64614
78548,593
78548,527
135522,1270
135522,2716
135522,356
135522,1214
135522,1968
135522,4641
135522,2076
135522,293
135522,1682
135522,1220
26567,296
26567,44191
26567,4306
26567,5989
26567,2571
26567,858
26567,50
26567,593
26567,7143
26567,7361
104380,1701
104380,52
104380,3812
104380,3129
104380,2065
104380,5339
104380,858
104380,1206
104380,2858
104380,296
46209,1527
46209,1265
46209,2858
46209,1721
46209,6377
46209,6874
46209,33794
46209,1073
46209,380
46209,33493
128277,69122
128277,91630
128277,33794
128277,59784
128277,8665
128277,96079
128277,648
128277,54001
128277,69844
128277,81845
27184,2502
27184,1291
27184,2858
27184,2268
27184,1266
27184,4963
27184,608
27184,1784
27184,1682
27184,628
126478,110
126478,1089
126478,58559
126478,2329
126478,4995
126478,2502
126478,4306
126478,5952
126478,7153
126478,1682
9139,56367
9139,4995
9139,63082
9139,597
9139,318
9139,539
9139,1704
9139,4306
9139,4246
9139,5989
12407,70286
12407,924
12407,480
12407,8950
12407,1136
12407,6016
12407,364
12407,1527
12407,33794
12407,1198
33331,3730
33331,7013
33331,1248
33331,7116
33331,1260
33331,3683
33331,1245
33331,2160
33331,1232
33331,4298
77983,50
77983,7361
77983,55820
77983,2329
77983,2858
77983,44555
77983,1258
77983,1208
77983,4226
77983,68157
5936,593
5936,2858
5936,555
5936,1394
5936,1265
5936,356
5936,36
5936,4027
5936,1095
5936,2959
535,8376
535,8622
535,4878
535,8961
535,6539
535,35836
535,8981
535,5617
535,7147
535,5445
31183,7361
31183,4993
31183,1035
31183,260
31183,2571
31183,1947
31183,63082
31183,1196
31183,46578
31183,588
68487,4306
68487,2329
68487,2571
68487,2762
68487,1240
68487,1258
68487,7153
68487,7254
68487,4993
68487,6377
76625,41997
76625,55276
76625,55363
76625,7981
76625,60684
76625,26242
76625,44761
76625,70286
76625,42718
76625,27773
15371,4973
15371,68157
15371,5903
15371,3949
15371,8950
15371,91529
15371,47610
15371,44665
15371,44195
15371,2329
57791,5816
57791,48394
57791,4896
57791,41566
57791,40815
57791,2139
57791,40629
57791,1967
57791,356
57791,7579
62615,5618
62615,2571
62615,356
62615,4306
62615,1270
62615,3114
62615,318
62615,589
62615,1265
62615,8360
109104,1036
109104,1200
109104,293
109104,296
109104,60069
109104,6365
109104,541
109104,6934
109104,110
109104,5418
91893,1952
91893,923
91893,41285
91893,33794
91893,51540
91893,318
91893,37733
91893,1207
91893,30707
91893,1120
1409,110
1409,2028
1409,64614
1409,296
1409,593
1409,30749
1409,50
1409,858
1409,1242
1409,2268
59348,110
59348,2028
59348,1732
59348,4226
59348,4878
59348,4027
59348,750
59348,1580
59348,5445
59348,1221
95440,1200
95440,1923
95440,2918
95440,1214
95440,161
95440,1387
95440,4226
95440,3114
95440,1968
95440,648
90577,593
90577,356
90577,4886
90577,4963
90577,50
90577,2571
90577,527
90577,457
90577,3578
90577,4226
97691,1196
97691,6874
97691,1240
97691,1270
97691,5952
97691,1961
97691,7438
97691,2762
97691,1036
97691,32587
20141,2329
20141,4226
20141,2858
20141,2028
20141,2571
20141,6377
20141,318
20141,47
20141,4995
20141,1961
67258,1265
67258,593
67258,318
67258,1517
67258,597
67258,4306
67258,1307
67258,2683
67258,1923
67258,380
105458,31658
105458,44195
105458,81845
105458,44555
105458,27790
105458,36517
105458,39292
105458,46976
105458,58559
105458,45928
38127,7153
38127,4993
38127,6539
38127,2571
38127,69122
38127,4995
38127,81834
38127,60069
38127,79091
38127,99114
96155,2052
96155,364
96155,1073
96155,58559
96155,2657
96155,551
96155,356
96155,2683
96155,410
96155,2124
137436,296
137436,2571
137436,6942
137436,4973
137436,46578
137436,4878
137436,2572
137436,6711
137436,4246
137436,597
5995,1320
5995,50
5995,1270
5995,8874
5995,110
5995,480
5995,34405
5995,8983
5995,2019
5995,1215
29831,1704
29831,50
29831,2858
29831,2571
29831,48516
29831,593
29831,318
29831,1923
29831,1517
29831,6
2973,1
2973,296
2973,2959
2973,1580
2973,318
2973,2716
2973,1136
2973,593
2973,1073
2973,4226
69642,2502
69642,1
69642,6377
69642,4022
69642,4246
69642,1961
69642,5989
69642,2321
69642,6218
69642,595
10519,1210
10519,3793
10519,50
10519,260
10519,2959
10519,2028
10519,49272
10519,4995
10519,110
10519,1961
51335,1200
51335,2329
51335,1089
51335,4226
51335,4993
51335,4886
51335,1208
51335,5669
51335,1320
51335,924
83918,4896
83918,33679
83918,5816
83918,80549
83918,111659
83918,103335
83918,4447
83918,95510
83918,72998
83918,79132
61162,47610
61162,54001
61162,49530
61162,8360
61162,2918
61162,5995
61162,7143
61162,8784
61162,165
61162,357
128964,150
128964,2571
128964,4995
128964,1721
128964,296
128964,480
128964,1393
128964,1625
128964,5445
128964,589
128060,1196
128060,5618
128060,4016
128060,2571
128060,34405
128060,31878
128060,49272
128060,2959
128060,46948
128060,51662
134573,81845
134573,80463
134573,88163
134573,88405
134573,73017
134573,85414
134573,63992
134573,63082
134573,82202
134573,69406
122598,2959
122598,2716
122598,589
122598,150
122598,457
122598,858
122598,500
122598,590
122598,780
122598,4226
2657,81834
2657,96079
2657,77561
2657,45499
2657,76093
2657,102125
2657,60072
2657,64957
2657,56174
2657,106696
3804,1387
3804,2692
3804,2571
3804,904
3804,5902
3804,7153
3804,5952
3804,8949
3804,4993
3804,1234
21328,1
21328,2959
21328,593
21328,858
21328,318
21328,2028
21328,296
21328,2762
21328,1136
21328,5349
123381,58559
123381,1193
123381,7153
123381,318
123381,2858
123381,7361
123381,32
123381,593
123381,1198
123381,2997
95112,4306
95112,318
95112,3948
95112,3578
95112,6188
95112,296
95112,2502
95112,6539
95112,5010
95112,2329
84676,7153
84676,2762
84676,356
84676,1270
84676,1
84676,1961
84676,1704
84676,587
84676,1721
84676,539
9957,6377
9957,471
9957,5902
9957,5618
9957,2918
9957,2858
9957,923
9957,68954
9957,4886
9957,5669
89125,367
89125,480
89125,6377
89125,2985
89125,1407
89125,8961
89125,2000
89125,1377
89125,1097
89125,2959
88573,7361
88573,2571
88573,4995
88573,60069
88573,3147
88573,858
88573,593
88573,64614
88573,3252
88573,54286
21392,2571
21392,2329
21392,296
21392,1136
21392,58559
21392,2918
21392,46578
21392,7361
21392,3578
21392,3147
28250,1291
28250,4226
28250,110
28250,1197
28250,260
28250,4306
28250,356
28250,2858
28250,1
28250,5418
52889,318
52889,2959
52889,46578
52889,5952
52889,6942
52889,8784
52889,2329
52889,4226
52889,2571
52889,54259
51480,48516
51480,44191
51480,4993
51480,48774
51480,1089
51480,2329
51480,2542
51480,1090
51480,1198
51480,527
72158,2329
72158,2395
72158,2959
72158,7361
72158,2858
72158,223
72158,2571
72158,3481
72158,3897
72158,1136
116001,3949
116001,7361
116001,750
116001,1258
116001,924
116001,1222
116001,7460
116001,2571
116001,61323
116001,3160
17453,260
17453,50
17453,296
17453,318
17453,2571
17453,49272
17453,356
17453,1704
17453,8641
17453,59315
127155,356
127155,4973
127155,68157
127155,593
127155,50
127155,4226
127155,5618
127155,7502
127155,1193
127155,60069
57403,2183
57403,2011
57403,750
57403,1732
57403,235
57403,2571
57403,8874
57403,1198
57403,1240
57403,66297
127872,31685
127872,34162
127872,2918
127872,53322
127872,356
127872,5989
127872,1704
127872,1101
127872,1270
127872,8644
128460,2858
128460,32
128460,5291
128460,2019
128460,541
128460,593
128460,1617
128460,1260
128460,6440
128460,318
122079,48516
122079,55820
122079,50
122079,6711
122079,293
122079,318
122079,61240
122079,7022
122079,356
122079,33794
6381,1291
6381,33794
6381,8874
6381,1270
6381,5952
6381,7153
6381,4993
6381,1213
6381,5349
6381,60069
91948,589
91948,1291
91948,2858
91948,1196
91948,6796
91948,1610
91948,4226
91948,4963
91948,5669
91948,1208
49981,79132
49981,1240
49981,68358
49981,58559
49981,34405
49981,8636
49981,593
49981,99114
49981,356
49981,76093
95855,2571
95855,1172
95855,923
95855,50
95855,4226
95855,5618
95855,48394
95855,2324
95855,608
95855,7361
16701,589
16701,5952
16701,7153
16701,4993
16701,520
16701,1240
16701,480
16701,6377
16701,6934
16701,5254
124996,1196
124996,260
124996,527
124996,2762
124996,2571
124996,2959
124996,1580
124996,49272
124996,47
124996,2716
17963,31878
17963,1291
17963,33794
17963,1210
17963,2502
17963,2761
17963,4878
17963,32587
17963,2028
17963,7090
33173,1291
33173,2791
33173,8961
33173,318
33173,1210
33173,2918
33173,953
33173,908
33173,1374
33173,6662
58925,2502
58925,1193
58925,1259
58925,1265
58925,2064
58925,318
58925,593
58925,1961
58925,47999
58925,1358
128838,1682
128838,4993
128838,1206
128838,2858
128838,32587
128838,32
128838,1732
128838,356
128838,778
128838,6874
126756,110
126756,56367
126756,56174
126756,318
126756,33794
126756,3275
126756,54286
126756,61132
126756,35836
126756,7458
78643,7438
78643,2529
78643,50
78643,608
78643,590
78643,6807
78643,2997
78643,4022
78643,1721
78643,1732
121627,260
121627,1196
121627,1210
121627,1197
121627,1580
121627,2858
121627,2716
121627,4993
121627,377
121627,2028
78994,2288
78994,111
78994,1193
78994,593
78994,1387
78994,750
78994,1208
78994,47
78994,1288
78994,2959
11567,541
11567,1213
11567,527
11567,27773
11567,2329
11567,318
11567,1208
11567,1221
11567,55247
11567,1080
73262,1221
73262,47
73262,50
73262,1213
73262,858
73262,1219
73262,1222
73262,1617
73262,750
73262,4262
48346,1370
48346,380
48346,3699
48346,2001
48346,2640
48346,1552
48346,2617
48346,2406
48346,2353
48346,6979
5429,608
5429,5952
5429,2028
5429,527
5429,1196
5429,1198
5429,2762
5429,2858
5429,1270
5429,50658
72899,58559
72899,2959
72899,68954
72899,69122
72899,3897
72899,68157
72899,2918
72899,1968
72899,35836
72899,2248
107160,4014
107160,1206
107160,778
107160,56367
107160,1258
107160,5952
107160,7153
107160,1682
107160,253
107160,1884
5622,45722
5622,53125
5622,65982
5622,55995
5622,80615
5622,41566
5622,49649
5622,71135
5622,84944
5622,59501
35509,92259
35509,1213
35509,2324
35509,293
35509,480
35509,111
35509,1193
35509,1203
35509,1198
35509,1291
112757,2028
112757,3578
112757,4226
112757,5445
112757,2762
112757,4963
112757,150
112757,5989
112757,527
112757,457
27159,527
27159,6947
27159,110
27159,5010
27159,1272
27159,4223
27159,7502
27159,590
27159,8665
27159,150
93157,79132
93157,58559
93157,76093
93157,68954
93157,81847
93157,79091
93157,91500
93157,78499
93157,66934
93157,4896
26261,1221
26261,1036
26261,2028
26261,1198
26261,4993
26261,111
26261,50
26261,1214
26261,1258
26261,3147
54931,5349
54931,1198
54931,1210
54931,4993
54931,5952
54931,2571
54931,8961
54931,33493
54931,356
54931,4306
46840,6377
46840,912
46840,2959
46840,1210
46840,6365
46840,2762
46840,608
46840,49272
46840,1213
46840,1136
109116,1097
109116,919
109116,3481
109116,1302
109116,3897
109116,2268
109116,62
109116,1408
109116,60069
109116,4963
64400,6385
64400,2324
64400,318
64400,1704
64400,356
64400,3996
64400,4027
64400,265
64400,30749
64400,593
9304,50872
9304,63082
9304,8961
9304,6539
9304,6377
9304,46578
9304,58559
9304,30793
9304,364
9304,356
129749,8636
129749,6155
129749,4886
129749,7293
129749,7445
129749,2762
129749,3825
129749,3623
129749,5313
129749,597
1271,7361
1271,293
1271,2858
1271,4226
1271,318
1271,2571
1271,1136
1271,57669
1271,1080
1271,1222
28155,593
28155,47
28155,3527
28155,44191
28155,7438
28155,4011
28155,110
28155,48394
28155,2791
28155,1265
92125,527
92125,318
92125,2028
92125,1387
92125,2502
92125,1265
92125,111
92125,1193
92125,1517
92125,1704
31160,2125
31160,2572
31160,7444
31160,7293
31160,2081
31160,2096
31160,932
31160,26528
31160,2141
31160,2424
43921,70286
43921,356
43921,318
43921,593
43921,8874
43921,48516
43921,2571
43921,1222
43921,64839
43921,1387
25736,1197
25736,1278
25736,1265
25736,541
25736,8961
25736,750
25736,2288
25736,1089
25736,3471
25736,48774
56938,356
56938,50
56938,2571
56938,2959
56938,778
56938,4226
56938,2028
56938,2329
56938,32587
56938,1221
52011,1704
52011,1097
52011,3360
52011,318
52011,1198
52011,3471
52011,4022
52011,3039
52011,912
52011,1674
47985,318
47985,48780
47985,49530
47985,54503
47985,49272
47985,48774
47985,33493
47985,47099
47985,89745
47985,46578
45269,4226
45269,296
45269,2858
45269,4973
45269,2959
45269,6711
45269,7153
45269,4993
45269,5690
45269,5971
18826,527
18826,593
18826,150
18826,2762
18826,4226
18826,2858
18826,2329
18826,1291
18826,47
18826,4973
9521,1219
9521,6787
9521,1952
9521,1258
9521,3735
9521,1225
9521,1244
9521,3363
9521,593
9521,1234
83968,1876
83968,527
83968,292
83968,2028
83968,4370
83968,1371
83968,1387
83968,3408
83968,3418
83968,1909
7282,364
7282,296
7282,1682
7282,4995
7282,2762
7282,5989
7282,39183
7282,3793
7282,3949
7282,8360
124012,588
124012,1196
124012,260
124012,7153
124012,4993
124012,1210
124012,6539
124012,2762
124012,150
124012,5952
56671,110
56671,4963
56671,2858
56671,3147
56671,4022
56671,7361
56671,2
56671,318
56671,47
56671,2115
8539,2762
8539,1517
8539,457
8539,3578
8539,2858
8539,6874
8539,1580
8539,4963
8539,2012
8539,4226
41681,47
41681,318
41681,356
41681,16
41681,1997
41681,1221
41681,1954
41681,457
41681,1704
41681,454
111661,5135
111661,515
111661,912
111661,3079
111661,1296
111661,6791
111661,8949
111661,58
111661,2336
111661,904
129240,6539
129240,364
129240,4993
129240,1197
129240,597
129240,736
129240,1527
129240,3793
129240,587
129240,1036
104081,2762
104081,1917
104081,5445
104081,1573
104081,2959
104081,733
104081,380
104081,648
104081,19
104081,2054
56985,1193
56985,527
56985,2762
56985,1089
56985,357
56985,608
56985,1961
56985,293
56985,2329
56985,1704
119048,922
119048,5812
119048,951
119048,918
119048,4356
119048,926
119048,909
119048,2203
119048,942
119048,2333
95959,33794
95959,1136
95959,32587
95959,1580
95959,2716
95959,1270
95959,1258
95959,968
95959,1206
95959,5618
18078,364
18078,588
18078,26084
18078,1907
18078,4802
18078,1097
18078,6183
18078,914
18078,3034
18078,1951
122288,52973
122288,35836
122288,91529
122288,67087
122288,67734
122288,2959
122288,93840
122288,88744
122288,33794
122288,58998
73995,2232
73995,8914
73995,34323
73995,48394
73995,6063
73995,44974
73995,1748
73995,27788
73995,2579
73995,55820
79395,7451
79395,45720
79395,7380
79395,2572
79395,5620
79395,7444
79395,56949
79395,8533
79395,595
79395,44193
22921,91529
22921,4963
22921,318
22921,2571
22921,2762
22921,593
22921,33794
22921,68157
22921,2329
22921,44191
81458,3000
81458,60069
81458,5952
81458,7153
81458,8961
81458,3793
81458,7361
81458,8368
81458,5349
81458,7099
82181,4306
82181,356
82181,4246
82181,4621
82181,4973
82181,2324
82181,2571
82181,1569
82181,2424
82181,539
64935,2959
64935,356
64935,296
64935,3578
64935,858
64935,1682
64935,47
64935,318
64935,367
64935,3147
91973,7361
91973,2959
91973,541
91973,1206
91973,4848
91973,1222
91973,858
91973,3683
91973,1208
91973,1196
33809,48516
33809,4226
33809,904
33809,50
33809,33794
33809,912
33809,908
33809,1193
33809,4963
33809,356
61230,1090
61230,1200
61230,1213
61230,6796
61230,1266
61230,8949
61230,1222
61230,2401
61230,3505
61230,1095
1839,7361
1839,48394
1839,58559
1839,1206
1839,5952
1839,7153
1839,4993
1839,44191
1839,1089
1839,2160
110640,588
110640,356
110640,318
110640,344
110640,364
110640,2572
110640,3671
110640,596
110640,3255
110640,1270
125145,1210
125145,5952
125145,260
125145,7153
125145,7147
125145,3114
125145,4306
125145,3751
125145,356
125145,2762
69180,96079
69180,44555
69180,60069
69180,39292
69180,40815
69180,68358
69180,68954
69180,56367
69180,5418
69180,79132
17292,1200
17292,1214
17292,541
17292,2571
17292,1653
17292,2716
17292,480
17292,48774
17292,1127
17292,316
2551,6350
2551,2959
2551,60069
2551,79132
2551,55442
2551,7147
2551,4878
2551,68954
2551,65261
2551,7099
89685,3578
89685,2762
89685,150
89685,1704
89685,2028
89685,54286
89685,1
89685,1270
89685,50
89685,296
8655,1653
8655,1214
8655,589
8655,2528
8655,2716
8655,2916
8655,1748
8655,1200
8655,6979
8655,2009
12959,1291
12959,480
12959,3793
12959,364
12959,2571
12959,1580
12959,150
12959,1097
12959,589
12959,1270
3660,6350
3660,2571
3660,55442
3660,44555
3660,2959
3660,5878
3660,8014
3660,37729
3660,26662
3660,1
65888,91529
65888,80463
65888,5952
65888,4993
65888,33794
65888,7361
65888,60069
65888,68157
65888,68954
65888,50
33452,33794
33452,58559
33452,1089
33452,1196
33452,1201
33452,1266
33452,30749
33452,3578
33452,54286
33452,48394
17431,5952
17431,7153
17431,4993
17431,296
17431,1196
17431,260
17431,457
17431,8961
17431,1304
17431,4034
72439,6773
72439,1
72439,1641
72439,58
72439,3996
72439,342
72439,919
72439,3897
72439,7139
72439,588
95254,49932
95254,2160
95254,4393
95254,3813
95254,1089
95254,1732
95254,608
95254,1333
95254,296
95254,7371
111961,364
111961,832
111961,805
111961,1393
111961,1569
111961,356
111961,1835
111961,3753
111961,1088
111961,1101
111471,110
111471,356
111471,150
111471,60069
111471,2376
111471,3654
111471,2115
111471,2571
111471,6377
111471,329
84124,318
84124,2571
84124,1580
84124,2762
84124,1270
84124,58559
84124,457
84124,500
84124,1198
84124,2028
14052,1266
14052,2395
14052,4878
14052,5349
14052,1265
14052,1127
14052,79132
14052,5010
14052,7147
14052,4973
19230,1197
19230,3114
19230,4886
19230,500
19230,1073
19230,1270
19230,2081
19230,595
19230,1682
19230,2804
40174,2762
40174,47
40174,48385
40174,2028
40174,296
40174,1193
40174,1258
40174,8622
40174,231
40174,1270
82627,7218
82627,4263
82627,7072
82627,3068
82627,6777
82627,6852
82627,6787
82627,3467
82627,7619
82627,55276
20929,527
20929,4995
20929,590
20929,1961
20929,356
20929,1304
20929,1036
20929,1231
20929,26614
20929,3147
101670,6777
101670,1086
101670,951
101670,3088
101670,908
101670,38038
101670,3801
101670,1203
101670,916
101670,31116
123469,44195
123469,46578
123469,39292
123469,48394
123469,46976
123469,8874
123469,7156
123469,750
123469,32587
123469,31878
36127,2959
36127,2858
36127,7361
36127,7153
36127,2291
36127,48394
36127,69757
36127,8784
36127,4896
36127,31658
49507,2989
49507,3635
49507,593
49507,457
49507,318
49507,1961
49507,4489
49507,3147
49507,4085
49507,3203
128447,56152
128447,899
128447,3675
128447,1028
128447,8961
128447,916
128447,6377
128447,6539
128447,4306
128447,50872
31151,2762
31151,1089
31151,7153
31151,4993
31151,47
31151,527
31151,4226
31151,4878
31151,63082
31151,1193
28546,4802
28546,457
28546,1270
28546,953
28546,2406
28546,2762
28546,911
28546,1097
28546,1
28546,920
8804,608
8804,1089
8804,318
8804,527
8804,1208
8804,1206
8804,296
8804,111
8804,50
8804,1090
21643,3897
21643,33166
21643,34162
21643,2329
21643,1777
21643,104
21643,1704
21643,2028
21643,1485
21643,2858
133946,588
133946,8961
133946,4886
133946,1197
133946,73017
133946,72998
133946,50872
133946,41566
133946,318
133946,3114
129927,587
129927,165
129927,318
129927,736
129927,3408
129927,1127
129927,4306
129927,5459
129927,2716
129927,597
40046,1198
40046,318
40046,1265
40046,1089
40046,1136
40046,1210
40046,1036
40046,1
40046,1213
40046,1240
44386,8950
44386,6707
44386,3535
44386,6290
44386,30820
44386,7361
44386,37720
44386,6615
44386,27317
44386,34532
23056,2571
23056,1136
23056,2858
23056,541
23056,1225
23056,48394
23056,1104
23056,4878
23056,4993
23056,923
6456,1704
6456,919
6456,150
6456,2565
6456,953
6456,527
6456,2739
6456,364
6456,1271
6456,1307
49505,59315
49505,54503
49505,51662
49505,8361
49505,3578
49505,4896
49505,318
49505,47099
49505,111362
49505,73017
115434,56174
115434,68358
115434,79132
115434,58559
115434,73017
115434,40815
115434,46972
115434,60069
115434,91529
115434,7458
35378,154
35378,7008
35378,85
35378,509
35378,2076
35378,8261
35378,5893
35378,3788
35378,1186
35378,2020
24667,89745
24667,60069
24667,7153
24667,1265
24667,66934
24667,34405
24667,318
24667,908
24667,8961
24667,68954
14817,2028
14817,6377
14817,2959
14817,780
14817,5952
14817,2762
14817,6378
14817,5445
14817,364
14817,589
127208,260
127208,356
127208,541
127208,527
127208,7153
127208,58559
127208,6016
127208,33794
127208,111759
127208,99114
71194,858
71194,1036
71194,1617
71194,296
71194,1214
71194,457
71194,4993
71194,1198
71194,608
71194,1208
60101,318
60101,364
60101,1704
60101,74458
60101,59369
60101,8784
60101,48516
60101,80463
60101,2329
60101,72998
36298,356
36298,8961
36298,1198
36298,4226
36298,33660
36298,6377
36298,2571
36298,2858
36298,30749
36298,40815
107077,2858
107077,1196
107077,260
107077,2762
107077,2959
107077,589
107077,318
107077,480
107077,1213
107077,527
129328,6377
129328,6539
129328,5952
129328,4993
129328,3578
129328,7153
129328,7361
129328,356
129328,5349
129328,2959
44786,4993
44786,47
44786,858
44786,296
44786,1
44786,3147
44786,79132
44786,4306
44786,4963
44786,1089
126612,1210
126612,260
126612,3300
126612,293
126612,296
126612,8644
126612,4865
126612,3285
126612,1320
126612,3717
21119,68954
21119,6711
21119,648
21119,48516
21119,357
21119,44555
21119,2174
21119,5989
21119,34
21119,68157
131943,55820
131943,33166
131943,4011
131943,364
131943,3793
131943,4886
131943,55290
131943,49530
131943,56174
131943,110
89035,4306
89035,2571
89035,58559
89035,4963
89035,3578
89035,296
89035,5989
89035,33166
89035,3147
89035,48394
22701,64957
22701,6942
22701,56367
22701,56941
22701,8533
22701,8981
22701,48082
22701,7361
22701,3967
22701,8970
91605,6539
91605,4306
91605,4886
91605,59315
91605,2959
91605,318
91605,1270
91605,1136
91605,2918
91605,1148
50635,44665
50635,356
50635,318
50635,32
50635,36529
50635,58559
50635,68157
50635,48516
50635,293
50635,49530
91643,32598
91643,59258
91643,91077
91643,91500
91643,46976
91643,68954
91643,106916
91643,72641
91643,111622
91643,49280
127728,2694
127728,8957
127728,595
127728,3785
127728,5679
127728,3948
127728,44397
127728,54004
127728,2291
127728,364
14611,296
14611,4641
14611,2997
14611,39292
14611,2959
14611,8784
14611,1230
14611,3897
14611,3911
14611,6867
42320,1198
42320,1136
42320,260
42320,56367
42320,4995
42320,54286
42320,7438
42320,33166
42320,223
42320,6539
40724,296
40724,1196
40724,2502
40724,4993
40724,32587
40724,4973
40724,318
40724,8784
40724,1732
40724,44191
60514,1265
60514,1198
60514,2716
60514,260
60514,3421
60514,1374
60514,1291
60514,89745
60514,1200
60514,1307
128381,33794
128381,356
128381,3253
128381,8641
128381,2700
128381,33493
128381,3254
128381,2987
128381,1136
128381,6188
54894,71282
54894,34072
54894,63082
54894,63876
54894,30749
54894,78574
54894,46578
54894,81845
54894,43333
54894,71450
61686,7153
61686,110
61686,45499
61686,32587
61686,5952
61686,4993
61686,592
61686,608
61686,1584
61686,1
114659,4105
114659,3917
114659,2571
114659,1732
114659,2542
114659,1466
114659,1729
114659,7438
114659,4102
114659,608
21398,8970
21398,30812
21398,60069
21398,25841
21398,34482
21398,73854
21398,48774
21398,48394
21398,72998
21398,66097
12090,2858
12090,5445
12090,3578
12090,8798
12090,2571
12090,2762
12090,1704
12090,4034
12090,2959
12090,474
6115,1240
6115,1036
6115,1580
6115,49272
6115,318
6115,2959
6115,8961
6115,780
6115,6874
6115,32587
112983,7438
112983,110
112983,8961
112983,7361
112983,2918
112983,1097
112983,589
112983,8874
112983,32587
112983,3114
26904,1097
26904,6377
26904,3751
26904,4361
26904,8961
26904,2115
26904,3418
26904,914
26904,750
26904,1193
40713,2944
40713,3032
40713,4226
40713,608
40713,1375
40713,6979
40713,87232
40713,349
40713,48774
40713,8633
128299,2115
128299,316
128299,2161
128299,1527
128299,1580
128299,4306
128299,1584
128299,480
128299,2987
128299,8644
112478,296
112478,908
112478,5291
112478,2959
112478,5952
112478,4993
112478,7153
112478,2858
112478,50
112478,1237
122735,7153
122735,2959
122735,79132
122735,593
122735,1036
122735,1200
122735,5903
122735,527
122735,5418
122735,3994
135234,8961
135234,6377
135234,1265
135234,4306
135234,1259
135234,1246
135234,457
135234,6539
135234,593
135234,318
124498,296
124498,2858
124498,4995
124498,1961
124498,55820
124498,318
124498,5989
124498,527
124498,46578
124498,2997
5061,1036
5061,296
5061,72998
5061,70286
5061,48780
5061,1291
5061,7090
5061,8665
5061,76251
5061,26614
63571,2959
63571,71535
63571,4878
63571,79132
63571,8957
63571,79702
63571,60069
63571,66097
63571,1274
63571,3000
45669,1208
45669,6016
45669,2571
45669,37733
45669,4973
45669,44761
45669,6711
45669,1199
45669,2395
45669,51255
120877,68237
120877,608
120877,293
120877,70286
120877,63072
120877,8874
120877,7360
120877,4262
120877,8950
120877,32
63648,44191
63648,4226
63648,1270
63648,6539
63648,593
63648,1196
63648,1136
63648,260
63648,31658
63648,1210
76273,69122
76273,76077
76273,79132
76273,80549
76273,79592
76273,88672
76273,4226
76273,79702
76273,66509
76273,87298
76987,2617
76987,653
76987,1573
76987,2011
76987,733
76987,4011
76987,72998
76987,165
76987,2001
76987,4018
68457,7173
68457,41285
68457,35836
68457,356
68457,7293
68457,69122
68457,253
68457,74458
68457,4018
68457,48516
17680,923
17680,1945
17680,1284
17680,1252
17680,904
17680,6650
17680,2066
17680,4432
17680,1260
17680,926
96367,4886
96367,4306
96367,8961
96367,3948
96367,8528
96367,7153
96367,5418
96367,32587
96367,8665
96367,4993
137407,2424
137407,2001
137407,4018
137407,356
137407,586
137407,6155
137407,1704
137407,2470
137407,2671
137407,5452
42045,79132
42045,6377
42045,58559
42045,296
42045,73017
42045,1136
42045,48516
42045,32587
42045,293
42045,4973
5601,60069
5601,7438
5601,1265
5601,6874
5601,6016
5601,4878
5601,48774
5601,2858
5601,48780
5601,1580
23250,608
23250,1258
23250,2959
23250,48394
23250,6711
23250,55820
23250,4973
23250,1732
23250,1235
23250,858
101059,46578
101059,49272
101059,539
101059,7361
101059,4306
101059,5445
101059,3578
101059,593
101059,608
101059,1580
19853,32587
19853,1222
19853,60069
19853,48780
19853,2329
19853,60684
19853,48394
19853,51662
19853,63082
19853,34405
33327,2762
33327,4993
33327,608
33327,1197
33327,4973
33327,2571
33327,1193
33327,3996
33327,7153
33327,1
106561,4886
106561,1265
106561,593
106561,58559
106561,1270
106561,1213
106561,1097
106561,1073
106561,48516
106561,1704
66568,70286
66568,4011
66568,57669
66568,59369
66568,54286
66568,69122
66568,59315
66568,8798
66568,81229
66568,72998
126121,48774
126121,1676
126121,2692
126121,7153
126121,1732
126121,6283
126121,2542
126121,7147
126121,1690
126121,1201
42412,45722
42412,63082
42412,597
42412,31685
42412,4700
42412,56941
42412,41566
42412,33679
42412,4993
42412,65230
49691,3801
49691,951
49691,44555
49691,905
49691,1204
49691,1284
49691,928
49691,1254
49691,1234
49691,4226
51949,318
51949,6377
51949,7153
51949,4993
51949,1210
51949,260
51949,1196
51949,6016
51949,1
51949,858
119704,45720
119704,52973
119704,80549
119704,97921
119704,86833
119704,49286
119704,7293
119704,79132
119704,58998
119704,88810
100744,2571
100744,1307
100744,1136
100744,1079
100744,2716
100744,2762
100744,3671
100744,527
100744,3039
100744,1220
97947,81847
97947,7451
97947,4447
97947,364
97947,56949
97947,2572
97947,63082
97947,919
97947,4246
97947,356
45474,4993
45474,4878
45474,2762
45474,356
45474,3578
45474,48780
45474,47
45474,46578
45474,1089
45474,50
56039,2291
56039,4306
56039,364
56039,56367
56039,318
56039,4226
56039,5952
56039,7153
56039,4993
56039,1580
60828,1219
60828,4802
60828,3244
60828,26375
60828,6422
60828,8039
60828,7386
60828,1387
60828,912
60828,500
18699,7438
18699,1527
18699,1210
18699,6539
18699,260
18699,1196
18699,2959
18699,4306
18699,32587
18699,5349
6371,913
6371,950
6371,955
6371,2289
6371,608
6371,6787
6371,1288
6371,2186
6371,1307
6371,905
63871,6874
63871,4011
63871,260
63871,1196
63871,2571
63871,4878
63871,8874
63871,296
63871,2542
63871,7360
5503,51255
5503,46976
5503,51931
5503,50872
5503,55276
5503,53972
5503,57368
5503,54259
5503,46723
5503,33493
92029,2858
92029,296
92029,1258
92029,1193
92029,750
92029,1222
92029,4226
92029,1199
92029,50
92029,1244
55134,1196
55134,4993
55134,2571
55134,49272
55134,260
55134,750
55134,1214
55134,1374
55134,858
55134,33794
18858,1617
18858,293
18858,57669
18858,223
18858,288
18858,1193
18858,16
18858,2692
18858,48394
18858,6
78212,318
78212,296
78212,79132
78212,4993
78212,59315
78212,44191
78212,1196
78212,260
78212,69122
78212,6874
51207,68237
51207,6502
51207,4370
51207,4343
51207,79132
51207,5459
51207,77561
51207,32
51207,34405
51207,1127
50637,76093
50637,4886
50637,60069
50637,480
50637,6377
50637,68358
50637,32031
50637,588
50637,5618
50637,2355
47125,1089
47125,2858
47125,1222
47125,924
47125,7153
47125,4993
47125,7361
47125,2997
47125,2502
47125,589
34776,2959
34776,1196
34776,4993
34776,1210
34776,344
34776,7153
34776,1270
34776,318
34776,588
34776,3793
98488,47
98488,33794
98488,6016
98488,1213
98488,7438
98488,1198
98488,1206
98488,778
98488,1259
98488,1207
76099,593
76099,2916
76099,79132
76099,2028
76099,31658
76099,1527
76099,1136
76099,3000
76099,6539
76099,4878
108979,356
108979,6377
108979,1097
108979,1961
108979,595
108979,7153
108979,141
108979,56367
108979,5952
108979,588
87668,4995
87668,593
87668,5989
87668,356
87668,1
87668,55280
87668,953
87668,46578
87668,457
87668,1270
105623,2302
105623,1923
105623,1101
105623,2028
105623,150
105623,1
105623,587
105623,648
105623,292
105623,2858
26766,296
26766,318
26766,4701
26766,4963
26766,36529
26766,5418
26766,59369
26766,68157
26766,54286
26766,4226
6763,60069
6763,364
6763,8961
6763,1
6763,5952
6763,5618
6763,5816
6763,44191
6763,3578
6763,1197
77243,8665
77243,44665
77243,52722
77243,5445
77243,49530
77243,6378
77243,51412
77243,48780
77243,6595
77243,44022
24313,357
24313,778
24313,318
24313,1148
24313,7438
24313,6711
24313,2692
24313,4226
24313,527
24313,337
130773,2167
130773,5872
130773,3452
130773,1573
130773,589
130773,4367
130773,2006
130773,8636
130773,6709
130773,42738
128074,1089
128074,7438
128074,6874
128074,47
128074,356
128074,2571
128074,3052
128074,35836
128074,2542
128074,50
76115,1089
76115,541
76115,318
76115,32
76115,4973
76115,1136
76115,6874
76115,32587
76115,1527
76115,44191
102279,3087
102279,4621
102279,2012
102279,4489
102279,2797
102279,1835
102279,2424
102279,3033
102279,2005
102279,587
14888,55820
14888,48516
14888,4226
14888,50068
14888,318
14888,39292
14888,2329
14888,48738
14888,43376
14888,62250
67552,3578
67552,733
67552,589
67552,165
67552,10
67552,1270
67552,2115
67552,1196
67552,2762
67552,32
80806,6377
80806,7438
80806,1136
80806,356
80806,2959
80806,32587
80806,48385
80806,2028
80806,318
80806,44191
56424,778
56424,608
56424,1080
56424,1206
56424,2324
56424,6711
56424,2843
56424,6874
56424,1682
56424,665
62517,6377
62517,4973
62517,364
62517,588
62517,79132
62517,1035
62517,2291
62517,527
62517,2858
62517,597
71397,4226
71397,4963
71397,5445
71397,3408
71397,1961
71397,1682
71397,3897
71397,6711
71397,5989
71397,2997
100953,89492
100953,2395
100953,66665
100953,91500
100953,6188
100953,6377
100953,3275
100953,54281
100953,7147
100953,51662
60441,4995
60441,290
60441,46578
60441,48516
60441,2959
60441,527
60441,47610
60441,2542
60441,1357
60441,3949
43035,1580
43035,588
43035,3578
43035,780
43035,8644
43035,1
43035,8360
43035,58559
43035,8636
43035,2028
63291,4306
63291,593
63291,608
63291,50
63291,318
63291,8961
63291,6711
63291,527
63291,3996
63291,2762
22021,597
22021,6539
22021,31433
22021,4069
22021,2424
22021,110
22021,7153
22021,1721
22021,8808
22021,5418
25709,1196
25709,318
25709,293
25709,296
25709,356
25709,7153
25709,79132
25709,260
25709,5618
25709,2858
80646,2329
80646,2959
80646,47
80646,50
80646,4226
80646,356
80646,48780
80646,2571
80646,1089
80646,33794
83512,4226
83512,7361
83512,8641
83512,30812
83512,4973
83512,48385
83512,68954
83512,4995
83512,99114
83512,68157
97176,3310
97176,48394
97176,912
97176,318
97176,2959
97176,6286
97176,60069
97176,6953
97176,6874
97176,6440
90715,527
90715,1721
90715,7361
90715,2959
90715,597
90715,2329
90715,7323
90715,4226
90715,6016
90715,2324
18805,2762
18805,2028
18805,6016
18805,589
18805,1210
18805,1198
18805,608
18805,4993
18805,1213
18805,33794
87002,1580
87002,316
87002,1274
87002,1275
87002,4226
87002,2762
87002,208
87002,79132
87002,1136
87002,733
51957,79132
51957,31685
51957,69122
51957,59369
51957,59315
51957,72998
51957,45722
51957,81847
51957,91500
51957,56174
82719,59784
82719,41566
82719,63082
82719,73017
82719,56367
82719,48516
82719,52973
82719,45722
82719,64614
82719,58998
93493,296
93493,318
93493,380
93493,8961
93493,6377
93493,110
93493,1
93493,2959
93493,4963
93493,7153
70111,1196
70111,5952
70111,7153
70111,4896
70111,1136
70111,60069
70111,4993
70111,65261
70111,81834
70111,26662
63820,1210
63820,1198
63820,1200
63820,2959
63820,296
63820,541
63820,1208
63820,527
63820,1270
63820,293
54861,2571
54861,64614
54861,55247
54861,48780
54861,2231
54861,4239
54861,4995
54861,4963
54861,69122
54861,33166
1148,527
1148,318
1148,1200
1148,2762
1148,1036
1148,356
1148,1198
1148,858
1148,3527
1148,110
12787,1089
12787,1527
12787,59315
12787,32587
12787,51662
12787,8874
12787,3052
12787,7153
12787,4993
12787,6539
55282,54286
55282,6016
55282,49530
55282,49272
55282,48394
55282,57669
55282,44555
55282,44191
55282,64614
55282,68157
81928,4306
81928,33794
81928,110
81928,8665
81928,3578
81928,8644
81928,2571
81928,6378
81928,4963
81928,7143
89261,7361
89261,8950
89261,58559
89261,4878
89261,7022
89261,3000
89261,7438
89261,6874
89261,6502
89261,48394
55349,4973
55349,2959
55349,1527
55349,2571
55349,1193
55349,2762
55349,1206
55349,3176
55349,2997
55349,58559
13625,4993
13625,48394
13625,1200
13625,296
13625,111
13625,7153
13625,1208
13625,3949
13625,32587
13625,1921
103696,1281
103696,1213
103696,1732
103696,1222
103696,1270
103696,6666
103696,1207
103696,4226
103696,50
103696,1673
117871,586
117871,356
117871,39
117871,8368
117871,588
117871,6377
117871,4896
117871,6539
117871,45722
117871,56367
82342,296
82342,356
82342,2959
82342,4995
82342,5952
82342,4993
82342,4306
82342,1961
82342,364
82342,1682
123211,2858
123211,4226
123211,4878
123211,5618
123211,1270
123211,70286
123211,79132
123211,1732
123211,3052
123211,61240
120931,2329
120931,318
120931,4226
120931,541
120931,4973
120931,1221
120931,32587
120931,1206
120931,6874
120931,50
42016,8961
42016,7361
42016,33166
42016,2762
42016,2329
42016,1213
42016,46578
42016,6377
42016,4963
42016,33794
7173,1208
7173,924
7173,1215
7173,1198
7173,1287
7173,3671
7173,2019
7173,2948
7173,1274
7173,1262
51877,59315
51877,50
51877,55269
51877,5418
51877,52328
51877,60684
51877,48394
51877,296
51877,72226
51877,34405
94098,318
94098,4306
94098,2858
94098,2571
94098,1270
94098,1210
94098,593
94098,1073
94098,4226
94098,1197
85574,58559
85574,2571
85574,608
85574,1961
85574,377
85574,1393
85574,64614
85574,589
85574,16
85574,6
54690,588
54690,51662
54690,4993
54690,4963
54690,296
54690,2028
54690,4022
54690,47
54690,595
54690,150
62592,72998
62592,70286
62592,4878
62592,69757
62592,2959
62592,1682
62592,79702
62592,58998
62592,46578
62592,1
17778,858
17778,68157
17778,2858
17778,2571
17778,110
17778,48516
17778,2329
17778,30749
17778,50
17778,79132
114440,2959
114440,2087
114440,1032
114440,1033
114440,1
114440,2052
114440,2054
114440,2
114440,4025
114440,31658
55526,6539
55526,5952
55526,4886
55526,56367
55526,7153
55526,4993
55526,49272
55526,54001
55526,4963
55526,3114
33104,81834
33104,2571
33104,54001
33104,4896
33104,76093
33104,60069
33104,78499
33104,59315
33104,68954
33104,480
78382,440
78382,4041
78382,356
78382,1961
78382,587
78382,500
78382,2245
78382,1286
78382,1393
78382,1097
52645,88140
52645,76077
52645,49396
52645,5879
52645,93510
52645,66297
52645,2502
52645,62434
52645,47997
52645,1270
108291,2762
108291,318
108291,500
108291,1073
108291,4963
108291,5620
108291,3675
108291,1393
108291,953
108291,2085
22270,480
22270,1193
22270,4878
22270,46578
22270,2502
22270,1265
22270,56367
22270,4995
22270,1197
22270,59315
111152,5618
111152,50
111152,904
111152,1221
111152,1136
111152,46578
111152,2019
111152,32
111152,39183
111152,3481
63885,778
63885,4878
63885,40278
63885,8798
63885,6333
63885,55765
63885,5349
63885,527
63885,7323
63885,33162
130367,4226
130367,858
130367,7361
130367,4973
130367,1198
130367,3996
130367,6711
130367,908
130367,593
130367,2571
125541,2797
125541,3882
125541,587
125541,4700
125541,318
125541,1513
125541,11
125541,5620
125541,4474
125541,54503
79774,5952
79774,2762
79774,7153
79774,4993
79774,3578
79774,1203
79774,3435
79774,48516
79774,1704
79774,1
20158,1136
20158,296
20158,2268
20158,7090
20158,364
20158,2502
20158,2005
20158,1265
20158,1393
20158,588
124493,318
124493,5952
124493,32587
124493,1645
124493,2058
124493,6874
124493,50
124493,6365
124493,1625
124493,7143
100134,1178
100134,3741
100134,1732
100134,942
100134,2303
100134,899
100134,8042
100134,4105
100134,2459
100134,3363
93544,47
93544,1198
93544,2028
93544,593
93544,50
93544,318
93544,1
93544,1213
93544,7153
93544,32
42506,82459
42506,3730
42506,70286
42506,953
42506,3481
42506,457
42506,6
42506,109374
42506,1247
42506,106438
23406,356
23406,6377
23406,480
23406,2706
23406,2628
23406,33794
23406,2959
23406,589
23406,1073
23406,8961
11563,7361
11563,318
11563,2858
11563,2762
11563,4975
11563,4995
11563,3147
11563,4370
11563,4973
11563,1580
45922,1307
45922,2918
45922,46578
45922,45720
45922,597
45922,4700
45922,1246
45922,8533
45922,96821
45922,40819
16580,2959
16580,7361
16580,79132
16580,33794
16580,48780
16580,79702
16580,44191
16580,68157
16580,4011
16580,296
75272,858
75272,593
75272,55820
75272,318
75272,778
75272,2997
75272,4306
75272,3996
75272,4993
75272,4011
2330,1196
2330,1732
2330,2762
2330,5989
2330,356
2330,1291
2330,33794
2330,1210
2330,4995
2330,48516
51980,47
51980,2571
51980,48516
51980,55820
51980,68157
51980,1213
51980,48394
51980,44191
51980,112852
51980,51662
119130,2018
119130,1203
119130,4467
119130,2124
119130,7080
119130,3251
119130,1287
119130,926
119130,4464
119130,32139
119374,551
119374,1298
119374,2858
119374,1089
119374,1136
119374,1673
119374,4848
119374,2692
119374,924
119374,1080
44366,7438
44366,5952
44366,5349
44366,44191
44366,52973
44366,3578
44366,6539
44366,4886
44366,50872
44366,318
97551,1136
97551,296
97551,7361
97551,4993
97551,318
97551,4878
97551,1219
97551,1210
97551,1193
97551,5971
16775,68157
16775,318
16775,32
16775,2571
16775,34405
16775,6333
16775,51662
16775,541
16775,1136
16775,48516
36869,78499
36869,6228
36869,86882
36869,6970
36869,46850
36869,26528
36869,70293
36869,25841
36869,27815
36869,27790
95147,6874
95147,356
95147,4226
95147,47
95147,1682
95147,7153
95147,50
95147,1213
95147,110
95147,1270
64861,527
64861,2762
64861,2324
64861,1704
64861,6539
64861,1784
64861,4963
64861,2858
64861,110
64861,4014
48582,54286
48582,85020
48582,1036
48582,59369
48582,91529
48582,58559
48582,8665
48582,3275
48582,79132
48582,89840
111561,7361
111561,47
111561,4226
111561,318
111561,6016
111561,593
111561,858
111561,30803
111561,27592
111561,3949
101696,1580
101696,356
101696,317
101696,3147
101696,4896
101696,1025
101696,1042
101696,736
101696,7386
101696,5816
54478,5105
54478,6140
54478,2318
54478,1089
54478,1347
54478,3917
54478,71304
54478,3018
54478,3075
54478,2959
189,6377
189,4886
189,5816
189,588
189,4306
189,551
189,2959
189,58559
189,6539
189,2321
57564,356
57564,2997
57564,457
57564,608
57564,30707
57564,5952
57564,3996
57564,8949
57564,480
57564,1580
4164,1210
4164,318
4164,32
4164,3000
4164,7153
4164,34405
4164,589
4164,4973
4164,750
4164,4878
59503,50
59503,41566
59503,8636
59503,33166
59503,7445
59503,48394
59503,47610
59503,34048
59503,6537
59503,589
21696,1997
21696,1221
21696,296
21696,1258
21696,3498
21696,1193
21696,3499
21696,3101
21696,1214
21696,2858
58760,2028
58760,1198
58760,6539
58760,260
58760,1196
58760,5952
58760,2571
58760,593
58760,1214
58760,4886
112016,260
112016,2762
112016,356
112016,1625
112016,924
112016,1210
112016,4226
112016,3498
112016,608
112016,4886
132809,8961
132809,2858
132809,32
132809,356
132809,541
132809,1721
132809,480
132809,593
132809,780
132809,48394
67776,3000
67776,59315
67776,4878
67776,8961
67776,1291
67776,1580
67776,8983
67776,1214
67776,59784
67776,32
119411,1291
119411,7153
119411,4993
119411,2571
119411,3996
119411,1
119411,588
119411,1270
119411,6377
119411,1197
137250,5816
137250,5989
137250,4963
137250,8984
137250,47
137250,6218
137250,8981
137250,5991
137250,1088
137250,2324
35922,4973
35922,3481
35922,2997
35922,39292
35922,46578
35922,1089
35922,6016
35922,4641
35922,778
35922,3160
37318,1721
37318,344
37318,4306
37318,480
37318,2028
37318,364
37318,19
37318,587
37318,110
37318,1923
30417,1213
30417,6333
30417,7361
30417,1061
30417,30707
30417,1625
30417,5464
30417,7143
30417,6870
30417,1784
126075,2012
126075,4226
126075,356
126075,32
126075,2700
126075,6365
126075,1527
126075,6874
126075,4011
126075,2716
73690,33794
73690,1196
73690,2959
73690,480
73690,1258
73690,1228
73690,1682
73690,1245
73690,1036
73690,1394
91317,48394
91317,1246
91317,1197
91317,1968
91317,4262
91317,3996
91317,60069
91317,4022
91317,16
91317,63082
51760,4306
51760,2959
51760,6539
51760,31658
51760,59315
51760,49272
51760,296
51760,7361
51760,3034
51760,919
32439,44191
32439,48774
32439,49530
32439,44555
32439,44195
32439,48738
32439,33166
32439,50068
32439,33794
32439,40819
54204,5952
54204,7153
54204,296
54204,4993
54204,6874
54204,2571
54204,356
54204,1136
54204,1080
54204,4973
72010,1196
72010,260
72010,6539
72010,110
72010,2959
72010,1527
72010,8961
72010,81834
72010,88125
72010,60684
94423,6377
94423,356
94423,296
94423,595
94423,48394
94423,597
94423,2959
94423,68954
94423,457
94423,6539
43441,4306
43441,8368
43441,8961
43441,8360
43441,4973
43441,3751
43441,2762
43441,3897
43441,5445
43441,5349
130857,5952
130857,6350
130857,58559
130857,7153
130857,44191
130857,5971
130857,4973
130857,7361
130857,70286
130857,48780
84110,480
84110,2329
84110,1196
84110,2502
84110,30749
84110,44199
84110,648
84110,296
84110,1527
84110,1291
83431,2329
83431,648
83431,1580
83431,4963
83431,293
83431,2918
83431,589
83431,1721
83431,5418
83431,4011
68335,35836
68335,91500
68335,96821
68335,4306
68335,80549
68335,67087
68335,6377
68335,78499
68335,81845
68335,52973
113940,527
113940,7153
113940,5952
113940,4993
113940,1089
113940,648
113940,6539
113940,3949
113940,4975
113940,1653
66055,1682
66055,4306
66055,1704
66055,858
66055,2762
66055,1517
66055,35836
66055,1393
66055,590
66055,6
83980,586
83980,4022
83980,3753
83980,6565
83980,34162
83980,1610
83980,1580
83980,524
83980,1234
83980,1682
76097,293
76097,48780
76097,50
76097,99114
76097,3949
76097,356
76097,2542
76097,1258
76097,608
76097,32
48420,589
48420,480
48420,296
48420,356
48420,1580
48420,5418
48420,1265
48420,780
48420,47
48420,4963
39093,541
39093,4226
39093,99114
39093,356
39093,50
39093,5445
39093,104841
39093,593
39093,1036
39093,2329
12859,3000
12859,5618
12859,6711
12859,4370
12859,8981
12859,4720
12859,27266
12859,6874
12859,4848
12859,30707
126776,318
126776,50
126776,2959
126776,46578
126776,8961
126776,2858
126776,49272
126776,4973
126776,608
126776,2571
66666,527
66666,5418
66666,8874
66666,2028
66666,48774
66666,6874
66666,44191
66666,1221
66666,589
66666,1036
57945,4306
57945,1197
57945,4993
57945,1136
57945,6539
57945,356
57945,54001
57945,1207
57945,46578
57945,1028
62614,4993
62614,72998
62614,65682
62614,5952
62614,53464
62614,69526
62614,51662
62614,8985
62614,49649
62614,58025
23596,1089
23596,2329
23596,318
23596,50
23596,6942
23596,4226
23596,8784
23596,912
23596,914
23596,3481
127715,1704
127715,3578
127715,5952
127715,1198
127715,1265
127715,1923
127715,6874
127715,4995
127715,527
127715,457
81896,40815
81896,356
81896,1197
81896,6539
81896,8368
81896,56367
81896,54001
81896,60069
81896,2918
81896,6377
68041,33794
68041,4878
68041,2571
68041,4226
68041,356
68041,2858
68041,46578
68041,56367
68041,68954
68041,48394
56214,45722
56214,30793
56214,6874
56214,7438
56214,34319
56214,46578
56214,31696
56214,41997
56214,8783
56214,7147
133983,60069
133983,6377
133983,58559
133983,59315
133983,8874
133983,33794
133983,5218
133983,2571
133983,59784
133983,44191
923,296
923,59315
923,56367
923,2918
923,4993
923,7153
923,2858
923,356
923,46976
923,34405
50448,1214
50448,2571
50448,1210
50448,260
50448,1200
50448,1270
50448,7153
50448,4993
50448,59315
50448,3527
2517,69122
2517,5952
2517,2959
2517,76251
2517,34319
2517,88129
2517,8874
2517,4995
2517,1089
2517,1214
98493,3996
98493,2571
98493,3175
98493,720
98493,5349
98493,1097
98493,2918
98493,541
98493,2987
98493,6807
34744,5445
34744,5418
34744,50
34744,1210
34744,4993
34744,1196
34744,7153
34744,2762
34744,6539
34744,7143
45537,1193
45537,4226
45537,527
45537,47
45537,318
45537,1089
45537,2571
45537,1206
45537,110
45537,1208
119879,2959
119879,6755
119879,61240
119879,53468
119879,47
119879,4128
119879,2288
119879,1198
119879,58332
119879,53000
1305,527
1305,7438
1305,1196
1305,47
1305,1
1305,7153
1305,5952
1305,4993
1305,307
1305,1291
110739,318
110739,2329
110739,1732
110739,5902
110739,48774
110739,593
110739,858
110739,32
110739,32587
110739,111
17940,10
17940,1527
17940,2028
17940,32
17940,6539
17940,19
17940,1676
17940,293
17940,3527
17940,2858
35364,4226
35364,593
35364,7361
35364,2858
35364,2918
35364,527
35364,1206
35364,1288
35364,2762
35364,2700
104805,1196
104805,260
104805,1240
104805,6365
104805,5952
104805,4993
104805,4896
104805,6539
104805,1036
104805,480
1849,4246
1849,377
1849,1610
1849,1240
1849,838
1849,541
1849,1680
1849,4016
1849,44191
1849,2671
113632,223
113632,2502
113632,1265
113632,1219
113632,2858
113632,7361
113632,5291
113632,1673
113632,4027
113632,7438
12044,2599
12044,5902
12044,8366
12044,3556
12044,5577
12044,2321
12044,8966
12044,8910
12044,4878
12044,7451
30896,6942
30896,2571
30896,33166
30896,36529
30896,5418
30896,4034
30896,8970
30896,4993
30896,7153
30896,8983
131156,79132
131156,593
131156,4963
131156,58559
131156,5989
131156,2268
131156,88810
131156,2858
131156,1580
131156,110
109764,7438
109764,6874
109764,1221
109764,4995
109764,68157
109764,1136
109764,2762
109764,4235
109764,4848
109764,541
120086,2394
120086,4306
120086,6539
120086,1907
120086,919
120086,260
120086,68954
120086,5064
120086,1196
120086,30816
103986,2395
103986,46976
103986,3556
103986,3481
103986,2321
103986,6942
103986,1968
103986,1639
103986,1197
103986,919
132677,4886
132677,750
132677,56367
132677,1270
132677,593
132677,7361
132677,48385
132677,1208
132677,7438
132677,2028
123712,2959
123712,2571
123712,32
123712,2858
123712,50
123712,541
123712,5618
123712,296
123712,2502
123712,1136
77469,32
77469,110
77469,527
77469,1265
77469,150
77469,48385
77469,1923
77469,44191
77469,1961
77469,1721
62003,1527
62003,68157
62003,3481
62003,44191
62003,593
62003,1682
62003,1193
62003,4848
62003,99114
62003,112852
73990,1199
73990,923
73990,924
73990,4878
73990,1245
73990,593
73990,6440
73990,4973
73990,16
73990,58559
118664,539
118664,1704
118664,356
118664,8368
118664,2762
118664,4995
118664,2396
118664,364
118664,1680
118664,454
130106,589
130106,595
130106,2716
130106,1240
130106,587
130106,1580
130106,2762
130106,318
130106,736
130106,648
62258,49824
62258,51080
62258,39292
62258,46850
62258,46723
62258,48385
62258,40583
62258,49822
62258,48394
62258,47423
92945,1307
92945,2858
92945,1961
92945,5989
92945,4973
92945,4014
92945,8970
92945,1246
92945,3408
92945,1193
61382,2291
61382,2762
61382,4878
61382,7361
61382,8464
61382,6502
61382,1222
61382,2028
61382,1208
61382,1580
13813,593
13813,318
13813,608
13813,5902
13813,6711
13813,1617
13813,4973
13813,2571
13813,1089
13813,4848
96788,3702
96788,1208
96788,1090
96788,3300
96788,1215
96788,318
96788,6539
96788,3081
96788,165
96788,1206
8132,8961
8132,68954
8132,4973
8132,58559
8132,79132
8132,48394
8132,4995
8132,40815
8132,60069
8132,109374
28734,858
28734,55820
28734,2959
28734,1201
28734,64614
28734,593
28734,47
28734,2858
28734,2571
28734,54997
87503,4973
87503,1682
87503,5992
87503,2291
87503,2858
87503,1784
87503,215
87503,4246
87503,2324
87503,2997
8182,7323
8182,2858
8182,2997
8182,1258
8182,47
8182,32
8182,5669
8182,2959
8182,4973
8182,44555
43301,903
43301,7043
43301,154
43301,1219
43301,541
43301,1228
43301,904
43301,4928
43301,7748
43301,6818
137353,1196
137353,1198
137353,1210
137353,260
137353,1270
137353,1
137353,480
137353,1265
137353,2716
137353,1240
125770,260
125770,1213
125770,1198
125770,2858
125770,318
125770,527
125770,1230
125770,1225
125770,3504
125770,924
78553,1196
78553,3578
78553,7153
78553,5952
78553,296
78553,1214
78553,1210
78553,1676
78553,541
78553,33493
55098,1
55098,32
55098,858
55098,608
55098,2028
55098,50
55098,2959
55098,2858
55098,4995
55098,6377
30702,4235
30702,2959
30702,7361
30702,58559
30702,904
30702,50
30702,48516
30702,5618
30702,2329
30702,2019
68063,1333
68063,6
68063,6870
68063,1213
68063,5712
68063,26242
68063,628
68063,2571
68063,4007
68063,4000
17173,8961
17173,37729
17173,3396
17173,1411
17173,8970
17173,7090
17173,8874
17173,2139
17173,3397
17173,34405
32225,7153
32225,356
32225,1580
32225,2959
32225,2571
32225,318
32225,2028
32225,377
32225,364
32225,6333
131212,8874
131212,2329
131212,7438
131212,44195
131212,4011
131212,1136
131212,318
131212,3949
131212,5952
131212,7153
6244,59315
6244,457
6244,527
6244,4262
6244,7153
6244,4993
6244,2762
6244,4963
6244,4011
6244,1704
7244,4886
7244,8961
7244,1
7244,54001
7244,1073
7244,53125
7244,2081
7244,7451
7244,56757
7244,919
92145,2762
92145,595
92145,2571
92145,318
92145,34
92145,780
92145,736
92145,7153
92145,5952
92145,919
138254,4446
138254,60074
138254,5219
138254,4887
138254,1687
138254,367
138254,8810
138254,3986
138254,7445
138254,1291
136014,6874
136014,3793
136014,4973
136014,8961
136014,2396
136014,5445
136014,293
136014,1101
136014,3408
136014,1193
30770,4246
30770,5377
30770,2858
30770,1092
30770,1517
30770,2505
30770,6502
30770,2294
30770,4718
30770,2011
104391,778
104391,4226
104391,318
104391,47
104391,48516
104391,1208
104391,2329
104391,1221
104391,48780
104391,1198
48068,4993
48068,104
48068,40819
48068,3527
48068,33794
48068,1220
48068,802
48068,16
48068,1127
48068,1674
58332,541
58332,858
58332,4973
58332,3000
58332,2959
58332,527
58332,7361
58332,1221
58332,260
58332,1208
81968,50872
81968,69122
81968,7153
81968,8961
81968,1
81968,356
81968,858
81968,44191
81968,4306
81968,4886
84395,150
84395,4973
84395,296
84395,1961
84395,4995
84395,110
84395,4226
84395,33794
84395,2324
84395,50
58080,150
58080,318
58080,1101
58080,356
58080,1704
58080,457
58080,2762
58080,1246
58080,780
58080,2571
67706,87232
67706,78499
67706,4306
67706,364
67706,3114
67706,98809
67706,81847
67706,86332
67706,91500
67706,68358
50742,296
50742,48394
50742,58559
50742,4226
50742,1884
50742,7438
50742,4979
50742,44191
50742,7147
50742,48082
82047,110
82047,597
82047,3793
82047,2571
82047,3578
82047,33493
82047,5816
82047,4896
82047,1580
82047,3623
37083,858
37083,2959
37083,4848
37083,1193
37083,6874
37083,6440
37083,7438
37083,2502
37083,68237
37083,51540
4775,41566
4775,51662
4775,6539
4775,4896
4775,7162
4775,4310
4775,55052
4775,41571
4775,5502
4775,58559
55122,59315
55122,3253
55122,68358
55122,4027
55122,1270
55122,2571
55122,2478
55122,54503
55122,1387
55122,5349
45326,50872
45326,364
45326,33794
45326,6936
45326,33493
45326,5103
45326,104
45326,54272
45326,1136
45326,588
117137,2858
117137,1270
117137,296
117137,1291
117137,6874
117137,110
117137,4995
117137,4973
117137,3578
117137,3793
100489,33794
100489,2571
100489,58559
100489,3000
100489,44191
100489,54001
100489,1527
100489,59315
100489,1196
100489,260
103635,1
103635,5971
103635,78499
103635,1136
103635,2716
103635,1073
103635,6377
103635,3114
103635,1022
103635,6773
100107,8949
100107,1230
100107,47629
100107,97304
100107,80463
100107,48385
100107,42004
100107,109374
100107,60950
100107,1244
97432,858
97432,2858
97432,2762
97432,3578
97432,1201
97432,47
97432,1222
97432,110
97432,356
97432,2355
69732,40815
69732,8360
69732,44191
69732,6863
69732,41569
69732,4886
69732,30793
69732,44195
69732,30707
69732,5349
33082,89745
33082,79132
33082,81591
33082,33794
33082,111759
33082,88129
33082,60069
33082,109487
33082,48774
33082,70286
49465,50
49465,4226
49465,48394
49465,3253
49465,46578
49465,223
49465,541
49465,32587
49465,5669
49465,2762
83302,50445
83302,34319
83302,7254
83302,54771
83302,6058
83302,70159
83302,53953
83302,45081
83302,62081
83302,51935
39769,2571
39769,318
39769,648
39769,236
39769,110
39769,2762
39769,4963
39769,377
39769,4306
39769,1704
133152,1196
133152,2683
133152,296
133152,32
133152,2716
133152,1198
133152,10
133152,2700
133152,356
133152,1136
121064,2174
121064,589
121064,2916
121064,50
121064,4226
121064,2968
121064,2021
121064,293
121064,1641
121064,1967
113718,2762
113718,1380
113718,6377
113718,39
113718,1777
113718,7153
113718,5952
113718,6539
113718,318
113718,593
70721,59315
70721,44191
70721,60069
70721,53996
70721,54286
70721,54001
70721,27660
70721,45722
70721,45499
70721,30793
79397,318
79397,296
79397,4226
79397,2571
79397,480
79397,44191
79397,1196
79397,260
79397,1270
79397,5418
52105,5418
52105,2671
52105,4896
52105,1580
52105,364
52105,3578
52105,3793
52105,5816
52105,8368
52105,480
11803,1653
11803,4886
11803,47
11803,260
11803,1136
11803,2329
11803,293
11803,2542
11803,648
11803,527
78232,1136
78232,527
78232,6377
78232,608
78232,1080
78232,1094
78232,318
78232,3967
78232,593
78232,342
503,48516
503,318
503,47610
503,5445
503,50
503,6323
503,296
503,44191
503,780
503,5630
44875,1
44875,924
44875,4995
44875,4973
44875,4886
44875,68954
44875,1682
44875,7147
44875,36529
44875,5989
2241,2028
2241,1221
2241,2918
2241,2959
2241,1060
2241,3897
2241,1732
2241,40819
2241,8784
2241,1222
59900,51662
59900,4306
59900,6377
59900,2502
59900,54503
59900,48780
59900,48385
59900,6863
59900,593
59900,8644
106673,296
106673,2959
106673,1258
106673,1285
106673,337
106673,68157
106673,69757
106673,63876
106673,1206
106673,58559
97950,48780
97950,5989
97950,1721
97950,7153
97950,2324
97950,7254
97950,2959
97950,5952
97950,1682
97950,6539
133954,1200
133954,1234
133954,1214
133954,2028
133954,3508
133954,903
133954,8961
133954,1333
133954,7386
133954,8636
92712,1198
92712,1270
92712,356
92712,2858
92712,1193
92712,589
92712,58559
92712,2762
92712,5445
92712,1196
83407,60069
83407,364
83407,1197
83407,318
83407,5618
83407,2762
83407,4226
83407,480
83407,1
83407,1721
59006,2918
59006,595
59006,46578
59006,1073
59006,72641
59006,81591
59006,7451
59006,1721
59006,4995
59006,4886
53103,1994
53103,1347
53103,1333
53103,4754
53103,7115
53103,4546
53103,2288
53103,40732
53103,3970
53103,1215
134316,293
134316,110
134316,593
134316,2571
134316,7438
134316,6874
134316,2028
134316,480
134316,2951
134316,1222
116702,356
116702,1
116702,1270
116702,1198
116702,110
116702,912
116702,1234
116702,954
116702,1291
116702,2028
111048,76093
111048,8961
111048,2571
111048,33794
111048,49272
111048,6377
111048,4306
111048,2959
111048,87232
111048,68358
36408,8014
36408,48394
36408,31658
36408,1201
36408,3435
36408,1136
36408,527
36408,2324
36408,32
36408,30803
97884,4306
97884,8528
97884,4963
97884,356
97884,34162
97884,104
97884,2959
97884,33794
97884,1682
97884,8961
66637,6539
66637,1198
66637,1136
66637,2762
66637,4993
66637,2396
66637,4963
66637,1307
66637,2502
66637,2716
37464,1356
37464,8961
37464,527
37464,47
37464,593
37464,110
37464,50872
37464,2115
37464,1080
37464,2947
94089,3147
94089,2028
94089,4226
94089,2858
94089,7143
94089,3996
94089,44191
94089,6539
94089,2502
94089,1270
8989,47
8989,318
8989,2858
8989,1265
8989,2918
8989,4027
8989,56367
8989,1968
8989,32587
8989,68954
104674,919
104674,2858
104674,1258
104674,2502
104674,4878
104674,1265
104674,4027
104674,593
104674,56367
104674,223
132922,4011
132922,58559
132922,47
132922,2502
132922,48394
132922,50
132922,33794
132922,48780
132922,48516
132922,2762
111751,33794
111751,260
111751,6377
111751,4226
111751,7361
111751,72998
111751,48516
111751,6016
111751,5418
111751,2762
95815,527
95815,63082
95815,48780
95815,79132
95815,55052
95815,68954
95815,50872
95815,33679
95815,64957
95815,45720
119724,69757
119724,55805
119724,76091
119724,70286
119724,48774
119724,47491
119724,8950
119724,71304
119724,37733
119724,56367
98861,79132
98861,1214
98861,4993
98861,8961
98861,2762
98861,1200
98861,1270
98861,3114
98861,780
98861,71057
80029,4886
80029,1291
80029,4963
80029,318
80029,3578
80029,296
80029,2959
80029,6377
80029,1136
80029,32
99627,32
99627,527
99627,1270
99627,608
99627,593
99627,858
99627,260
99627,1196
99627,480
99627,7153
81439,50
81439,3435
81439,904
81439,1213
81439,296
81439,1254
81439,750
81439,2186
81439,1219
81439,903
79981,5952
79981,7153
79981,4993
79981,296
79981,48516
79981,55820
79981,6874
79981,2028
79981,60069
79981,1907
77072,592
77072,6539
77072,32587
77072,7153
77072,1732
77072,3578
77072,74458
77072,70286
77072,79702
77072,48394
44855,68157
44855,88163
44855,6942
44855,527
44855,91500
44855,4226
44855,48394
44855,80463
44855,2324
44855,53123
57499,5952
57499,7153
57499,4993
57499,1240
57499,1527
57499,356
57499,1732
57499,7438
57499,2692
57499,2329
128928,110
128928,32
128928,4306
128928,2959
128928,1
128928,6
128928,6870
128928,1210
128928,1704
128928,30707
52697,2959
52697,55442
52697,42004
52697,5995
52697,7323
52697,4878
52697,46723
52697,4014
52697,37729
52697,30793
89048,318
89048,2762
89048,1610
89048,1246
89048,4993
89048,2858
89048,5445
89048,7153
89048,296
89048,593
62329,2858
62329,318
62329,1089
62329,2959
62329,293
62329,1270
62329,589
62329,1240
62329,1214
62329,2716
2081,6979
2081,33794
2081,31878
2081,2003
2081,32587
2081,33004
2081,8865
2081,3396
2081,6807
2081,33493
94922,318
94922,5618
94922,68358
94922,33794
94922,59315
94922,4993
94922,7153
94922,2959
94922,70286
94922,3000
98046,5989
98046,1200
98046,2028
98046,1193
98046,1258
98046,1198
98046,16
98046,5464
98046,3499
98046,1610
87402,1265
87402,356
87402,50
87402,2858
87402,589
87402,593
87402,1089
87402,47
87402,2997
87402,2028
68073,110
68073,1792
68073,5445
68073,318
68073,1291
68073,7458
68073,5507
68073,8961
68073,7445
68073,6595
41218,4963
41218,1196
41218,3578
41218,2329
41218,2858
41218,110
41218,480
41218,2762
41218,44665
41218,1704
15093,47
15093,539
15093,1291
15093,527
15093,260
15093,2762
15093,2918
15093,3996
15093,1193
15093,541
72436,356
72436,4993
72436,1210
72436,33794
72436,48385
72436,648
72436,4963
72436,44191
72436,1270
72436,318
25050,1884
25050,2028
25050,3949
25050,1206
25050,293
25050,750
25050,1527
25050,6618
25050,541
25050,70
46566,457
46566,500
46566,508
46566,924
46566,539
46566,2797
46566,3671
46566,923
46566,3418
46566,1394
22947,7361
22947,296
22947,32
22947,4226
22947,47
22947,2329
22947,48516
22947,48780
22947,58559
22947,70286
65415,1022
65415,1196
65415,2762
65415,736
65415,1101
65415,4995
65415,2011
65415,1097
65415,104
65415,3948
100895,480
100895,33166
100895,5418
100895,2028
100895,4995
100895,106920
100895,5445
100895,5989
100895,110
100895,54286
118782,2959
118782,318
118782,4011
118782,4226
118782,48516
118782,99114
118782,68157
118782,1270
118782,590
118782,5952
117556,2959
117556,1704
117556,1961
117556,50
117556,110
117556,4995
117556,2324
117556,590
117556,1682
117556,5445
41114,99114
41114,60069
41114,318
41114,296
41114,79132
41114,7361
41114,112556
41114,1
41114,593
41114,1089
134818,1198
134818,1784
134818,318
134818,1247
134818,1225
134818,2762
134818,2396
134818,904
134818,858
134818,1704
101815,4886
101815,508
101815,2324
101815,1246
101815,858
101815,595
101815,2115
101815,1193
101815,337
101815,5989
78909,2571
78909,1193
78909,58559
78909,79132
78909,1089
78909,318
78909,2959
78909,111
78909,1209
78909,47
29737,6383
29737,2571
29737,5218
29737,5952
29737,31696
29737,4701
29737,5872
29737,6373
29737,7438
29737,4367
53065,5952
53065,4993
53065,7153
53065,2858
53065,2762
53065,293
53065,68157
53065,2324
53065,1193
53065,99114
38200,77561
38200,5418
38200,49272
38200,91529
38200,96079
38200,1291
38200,86332
38200,91500
38200,1270
38200,5445
65883,4226
65883,1
65883,356
65883,4878
65883,3000
65883,223
65883,4993
65883,6874
65883,2502
65883,31658
30670,1907
30670,2080
30670,588
30670,2087
30670,1721
30670,41566
30670,4306
30670,1
30670,6377
30670,6539
114181,2571
114181,8368
114181,4896
114181,72998
114181,68791
114181,53996
114181,1580
114181,68319
114181,56174
114181,4370
69372,260
69372,6662
69372,750
69372,1197
69372,2571
69372,3671
69372,1080
69372,1196
69372,2716
69372,1270
59445,4306
59445,595
59445,2959
59445,56757
59445,296
59445,88163
59445,4878
59445,4973
59445,54503
59445,32587
28797,1212
28797,1252
28797,5291
28797,3435
28797,6985
28797,2176
28797,1284
28797,1230
28797,1288
28797,296
7539,7438
7539,6874
7539,51662
7539,2502
7539,44191
7539,1089
7539,54503
7539,223
7539,4011
7539,2700
48089,5445
48089,1580
48089,356
48089,96610
48089,91542
48089,26614
48089,61132
48089,1270
48089,111759
48089,5010
5784,34528
5784,33166
5784,1230
5784,32587
5784,594
5784,40583
5784,40819
5784,37733
5784,7361
5784,5147
117663,2395
117663,2997
117663,2599
117663,908
117663,4226
117663,50
117663,5902
117663,904
117663,923
117663,2858
95754,4226
95754,4973
95754,741
95754,1527
95754,1653
95754,1089
95754,47
95754,714
95754,1222
95754,6711
101345,8874
101345,7373
101345,6934
101345,6365
101345,53996
101345,3275
101345,1370
101345,64614
101345,2916
101345,2490
135813,63082
135813,750
135813,1210
135813,1201
135813,4011
135813,4973
135813,3949
135813,32
135813,1228
135813,1219
125926,4306
125926,6377
125926,8368
125926,4886
125926,364
125926,41566
125926,593
125926,5989
125926,8961
125926,480
1458,296
1458,6874
1458,3793
1458,2115
1458,47
1458,6502
1458,150
1458,1036
1458,592
1458,7438
12938,2628
12938,1527
12938,1580
12938,4306
12938,58559
12938,1682
12938,5618
12938,6377
12938,318
12938,2115
13986,47
13986,296
13986,4226
13986,356
13986,7153
13986,2762
13986,48516
13986,48394
13986,1198
13986,2329
37069,1285
37069,7045
37069,2160
37069,2700
37069,4306
37069,1028
37069,1193
37069,8917
37069,353
37069,3000
54720,1259
54720,4226
54720,6711
54720,1258
54720,2599
54720,2291
54720,337
54720,3160
54720,1193
54720,778
46507,4226
46507,2997
46507,1247
46507,3897
46507,1704
46507,8949
46507,39183
46507,46578
46507,527
46507,3949
63546,68954
63546,48516
63546,64614
63546,72998
63546,30707
63546,34162
63546,81847
63546,60069
63546,59784
63546,8360
112284,7361
112284,8784
112284,41285
112284,44199
112284,6370
112284,33166
112284,33794
112284,27821
112284,34319
112284,8949
18061,4993
18061,2762
18061,1610
18061,296
18061,1721
18061,1097
18061,1240
18061,4886
18061,1246
18061,1036
112480,318
112480,4973
112480,296
112480,2959
112480,1682
112480,593
112480,6874
112480,5989
112480,4995
112480,50
17721,4306
17721,2959
17721,3578
17721,6539
17721,2571
17721,480
17721,48780
17721,54286
17721,3000
17721,1136
104790,588
104790,356
104790,6539
104790,2628
104790,5618
104790,48
104790,4973
104790,595
104790,2617
104790,5971
34042,950
34042,922
34042,912
34042,969
34042,1284
34042,2186
34042,2936
34042,942
34042,1204
34042,5008
32982,6539
32982,33493
32982,8636
32982,5952
32982,41566
32982,31923
32982,34405
32982,5899
32982,7720
32982,1301
8416,6377
8416,2571
8416,364
8416,480
8416,8636
8416,500
8416,588
8416,5952
8416,7153
8416,4993
83788,8961
83788,588
83788,5349
83788,1580
83788,6539
83788,1196
83788,4886
83788,2115
83788,6377
83788,1198
51549,53956
51549,8533
51549,357
51549,52973
51549,2396
51549,58162
51549,7293
51549,4014
51549,65230
51549,7361
110794,60069
110794,4993
110794,48394
110794,7153
110794,1197
110794,318
110794,2571
110794,1
110794,928
110794,1086
97351,541
97351,1210
97351,2571
97351,1197
97351,2019
97351,26776
97351,589
97351,48394
97351,7361
97351,7118
56532,7361
56532,110
56532,318
56532,1291
56532,1136
56532,1221
56532,1968
56532,588
56532,5989
56532,111
24816,8970
24816,30749
24816,41997
24816,8949
24816,30707
24816,34528
24816,27878
24816,34437
24816,8958
24816,39183
28249,1291
28249,593
28249,1
28249,527
28249,4993
28249,318
28249,1073
28249,608
28249,1376
28249,150
91281,1262
91281,480
91281,8665
91281,1527
91281,7143
91281,5445
91281,318
91281,356
91281,33004
91281,6808
1997,2028
1997,4886
1997,356
1997,6539
1997,4993
1997,7438
1997,8636
1997,780
1997,59315
1997,1240
55101,1270
55101,1198
55101,4226
55101,2959
55101,356
55101,2858
55101,2762
55101,7361
55101,1136
55101,1197
25877,364
25877,6539
25877,1198
25877,32
25877,527
25877,4963
25877,32587
25877,4226
25877,44191
25877,1258
106807,588
106807,593
106807,780
106807,4886
106807,6377
106807,6874
106807,150
106807,380
106807,7438
106807,50
11844,110
11844,527
11844,2571
11844,364
11844,589
11844,2028
11844,318
11844,1240
11844,50
11844,1580
72766,7235
72766,7022
72766,53519
72766,1241
72766,69275
72766,27317
72766,71535
72766,58559
72766,44191
72766,32587
120392,2571
120392,2329
120392,8641
120392,2028
120392,3147
120392,3617
120392,3578
120392,2858
120392,33794
120392,1198
15612,296
15612,2571
15612,2502
15612,1197
15612,1136
15612,4011
15612,5952
15612,4993
15612,7153
15612,1198
76950,1136
76950,745
76950,260
76950,296
76950,1200
76950,8961
76950,3000
76950,2762
76950,4973
76950,2699
41065,8970
41065,41997
41065,34437
41065,44694
41065,30820
41065,45950
41065,27721
41065,42004
41065,33660
41065,37733
114993,7361
114993,296
114993,48516
114993,3911
114993,50
114993,2762
114993,72011
114993,8949
114993,1247
114993,33166
117413,318
117413,356
117413,2858
117413,8981
117413,6870
117413,48516
117413,64622
117413,48696
117413,44555
117413,508
21946,7090
21946,46322
21946,44191
21946,7022
21946,7438
21946,6874
21946,34405
21946,5903
21946,2571
21946,4011
110770,5952
110770,6377
110770,364
110770,593
110770,356
110770,4995
110770,48394
110770,4027
110770,919
110770,4973
112245,1721
112245,5445
112245,33794
112245,6281
112245,34319
112245,5218
112245,4306
112245,44191
112245,5266
112245,586
82509,4306
82509,60069
82509,58559
82509,7361
82509,7153
82509,81845
82509,4993
82509,4963
82509,8784
82509,7451
124162,33794
124162,34405
124162,1215
124162,6755
124162,31878
124162,45728
124162,33004
124162,31804
124162,44195
124162,3671
82,296
82,1089
82,2571
82,2028
82,1221
82,68157
82,858
82,7361
82,527
82,2858
3497,541
3497,1676
3497,2916
3497,3994
3497,4306
3497,2959
3497,356
3497,1291
3497,44191
3497,2115
130361,3114
130361,2571
130361,260
130361,45722
130361,7153
130361,5349
130361,480
130361,500
130361,5299
130361,5952
23498,6377
23498,5952
23498,2329
23498,48780
23498,1270
23498,7445
23498,54997
23498,55820
23498,4226
23498,7143
89308,30749
89308,6874
89308,5782
89308,33166
89308,33794
89308,4226
89308,50
89308,8464
89308,4011
89308,4878
110681,539
110681,2762
110681,527
110681,377
110681,296
110681,2571
110681,367
110681,110
110681,1036
110681,858
46647,71535
46647,33794
46647,5010
46647,2329
46647,80463
46647,34162
46647,80489
46647,6539
46647,84152
46647,4306
101347,7361
101347,296
101347,2973
101347,46578
101347,6711
101347,2997
101347,4226
101347,50
101347,2858
101347,1120
63740,480
63740,110
63740,7143
63740,33493
63740,59784
63740,72998
63740,1196
63740,260
63740,50872
63740,8360
52634,108932
52634,59315
52634,4886
52634,318
52634,106489
52634,96610
52634,102125
52634,3793
52634,6539
52634,44191
10144,7099
10144,60069
10144,50872
10144,5218
10144,1
10144,588
10144,6889
10144,5444
10144,27731
10144,3159
23166,541
23166,296
23166,2959
23166,7361
23166,5690
23166,7820
23166,260
23166,2858
23166,7396
23166,111
13190,2716
13190,2858
13190,480
13190,1196
13190,2329
13190,1193
13190,5445
13190,1136
13190,1617
13190,54286
60078,2329
60078,32
60078,58559
60078,296
60078,1198
60078,5971
60078,6874
60078,50
60078,2858
60078,44191
74353,6539
74353,8961
74353,780
74353,3793
74353,1073
74353,1265
74353,260
74353,858
74353,5445
74353,1961
129733,318
129733,33794
129733,44191
129733,32
129733,4226
129733,296
129733,44665
129733,54259
129733,1291
129733,45517
95818,47629
95818,27904
95818,50005
95818,33794
95818,1214
95818,3578
95818,541
95818,48780
95818,51662
95818,8961
7724,89745
7724,527
7724,69757
7724,51662
7724,47099
7724,30707
7724,49278
7724,55247
7724,4963
7724,64969
100356,48516
100356,49272
100356,33794
100356,32587
100356,1089
100356,68157
100356,6874
100356,7438
100356,1617
100356,3793
87673,2571
87673,1198
87673,1
87673,1097
87673,2291
87673,253
87673,3489
87673,1961
87673,520
87673,2012
88743,2858
88743,592
88743,27660
88743,2959
88743,1732
88743,58559
88743,7147
88743,4370
88743,924
88743,344
64860,1
64860,4886
64860,56367
64860,7444
64860,4700
64860,1307
64860,50872
64860,49286
64860,4018
64860,63082
102518,588
102518,6377
102518,6874
102518,7147
102518,364
102518,7438
102518,2918
102518,4306
102518,1682
102518,1206
137924,1221
137924,593
137924,904
137924,47
137924,2502
137924,608
137924,912
137924,33794
137924,7361
137924,903
72667,5445
72667,6016
72667,2329
72667,364
72667,589
72667,7254
72667,1721
72667,1193
72667,1580
72667,32587
48749,2959
48749,2571
48749,1197
48749,364
48749,1036
48749,58559
48749,318
48749,4963
48749,78499
48749,60069
12396,296
12396,2762
12396,318
12396,6539
12396,1246
12396,50
12396,2858
12396,3448
12396,8961
12396,2959
120388,59501
120388,2081
120388,76093
120388,2078
120388,592
120388,45517
120388,33493
120388,79091
120388,71264
120388,2355
130368,81591
130368,2858
130368,60069
130368,1222
130368,4011
130368,4993
130368,4262
130368,81845
130368,5952
130368,7153
118520,46578
118520,4979
118520,6711
118520,2395
118520,56367
118520,68954
118520,296
118520,17
118520,4641
118520,3481
125361,4993
125361,593
125361,1196
125361,2858
125361,7153
125361,8961
125361,318
125361,1198
125361,260
125361,50
92257,2997
92257,45950
92257,1265
92257,71282
92257,1704
92257,296
92257,46850
92257,50
92257,6708
92257,68954
35988,593
35988,68157
35988,318
35988,1197
35988,2571
35988,47
35988,1968
35988,1270
35988,78499
35988,72998
90458,68954
90458,58559
90458,32587
90458,750
90458,51255
90458,59315
90458,50872
90458,223
90458,70286
90458,1199
35501,72998
35501,6365
35501,589
35501,2028
35501,2762
35501,68358
35501,1240
35501,3527
35501,1198
35501,3994
86656,589
86656,1517
86656,380
86656,2858
86656,1954
86656,6
86656,32
86656,1527
86656,2115
86656,91529
40550,47
40550,318
40550,2571
40550,5418
40550,6016
40550,3578
40550,4011
40550,4226
40550,6874
40550,5952
51464,4014
51464,2959
51464,6711
51464,6539
51464,1682
51464,4878
51464,7099
51464,40819
51464,4306
51464,6874
78696,5218
78696,2762
78696,589
78696,260
78696,6377
78696,1258
78696,1
78696,3489
78696,1721
78696,588
67753,60069
67753,68954
67753,48516
67753,318
67753,44191
67753,73017
67753,49272
67753,59369
67753,49530
67753,296
69261,52328
69261,70286
69261,60069
69261,34319
69261,2232
69261,60684
69261,4343
69261,5171
69261,7254
69261,1270
1838,786
1838,733
1838,3793
1838,2167
1838,5254
1838,3986
1838,5507
1838,7458
1838,589
1838,33493
98840,5952
98840,1198
98840,32
98840,111
98840,47
98840,1178
98840,1291
98840,1036
98840,1214
98840,778
97322,356
97322,1198
97322,924
97322,1270
97322,480
97322,2028
97322,527
97322,1036
97322,457
97322,110
16724,106489
16724,98809
16724,82461
16724,53996
16724,94864
16724,111364
16724,68954
16724,95875
16724,104841
16724,112623
133630,48780
133630,2762
133630,32
133630,49272
133630,858
133630,1682
133630,44191
133630,44555
133630,5445
133630,2019
62062,1203
62062,750
62062,928
62062,912
62062,904
62062,926
62062,923
62062,608
62062,318
62062,296
34349,4878
34349,296
34349,56367
34349,46578
34349,3949
34349,87234
34349,50912
34349,79132
34349,86882
34349,55269
63768,318
63768,48394
63768,5618
63768,79132
63768,55820
63768,33794
63768,7153
63768,6711
63768,5952
63768,5902
110483,44555
110483,1193
110483,4973
110483,1296
110483,923
110483,924
110483,296
110483,6711
110483,1262
110483,6791
38756,913
38756,1234
38756,68358
38756,51255
38756,4027
38756,318
38756,5445
38756,1233
38756,1968
38756,2959
15256,2291
15256,4226
15256,7361
15256,6711
15256,778
15256,1193
15256,1136
15256,32
15256,1080
15256,318
89428,47
89428,593
89428,318
89428,750
89428,858
89428,48394
89428,1089
89428,2329
89428,7153
89428,2997
18369,49272
18369,5418
18369,58559
18369,33794
18369,79132
18369,5445
18369,260
18369,1196
18369,73017
18369,54286
58931,1193
58931,82459
58931,64622
58931,72998
58931,72641
58931,33166
58931,40819
58931,55247
58931,69122
58931,55820
80641,32
80641,58559
80641,3949
80641,2571
80641,4226
80641,55820
80641,47
80641,2858
80641,57669
80641,2329
93176,78499
93176,5952
93176,4993
93176,81845
93176,7153
93176,76093
93176,59315
93176,8961
93176,914
93176,6539
73430,2762
73430,5952
73430,1221
73430,4993
73430,7153
73430,293
73430,44555
73430,1262
73430,1201
73430,7502
4042,5952
4042,4993
4042,7153
4042,6539
4042,8961
4042,1073
4042,4306
4042,2700
4042,2083
4042,2502
137732,91529
137732,7438
137732,74458
137732,356
137732,4896
137732,98809
137732,73017
137732,44191
137732,89745
137732,76251
49008,4226
49008,356
49008,296
49008,318
49008,48516
49008,2858
49008,1060
49008,2571
49008,47
49008,4034
48681,4306
48681,589
48681,356
48681,527
48681,2762
48681,110
48681,48774
48681,480
48681,68157
48681,44191
69958,480
69958,4973
69958,7361
69958,7153
69958,4993
69958,1682
69958,50
69958,2918
69958,2762
69958,44191
11225,76093
11225,70286
11225,68954
11225,69844
11225,31658
11225,81847
11225,2959
11225,73017
11225,59784
11225,78499
63322,1213
63322,1270
63322,1198
63322,110
63322,318
63322,1704
63322,1291
63322,161
63322,608
63322,48516
101548,2080
101548,30793
101548,8970
101548,4896
101548,5816
101548,7147
101548,594
101548,6539
101548,595
101548,5991
87968,7153
87968,260
87968,4306
87968,2571
87968,2762
87968,1210
87968,1704
87968,1580
87968,6539
87968,1197
83878,4226
83878,50
83878,1036
83878,1527
83878,2959
83878,7153
83878,2947
83878,33794
83878,3578
83878,34405
126423,318
126423,296
126423,1136
126423,1197
126423,79132
126423,81845
126423,750
126423,4973
126423,858
126423,60069
114005,356
114005,597
114005,1704
114005,7293
114005,587
114005,110
114005,2268
114005,2571
114005,500
114005,4306
88907,4878
88907,231
88907,318
88907,51255
88907,2706
88907,1682
88907,2571
88907,1193
88907,4886
88907,6377
32201,1210
32201,7153
32201,3578
32201,5952
32201,4993
32201,2991
32201,1196
32201,33004
32201,6333
32201,1136
90773,96610
90773,111759
90773,56174
90773,99114
90773,296
90773,86332
90773,44191
90773,106487
90773,6934
90773,34319
99848,780
99848,2959
99848,480
99848,296
99848,7153
99848,2858
99848,356
99848,5349
99848,592
99848,4226
124353,2571
124353,8360
124353,2424
124353,4306
124353,4995
124353,1597
124353,350
124353,8529
124353,377
124353,1645
49941,60069
49941,6539
49941,4963
49941,48780
49941,58559
49941,318
49941,356
49941,2571
49941,48516
49941,5989
104061,318
104061,7361
104061,58559
104061,4226
104061,2959
104061,1265
104061,6502
104061,4878
104061,924
104061,1732
104356,68269
104356,5995
104356,48738
104356,5377
104356,40819
104356,5989
104356,527
104356,47629
104356,4963
104356,2336
13384,1198
13384,1265
13384,318
13384,1089
13384,2502
13384,4979
13384,4011
13384,593
13384,223
13384,2918
105047,6539
105047,110
105047,150
105047,1527
105047,4226
105047,4886
105047,1214
105047,32
105047,1089
105047,1610
56997,8645
56997,56367
56997,46578
56997,55820
56997,1172
56997,8949
56997,36517
56997,608
56997,912
56997,3083
31924,7153
31924,904
31924,6377
31924,296
31924,608
31924,1225
31924,2959
31924,541
31924,1200
31924,2028
77758,1196
77758,260
77758,4993
77758,912
77758,5291
77758,5618
77758,3030
77758,1204
77758,541
77758,1197
51660,44555
51660,2959
51660,48774
51660,51255
51660,68157
51660,4226
51660,109374
51660,55269
51660,48780
51660,7438
113067,1198
113067,2762
113067,480
113067,2028
113067,356
113067,457
113067,589
113067,2797
113067,3098
113067,377
112655,260
112655,4878
112655,296
112655,1210
112655,223
112655,1580
112655,1206
112655,1197
112655,2716
112655,3033
134108,2300
134108,1269
134108,8542
134108,8623
134108,1080
134108,899
134108,4357
134108,6533
134108,8610
134108,1125
100452,6218
100452,5299
100452,8464
100452,35836
100452,7451
100452,52973
100452,45950
100452,67255
100452,86833
100452,8949
40685,7323
40685,1961
40685,2959
40685,2571
40685,4973
40685,5878
40685,318
40685,1172
40685,7361
40685,4226
61616,1991
61616,2416
61616,4396
61616,1431
61616,3107
61616,2163
61616,2505
61616,344
61616,2683
61616,1333
104215,79132
104215,2028
104215,3147
104215,2011
104215,49272
104215,48516
104215,48780
104215,457
104215,541
104215,6365
126941,30793
126941,34162
126941,40278
126941,37733
126941,35957
126941,45722
126941,39183
126941,36525
126941,39444
126941,30898
31786,5952
31786,4226
31786,7361
31786,541
31786,750
31786,4973
31786,68954
31786,318
31786,3996
31786,4878
116802,47
116802,4973
116802,260
116802,2329
116802,32587
116802,3996
116802,3000
116802,778
116802,1136
116802,1210
12944,296
12944,56367
12944,4306
12944,318
12944,2858
12944,68157
12944,8464
12944,5669
12944,4993
12944,69481
93443,1136
93443,318
93443,527
93443,1206
93443,4973
93443,6711
93443,2997
93443,1079
93443,1258
93443,4226
21423,2947
21423,2067
21423,920
21423,1092
21423,1293
21423,4085
21423,858
21423,457
21423,1961
21423,81845
8014,52973
8014,2858
8014,318
8014,48516
8014,51255
8014,54503
8014,55820
8014,4973
8014,55290
8014,38061
102345,1527
102345,4226
102345,32
102345,2959
102345,68237
102345,48774
102345,5903
102345,51662
102345,33794
102345,2628
47716,2324
47716,5816
47716,68954
47716,56367
47716,63082
47716,1035
47716,4886
47716,1961
47716,2396
47716,527
25019,79132
25019,1222
25019,1206
25019,47
25019,4226
25019,2019
25019,2329
25019,1209
25019,7235
25019,2232
52064,2571
52064,356
52064,593
52064,58559
52064,916
52064,1234
52064,4973
52064,1291
52064,4226
52064,1293
62962,4226
62962,608
62962,1219
62962,1252
62962,912
62962,593
62962,541
62962,903
62962,1136
62962,1080
89115,3462
89115,3742
89115,3545
89115,1232
89115,1281
89115,5147
89115,910
89115,4973
89115,541
89115,924
92886,4973
92886,2571
92886,2858
92886,48394
92886,27904
92886,1258
92886,1464
92886,27773
92886,47
92886,924
1804,79132
1804,49272
1804,5418
1804,89745
1804,4963
1804,73017
1804,84152
1804,35836
1804,3617
1804,34162
34252,2858
34252,6155
34252,2762
34252,1569
34252,4018
34252,1961
34252,3408
34252,4054
34252,4246
34252,4995
78463,1917
78463,296
78463,377
78463,2571
78463,5679
78463,2858
78463,318
78463,2329
78463,1580
78463,4995
62930,30749
62930,2028
62930,593
62930,50
62930,608
62930,1617
62930,5995
62930,356
62930,1961
62930,858
138193,5418
138193,780
138193,1527
138193,2571
138193,1196
138193,316
138193,1552
138193,1580
138193,480
138193,3578
51859,1207
51859,34072
51859,55280
51859,59018
51859,106438
51859,48394
51859,109374
51859,56152
51859,79132
51859,30707
111540,593
111540,6874
111540,2788
111540,608
111540,1089
111540,592
111540,858
111540,6539
111540,1262
111540,38038
40696,3362
40696,6016
40696,1617
40696,111
40696,1228
40696,2959
40696,1208
40696,4973
40696,6620
40696,3983
42349,4226
42349,4011
42349,1196
42349,1210
42349,5952
42349,7153
42349,4993
42349,6874
42349,69122
42349,6539
21364,4226
21364,589
21364,318
21364,296
21364,541
21364,3000
21364,608
21364,1
21364,32
21364,2716
25434,480
25434,7438
25434,858
25434,4886
25434,48516
25434,593
25434,527
25434,3147
25434,7143
25434,648
66306,2858
66306,55820
66306,4226
66306,58559
66306,3578
66306,55247
66306,33794
66306,356
66306,36529
66306,62849
75486,8961
75486,68954
75486,8665
75486,78499
75486,58559
75486,38038
75486,63082
75486,5418
75486,56174
75486,6377
106161,44191
106161,593
106161,4226
106161,589
106161,1222
106161,1193
106161,858
106161,356
106161,50
106161,1198
88101,8961
88101,5952
88101,8874
88101,1274
88101,2571
88101,32587
88101,260
88101,1196
88101,48774
88101,44191
111845,6377
111845,4963
111845,1210
111845,10
111845,4896
111845,5872
111845,8961
111845,2115
111845,4306
111845,8368
39973,2288
39973,1258
39973,296
39973,1321
39973,1206
39973,2858
39973,50
39973,1136
39973,47
39973,541
57100,49272
57100,4306
57100,2959
57100,356
57100,4993
57100,46578
57100,63082
57100,81845
57100,50
57100,2858
50723,92259
50723,7361
50723,4878
50723,94959
50723,1653
50723,99114
50723,81845
50723,48394
50723,70286
50723,541
29328,51662
29328,1240
29328,8636
29328,5952
29328,4993
29328,1198
29328,7153
29328,4446
29328,5378
29328,27728
28325,318
28325,1193
28325,47
28325,50
28325,2329
28325,111
28325,593
28325,4235
28325,32
28325,2571
32527,356
32527,4993
32527,2858
32527,33493
32527,6377
32527,3793
32527,8957
32527,3147
32527,1485
32527,5218
111657,908
111657,1036
111657,1203
111657,3730
111657,56782
111657,318
111657,1945
111657,58559
111657,599
111657,33794
36841,595
36841,4306
36841,8961
36841,8360
36841,6539
36841,2081
36841,6333
36841,40815
36841,2080
36841,3751
99817,527
99817,593
99817,457
99817,3578
99817,296
99817,4995
99817,4226
99817,590
99817,1784
99817,858
18095,318
18095,356
18095,5971
18095,68954
18095,44191
18095,31658
18095,4993
18095,4878
18095,72998
18095,2628
100328,4306
100328,296
100328,5445
100328,1196
100328,1198
100328,780
100328,733
100328,260
100328,593
100328,2858
98651,8950
98651,50
98651,44191
98651,4226
98651,7147
98651,48394
98651,293
98651,48774
98651,858
98651,5618
116859,7938
116859,7941
116859,26578
116859,7396
116859,7937
116859,8405
116859,7234
116859,4422
116859,26150
116859,8154
85700,110
85700,2959
85700,2028
85700,1196
85700,6016
85700,1198
85700,3578
85700,44555
85700,608
85700,457
46577,8961
46577,56367
46577,104841
46577,48738
46577,102445
46577,68157
46577,49272
46577,98809
46577,30749
46577,30707
116362,780
116362,6377
116362,260
116362,480
116362,1
116362,5378
116362,2571
116362,33493
116362,4306
116362,4886
122048,736
122048,380
122048,150
122048,1270
122048,1961
122048,58559
122048,589
122048,8360
122048,165
122048,45722
60870,50
60870,593
60870,111
60870,47
60870,27773
60870,4226
60870,58559
60870,1206
60870,1261
60870,1200
74336,2762
74336,4306
74336,54272
74336,1097
74336,5218
74336,1580
74336,1485
74336,480
74336,2987
74336,344
3639,1682
3639,2791
3639,50
3639,3147
3639,2011
3639,4963
3639,2012
3639,2291
3639,3175
3639,4022
5866,260
5866,2791
5866,1200
5866,593
5866,2640
5866,1214
5866,858
5866,2571
5866,296
5866,589
121502,1196
121502,51662
121502,6365
121502,480
121502,8644
121502,70286
121502,1036
121502,1210
121502,7143
121502,73017
50530,2944
50530,969
50530,1204
50530,3035
50530,953
50530,1198
50530,1207
50530,3062
50530,3871
50530,8337
59977,296
59977,4306
59977,2571
59977,7361
59977,6539
59977,56367
59977,48394
59977,8961
59977,1073
59977,260
78560,2762
78560,1704
78560,1270
78560,1580
78560,1240
78560,1089
78560,364
78560,1097
78560,648
78560,253
37294,81845
37294,76093
37294,81591
37294,79702
37294,51540
37294,33166
37294,46578
37294,55276
37294,56782
37294,51255
67404,904
67404,1204
67404,4027
67404,2997
67404,1084
67404,8228
67404,910
67404,6711
67404,5060
67404,2858
62408,6377
62408,480
62408,4963
62408,5349
62408,8636
62408,858
62408,7458
62408,33660
62408,4022
62408,780
88641,41997
88641,58559
88641,49272
88641,60069
88641,56367
88641,27773
88641,34542
88641,39183
88641,54503
88641,33166
82141,356
82141,527
82141,1198
82141,593
82141,457
82141,1704
82141,260
82141,39292
82141,30707
82141,1213
111266,296
111266,356
111266,589
111266,4226
111266,6539
111266,3948
111266,2762
111266,47
111266,1573
111266,480
12758,2858
12758,3578
12758,4226
12758,47
12758,293
12758,1270
12758,1222
12758,1214
12758,1274
12758,2028
103021,1704
103021,1961
103021,3578
103021,4306
103021,349
103021,454
103021,733
103021,590
103021,1784
103021,1036
63147,6254
63147,935
63147,5825
63147,2731
63147,2511
63147,1304
63147,898
63147,2730
63147,1221
63147,1305
69264,8961
69264,60069
69264,63082
69264,318
69264,7361
69264,1961
69264,527
69264,1968
69264,4226
69264,1136
25666,3793
25666,318
25666,5349
25666,44191
25666,58559
25666,6377
25666,54503
25666,110
25666,61132
25666,1
117711,480
117711,2028
117711,2762
117711,4306
117711,3578
117711,8368
117711,51662
117711,44191
117711,8636
117711,2959
23110,6711
23110,593
23110,608
23110,2329
23110,1222
23110,1089
23110,1208
23110,3160
23110,527
23110,6440
52347,1291
52347,2959
52347,2571
52347,110
52347,2858
52347,1527
52347,3081
52347,1645
52347,1682
52347,1961
126426,96610
126426,95510
126426,86332
126426,318
126426,5952
126426,60684
126426,1196
126426,260
126426,33794
126426,85414
17608,68954
17608,4993
17608,356
17608,8961
17608,50872
17608,2959
17608,79132
17608,63082
17608,4973
17608,2329
5475,68358
5475,48774
5475,2997
5475,34405
5475,1089
5475,6333
5475,318
5475,29
5475,1500
5475,1617
101830,4993
101830,32587
101830,44191
101830,2858
101830,2571
101830,4878
101830,7153
101830,32
101830,3052
101830,5952
38557,2571
38557,2858
38557,2762
38557,2145
38557,2959
38557,1265
38557,56949
38557,7153
38557,377
38557,2291
57938,293
57938,733
57938,527
57938,4963
57938,3578
57938,1270
57938,4993
57938,4034
57938,32587
57938,7153
80079,2918
80079,480
80079,3793
80079,6539
80079,2762
80079,3578
80079,50
80079,592
80079,150
80079,4963
109233,1252
109233,3730
109233,7013
109233,922
109233,2726
109233,1178
109233,1248
109233,1284
109233,1245
109233,3683
101333,106489
101333,7153
101333,68954
101333,58559
101333,112852
101333,106487
101333,89745
101333,110102
101333,111759
101333,78499
54047,110
54047,7153
54047,1
54047,1210
54047,260
54047,480
54047,4226
54047,588
54047,2028
54047,2396
2855,58559
2855,58025
2855,1580
2855,648
2855,5445
2855,5574
2855,2916
2855,7153
2855,2353
2855,2000
12019,1260
12019,61240
12019,1237
12019,2010
12019,1244
12019,841
12019,1348
12019,3075
12019,7327
12019,1206
107146,318
107146,56339
107146,2232
107146,4105
107146,1994
107146,2571
107146,1089
107146,8874
107146,3949
107146,74458
115945,780
115945,5349
115945,296
115945,3578
115945,5418
115945,2959
115945,2329
115945,2858
115945,5445
115945,2028
65845,3578
65845,1265
65845,356
65845,2762
65845,1304
65845,3114
65845,953
65845,150
65845,3996
65845,908
13688,1073
13688,2918
13688,2858
13688,67734
13688,52973
13688,8366
13688,1270
13688,61024
13688,296
13688,1257
6464,35836
6464,2706
6464,2959
6464,2572
6464,4306
6464,296
6464,1580
6464,61024
6464,39
6464,593
5157,2424
5157,4963
5157,8644
5157,1917
5157,1777
5157,53996
5157,31685
5157,3752
5157,1265
5157,5989
108468,6377
108468,318
108468,7153
108468,4226
108468,2858
108468,4973
108468,8360
108468,36529
108468,858
108468,593
75120,4306
75120,2078
75120,47
75120,364
75120,32587
75120,44191
75120,48780
75120,33794
75120,4886
75120,1208
17243,60069
17243,81834
17243,58559
17243,356
17243,63082
17243,4306
17243,40815
17243,4896
17243,5816
17243,54001
74768,47
74768,318
74768,356
74768,32587
74768,48780
74768,4993
74768,46578
74768,51255
74768,1732
74768,7438
31065,1258
31065,3949
31065,2329
31065,6874
31065,1617
31065,5995
31065,5952
31065,4993
31065,293
31065,858
104716,1961
104716,3255
104716,2804
104716,1097
104716,2797
104716,1302
104716,16
104716,7445
104716,6565
104716,2795
89955,318
89955,32
89955,296
89955,1617
89955,1206
89955,111
89955,1089
89955,1293
89955,7438
89955,260
123810,5218
123810,60069
123810,480
123810,296
123810,3996
123810,1527
123810,5481
123810,46578
123810,1291
123810,1721
1763,594
1763,1200
1763,2529
1763,6333
1763,2968
1763,1260
1763,3793
1763,1210
1763,471
1763,1097
41033,593
41033,2858
41033,7361
41033,2997
41033,595
41033,1206
41033,480
41033,4993
41033,65261
41033,778
59710,1544
59710,1302
59710,110
59710,595
59710,500
59710,317
59710,318
59710,2006
59710,1028
59710,596
48282,2571
48282,79132
48282,55820
48282,593
48282,318
48282,110
48282,47
48282,70286
48282,2858
48282,780
88532,1269
88532,928
88532,923
88532,904
88532,922
88532,750
88532,903
88532,2206
88532,951
88532,541
19205,112556
19205,1704
19205,527
19205,296
19205,106782
19205,112852
19205,1270
19205,58559
19205,593
19205,2324
30983,2762
30983,6377
30983,5952
30983,4993
30983,2571
30983,1270
30983,1721
30983,480
30983,1580
30983,1393
44751,6502
44751,593
44751,5219
44751,1219
44751,8874
44751,260
44751,58559
44751,968
44751,2959
44751,40732
107683,296
107683,2329
107683,858
107683,3949
107683,7254
107683,2858
107683,318
107683,2762
107683,58559
107683,5995
23364,2571
23364,41566
23364,17
23364,4306
23364,4014
23364,56152
23364,110
23364,6377
23364,53125
23364,88125
6257,6377
6257,1198
6257,7153
6257,1197
6257,318
6257,1291
6257,8961
6257,1136
6257,497
6257,480
109360,49272
109360,1265
109360,4226
109360,1079
109360,904
109360,527
109360,55820
109360,1073
109360,1682
109360,1234
128298,1721
128298,1225
128298,40629
128298,364
128298,736
128298,2406
128298,2268
128298,1036
128298,48780
128298,1028
44964,5952
44964,2762
44964,4993
44964,1210
44964,527
44964,260
44964,4226
44964,1270
44964,5418
44964,648
137502,26172
137502,8016
137502,1258
137502,1303
137502,6
137502,2728
137502,2858
137502,3196
137502,2959
137502,1254
30443,2762
30443,2571
30443,8947
30443,2916
30443,5445
30443,8957
30443,10
30443,2232
30443,318
30443,1219
82417,110
82417,4239
82417,91500
82417,32587
82417,293
82417,2028
82417,1527
82417,33679
82417,5989
82417,96610
96437,2858
96437,2762
96437,32
96437,593
96437,1270
96437,4993
96437,33794
96437,5952
96437,7153
96437,1240
68297,3578
68297,6377
68297,2028
68297,318
68297,1704
68297,457
68297,527
68297,4022
68297,4886
68297,5952
82805,5147
82805,923
82805,1206
82805,1178
82805,56782
82805,1258
82805,2571
82805,3949
82805,1204
82805,2357
121463,1196
121463,318
121463,296
121463,2571
121463,7153
121463,1270
121463,593
121463,33794
121463,1580
121463,54286
92898,457
92898,2918
92898,593
92898,110
92898,4306
92898,5989
92898,527
92898,508
92898,2268
92898,3916
133408,4226
133408,1
133408,2502
133408,4886
133408,2918
133408,1073
133408,1682
133408,3052
133408,3793
133408,4027
123656,593
123656,2542
123656,778
123656,2858
123656,1258
123656,2502
123656,1089
123656,74458
123656,1884
123656,3362
72560,35836
72560,2502
72560,4963
72560,104
72560,593
72560,377
72560,5502
72560,1270
72560,296
72560,588
97510,593
97510,923
97510,1234
97510,318
97510,1198
97510,5060
97510,969
97510,1250
97510,953
97510,1203
134249,7153
134249,4993
134249,587
134249,1097
134249,1721
134249,1291
134249,1
134249,5952
134249,589
134249,318
43618,4973
43618,7371
43618,99114
43618,86320
43618,90376
43618,2762
43618,4720
43618,2997
43618,1625
43618,102800
103125,5952
103125,7153
103125,4993
103125,367
103125,3752
103125,2291
103125,296
103125,7147
103125,56757
103125,2762
49558,2916
49558,2858
49558,2918
49558,32587
49558,7361
49558,6502
49558,1682
49558,1208
49558,4963
49558,1097
80516,56367
80516,2762
80516,63082
80516,48774
80516,55765
80516,8950
80516,593
80516,44195
80516,49272
80516,778
123352,77561
123352,73268
123352,99114
123352,96610
123352,68954
123352,106072
123352,44191
123352,69122
123352,95875
123352,79091
51274,2959
51274,2571
51274,356
51274,318
51274,5952
51274,50
51274,47
51274,593
51274,2858
51274,6377
65926,1206
65926,750
65926,1089
65926,4973
65926,8949
65926,1258
65926,1617
65926,2692
65926,3362
65926,3983
118096,59315
118096,33794
118096,91529
118096,318
118096,53322
118096,96079
118096,8961
118096,1198
118096,68358
118096,72998
83352,8961
83352,2571
83352,4226
83352,318
83352,2858
83352,5989
83352,4306
83352,44191
83352,48385
83352,33794
779,1
779,356
779,2716
779,1198
779,8368
779,110
779,2916
779,8961
779,1610
779,1073
65947,7438
65947,31658
65947,6539
65947,5971
65947,356
65947,1682
65947,7099
65947,541
65947,58559
65947,47
24814,6377
24814,318
24814,2762
24814,4308
24814,858
24814,32
24814,32587
24814,2028
24814,541
24814,5445
97827,2858
97827,1136
97827,2571
97827,1732
97827,32
97827,4973
97827,1089
97827,4226
97827,50
97827,750
130341,4886
130341,2174
130341,8368
130341,3081
130341,50872
130341,2572
130341,919
130341,2716
130341,594
130341,593
80962,1193
80962,4306
80962,5989
80962,1222
80962,7153
80962,1721
80962,49530
80962,4963
80962,527
80962,58559
84046,48516
84046,1198
84046,480
84046,1291
84046,58559
84046,648
84046,2028
84046,457
84046,32587
84046,7361
77996,778
77996,2395
77996,4027
77996,1968
77996,3481
77996,1196
77996,2716
77996,593
77996,1288
77996,2542
46406,1203
46406,7013
46406,1228
46406,8491
46406,926
46406,1198
46406,527
46406,2726
46406,930
46406,1089
117081,7013
117081,1260
117081,930
117081,7234
117081,6669
117081,3742
117081,1348
117081,2186
117081,3435
117081,2731
21714,91542
21714,1682
21714,1258
21714,33794
21714,2858
21714,48394
21714,111
21714,4973
21714,86332
21714,52281
117514,58559
117514,2571
117514,4226
117514,49530
117514,55820
117514,64614
117514,3949
117514,30749
117514,36529
117514,1222
22427,356
22427,4262
22427,1193
22427,44191
22427,3578
22427,1206
22427,293
22427,110
22427,6
22427,1233
72109,2959
72109,589
72109,480
72109,1210
72109,33794
72109,1580
72109,5349
72109,364
72109,1270
72109,1136
69377,1
69377,4226
69377,593
69377,527
69377,2329
69377,3793
69377,4995
69377,33679
69377,367
69377,588
60747,296
60747,2762
60747,527
60747,1201
60747,4226
60747,356
60747,924
60747,1258
60747,6874
60747,1291
48136,1213
48136,1198
48136,923
48136,608
48136,1240
48136,1097
48136,1
48136,1225
48136,3471
48136,1258
27777,1210
27777,6539
27777,1036
27777,3578
27777,2959
27777,5445
27777,296
27777,260
27777,1196
27777,2762
85046,480
85046,4306
85046,457
85046,6016
85046,1089
85046,1961
85046,4993
85046,1213
85046,6874
85046,111
78540,7438
78540,6874
78540,73017
78540,70286
78540,33794
78540,72998
78540,3793
78540,65682
78540,53996
78540,1291
127778,48516
127778,2918
127778,608
127778,7361
127778,91529
127778,2997
127778,2000
127778,8874
127778,2542
127778,1221
77589,3949
77589,296
77589,6711
77589,253
77589,1059
77589,2716
77589,4979
77589,1136
77589,2580
77589,1258
78471,50
78471,1136
78471,593
78471,4878
78471,68157
78471,1704
78471,56367
78471,858
78471,1213
78471,2997
55089,4226
55089,2571
55089,1258
55089,778
55089,5952
55089,47
55089,2502
55089,48394
55089,356
55089,1732
5452,48780
5452,4226
5452,32587
5452,4878
5452,72998
5452,7254
5452,589
5452,7438
5452,69844
5452,51662
137806,1089
137806,6711
137806,1247
137806,858
137806,1225
137806,593
137806,1732
137806,318
137806,1228
137806,1198
81447,111
81447,2076
81447,1089
81447,3676
81447,1228
81447,296
81447,608
81447,7387
81447,1729
81447,49932
72632,46578
72632,4306
72632,356
72632,4995
72632,2858
72632,54286
72632,150
72632,63082
72632,1721
72632,377
80844,6502
80844,3499
80844,296
80844,589
80844,8501
80844,4226
80844,2118
80844,6664
80844,2551
80844,858
105715,72998
105715,4306
105715,4993
105715,595
105715,8961
105715,1721
105715,1
105715,356
105715,3793
105715,318
78316,6874
78316,32
78316,2858
78316,1198
78316,6016
78316,2762
78316,2028
78316,48394
78316,1
78316,8961
99347,54286
99347,59315
99347,48385
99347,55765
99347,48516
99347,57368
99347,55820
99347,72998
99347,52722
99347,49530
88998,912
88998,527
88998,6787
88998,608
88998,6016
88998,5995
88998,923
88998,7139
88998,8949
88998,5878
101197,33794
101197,3948
101197,527
101197,5995
101197,4306
101197,1213
101197,45950
101197,35836
101197,44195
101197,508
50399,7438
50399,6874
50399,318
50399,4306
50399,4995
50399,32587
50399,1036
50399,7143
50399,47
50399,2762
17479,318
17479,6539
17479,356
17479,4963
17479,54286
17479,45722
17479,80463
17479,48780
17479,5952
17479,7153
83964,2762
83964,47
83964,49272
83964,8644
83964,7445
83964,8665
83964,45722
83964,4262
83964,104
83964,4886
32330,1580
32330,1291
32330,110
32330,318
32330,2959
32330,8961
32330,377
32330,3793
32330,5349
32330,3408
56727,1200
56727,7361
56727,4226
56727,1193
56727,356
56727,4973
56727,1136
56727,6711
56727,1617
56727,1201
88033,1198
88033,2571
88033,1396
88033,7153
88033,6539
88033,457
88033,5349
88033,318
88033,3578
88033,110
96905,163
96905,296
96905,32587
96905,2571
96905,5010
96905,6373
96905,4776
96905,6281
96905,5481
96905,4816
45573,4306
45573,231
45573,8360
45573,4963
45573,7346
45573,8528
45573,2571
45573,8961
45573,3717
45573,5349
54367,1221
54367,4226
54367,55820
54367,1089
54367,7361
54367,1206
54367,4878
54367,778
54367,593
54367,32587
97147,33493
97147,60069
97147,45722
97147,8368
97147,7143
97147,6534
97147,51662
97147,5816
97147,2571
97147,33794
98606,541
98606,2959
98606,7153
98606,296
98606,47
98606,778
98606,608
98606,4226
98606,2858
98606,2788
106640,2762
106640,1266
106640,590
106640,110
106640,356
106640,1961
106640,1203
106640,3735
106640,6787
106640,50
134370,60950
134370,103980
134370,2858
134370,89864
134370,8784
134370,106920
134370,57669
134370,102800
134370,8949
134370,102993
44357,50
44357,1036
44357,4963
44357,165
44357,4226
44357,1370
44357,6378
44357,4011
44357,44665
44357,32587
41685,4226
41685,4973
41685,2959
41685,6016
41685,7022
41685,5618
41685,44191
41685,593
41685,6502
41685,1206
87752,1136
87752,4226
87752,296
87752,2571
87752,356
87752,4878
87752,79132
87752,30810
87752,2329
87752,44191
84655,1193
84655,318
84655,50
84655,2997
84655,79132
84655,1732
84655,74458
84655,54503
84655,57669
84655,2502
124527,296
124527,318
124527,1196
124527,7153
124527,2571
124527,110
124527,6539
124527,4886
124527,364
124527,2762
3664,33794
3664,953
3664,4306
3664,6287
3664,5218
3664,53996
3664,4022
3664,2236
3664,239
3664,47099
89458,55820
89458,4235
89458,31410
89458,48516
89458,69481
89458,73344
89458,57669
89458,56782
89458,39381
89458,55247
15074,1022
15074,919
15074,2080
15074,2087
15074,1198
15074,2018
15074,953
15074,6254
15074,945
15074,926
27148,78499
27148,76093
27148,1
27148,8961
27148,1270
27148,1198
27148,5618
27148,1291
27148,551
27148,2761
64107,4963
64107,70286
64107,7143
64107,5903
64107,59315
64107,86332
64107,49530
64107,74458
64107,858
64107,110
131894,66097
131894,5478
131894,31804
131894,2550
131894,5981
131894,5146
131894,5638
131894,52950
131894,44397
131894,51709
103346,8961
103346,4306
103346,457
103346,592
103346,7153
103346,5952
103346,858
103346,1580
103346,5349
103346,1097
80417,6377
80417,318
80417,6874
80417,32587
80417,356
80417,4027
80417,7438
80417,48394
80417,1
80417,2918
85186,1266
85186,1213
85186,593
85186,3578
85186,6
85186,2028
85186,47
85186,318
85186,2194
85186,5418
13041,6377
13041,1961
13041,356
13041,2997
13041,1208
13041,4995
13041,4034
13041,3751
13041,6874
13041,608
111806,72998
111806,32
111806,2716
111806,1213
111806,5445
111806,8874
111806,1527
111806,1
111806,7153
111806,2858
39268,1197
39268,58559
39268,79702
39268,71535
39268,69122
39268,51255
39268,66934
39268,54503
39268,7361
39268,59315
13642,2321
13642,2657
13642,3418
13642,5992
13642,1094
13642,2858
13642,8622
13642,45
13642,2599
13642,1641
128335,70286
128335,296
128335,7153
128335,356
128335,4993
128335,2571
128335,110
128335,79132
128335,5445
128335,480
62914,68157
62914,49530
62914,1960
62914,49272
62914,30749
62914,64622
62914,65130
62914,57669
62914,46578
62914,61323
39555,593
39555,2858
39555,296
39555,480
39555,80463
39555,89492
39555,377
39555,150
39555,72998
39555,68157
31271,296
31271,46578
31271,60684
31271,44191
31271,60069
31271,7361
31271,48516
31271,48780
31271,74458
31271,59315
52885,805
52885,4995
52885,339
52885,1784
52885,150
52885,72641
52885,2739
52885,3844
52885,1957
52885,2302
125193,1036
125193,1721
125193,165
125193,47099
125193,318
125193,47
125193,377
125193,3147
125193,5989
125193,1101
108170,318
108170,296
108170,5952
108170,2542
108170,1089
108170,32
108170,293
108170,1036
108170,3793
108170,32587
2909,318
2909,593
2909,3198
2909,3498
2909,1222
2909,1625
2909,1270
2909,2194
2909,2762
2909,2858
82132,32
82132,356
82132,2329
82132,2571
82132,1193
82132,1676
82132,2858
82132,1201
82132,1080
82132,47
35121,1246
35121,2959
35121,4011
35121,353
35121,2005
35121,4014
35121,8873
35121,778
35121,8784
35121,2542
112314,33794
112314,7361
112314,2858
112314,293
112314,30707
112314,4034
112314,2329
112314,2194
112314,1266
112314,5445
133053,4226
133053,2571
133053,2959
133053,56782
133053,356
133053,318
133053,48774
133053,3949
133053,2329
133053,8874
11344,7361
11344,54259
11344,1197
11344,7147
11344,56367
11344,2291
11344,60069
11344,8910
11344,2140
11344,1967
135576,110
135576,2959
135576,1198
135576,58559
135576,4226
135576,4963
135576,2762
135576,2028
135576,4886
135576,7153
52507,1136
52507,1252
52507,1222
52507,1676
52507,1209
52507,1673
52507,79132
52507,7361
52507,1080
52507,4027
93779,2571
93779,5952
93779,4306
93779,2762
93779,318
93779,7153
93779,593
93779,2858
93779,8961
93779,33794
70704,47
70704,593
70704,3578
70704,296
70704,1219
70704,1252
70704,318
70704,2762
70704,1208
70704,1222
79820,55247
79820,2502
79820,68954
79820,293
79820,79132
79820,1089
79820,50
79820,150
79820,1394
79820,48780
89017,50
89017,593
89017,111
89017,1213
89017,296
89017,2329
89017,318
89017,16
89017,47
89017,527
113834,2571
113834,70286
113834,858
113834,6377
113834,2329
113834,1196
113834,7361
113834,2762
113834,1291
113834,63082
14495,541
14495,608
14495,48516
14495,593
14495,2959
14495,6016
14495,1250
14495,1617
14495,2571
14495,260
43639,5952
43639,60069
43639,4993
43639,33794
43639,98809
43639,95167
43639,1198
43639,3793
43639,77561
43639,2761
3004,7361
3004,2762
3004,2028
3004,593
3004,1258
3004,3578
3004,6016
3004,99114
3004,1208
3004,110
123389,593
123389,608
123389,111
123389,745
123389,318
123389,1080
123389,750
123389,1213
123389,1263
123389,50
83400,3307
83400,296
83400,750
83400,904
83400,858
83400,1203
83400,593
83400,1252
83400,50
83400,7925
100806,8874
100806,62336
100806,34405
100806,3745
100806,2011
100806,1676
100806,2761
100806,8961
100806,58559
100806,44191
120045,68135
120045,69644
120045,52722
120045,56152
120045,74450
120045,8965
120045,30825
120045,45672
120045,6338
120045,6888
36975,3578
36975,2762
36975,2858
36975,4878
36975,2542
36975,4262
36975,589
36975,6016
36975,5952
36975,4993
25944,1036
25944,356
25944,3499
25944,590
25944,2571
25944,1219
25944,1721
25944,1968
25944,111
25944,2329
9753,2571
9753,2762
9753,6870
9753,4306
9753,2858
9753,2959
9753,6952
9753,4370
9753,2539
9753,5900
52456,50
52456,1265
52456,2918
52456,1270
52456,1961
52456,608
52456,3039
52456,3552
52456,1213
52456,1197
97704,1259
97704,50
97704,1923
97704,3081
97704,1997
97704,5679
97704,551
97704,2858
97704,2081
97704,594
26302,47
26302,1704
26302,4973
26302,110
26302,593
26302,7361
26302,1193
26302,2329
26302,48516
26302,58559
19148,4914
19148,4973
19148,296
19148,2959
19148,1175
19148,1206
19148,904
19148,541
19148,97
19148,1757
112137,68237
112137,1200
112137,70286
112137,1214
112137,44191
112137,1240
112137,60069
112137,589
112137,1198
112137,296
36410,7361
36410,2571
36410,356
36410,1193
36410,858
36410,1203
36410,1704
36410,47
36410,1221
36410,2329
14518,7766
14518,2019
14518,1260
14518,296
14518,1230
14518,1248
14518,111
14518,1244
14518,3089
14518,2186
25482,1089
25482,3052
25482,3996
25482,1270
25482,33794
25482,1197
25482,32587
25482,1136
25482,260
25482,1196
17035,34405
17035,296
17035,58559
17035,7361
17035,3275
17035,6502
17035,318
17035,2329
17035,48516
17035,60069
120785,2858
120785,750
120785,1235
120785,1258
120785,1292
120785,1244
120785,1394
120785,1204
120785,1387
120785,919
76986,49530
76986,318
76986,33166
76986,1060
76986,54503
76986,356
76986,4226
76986,3147
76986,1061
76986,55765
54893,4306
54893,44694
54893,2329
54893,2291
54893,8970
54893,7438
54893,318
54893,6874
54893,60069
54893,5791
846,593
846,7153
846,4308
846,2959
846,1200
846,33794
846,1527
846,47
846,2291
846,6333
75754,5989
75754,4995
75754,5377
75754,40819
75754,8961
75754,2359
75754,7155
75754,6377
75754,33660
75754,30749
6590,1
6590,1704
6590,356
6590,5418
6590,5989
6590,2571
6590,364
6590,3948
6590,5445
6590,34162
4084,34271
4084,39292
4084,36517
4084,40629
4084,47423
4084,48385
4084,41997
4084,45950
4084,44694
4084,33639
50130,3996
50130,2762
50130,3033
50130,3175
50130,1517
50130,4571
50130,1288
50130,380
50130,593
50130,5418
84624,2858
84624,8641
84624,69122
84624,52973
84624,6874
84624,58998
84624,67087
84624,2571
84624,48385
84624,7438
24800,51662
24800,2617
24800,3972
24800,4963
24800,8972
24800,5064
24800,51255
24800,48780
24800,104
24800,2959
60892,60069
60892,6539
60892,68954
60892,2571
60892,1136
60892,5952
60892,1198
60892,72998
60892,1148
60892,76093
36846,1653
36846,7361
36846,60684
36846,296
36846,2762
36846,593
36846,48774
36846,102445
36846,1374
36846,3578
70364,4085
70364,110
70364,47
70364,5952
70364,7153
70364,4993
70364,6934
70364,5218
70364,33794
70364,2617
5552,1835
5552,49286
5552,4995
5552,3147
5552,2762
5552,2858
5552,318
5552,2571
5552,8533
5552,4155
55351,4973
55351,34437
55351,2959
55351,296
55351,4979
55351,1206
55351,2858
55351,778
55351,3521
55351,4226
43599,1954
43599,1258
43599,2858
43599,3362
43599,1288
43599,593
43599,527
43599,50
43599,3897
43599,4262
132295,96610
132295,4226
132295,7090
132295,91542
132295,1206
132295,55269
132295,51255
132295,63082
132295,1748
132295,7147
49552,4993
49552,480
49552,595
49552,1196
49552,2571
49552,260
49552,1210
49552,648
49552,150
49552,1580
44268,6539
44268,63082
44268,48516
44268,47
44268,5989
44268,5418
44268,260
44268,508
44268,4011
44268,1036
74318,112556
74318,593
74318,81591
74318,55290
74318,4306
74318,527
74318,56367
74318,39183
74318,90531
74318,6711
74955,4226
74955,2700
74955,4011
74955,2571
74955,4878
74955,2502
74955,223
74955,2997
74955,6874
74955,7438
4254,260
4254,2858
4254,778
4254,2947
4254,2291
4254,4993
4254,32
4254,2916
4254,47
4254,527
56331,7099
56331,6874
56331,111
56331,4226
56331,2571
56331,1208
56331,1222
56331,4993
56331,2997
56331,5952
105128,54286
105128,68157
105128,3448
105128,7143
105128,33794
105128,3252
105128,1027
105128,54001
105128,64614
105128,33166
71034,2572
71034,5481
71034,33794
71034,68554
71034,1917
71034,6548
71034,4980
71034,2141
71034,56176
71034,110
23391,1682
23391,60069
23391,7147
23391,1
23391,4027
23391,1961
23391,778
23391,37729
23391,2081
23391,2762
130420,4896
130420,56367
130420,68954
130420,2683
130420,3948
130420,480
130420,2716
130420,78499
130420,48774
130420,1247
80550,480
80550,589
80550,2959
80550,318
80550,1210
80550,3578
80550,48516
80550,2762
80550,7438
80550,7361
45709,3095
45709,1206
45709,745
45709,1178
45709,7361
45709,26729
45709,2176
45709,2997
45709,527
45709,2859
45253,7361
45253,778
45253,3949
45253,50
45253,1222
45253,6016
45253,293
45253,5445
45253,6365
45253,3535
106511,1580
106511,32
106511,589
106511,1240
106511,1704
106511,1210
106511,2716
106511,1213
106511,1136
106511,1923
134637,3062
134637,49530
134637,1276
134637,2944
134637,5152
134637,55290
134637,7162
134637,63062
134637,30812
134637,6565
110868,1374
110868,474
110868,377
110868,2000
110868,356
110868,1196
110868,260
110868,2194
110868,8207
110868,648
82783,2640
82783,8368
82783,5816
82783,2080
82783,3578
82783,1663
82783,1127
82783,4027
82783,750
82783,2959
111333,593
111333,1732
111333,32
111333,318
111333,2580
111333,1265
111333,6953
111333,1653
111333,104841
111333,1060
130608,96610
130608,1198
130608,4226
130608,7153
130608,48780
130608,1682
130608,3147
130608,4973
130608,1653
130608,47
91655,5618
91655,27815
91655,50872
91655,1111
91655,1225
91655,1682
91655,54272
91655,1131
91655,37729
91655,60069
79599,47
79599,1214
79599,111
79599,1208
79599,1136
79599,1080
79599,2571
79599,288
79599,4226
79599,541
91430,377
91430,1270
91430,34162
91430,3275
91430,1580
91430,1393
91430,296
91430,31685
91430,6333
91430,480
126966,5618
126966,5445
126966,5218
126966,4446
126966,33794
126966,3996
126966,37830
126966,589
126966,8636
126966,44191
106054,733
106054,1210
106054,1196
106054,6539
106054,349
106054,5445
106054,1200
106054,1291
106054,2028
106054,1127
78152,1198
78152,593
78152,2571
78152,3793
78152,1291
78152,3578
78152,356
78152,32587
78152,2762
78152,51662
137633,60684
137633,48774
137633,33004
137633,1921
137633,4873
137633,4226
137633,6502
137633,51255
137633,52328
137633,593
76232,1197
76232,3471
76232,98809
76232,1090
76232,858
76232,6539
76232,1036
76232,96079
76232,2571
76232,1221
35542,1213
35542,4973
35542,6874
35542,2571
35542,778
35542,1
35542,150
35542,1961
35542,3408
35542,1923
90215,296
90215,1261
90215,1214
90215,86345
90215,2318
90215,1732
90215,2997
90215,79132
90215,608
90215,4226
132895,4306
132895,7153
132895,58559
132895,60069
132895,31658
132895,54001
132895,6539
132895,33794
132895,480
132895,1046
28945,593
28945,47
28945,2571
28945,4011
28945,1193
28945,1089
28945,7361
28945,293
28945,4878
28945,2542
11475,2858
11475,593
11475,356
11475,2571
11475,1517
11475,4995
11475,6539
11475,7293
11475,4306
11475,1923
8878,4226
8878,84152
8878,1923
8878,97921
8878,71462
8878,48385
8878,46578
8878,71466
8878,1961
8878,88405
6003,6539
6003,49530
6003,4963
6003,2571
6003,1291
6003,1270
6003,150
6003,60069
6003,593
6003,59315
10119,70286
10119,69844
10119,4896
10119,91500
10119,89745
10119,4993
10119,33794
10119,48780
10119,102445
10119,44191
29905,32587
29905,45722
29905,2571
29905,3081
29905,110
29905,37729
29905,253
29905,2762
29905,6333
29905,588
89832,356
89832,2571
89832,4306
89832,6373
89832,2706
89832,6377
89832,3623
89832,3578
89832,589
89832,1580
127232,4993
127232,1213
127232,1193
127232,593
127232,6016
127232,4011
127232,7153
127232,608
127232,60069
127232,1201
17446,5418
17446,3147
17446,1625
17446,1200
17446,5445
17446,8636
17446,1127
17446,2571
17446,457
17446,1214
61612,356
61612,111
61612,55820
61612,1732
61612,2858
61612,50
61612,1682
61612,1206
61612,6711
61612,7361
117011,2959
117011,2424
117011,5989
117011,527
117011,5445
117011,6539
117011,2858
117011,4018
117011,1059
117011,1221
84823,541
84823,1690
84823,44191
84823,253
84823,1258
84823,2105
84823,2716
84823,1240
84823,2393
84823,1198
101790,50
101790,2329
101790,47
101790,356
101790,2858
101790,2918
101790,3949
101790,1193
101790,586
101790,58559
118066,4226
118066,1193
118066,1206
118066,1032
118066,47
118066,50
118066,4973
118066,1222
118066,858
118066,356
113389,47099
113389,56587
113389,4995
113389,64957
113389,49278
113389,110
113389,63062
113389,6373
113389,64969
113389,50872
109687,3264
109687,2959
109687,8636
109687,2124
109687,1513
109687,4878
109687,1407
109687,1268
109687,2443
109687,410
94695,47
94695,54286
94695,5349
94695,318
94695,8961
94695,44191
94695,54503
94695,110
94695,4878
94695,8784
112357,1198
112357,318
112357,296
112357,60069
112357,2959
112357,79132
112357,89745
112357,1291
112357,2329
112357,59315
46677,780
46677,4993
46677,5952
46677,3578
46677,2571
46677,1291
46677,5349
46677,8636
46677,8368
46677,6377
119983,4886
119983,527
119983,6377
119983,4306
119983,1
119983,1617
119983,3793
119983,2762
119983,588
119983,912
29440,35836
29440,2706
29440,3253
29440,1302
29440,1270
29440,50
29440,2716
29440,104
29440,2797
29440,2571
28185,1196
28185,260
28185,50
28185,480
28185,4993
28185,1210
28185,1136
28185,2329
28185,541
28185,1270
130269,260
130269,527
130269,908
130269,50
130269,1208
130269,593
130269,541
130269,923
130269,1262
130269,2858
61470,6807
61470,4105
61470,2997
61470,1240
61470,2232
61470,2291
61470,7022
61470,1214
61470,370
61470,1089
23425,1196
23425,260
23425,594
23425,1097
23425,2141
23425,1028
23425,4306
23425,356
23425,6539
23425,587
11463,4011
11463,2762
11463,4963
11463,2858
11463,51662
11463,1961
11463,593
11463,1213
11463,1089
11463,1036
86590,1198
86590,480
86590,4262
86590,5445
86590,293
86590,593
86590,165
86590,110
86590,1221
86590,59315
117374,8961
117374,33493
117374,3578
117374,54286
117374,150
117374,8360
117374,8665
117374,1
117374,110
117374,44191
105031,480
105031,50
105031,2011
105031,5989
105031,44195
105031,2797
105031,56367
105031,4963
105031,60069
105031,55276
168,50
168,2997
168,1213
168,2076
168,3949
168,4973
168,2174
168,235
168,923
168,318
65787,2762
65787,1210
65787,1291
65787,5445
65787,356
65787,7153
65787,1270
65787,4085
65787,6333
65787,5952
34490,32
34490,593
34490,1653
34490,1625
34490,64620
34490,51080
34490,115569
34490,47
34490,1203
34490,3505
104821,296
104821,55820
104821,1274
104821,31658
104821,1258
104821,2712
104821,26662
104821,4848
104821,1206
104821,741
72099,47
72099,1580
72099,356
72099,260
72099,5378
72099,3793
72099,1240
72099,33794
72099,32587
72099,6934
32269,318
32269,1197
32269,2858
32269,1089
32269,1206
32269,2329
32269,750
32269,47
32269,6874
32269,1884
9673,1036
9673,296
9673,1923
9673,32
9673,2959
9673,165
9673,1517
9673,2012
9673,356
9673,1527
6000,318
6000,509
6000,3418
6000,2959
6000,296
6000,4973
6000,1214
6000,1619
6000,4306
6000,1097
44952,8970
44952,34048
44952,48394
44952,31685
44952,46530
44952,41997
44952,32587
44952,50872
44952,34162
44952,27831
20364,356
20364,1584
20364,8169
20364,2375
20364,4022
20364,1097
20364,2174
20364,1073
20364,3156
20364,480
87740,1080
87740,2571
87740,5060
87740,1610
87740,1204
87740,356
87740,8961
87740,1293
87740,1079
87740,1278
89472,44191
89472,60069
89472,2959
89472,296
89472,48394
89472,1527
89472,6539
89472,54001
89472,70286
89472,1136
79667,68358
79667,356
79667,1196
79667,260
79667,1210
79667,5064
79667,59369
79667,60069
79667,1580
79667,72998
75322,52973
75322,33679
75322,53322
75322,48516
75322,34162
75322,67087
75322,69406
75322,35836
75322,63082
75322,2144
72369,89745
72369,98809
72369,91500
72369,4896
72369,480
72369,1073
72369,59315
72369,97913
72369,91529
72369,3114
84582,2959
84582,2571
84582,2028
84582,2502
84582,4963
84582,6188
84582,16
84582,333
84582,2683
84582,4886
86029,1203
86029,5945
86029,2997
86029,3421
86029,1225
86029,6787
86029,1732
86029,1673
86029,2706
86029,1214
43303,3681
43303,1193
43303,1212
43303,4855
43303,1233
43303,1209
43303,1234
43303,1617
43303,55820
43303,1090
40956,1610
40956,3552
40956,1968
40956,953
40956,1663
40956,3098
40956,6979
40956,2268
40956,2791
40956,1297
80699,3481
80699,593
80699,1265
80699,1968
80699,1073
80699,1079
80699,7361
80699,1080
80699,7153
80699,2406
34987,916
34987,1
34987,899
34987,912
34987,951
34987,953
34987,915
34987,3606
34987,909
34987,527
78144,4878
78144,4973
78144,1136
78144,1580
78144,364
78144,588
78144,102445
78144,56757
78144,1073
78144,96610
120328,858
120328,1296
120328,2858
120328,1193
120328,296
120328,1041
120328,44555
120328,2997
120328,36
120328,4973
106305,1291
106305,1210
106305,588
106305,2858
106305,3578
106305,2959
106305,2571
106305,4306
106305,6539
106305,150
69625,1089
69625,50
69625,2959
69625,2329
69625,5952
69625,2019
69625,47
69625,912
69625,111
69625,904
115793,5418
115793,4886
115793,73017
115793,32587
115793,3578
115793,356
115793,48394
115793,527
115793,858
115793,6874
116806,318
116806,99114
116806,48516
116806,72998
116806,48780
116806,1270
116806,63082
116806,50
116806,1682
116806,44191
6534,4306
6534,2571
6534,1079
6534,5299
6534,1136
6534,318
6534,4014
6534,1196
6534,1210
6534,260
56728,2858
56728,2028
56728,58559
56728,110
56728,2762
56728,44665
56728,49272
56728,5418
56728,527
56728,1198
87808,1
87808,780
87808,527
87808,1291
87808,457
87808,4963
87808,1198
87808,1961
87808,1704
87808,33493
132350,4022
132350,50
132350,32587
132350,6377
132350,1221
132350,47
132350,5349
132350,1682
132350,8961
132350,6953
25684,858
25684,260
25684,6539
25684,1136
25684,5679
25684,1265
25684,1258
25684,1291
25684,3793
25684,1285
49286,7361
49286,2858
49286,4226
49286,1213
49286,50
49286,58559
49286,2019
49286,79132
49286,1200
49286,48516
57058,2329
57058,2762
57058,593
57058,5952
57058,76093
57058,364
57058,81591
57058,79702
57058,63082
57058,527
124514,858
124514,318
124514,2762
124514,1221
124514,1258
124514,6
124514,924
124514,253
124514,2115
124514,590
111836,5952
111836,59315
111836,4993
111836,73017
111836,364
111836,68358
111836,1198
111836,110
111836,33794
111836,68954
104043,48394
104043,33166
104043,44195
104043,47610
104043,55820
104043,51662
104043,40819
104043,41997
104043,55276
104043,37741
127267,5481
127267,344
127267,19
127267,3948
127267,4728
127267,216
127267,4015
127267,2273
127267,30825
127267,1588
77359,5989
77359,53322
77359,49272
77359,593
77359,4993
77359,8665
77359,3408
77359,1917
77359,33679
77359,48516
117822,1291
117822,2571
117822,296
117822,1214
117822,1270
117822,1241
117822,2916
117822,1206
117822,47
117822,4878
27898,6731
27898,2459
27898,1241
27898,5489
27898,1200
27898,31658
27898,5165
27898,2550
27898,1587
27898,1337
84045,4973
84045,7153
84045,296
84045,4993
84045,2571
84045,60069
84045,6377
84045,4306
84045,2858
84045,32
58120,32
58120,1258
58120,858
58120,2329
58120,1682
58120,1704
58120,7361
58120,1221
58120,50
58120,1193
134709,45728
134709,4878
134709,1136
134709,8874
134709,7361
134709,2502
134709,223
134709,54503
134709,44191
134709,46578
58484,110
58484,2858
58484,33794
58484,5952
58484,1208
58484,79132
58484,7153
58484,1653
58484,1748
58484,924
43470,778
43470,2997
43470,541
43470,44555
43470,2858
43470,48780
43470,4973
43470,750
43470,1193
43470,1258
14549,1704
14549,296
14549,2762
14549,46578
14549,364
14549,8961
14549,4886
14549,79132
14549,8360
14549,1246
11242,2959
11242,318
11242,2502
11242,296
11242,2918
11242,48516
11242,3552
11242,1222
11242,2329
11242,58559
56342,4993
56342,1573
56342,4226
56342,527
56342,7361
56342,1923
56342,1370
56342,1183
56342,1729
56342,8949
116935,296
116935,2858
116935,1307
116935,1968
116935,608
116935,4246
116935,2997
116935,919
116935,1101
116935,1682
55911,908
55911,912
55911,593
55911,1198
55911,953
55911,457
55911,110
55911,5995
55911,2858
55911,1291
1960,5952
1960,7153
1960,2571
1960,296
1960,318
1960,364
1960,7438
1960,3793
1960,4995
1960,46578
17093,1198
17093,5445
17093,356
17093,2858
17093,10
17093,364
17093,6539
17093,1270
17093,527
17093,150
127551,2959
127551,5878
127551,46976
127551,53123
127551,7147
127551,72011
127551,44195
127551,55247
127551,5617
127551,8873
81229,30793
81229,8961
81229,8970
81229,48394
81229,52722
81229,47610
81229,31696
81229,44199
81229,8644
81229,49278
14315,2858
14315,4226
14315,4973
14315,5618
14315,296
14315,2959
14315,541
14315,1197
14315,608
14315,1193
102845,6016
102845,32
102845,2858
102845,296
102845,1884
102845,4226
102845,318
102845,1199
102845,2571
102845,1673
87361,5418
87361,593
87361,58559
87361,1198
87361,2571
87361,4262
87361,1291
87361,1208
87361,1089
87361,1213
18375,1198
18375,1
18375,1210
18375,1270
18375,4896
18375,4963
18375,364
18375,6377
18375,4306
18375,8961
52416,1210
52416,6539
52416,1136
52416,5952
52416,594
52416,4993
52416,7153
52416,2716
52416,2761
52416,3996
80946,1240
80946,4226
80946,2571
80946,1307
80946,50
80946,590
80946,1206
80946,253
80946,318
80946,1527
609,32
609,6711
609,778
609,111
609,3949
609,8014
609,1080
609,6874
609,2677
609,593
77099,1210
77099,1196
77099,260
77099,1198
77099,5010
77099,2571
77099,3066
77099,5418
77099,54286
77099,4223
78053,33794
78053,589
78053,1198
78053,1036
78053,47
78053,110
78053,2571
78053,4226
78053,260
78053,1196
137129,1704
137129,7361
137129,106782
137129,92259
137129,3949
137129,74458
137129,58559
137129,215
137129,2571
137129,4235
56947,5952
56947,72998
56947,2571
56947,7153
56947,59315
56947,60069
56947,4993
56947,68954
56947,5618
56947,3793
130832,4226
130832,3683
130832,296
130832,924
130832,2716
130832,592
130832,1252
130832,1266
130832,2761
130832,1258
76287,8961
76287,1240
76287,4993
76287,4963
76287,33794
76287,5445
76287,45722
76287,6539
76287,4034
76287,46578
70482,7153
70482,4993
70482,2916
70482,541
70482,33004
70482,1748
70482,1036
70482,5952
70482,480
70482,4571
102680,60950
102680,48696
102680,55805
102680,82463
102680,40583
102680,59118
102680,41285
102680,39183
102680,78116
102680,44195
137869,46578
137869,8983
137869,25777
137869,8910
137869,55820
137869,54001
137869,30793
137869,56367
137869,54286
137869,51255
29819,110
29819,7153
29819,345
29819,1641
29819,4973
29819,4027
29819,3418
29819,541
29819,223
29819,293
135694,56367
135694,40278
135694,68157
135694,33493
135694,40819
135694,59315
135694,48385
135694,48738
135694,63082
135694,30812
35546,1320
35546,1200
35546,2085
35546,4792
35546,53000
35546,51662
35546,78469
35546,72378
35546,2572
35546,5810
31663,6539
31663,58559
31663,6502
31663,2572
31663,4792
31663,53953
31663,344
31663,40815
31663,58293
31663,1917
87832,318
87832,70286
87832,1240
87832,1136
87832,1197
87832,68954
87832,364
87832,296
87832,110
87832,3793
61750,4896
61750,68954
61750,1210
61750,44191
61750,1196
61750,260
61750,588
61750,3793
61750,60069
61750,54001
62865,6539
62865,1222
62865,4226
62865,7438
62865,4973
62865,4011
62865,32587
62865,541
62865,3081
62865,110
96868,2762
96868,1270
96868,58559
96868,1580
96868,4993
96868,1291
96868,1214
96868,1
96868,4011
96868,260
121082,2918
121082,1265
121082,587
121082,318
121082,39
121082,4306
121082,1259
121082,110
121082,500
121082,780
15558,4226
15558,2571
15558,2028
15558,318
15558,3578
15558,1222
15558,589
15558,1208
15558,1221
15558,2502
128775,6377
128775,7153
128775,260
128775,2959
128775,2571
128775,4306
128775,5952
128775,5349
128775,588
128775,5618
54463,6377
54463,364
54463,296
54463,2329
54463,58559
54463,318
54463,48516
54463,110
54463,33794
54463,3147
21548,110
21548,356
21548,296
21548,4226
21548,2194
21548,32587
21548,5349
21548,5445
21548,5418
21548,4995
107164,1270
107164,2762
107164,1961
107164,318
107164,454
107164,1265
107164,1784
107164,5418
107164,2797
107164,1234
122001,4226
122001,2959
122001,27611
122001,58559
122001,59315
122001,1198
122001,1527
122001,1748
122001,480
122001,1127
74673,1089
74673,1196
74673,32
74673,1682
74673,1732
74673,356
74673,1639
74673,1270
74673,2329
74673,1704
68525,5349
68525,648
68525,4306
68525,3578
68525,2959
68525,110
68525,780
68525,49272
68525,33493
68525,47
130876,2918
130876,3578
130876,3481
130876,2396
130876,7143
130876,6947
130876,551
130876,1580
130876,2890
130876,34405
131727,8874
131727,3435
131727,32587
131727,48394
131727,2186
131727,7943
131727,7361
131727,904
131727,922
131727,1212
42647,44191
42647,79132
42647,2502
42647,2959
42647,60069
42647,5618
42647,4973
42647,1136
42647,1285
42647,4878
55248,480
55248,2762
55248,32
55248,5952
55248,260
55248,1617
55248,380
55248,457
55248,541
55248,7361
40940,2716
40940,500
40940,1580
40940,2571
40940,2028
40940,3578
40940,364
40940,2918
40940,150
40940,1
103581,1198
103581,1197
103581,4226
103581,79132
103581,260
103581,1210
103581,1213
103581,593
103581,1089
103581,3911
19288,480
19288,49272
19288,51255
19288,2028
19288,4993
19288,356
19288,51662
19288,5418
19288,1370
19288,780
313,6377
313,2571
313,5952
313,3793
313,6188
313,4886
313,4993
313,7153
313,8528
313,6333
84641,296
84641,7361
84641,4995
84641,2858
84641,79357
84641,2324
84641,2843
84641,30803
84641,4226
84641,92259
126721,48516
126721,2762
126721,2959
126721,6539
126721,5218
126721,1270
126721,2028
126721,7143
126721,1704
126721,49272
8275,1198
8275,318
8275,91500
8275,2571
8275,78499
8275,91529
8275,59315
8275,5952
8275,1240
8275,1073
21901,1196
21901,260
21901,1610
21901,1265
21901,590
21901,500
21901,1584
21901,1240
21901,589
21901,648
107020,1097
107020,2791
107020,2918
107020,2716
107020,2858
107020,593
107020,1028
107020,1968
107020,2797
107020,1197
117032,2858
117032,296
117032,593
117032,2183
117032,1
117032,4144
117032,899
117032,2186
117032,2181
117032,31658
80695,750
80695,1210
80695,593
80695,47
80695,2959
80695,3578
80695,5445
80695,2762
80695,1270
80695,1201
29101,2571
29101,2028
29101,520
29101,3578
29101,296
29101,4963
29101,145
29101,5418
29101,356
29101,318
95824,4979
95824,1222
95824,593
95824,750
95824,541
95824,38061
95824,2502
95824,1221
95824,3683
95824,6440
66574,593
66574,48774
66574,296
66574,4226
66574,3996
66574,7438
66574,37857
66574,7147
66574,1921
66574,356
91974,6377
91974,2762
91974,7153
91974,296
91974,33794
91974,1270
91974,47
91974,4306
91974,5418
91974,48516
3216,68157
3216,318
3216,2571
3216,296
3216,32
3216,2858
3216,2502
3216,1206
3216,3949
3216,60069
57359,1210
57359,296
57359,593
57359,2571
57359,318
57359,858
57359,110
57359,356
57359,2959
57359,2028
58027,296
58027,7045
58027,2291
58027,377
58027,3081
58027,4993
58027,2174
58027,4351
58027,7153
58027,3967
112232,2761
112232,1196
112232,76093
112232,31658
112232,68954
112232,37729
112232,7099
112232,26662
112232,52435
112232,81847
124139,35836
124139,1
124139,58559
124139,1198
124139,2959
124139,1270
124139,6377
124139,648
124139,8641
124139,1393
71057,597
71057,2424
71057,1777
71057,46972
71057,3948
71057,1485
71057,317
71057,588
71057,31685
71057,52287
15007,4973
15007,608
15007,6711
15007,4979
15007,1206
15007,1247
15007,1732
15007,4226
15007,858
15007,1104
31596,2858
31596,2843
31596,608
31596,750
31596,778
31596,924
31596,1732
31596,8154
31596,4848
31596,6711
1572,2571
1572,54286
1572,6378
1572,6539
1572,2959
1572,48385
1572,1036
1572,4369
1572,46335
1572,49272
31532,68954
31532,109374
31532,1197
31532,1136
31532,106920
31532,78499
31532,296
31532,2858
31532,2502
31532,750
116960,1089
116960,55820
116960,68954
116960,57669
116960,76251
116960,48516
116960,47200
116960,60684
116960,54272
116960,8641
95040,858
95040,527
95040,356
95040,296
95040,1304
95040,1193
95040,2858
95040,2028
95040,1090
95040,1234
11189,48394
11189,1721
11189,3253
11189,8464
11189,2572
11189,356
11189,63876
11189,67087
11189,4993
11189,69757
60902,780
60902,2959
60902,1210
60902,1270
60902,318
60902,260
60902,110
60902,7153
60902,2762
60902,150
79728,1193
79728,4776
79728,6016
79728,1961
79728,2542
79728,1466
79728,56782
79728,4239
79728,33166
79728,6874
111551,4226
111551,593
111551,296
111551,858
111551,527
111551,4011
111551,2324
111551,4995
111551,2028
111551,5995
133762,1248
133762,903
133762,1252
133762,923
133762,1260
133762,3435
133762,904
133762,608
133762,750
133762,922
37034,51662
37034,32587
37034,55765
37034,49530
37034,7502
37034,3578
37034,7153
37034,33794
37034,59369
37034,4011
64403,60069
64403,32
64403,3578
64403,6016
64403,293
64403,58559
64403,4226
64403,1193
64403,49530
64403,4967
105463,2918
105463,1036
105463,2268
105463,356
105463,4623
105463,524
105463,1704
105463,2028
105463,260
105463,3361
128247,150
128247,5418
128247,1291
128247,1610
128247,2628
128247,1682
128247,3793
128247,6365
128247,364
128247,780
114032,608
114032,3507
114032,3508
114032,923
114032,593
114032,858
114032,318
114032,1272
114032,1262
114032,6662
37053,2858
37053,5902
37053,2391
37053,589
37053,1635
37053,1095
37053,3683
37053,4037
37053,2076
37053,1244
90285,1193
90285,318
90285,593
90285,4993
90285,4878
90285,6711
90285,3160
90285,56367
90285,1136
90285,2762
106223,593
106223,1
106223,6377
106223,6333
106223,2959
106223,4886
106223,356
106223,2502
106223,3578
106223,527
59866,47
59866,5952
59866,7153
59866,593
59866,6377
59866,357
59866,296
59866,590
59866,1
59866,1270
127314,3147
127314,4011
127314,58559
127314,1193
127314,2858
127314,68157
127314,48516
127314,608
127314,2542
127314,1206
104249,39183
104249,32587
104249,41997
104249,8949
104249,41285
104249,37733
104249,48394
104249,45950
104249,8645
104249,37741
25994,2858
25994,60069
25994,1198
25994,593
25994,58559
25994,31658
25994,296
25994,356
25994,2324
25994,48394
9410,1682
9410,2571
9410,1089
9410,5618
9410,1921
9410,2997
9410,1199
9410,1288
9410,4816
9410,593
71974,1089
71974,1136
71974,592
71974,1210
71974,1617
71974,4306
71974,3996
71974,2762
71974,2858
71974,4226
49455,48516
49455,32
49455,7361
49455,33166
49455,3578
49455,4963
49455,1580
49455,593
49455,8961
49455,4886
31020,69844
31020,8368
31020,73017
31020,8961
31020,364
31020,4963
31020,2716
31020,2683
31020,3977
31020,588
116588,3996
116588,2959
116588,110
116588,4886
116588,3147
116588,318
116588,6377
116588,4027
116588,2355
116588,6807
82388,480
82388,7361
82388,296
82388,50
82388,356
82388,2959
82388,1197
82388,1136
82388,66934
82388,589
95590,1136
95590,923
95590,908
95590,1148
95590,1247
95590,903
95590,1197
95590,318
95590,1219
95590,8961
132185,1219
132185,1206
132185,968
132185,6502
132185,7387
132185,4105
132185,1200
132185,858
132185,1215
132185,778
22302,2268
22302,2797
22302,3107
22302,832
22302,3210
22302,1961
22302,3147
22302,318
22302,4351
22302,3255
34311,7361
34311,593
34311,1221
34311,2858
34311,50
34311,1193
34311,1089
34311,1136
34311,4878
34311,527
115045,96610
115045,81845
115045,89745
115045,68358
115045,2571
115045,68954
115045,91658
115045,81562
115045,73017
115045,91630
32545,34405
32545,2115
32545,316
32545,6539
32545,1136
32545,592
32545,6365
32545,4963
32545,6378
32545,539
129313,1732
129313,2502
129313,4973
129313,1206
129313,6711
129313,296
129313,1265
129313,2300
129313,3481
129313,1136
442,2959
442,1213
442,750
442,111
442,1222
442,593
442,2858
442,2076
442,6016
442,4226
60007,1580
60007,480
60007,919
60007,1136
60007,1197
60007,1291
60007,32
60007,296
60007,2858
60007,356
16167,59315
16167,1265
16167,150
16167,56782
16167,1517
16167,8874
16167,48774
16167,4979
16167,2329
16167,551
32114,1704
32114,1198
32114,1193
32114,63082
32114,527
32114,60069
32114,1203
32114,4973
32114,745
32114,2762
76026,4226
76026,33794
76026,589
76026,296
76026,6539
76026,4011
76026,4306
76026,32587
76026,5445
76026,593
70910,1393
70910,3948
70910,356
70910,2268
70910,1213
70910,2028
70910,110
70910,296
70910,1036
70910,2918
84480,54259
84480,6323
84480,2329
84480,7147
84480,3535
84480,3481
84480,2248
84480,8910
84480,67267
84480,2997
2208,2571
2208,2028
2208,80489
2208,85414
2208,3147
2208,527
2208,2329
2208,58559
2208,92259
2208,48516
56828,527
56828,7361
56828,318
56828,5952
56828,2324
56828,593
56828,4226
56828,50
56828,6016
56828,4993
8224,4027
8224,110
8224,1997
8224,480
8224,1968
8224,1259
8224,1682
8224,3174
8224,1120
8224,2194
123567,2123
123567,51662
123567,5049
123567,588
123567,2791
123567,1032
123567,344
123567,1127
123567,2018
123567,1214
69726,7293
69726,51255
69726,54286
69726,2694
69726,780
69726,47610
69726,2291
69726,61132
69726,4370
69726,2335
113063,80463
113063,8533
113063,588
113063,1968
113063,1073
113063,88163
113063,46578
113063,58998
113063,40819
113063,81591
9807,2858
9807,2959
9807,4973
9807,81845
9807,527
9807,5995
9807,1193
9807,68157
9807,1246
9807,1206
52916,2571
52916,260
52916,1214
52916,1200
52916,60069
52916,541
52916,1653
52916,60674
52916,316
52916,1240
49955,63082
49955,1721
49955,63992
49955,5816
49955,4896
49955,74789
49955,58559
49955,64957
49955,8368
49955,6539
110172,4878
110172,6874
110172,1089
110172,3996
110172,1220
110172,223
110172,7438
110172,4262
110172,3949
110172,52281
110317,4226
110317,76093
110317,296
110317,7361
110317,44191
110317,1
110317,79702
110317,70286
110317,7099
110317,318
116510,356
116510,58559
116510,79132
116510,99114
116510,318
116510,91529
116510,81845
116510,3578
116510,96079
116510,69122
52497,1291
52497,1721
52497,2762
52497,380
52497,457
52497,110
52497,1270
52497,3101
52497,2916
52497,1954
1932,5952
1932,46578
1932,4993
1932,60069
1932,356
1932,48516
1932,32587
1932,3578
1932,318
1932,296
56822,2959
56822,2858
56822,7361
56822,4995
56822,3186
56822,40819
56822,597
56822,4014
56822,7147
56822,1088
119465,79132
119465,1197
119465,40815
119465,63082
119465,2581
119465,1380
119465,318
119465,1968
119465,85438
119465,87308
36209,1089
36209,4027
36209,1278
36209,60069
36209,2791
36209,2502
36209,924
36209,55820
36209,1262
36209,223
38225,32
38225,2858
38225,1089
38225,541
38225,2997
38225,1198
38225,1270
38225,318
38225,2959
38225,1199
66881,1219
66881,1234
66881,903
66881,1270
66881,111
66881,457
66881,1500
66881,1610
66881,1079
66881,1240
71049,112
71049,7153
71049,1210
71049,1196
71049,1356
71049,1240
71049,1198
71049,1291
71049,7090
71049,1371
46436,46578
46436,46976
46436,50872
46436,49272
46436,58559
46436,44191
46436,30793
46436,54001
46436,68954
46436,54286
82715,356
82715,318
82715,4306
82715,6016
82715,1682
82715,3996
82715,2291
82715,33794
82715,1193
82715,2324
786,74458
786,5952
786,527
786,7153
786,78499
786,2571
786,318
786,109487
786,4995
786,4226
49670,48774
49670,8368
49670,1214
49670,541
49670,260
49670,1203
49670,1196
49670,480
49670,70286
49670,2571
107074,2858
107074,2762
107074,2502
107074,2571
107074,296
107074,318
107074,2918
107074,47
107074,2959
107074,4963
37494,64614
37494,32
37494,778
37494,2542
37494,44665
37494,6870
37494,6016
37494,1617
37494,38061
37494,7361
42300,1500
42300,1270
42300,356
42300,593
42300,4011
42300,4963
42300,553
42300,2000
42300,2716
42300,1222
33764,50
33764,318
33764,6539
33764,733
33764,593
33764,6874
33764,8665
33764,2890
33764,33794
33764,7438
73627,5378
73627,2762
73627,318
73627,780
73627,4011
73627,1721
73627,6934
73627,1682
73627,5989
73627,8368
102318,1527
102318,150
102318,3671
102318,349
102318,2407
102318,592
102318,34
102318,2640
102318,1073
102318,2174
73942,4306
73942,4246
73942,6155
73942,56949
73942,8533
73942,49286
73942,2581
73942,1721
73942,4372
73942,2485
85767,47
85767,4022
85767,40819
85767,364
85767,46578
85767,2028
85767,1
85767,1682
85767,4886
85767,8961
135771,48394
135771,318
135771,1089
135771,1196
135771,1136
135771,4105
135771,79132
135771,52281
135771,1200
135771,50
90223,68358
90223,33794
90223,56367
90223,47
90223,81834
90223,48780
90223,356
90223,60069
90223,69757
90223,68954
24133,68954
24133,593
24133,1198
24133,318
24133,79132
24133,50
24133,4226
24133,47
24133,1197
24133,589
83835,7438
83835,6874
83835,31696
83835,3578
83835,8371
83835,5418
83835,55232
83835,53972
83835,53125
83835,5903
9544,60069
9544,54997
9544,58559
9544,69481
9544,48774
9544,7156
9544,46578
9544,55118
9544,26729
9544,50068
79122,1210
79122,1196
79122,1580
79122,4896
79122,1198
79122,5349
79122,318
79122,7153
79122,33794
79122,104
80347,1213
80347,1193
80347,111
80347,778
80347,1206
80347,4995
80347,527
80347,4011
80347,64614
80347,5989
50965,44191
50965,55820
50965,6016
50965,4011
50965,288
50965,16
50965,318
50965,1884
50965,4878
50965,541
122009,30793
122009,59784
122009,38038
122009,44191
122009,35836
122009,46976
122009,41566
122009,8961
122009,55820
122009,33615
14437,6591
14437,6711
14437,6942
14437,1259
14437,2336
14437,4014
14437,3255
14437,7147
14437,49961
14437,40819
62804,111
62804,589
62804,903
62804,1961
62804,110
62804,1291
62804,923
62804,5445
62804,4306
62804,1080
85820,50
85820,778
85820,593
85820,1252
85820,318
85820,1077
85820,913
85820,1197
85820,904
85820,1089
117638,2716
117638,165
117638,8874
117638,33794
117638,2542
117638,480
117638,4226
117638,1193
117638,4963
117638,1090
70285,80463
70285,296
70285,50
70285,4963
70285,4226
70285,2571
70285,4011
70285,356
70285,55765
70285,64614
137855,68157
137855,71535
137855,76251
137855,32
137855,79695
137855,59315
137855,33794
137855,296
137855,2959
137855,68237
125736,2959
125736,5903
125736,44191
125736,8371
125736,5418
125736,51662
125736,79132
125736,72998
125736,1580
125736,73017
827,58559
827,4973
827,2858
827,356
827,32
827,1270
827,6016
827,1258
827,1206
827,4993
101756,4896
101756,480
101756,4306
101756,2628
101756,5618
101756,8368
101756,8360
101756,4886
101756,1
101756,8644
54965,68358
54965,4306
54965,318
54965,51662
54965,2028
54965,61132
54965,2959
54965,63113
54965,2502
54965,54001
108720,4993
108720,7153
108720,5952
108720,2000
108720,50
108720,3039
108720,318
108720,4306
108720,6979
108720,1136
21121,50
21121,1193
21121,356
21121,593
21121,58559
21121,5952
21121,70286
21121,778
21121,48516
21121,2997
137382,4886
137382,4963
137382,589
137382,45499
137382,377
137382,3147
137382,5816
137382,1200
137382,1584
137382,3052
53276,56339
53276,2329
53276,2959
53276,63082
53276,4878
53276,4973
53276,3949
53276,4720
53276,68157
53276,79132
72986,1240
72986,54286
72986,72998
72986,590
72986,527
72986,589
72986,8665
72986,5418
72986,7143
72986,6539
42926,46578
42926,4306
42926,356
42926,2329
42926,593
42926,3949
42926,4973
42926,2997
42926,5952
42926,364
40943,35836
40943,6539
40943,589
40943,110
40943,2797
40943,2571
40943,76093
40943,2000
40943,78499
40943,97913
104072,6539
104072,44191
104072,59315
104072,47
104072,480
104072,1196
104072,260
104072,3793
104072,6333
104072,60069
38157,32
38157,1617
38157,6874
38157,1732
38157,49272
38157,1270
38157,44191
38157,68157
38157,2115
38157,59315
111754,2858
111754,50
111754,6874
111754,2329
111754,2959
111754,51662
111754,4878
111754,48516
111754,3052
111754,293
79968,6539
79968,2762
79968,1265
79968,1136
79968,39
79968,296
79968,5952
79968,2683
79968,7153
79968,593
39760,5952
39760,588
39760,912
39760,1197
39760,4963
39760,4306
39760,1203
39760,1234
39760,356
39760,2502
3251,903
3251,1209
3251,3462
3251,1193
3251,1281
3251,78499
3251,7361
3251,4878
3251,356
3251,1
130803,2804
130803,150
130803,595
130803,783
130803,592
130803,6373
130803,5218
130803,2424
130803,6944
130803,33794
124849,5349
124849,356
124849,6934
124849,68954
124849,7438
124849,6874
124849,32587
124849,8961
124849,778
124849,8368
57658,356
57658,8961
57658,1073
57658,1
57658,588
57658,1580
57658,4896
57658,58559
57658,1291
57658,1198
17851,7360
17851,253
17851,2959
17851,5679
17851,3300
17851,1676
17851,79132
17851,4720
17851,69844
17851,4886
75131,47
75131,4226
75131,7143
75131,110
75131,4223
75131,44191
75131,1961
75131,293
75131,6539
75131,55765
24603,1961
24603,47
24603,4306
24603,318
24603,4226
24603,527
24603,2858
24603,296
24603,4995
24603,2997
114491,3275
114491,2329
114491,4308
114491,2918
114491,46578
114491,318
114491,51255
114491,68358
114491,1059
114491,44195
55879,356
55879,1222
55879,6539
55879,32
55879,593
55879,527
55879,32587
55879,750
55879,6016
55879,1240
50808,2762
50808,4720
50808,4878
50808,527
50808,4226
50808,3949
50808,1089
50808,4995
50808,1527
50808,44191
46906,6713
46906,4226
46906,1274
46906,6711
46906,32
46906,52885
46906,2997
46906,50872
46906,44191
46906,48774
86912,1961
86912,55820
86912,1250
86912,356
86912,4963
86912,1222
86912,454
86912,5010
86912,1228
86912,4995
84858,318
84858,780
84858,6377
84858,6539
84858,5989
84858,63082
84858,4963
84858,5349
84858,1704
84858,2959
101048,111362
101048,1566
101048,595
101048,72737
101048,4306
101048,106489
101048,4366
101048,88140
101048,4016
101048,106696
96621,50
96621,1221
96621,55820
96621,296
96621,1234
96621,1208
96621,1193
96621,1266
96621,608
96621,1263
78473,31658
78473,87232
78473,46578
78473,52328
78473,31878
78473,44195
78473,46976
78473,48780
78473,8874
78473,32587
80708,1580
80708,2571
80708,1291
80708,733
80708,2115
80708,4306
80708,590
80708,527
80708,1408
80708,2028
15591,1961
15591,2028
15591,1265
15591,592
15591,1200
15591,1196
15591,260
15591,1136
15591,1732
15591,1212
1277,79132
1277,50
1277,2959
1277,296
1277,48516
1277,6016
1277,2858
1277,4226
1277,4963
1277,2571
42623,2571
42623,68954
42623,4886
42623,8961
42623,364
42623,79132
42623,58559
42623,1
42623,4995
42623,318
24848,6711
24848,44191
24848,7153
24848,4973
24848,56367
24848,8784
24848,8368
24848,2291
24848,4226
24848,2571
30145,1
30145,8360
30145,364
30145,1994
30145,1387
30145,1270
30145,356
30145,6539
30145,5218
30145,1028
88696,5618
88696,750
88696,2858
88696,1196
88696,296
88696,1193
88696,1210
88696,4226
88696,6874
88696,1089
136819,6509
136819,4914
136819,39183
136819,2712
136819,1354
136819,3415
136819,25805
136819,535
136819,4641
136819,3910
75702,904
75702,1086
75702,908
75702,942
75702,5008
75702,950
75702,913
75702,1198
75702,6639
75702,903
61239,593
61239,2858
61239,3147
61239,2571
61239,5952
61239,2502
61239,1213
61239,1136
61239,6539
61239,589
47733,96079
47733,76093
47733,60069
47733,6539
47733,79091
47733,78499
47733,102125
47733,77561
47733,88140
47733,3578
120811,6874
120811,296
120811,1089
120811,1240
120811,1580
120811,2502
120811,110
120811,68358
120811,70286
120811,1573
16943,7153
16943,4995
16943,4973
16943,56367
16943,8784
16943,318
16943,2959
16943,2762
16943,6539
16943,4963
127342,2571
127342,76093
127342,527
127342,68954
127342,60069
127342,81845
127342,106489
127342,49272
127342,96079
127342,318
9518,2858
9518,1222
9518,2959
9518,593
9518,50
9518,318
9518,1206
9518,2571
9518,1213
9518,4226
98416,915
98416,955
98416,898
98416,40629
98416,2125
98416,912
98416,1269
98416,56152
98416,932
98416,595
448,1265
448,6440
448,2064
448,1193
448,1258
448,3362
448,1222
448,1214
448,2959
448,8042
14000,2762
14000,608
14000,1198
14000,1196
14000,58559
14000,1193
14000,1210
14000,110
14000,1136
14000,1089
71865,4993
71865,2571
71865,7153
71865,2959
71865,5952
71865,2762
71865,2291
71865,1198
71865,2140
71865,2174
36941,356
36941,1210
36941,7153
36941,6016
36941,2959
36941,1265
36941,1945
36941,3730
36941,1212
36941,1097
100276,527
100276,4963
100276,63082
100276,2396
100276,46578
100276,1784
100276,1197
100276,97921
100276,3408
100276,2571
126792,1210
126792,1291
126792,296
126792,457
126792,593
126792,318
126792,2028
126792,5952
126792,2571
126792,553
57937,111759
57937,102445
57937,34405
57937,96610
57937,106489
57937,110
57937,2916
57937,924
57937,4226
57937,3300
91435,30707
91435,97921
91435,80463
91435,49530
91435,98154
91435,40819
91435,101895
91435,97938
91435,80489
91435,107141
36276,2762
36276,1258
36276,593
36276,6188
36276,1954
36276,1387
36276,104
36276,1923
36276,231
36276,1961
46951,356
46951,296
46951,1097
46951,377
46951,1982
46951,480
46951,1997
46951,1036
46951,1090
46951,1407
64766,4995
64766,1
64766,593
64766,318
64766,1704
64766,6539
64766,5952
64766,4993
64766,1291
64766,588
134807,60069
134807,55269
134807,79702
134807,1175
134807,86882
134807,66097
134807,38061
134807,46976
134807,4878
134807,1732
10669,1196
10669,260
10669,1275
10669,6539
10669,1210
10669,7143
10669,8371
10669,3300
10669,2617
10669,480
48511,527
48511,1210
48511,356
48511,2918
48511,4306
48511,2115
48511,5299
48511,2302
48511,357
48511,2406
84094,7153
84094,318
84094,4226
84094,3147
84094,858
84094,6016
84094,5445
84094,2
84094,50
84094,2692
16204,4993
16204,3000
16204,595
16204,356
16204,1
16204,1136
16204,50872
16204,68954
16204,1907
16204,5952
96208,2959
96208,5418
96208,54286
96208,33794
96208,5445
96208,1291
96208,68358
96208,79132
96208,72998
96208,4963
118647,1704
118647,1580
118647,3408
118647,480
118647,4306
118647,1210
118647,1380
118647,736
118647,1968
118647,5349
19907,2762
19907,318
19907,1527
19907,296
19907,3578
19907,50
19907,7361
19907,4011
19907,1653
19907,4878
109930,1213
109930,2762
109930,58559
109930,904
109930,541
109930,1200
109930,4993
109930,111
109930,648
109930,924
8445,7153
8445,2762
8445,4993
8445,2571
8445,858
8445,54503
8445,5952
8445,56367
8445,16
8445,52973
74076,48774
74076,46723
74076,40583
74076,55276
74076,39292
74076,42004
74076,57669
74076,72998
74076,49272
74076,37741
66367,1193
66367,68237
66367,104841
66367,750
66367,2571
66367,1240
66367,91529
66367,1219
66367,356
66367,1213
20352,2700
20352,2989
20352,2012
20352,54272
20352,5218
20352,2628
20352,4886
20352,6377
20352,1580
20352,4306
36099,10
36099,1258
36099,4223
36099,40815
36099,2797
36099,1265
36099,1240
36099,5218
36099,1610
36099,1207
8958,33794
8958,58559
8958,6539
8958,8644
8958,79132
8958,6934
8958,3793
8958,4306
8958,45722
8958,33679
128047,33660
128047,46976
128047,35957
128047,48516
128047,32598
128047,30793
128047,34150
128047,37733
128047,34072
128047,27821
128017,2329
128017,38061
128017,47
128017,48738
128017,44665
128017,50
128017,55765
128017,4226
128017,64620
128017,3499
8153,2762
8153,33794
8153,356
8153,2858
8153,480
8153,3052
8153,253
8153,4306
8153,1198
8153,3996
34632,1258
34632,750
34632,919
34632,46578
34632,1206
34632,50
34632,1732
34632,1073
34632,592
34632,2502
49090,50
49090,1089
49090,356
49090,4993
49090,68157
49090,48780
49090,527
49090,7153
49090,1222
49090,3578
68424,318
68424,4226
68424,111759
68424,112852
68424,7361
68424,111362
68424,112175
68424,33794
68424,527
68424,115617
123759,2858
123759,4878
123759,593
123759,2959
123759,1193
123759,1258
123759,608
123759,55820
123759,2313
123759,750
17252,51662
17252,6287
17252,53000
17252,5151
17252,5810
17252,588
17252,6502
17252,1270
17252,74789
17252,68135
112039,48516
112039,89492
112039,80489
112039,82459
112039,56788
112039,96079
112039,88163
112039,58559
112039,68954
112039,40819
129288,2329
129288,47
129288,5952
129288,7153
129288,318
129288,2762
129288,733
129288,165
129288,4963
129288,49272
108737,2723
108737,32587
108737,4343
108737,551
108737,1278
108737,4734
108737,7373
108737,7360
108737,1517
108737,1967
49155,7293
49155,51662
49155,32
49155,4370
49155,5151
49155,150
49155,2858
49155,19
49155,344
49155,6287
134008,1
134008,3039
134008,1197
134008,3552
134008,2571
134008,6979
134008,1278
134008,1663
134008,1036
134008,2398
40704,2959
40704,260
40704,589
40704,527
40704,648
40704,2028
40704,4993
40704,47
40704,7153
40704,4306
59437,6711
59437,2692
59437,7139
59437,1148
59437,1223
59437,745
59437,5902
59437,4014
59437,5617
59437,4306
77583,593
77583,7361
77583,356
77583,2908
77583,7285
77583,3897
77583,296
77583,1968
77583,49961
77583,7160
10977,2716
10977,3578
10977,1214
10977,5218
10977,4963
10977,6281
10977,1270
10977,6377
10977,3752
10977,1485
69457,1721
69457,1527
69457,58559
69457,5952
69457,2716
69457,364
69457,6539
69457,1073
69457,344
69457,1089
116317,2321
116317,1214
116317,1240
116317,2717
116317,1370
116317,6979
116317,2641
116317,1073
116317,45499
116317,442
55431,858
55431,2329
55431,356
55431,6016
55431,48780
55431,44191
55431,110
55431,2028
55431,50872
55431,5989
40786,72998
40786,1
40786,318
40786,58559
40786,357
40786,4246
40786,55820
40786,3481
40786,2657
40786,32
10317,32
10317,7438
10317,318
10317,6874
10317,1089
10317,5952
10317,509
10317,2329
10317,1682
10317,6711
133044,4306
133044,7153
133044,1210
133044,7361
133044,260
133044,4226
133044,2858
133044,49272
133044,356
133044,1198
128563,2571
128563,235
128563,32
128563,7361
128563,1732
128563,2858
128563,6711
128563,6807
128563,318
128563,5669
94504,1213
94504,2762
94504,527
94504,3578
94504,593
94504,296
94504,4226
94504,69481
94504,3147
94504,5418
24586,1203
24586,5952
24586,608
24586,904
24586,953
24586,1136
24586,969
24586,858
24586,1293
24586,919
10656,33493
10656,4306
10656,8961
10656,1196
10656,260
10656,41566
10656,1580
10656,54259
10656,54001
10656,8360
134883,58559
134883,1682
134883,356
134883,6377
134883,4306
134883,96610
134883,1198
134883,260
134883,1196
134883,1036
137678,1035
137678,6539
137678,4993
137678,919
137678,4306
137678,588
137678,2081
137678,4886
137678,7153
137678,2396
85856,2571
85856,47
85856,1097
85856,858
85856,2028
85856,780
85856,3361
85856,736
85856,1265
85856,1210
56213,89745
56213,68954
56213,2959
56213,260
56213,76093
56213,2571
56213,296
56213,5952
56213,7153
56213,4993
14766,4848
14766,260
14766,30707
14766,110
14766,3996
14766,2712
14766,5669
14766,2997
14766,1240
14766,4011
65813,8961
65813,50872
65813,356
65813,7153
65813,5952
65813,4993
65813,44191
65813,8360
65813,551
65813,2762
78788,318
78788,527
78788,293
78788,2028
78788,1221
78788,1193
78788,1
78788,3578
78788,2959
78788,2762
77717,1136
77717,858
77717,1704
77717,1270
77717,527
77717,924
77717,55820
77717,68157
77717,63082
77717,54997
99967,7022
99967,32
99967,26840
99967,6874
99967,1732
99967,3328
99967,4848
99967,903
99967,4973
99967,2905
124258,56367
124258,5225
124258,72720
124258,47629
124258,4973
124258,68269
124258,8973
124258,46976
124258,27815
124258,2396
106802,318
106802,2997
106802,2076
106802,1196
106802,1080
106802,50
106802,1961
106802,7034
106802,31410
106802,1199
37678,1196
37678,3448
37678,589
37678,260
37678,4306
37678,3039
37678,2716
37678,3527
37678,2915
37678,3699
116302,296
116302,4754
116302,41569
116302,2985
116302,1198
116302,7387
116302,7820
116302,7883
116302,8670
116302,7206
8911,318
8911,296
8911,608
8911,593
8911,1222
8911,4226
8911,1193
8911,50
8911,1214
8911,7361
92726,33166
92726,36517
92726,39292
92726,33660
92726,44199
92726,46578
92726,56367
92726,33794
92726,48738
92726,48516
13870,30825
13870,58559
13870,79132
13870,63082
13870,34048
13870,47099
13870,6934
13870,3578
13870,8644
13870,112556
103135,59315
103135,1193
103135,5952
103135,7153
103135,1197
103135,4993
103135,5418
103135,60684
103135,74458
103135,1884
59491,55820
59491,60069
59491,50
59491,79702
59491,68157
59491,68237
59491,4886
59491,59315
59491,1089
59491,4306
43606,1215
43606,1196
43606,1198
43606,1197
43606,223
43606,1261
43606,2791
43606,2571
43606,858
43606,1213
3233,858
3233,593
3233,6377
3233,8464
3233,5225
3233,2997
3233,3897
3233,30749
3233,4235
3233,1136
100975,55820
100975,608
100975,1136
100975,2959
100975,68954
100975,3911
100975,4878
100975,1252
100975,1203
100975,60069
31771,4995
31771,858
31771,110
31771,908
31771,912
31771,1086
31771,2571
31771,1961
31771,915
31771,6377
22074,593
22074,1258
22074,6502
22074,27773
22074,47
22074,61240
22074,82667
22074,56339
22074,296
22074,8950
41447,1097
41447,1213
41447,3147
41447,2115
41447,1517
41447,858
41447,104
41447,3421
41447,5349
41447,608
6084,8533
6084,8969
6084,4308
6084,3408
6084,2671
6084,5377
6084,4014
6084,1721
6084,3825
6084,5668
79707,2858
79707,541
79707,4973
79707,1136
79707,81845
79707,1197
79707,912
79707,50
79707,2762
79707,1704
3891,7147
3891,4973
3891,364
3891,1246
3891,55247
3891,1073
3891,58559
3891,296
3891,54190
3891,1
103926,2329
103926,55820
103926,4963
103926,5989
103926,49272
103926,1036
103926,91529
103926,4886
103926,1080
103926,1270
101090,2571
101090,58559
101090,2858
101090,46578
101090,1206
101090,3949
101090,4878
101090,2997
101090,74458
101090,50
90976,356
90976,919
90976,4308
90976,46578
90976,364
90976,6377
90976,4896
90976,588
90976,595
90976,39
14667,3256
14667,349
14667,2268
14667,2028
14667,110
14667,858
14667,1198
14667,590
14667,733
14667,3107
121024,48780
121024,64575
121024,36517
121024,63062
121024,88810
121024,55247
121024,58998
121024,91630
121024,51255
121024,40815
56992,51662
56992,49278
56992,51935
56992,53996
56992,46972
56992,34319
56992,34520
56992,55245
56992,43558
56992,52458
108082,7143
108082,48516
108082,2762
108082,3949
108082,7438
108082,6539
108082,31696
108082,33004
108082,53996
108082,3052
70787,1080
70787,296
70787,260
70787,6539
70787,1258
70787,1198
70787,4306
70787,1641
70787,3751
70787,1193
82931,4973
82931,1198
82931,2502
82931,541
82931,1210
82931,8961
82931,8874
82931,6016
82931,1213
82931,293
74045,50
74045,3949
74045,58559
74045,293
74045,318
74045,1193
74045,1206
74045,3578
74045,3147
74045,608
5609,480
5609,4306
5609,3578
5609,110
5609,5816
5609,1580
5609,3793
5609,4896
5609,593
5609,4963
111186,110
111186,58559
111186,63082
111186,4993
111186,49272
111186,4963
111186,5989
111186,4995
111186,4973
111186,2762
68181,4226
68181,4878
68181,1
68181,1197
68181,318
68181,2571
68181,1097
68181,2329
68181,3897
68181,608
136823,7438
136823,6874
136823,1210
136823,1923
136823,2115
136823,8340
136823,380
136823,5349
136823,2706
136823,10
33655,318
33655,593
33655,47
33655,3793
33655,7361
33655,253
33655,5349
33655,5418
33655,1721
33655,3147
56055,1757
56055,7926
56055,5291
56055,27266
56055,7766
56055,6643
56055,7486
56055,608
56055,5618
56055,3328
113583,6539
113583,597
113583,1961
113583,318
113583,593
113583,2291
113583,8368
113583,1197
113583,6874
113583,4979
70684,48
70684,1033
70684,2115
70684,4022
70684,317
70684,1197
70684,8644
70684,552
70684,349
70684,3082
47843,5690
47843,7153
47843,68157
47843,109374
47843,5952
47843,4993
47843,4226
47843,112852
47843,70286
47843,89745
112078,54001
112078,54259
112078,4963
112078,58998
112078,4014
112078,58559
112078,2572
112078,7147
112078,5377
112078,69122
137079,32296
137079,6535
137079,33499
137079,5620
137079,53974
137079,35836
137079,7293
137079,45720
137079,53121
137079,52973
99404,858
99404,593
99404,2858
99404,2959
99404,924
99404,2997
99404,750
99404,1193
99404,50
99404,8950
16161,1240
16161,4886
16161,54286
16161,33794
16161,44191
16161,2959
16161,48394
16161,3114
16161,8360
16161,1270
8752,318
8752,46578
8752,7361
8752,4011
8752,7147
8752,47
8752,2571
8752,74458
8752,7153
8752,4993
134027,58559
134027,4973
134027,904
134027,1682
134027,318
134027,2858
134027,1199
134027,8914
134027,4878
134027,5445
116722,4306
116722,5989
116722,318
116722,8961
116722,1784
116722,6377
116722,4022
116722,8368
116722,8360
116722,2959
97238,2571
97238,1198
97238,2959
97238,2028
97238,150
97238,50
97238,589
97238,58559
97238,333
97238,457
75878,1732
75878,46578
75878,4878
75878,7361
75878,1206
75878,32587
75878,1089
75878,48394
75878,5618
75878,3481
49489,5291
49489,904
49489,750
49489,50
49489,541
49489,1198
49489,3134
49489,913
49489,903
49489,2019
11329,6016
11329,5445
11329,4223
11329,1617
11329,1408
11329,2019
11329,5959
11329,3703
11329,924
11329,4855
77018,91500
77018,52967
77018,89904
77018,56152
77018,8638
77018,215
77018,33166
77018,59315
77018,55290
77018,91622
65665,480
65665,1198
65665,296
65665,1580
65665,364
65665,1923
65665,593
65665,7361
65665,2918
65665,1073
58896,3359
58896,1950
58896,8337
58896,1207
58896,4187
58896,593
58896,318
58896,1262
58896,2028
58896,3068
81581,7160
81581,3160
81581,4878
81581,1206
81581,551
81581,588
81581,6377
81581,1884
81581,2571
81581,8464
124210,47
124210,4226
124210,457
124210,60069
124210,8665
124210,50
124210,26614
124210,1214
124210,4963
124210,54997
92301,260
92301,2804
92301,457
92301,2268
92301,7153
92301,593
92301,1387
92301,1610
92301,7263
92301,589
73650,7361
73650,46578
73650,79357
73650,55247
73650,71899
73650,5618
73650,90376
73650,60069
73650,79132
73650,63082
75223,2329
75223,46723
75223,50
75223,7323
75223,5995
75223,4848
75223,8949
75223,858
75223,4878
75223,5902
82788,2329
82788,4848
82788,6440
82788,8798
82788,1219
82788,924
82788,2115
82788,3706
82788,3535
82788,353
37206,858
37206,593
37206,4226
37206,2959
37206,296
37206,1222
37206,6016
37206,111
37206,1258
37206,1193
54970,356
54970,4993
54970,110
54970,3996
54970,8961
54970,1
54970,780
54970,2762
54970,5349
54970,318
78356,41716
78356,55276
78356,54997
78356,89492
78356,7076
78356,55118
78356,37733
78356,8094
78356,48780
78356,3104
89609,912
89609,778
89609,1136
89609,1225
89609,2396
89609,2291
89609,914
89609,7361
89609,4993
89609,902
115950,2186
115950,912
115950,1252
115950,4226
115950,745
115950,593
115950,1267
115950,4973
115950,296
115950,1203
73970,59315
73970,2571
73970,6502
73970,5418
73970,2826
73970,54997
73970,7153
73970,858
73970,2329
73970,4993
77308,4995
77308,597
77308,1721
77308,8533
77308,2858
77308,39183
77308,3844
77308,4474
77308,1680
77308,47610
45420,593
45420,589
45420,1240
45420,1200
45420,1214
45420,920
45420,1721
45420,3418
45420,1206
45420,924
21078,37741
21078,34162
21078,44199
21078,39292
21078,30749
21078,45501
21078,44195
21078,46976
21078,34271
21078,53972
114045,69122
114045,63876
114045,80463
114045,54503
114045,8949
114045,55276
114045,40819
114045,48385
114045,69757
114045,58559
81783,48394
81783,1884
81783,32
81783,480
81783,2700
81783,1136
81783,4993
81783,51255
81783,1258
81783,71535
45135,50
45135,2858
45135,608
45135,6807
45135,1089
45135,1732
45135,527
45135,1247
45135,1198
45135,1263
137573,356
137573,858
137573,593
137573,1193
137573,46578
137573,2396
137573,2959
137573,2762
137573,2997
137573,79132
43409,2762
43409,4720
43409,50
43409,3499
43409,47
43409,2959
43409,2858
43409,2329
43409,4226
43409,1197
76879,7451
76879,39183
76879,34162
76879,7361
76879,44195
76879,8366
76879,902
76879,49272
76879,48394
76879,8961
39306,7396
39306,1206
39306,750
39306,2858
39306,26587
39306,7938
39306,4422
39306,1251
39306,44555
39306,4848
39880,2706
39880,48516
39880,1923
39880,485
39880,70
39880,442
39880,51662
39880,590
39880,3301
39880,292
65740,6539
65740,2571
65740,3578
65740,2959
65740,98809
65740,68157
65740,318
65740,2628
65740,106489
65740,6377
110726,4886
110726,1704
110726,858
110726,1291
110726,1
110726,8961
110726,4973
110726,5445
110726,4995
110726,33794
110153,750
110153,2858
110153,79132
110153,1197
110153,1136
110153,4878
110153,593
110153,1199
110153,58559
110153,1285
16796,2762
16796,318
16796,106489
16796,2571
16796,111362
16796,109487
16796,589
16796,112623
16796,4995
16796,1291
112049,2502
112049,48516
112049,2795
112049,719
112049,51080
112049,48780
112049,2231
112049,628
112049,6323
112049,47099
48039,73017
48039,78499
48039,1025
48039,1022
48039,60069
48039,58559
48039,72998
48039,2355
48039,2087
48039,5349
11855,1222
11855,1193
11855,1258
11855,296
11855,1208
11855,55820
11855,1089
11855,1213
11855,750
11855,4226
29686,6539
29686,593
29686,3578
29686,588
29686,4306
29686,595
29686,356
29686,377
29686,1961
29686,919
32208,8961
32208,1197
32208,4306
32208,356
32208,318
32208,6539
32208,110
32208,1270
32208,2571
32208,590
47143,1214
47143,50
47143,6016
47143,2329
47143,1208
47143,8370
47143,1258
47143,293
47143,288
47143,1206
56405,2858
56405,2959
56405,63082
56405,318
56405,48394
56405,58559
56405,56367
56405,68954
56405,4226
56405,79132
109932,593
109932,527
109932,1225
109932,2406
109932,1080
109932,904
109932,1265
109932,1961
109932,296
109932,2918
8364,2291
8364,3033
8364,1222
8364,1215
8364,1261
8364,2502
8364,288
8364,6502
8364,76251
8364,2916
112685,593
112685,5349
112685,48780
112685,1258
112685,318
112685,1387
112685,30707
112685,6539
112685,4226
112685,923
115393,1246
115393,2918
115393,4027
115393,54001
115393,4963
115393,1207
115393,1265
115393,1136
115393,81845
115393,5618
18494,1961
18494,2762
18494,4886
18494,356
18494,8961
18494,5952
18494,4993
18494,7153
18494,3994
18494,593
128532,2858
128532,1200
128532,4226
128532,2716
128532,2028
128532,356
128532,5445
128532,380
128532,3793
128532,541
41212,55820
41212,1193
41212,1206
41212,2571
41212,32
41212,4011
41212,70286
41212,2502
41212,2997
41212,61240
124381,2502
124381,6711
124381,8376
124381,6863
124381,3897
124381,7361
124381,2858
124381,8368
124381,5952
124381,7153
12296,356
12296,8961
12296,4306
12296,33794
12296,1370
12296,2797
12296,1210
12296,260
12296,2291
12296,3994
39934,44195
39934,50
39934,4993
39934,2858
39934,2329
39934,32587
39934,593
39934,44191
39934,858
39934,2028
42177,745
42177,1148
42177,7013
42177,2761
42177,38038
42177,4754
42177,750
42177,1252
42177,1223
42177,1274
112242,63082
112242,86882
112242,50872
112242,69844
112242,68954
112242,102993
112242,60069
112242,69122
112242,91529
112242,7451
11357,293
11357,79695
11357,91485
11357,527
11357,2403
11357,1645
11357,1275
11357,8957
11357,96079
11357,4720
35888,3114
35888,1196
35888,8360
35888,2797
35888,47
35888,260
35888,1036
35888,1210
35888,33794
35888,2115
84545,79132
84545,40815
84545,92259
84545,110
84545,41566
84545,1277
84545,63082
84545,88125
84545,2571
84545,4995
127900,6874
127900,1682
127900,780
127900,4963
127900,5952
127900,2858
127900,8798
127900,3948
127900,6377
127900,5418
132328,41569
132328,8961
132328,8644
132328,34048
132328,46530
132328,8636
132328,45672
132328,8360
132328,40815
132328,44199
64025,1608
64025,377
64025,1240
64025,733
64025,780
64025,380
64025,3578
64025,260
64025,1196
64025,1387
82575,4306
82575,318
82575,2571
82575,8784
82575,6377
82575,3996
82575,356
82575,1704
82575,4226
82575,5445
62040,8622
62040,3741
62040,2728
62040,1270
62040,3253
62040,307
62040,7013
62040,25774
62040,4515
62040,53894
101496,70286
101496,1197
101496,589
101496,2959
101496,3275
101496,60684
101496,72998
101496,1200
101496,51662
101496,1136
10821,2042
10821,919
10821,4022
10821,3785
10821,2694
10821,47
10821,1240
10821,8961
10821,8807
10821,1407
17301,4878
17301,47
17301,2762
17301,32587
17301,44191
17301,48385
17301,2700
17301,2858
17301,1089
17301,6874
119129,4306
119129,588
119129,1270
119129,480
119129,4886
119129,150
119129,595
119129,7293
119129,46578
119129,364
9317,2959
9317,79132
9317,1
9317,5952
9317,1210
9317,356
9317,5418
9317,2571
9317,58559
9317,1198
61330,2791
61330,1200
61330,1258
61330,2858
61330,260
61330,1387
61330,924
61330,4027
61330,1617
61330,356
111859,4963
111859,4306
111859,2762
111859,1923
111859,6502
111859,6323
111859,6874
111859,6870
111859,30707
111859,32587
82880,2997
82880,1921
82880,3578
82880,7361
82880,2916
82880,1291
82880,778
82880,4878
82880,110
82880,356
72015,2571
72015,47
72015,593
72015,260
72015,6016
72015,7361
72015,1214
72015,111
72015,1200
72015,32
31133,35836
31133,97921
31133,318
31133,89864
31133,63082
31133,96821
31133,33166
31133,356
31133,69757
31133,97923
61866,3578
61866,318
61866,4306
61866,7153
61866,58559
61866,54286
61866,377
61866,589
61866,4995
61866,296
136940,2997
136940,6711
136940,296
136940,1265
136940,2291
136940,1673
136940,608
136940,1958
136940,2599
136940,2917
71092,1252
71092,1258
71092,111
71092,6985
71092,6783
71092,296
71092,8125
71092,593
71092,5291
71092,6987
107109,750
107109,1200
107109,3629
107109,541
107109,908
107109,1252
107109,1193
107109,1729
107109,1266
107109,1248
108420,1222
108420,2918
108420,2858
108420,1221
108420,1358
108420,2791
108420,2762
108420,3421
108420,1258
108420,555
134023,4914
134023,2019
134023,1258
134023,5291
134023,2731
134023,2010
134023,910
134023,1201
134023,7327
134023,8125
88434,1206
88434,1252
88434,1235
88434,1208
88434,593
88434,750
88434,3730
88434,3504
88434,1225
88434,50
101802,32
101802,858
101802,318
101802,47
101802,4878
101802,1206
101802,1136
101802,2997
101802,6711
101802,1193
60850,5952
60850,1240
60850,377
60850,1270
60850,380
60850,648
60850,1617
60850,7153
60850,588
60850,736
29614,1198
29614,2959
29614,296
29614,1580
29614,2012
29614,592
29614,2987
29614,1721
29614,1961
29614,2291
78039,2028
78039,356
78039,1196
78039,1704
78039,1721
78039,6365
78039,6874
78039,150
78039,6377
78039,316
120510,1197
120510,364
120510,344
120510,1270
120510,1580
120510,58559
120510,2571
120510,780
120510,593
120510,4792
130264,40815
130264,5349
130264,6539
130264,8644
130264,3793
130264,7438
130264,41566
130264,33679
130264,8972
130264,4993
10784,1527
10784,5445
10784,8961
10784,8360
10784,2959
10784,1580
10784,318
10784,356
10784,4886
10784,2502
15918,7143
15918,97938
15918,1527
15918,49530
15918,50
15918,5218
15918,590
15918,33794
15918,1201
15918,70286
14323,296
14323,2959
14323,356
14323,5952
14323,7153
14323,2692
14323,1136
14323,4226
14323,527
14323,6711
39689,4306
39689,4226
39689,3578
39689,7153
39689,318
39689,4993
39689,1
39689,527
39689,3793
39689,367
106055,4993
106055,2762
106055,260
106055,59315
106055,296
106055,48780
106055,89745
106055,858
106055,4226
106055,72998
61336,318
61336,778
61336,47
61336,4848
61336,55820
61336,1206
61336,6016
61336,593
61336,1222
61336,27773
3163,260
3163,1196
3163,4262
3163,2571
3163,70286
3163,88129
3163,6
3163,55118
3163,60684
3163,106489
16680,51255
16680,7090
16680,8961
16680,50872
16680,48516
16680,63082
16680,57669
16680,60684
16680,49530
16680,48780
138157,858
138157,2959
138157,60069
138157,50
138157,68954
138157,1617
138157,99114
138157,1225
138157,7361
138157,1193
91671,49272
91671,69122
91671,3275
91671,3578
91671,63082
91671,318
91671,54001
91671,3793
91671,26614
91671,2762
1168,44191
1168,7361
1168,924
1168,4878
1168,5445
1168,52328
1168,318
1168,8914
1168,6016
1168,6645
49551,45728
49551,1215
49551,353
49551,3949
49551,2
49551,364
49551,4734
49551,1485
49551,44195
49551,588
125821,81845
125821,54997
125821,46578
125821,60069
125821,80463
125821,64957
125821,64614
125821,72011
125821,59315
125821,33660
74917,6016
74917,3996
74917,2959
74917,99114
74917,79132
74917,1198
74917,1921
74917,58559
74917,77455
74917,741
79229,47
79229,1
79229,4995
79229,2959
79229,608
79229,3996
79229,1097
79229,1617
79229,590
79229,58559
22191,1247
22191,593
22191,318
22191,527
22191,608
22191,1097
22191,1136
22191,904
22191,1028
22191,2918
124252,69122
124252,48780
124252,44191
124252,59369
124252,71535
124252,4226
124252,79132
124252,48774
124252,7143
124252,50
7558,5952
7558,1193
7558,2571
7558,2918
7558,1036
7558,1079
7558,2502
7558,58559
7558,1240
7558,1923
124833,593
124833,2959
124833,1196
124833,589
124833,5971
124833,1200
124833,1080
124833,1036
124833,2716
124833,47
107450,5902
107450,4144
107450,3160
107450,541
107450,48516
107450,46578
107450,4027
107450,5147
107450,1196
107450,4993
22613,1198
22613,4226
22613,7361
22613,6283
22613,68157
22613,2329
22613,8874
22613,1197
22613,44191
22613,60069
598,2959
598,50
598,593
598,608
598,750
598,923
598,111
598,913
598,26131
598,1204
136262,79132
136262,150
136262,79357
136262,8644
136262,72998
136262,6934
136262,34319
136262,2762
136262,3578
136262,3147
93737,356
93737,2396
93737,4886
93737,7153
93737,1907
93737,4995
93737,40629
93737,41566
93737,7147
93737,5377
76599,1230
76599,1193
76599,912
76599,1307
76599,1961
76599,1247
76599,1197
76599,3361
76599,1079
76599,2396
3864,1610
3864,1307
3864,2115
3864,8665
3864,54286
3864,1265
3864,3450
3864,953
3864,2398
3864,539
69288,593
69288,50
69288,3996
69288,47
69288,590
69288,2858
69288,527
69288,8961
69288,4306
69288,6377
55795,1682
55795,356
55795,55442
55795,32587
55795,32
55795,26776
55795,3081
55795,4995
55795,2324
55795,527
36574,50
36574,3578
36574,2858
36574,1240
36574,4226
36574,1270
36574,2762
36574,32587
36574,6874
36574,457
116204,64969
116204,1210
116204,56174
116204,71535
116204,63859
116204,1270
116204,60126
116204,6539
116204,77561
116204,62434
123538,1198
123538,7153
123538,5952
123538,4993
123538,4306
123538,1
123538,6539
123538,1527
123538,745
123538,1196
131717,2571
131717,50
131717,6
131717,292
131717,457
131717,5445
131717,1527
131717,161
131717,1036
131717,318
84372,7361
84372,4963
84372,59315
84372,68157
84372,1089
84372,49530
84372,367
84372,4995
84372,32587
84372,4022
27311,3578
27311,1291
27311,47
27311,593
27311,296
27311,32
27311,588
27311,2502
27311,527
27311,367
95726,51540
95726,8949
95726,4037
95726,45210
95726,68237
95726,61323
95726,32587
95726,74545
95726,30812
95726,68358
46997,45499
46997,33493
46997,8636
46997,8371
46997,44191
46997,34319
46997,33794
46997,58559
46997,49278
46997,5903
87415,1036
87415,2959
87415,296
87415,1270
87415,1198
87415,2716
87415,32587
87415,318
87415,8961
87415,3578
96315,2762
96315,527
96315,1291
96315,1089
96315,1198
96315,1208
96315,165
96315,6
96315,1250
96315,750
87445,47
87445,1580
87445,2858
87445,1704
87445,2959
87445,527
87445,3448
87445,46578
87445,2987
87445,2194
90033,92259
90033,318
90033,2329
90033,6874
90033,4967
90033,1193
90033,7323
90033,608
90033,2762
90033,57669
80985,4306
80985,5971
80985,49272
80985,296
80985,33794
80985,527
80985,6377
80985,68157
80985,1356
80985,4226
19576,3578
19576,1198
19576,2959
19576,1222
19576,1090
19576,2542
19576,1617
19576,1610
19576,1258
19576,4226
76089,6350
76089,34072
76089,7099
76089,26776
76089,26662
76089,3000
76089,8607
76089,8961
76089,5971
76089,2624
114284,2858
114284,223
114284,2502
114284,296
114284,47
114284,318
114284,1258
114284,441
114284,1639
114284,1213
9009,4886
9009,6377
9009,2340
9009,4018
9009,4963
9009,6373
9009,31685
9009,1721
9009,5952
9009,5989
21165,8961
21165,31878
21165,232
21165,34072
21165,33794
21165,33493
21165,31658
21165,8983
21165,30749
21165,7090
33920,4306
33920,2716
33920,1198
33920,1
33920,1270
33920,110
33920,3578
33920,318
33920,1136
33920,589
22054,1215
22054,541
22054,53000
22054,1127
22054,1270
22054,2072
22054,3535
22054,53953
22054,593
22054,3702
135379,589
135379,1208
135379,7153
135379,3578
135379,2997
135379,5952
135379,4993
135379,111
135379,590
135379,4306
125855,1252
125855,1213
125855,904
125855,1682
125855,2313
125855,4881
125855,44199
125855,1219
125855,1225
125855,7438
41891,4226
41891,296
41891,7361
41891,1089
41891,589
41891,1215
41891,1261
41891,260
41891,1394
41891,2791
15720,51255
15720,2599
15720,2797
15720,1259
15720,6863
15720,2858
15720,1246
15720,215
15720,2028
15720,7147
17029,7153
17029,6539
17029,56152
17029,17
17029,1035
17029,899
17029,1136
17029,6753
17029,1270
17029,1198
